-447
1500
2948
1500
1500
1500
1500
1500
1500
1500
1500
1500
1008
-749
889
-838
1500
1500
2948
1500
1500
1500
1500
1500
1500
1500
-865
1500
2948
1500
1500
1500
1500
1500
1500
1500
1500
1500
1500
1500
1500
1500
1500
9039
-859
2948
1500
1500
1500
1500
1020
-865
1469
2948
2140
-740
1500
2948
1185
-860
1023
-842
770
-552
766
-578
704
-481
526
-517
741
-529
558
-517
598
-541
1500
1500
1500
1500
1500
1500
1500
1500
1500
1500
1500
1500
1500
1500
1500
1500
-520
1500
1602
2948
1500
1500
-529
1500
1500
2948
1500
1500
1500
1500
1500
1500
1500
1500
1500
1500
1500
1500
1500
1500
1500
1703
-470
-671
-912
-968
1500
1500
1500
1500
2948
1500
2948
1500
1500
1500
361
1500
1500
2948
1500
1500
1500
1500
731
-913
1500
1500
1500
1896
1500
1500
1466
1500
1500
1500
1500
2948
1500
2948
2948
1500
1727
1500
1500
1500
1500
1500
1500
1500
1500
2948
1500
1500
1500
1500
2948
1500
1500
2948
1500
2948
1500
1500
2948
1500
1500
1500
1500
1500
1500
1500
1500
1500
1500
1500
1500
1500
1500
1500
1500
1500
1500
1500
2948
1500
1500
1500
1500
2948
2948
1500
1500
1500
1500
2948
1500
1500
1500
1500
1500
1500
16436
5388
16436
16436
16436
13655
-228
1500
1500
1500
389
-605
1500
1016
-250
111
-185
366
-89
89
-196
