-422
1484
1500
1500
2948
1500
1500
1500
-563
-233
1500
1500
1500
1358
-452
-445
1500
1500
2489
1500
1500
1005
-483
1500
1083
-474
1500
1673
582
-460
1500
995
2944
-468
1500
1500
739
-473
-464
-465
-471
525
1797
-466
1500
1077
1622
1367
-466
1779
-468
-457
1500
1500
1500
1881
1122
-467
1500
1500
1500
1500
1500
1500
1500
1500
1500
1500
1500
1500
1500
-472
1500
1500
1500
1500
1500
1500
1500
2948
1500
1500
1500
1500
818
1531
-492
1500
1500
2948
1500
1094
-471
1500
1500
1500
1500
1500
1500
1500
1500
1500
1500
1500
1500
1500
-494
1500
1500
1500
2948
1500
1500
1500
1500
1500
1500
1500
1500
2948
1500
1500
1289
-493
-506
1500
2451
1500
2612
-504
-505
1500
1620
1500
1844
-456
1500
1500
1500
1500
1500
1500
1500
1500
1500
1500
1500
1500
1500
1500
1500
-465
1500
1500
2948
1881
1500
1500
1500
1500
-454
1500
1500
2948
1500
1500
1831
1500
1500
1500
1500
-454
1500
1500
2948
1500
1500
1500
1500
1500
1500
1500
1500
1500
1500
1500
1500
1500
1500
1500
1500
1500
1500
1500
1500
1500
2948
1104
1500
-457
2948
1500
1500
1500
1500
1500
1500
1500
1500
1500
748
650
2948
-454
1500
1500
4396
1500
2948
1500
1500
1500
1500
1500
1500
1500
2948
1500
1500
1500
1500
1500
1163
-594
1744
840
-535
-543
-535
1500
1108
1358
1422
-474
-470
-540
-498
-497
-497
-504
-495
1357
1500
1500
1500
1500
1500
1455
1500
1500
1500
1500
1500
783
1500
1500
2948
1500
1500
1500
1500
1500
1500
1500
1500
1500
1500
1500
1500
1500
1500
1500
1500
1500
1500
568
840
2948
1500
1500
-501
1500
1500
1500
1500
1500
1500
1500
1500
1500
1500
1335
2948
1788
1500
1500
1367
2997
1500
1500
1500
1500
7292
2948
1500
1500
1500
1500
7292
-503
1500
578
1500
1335
-510
1500
602
-234
1327
-506
-514
302
-228
1028
1278
-504
-514
1037
619
-491
-505
-504
602
-511
1002
1500
1500
1500
1418
-497
-513
-512
-510
-514
-505
1500
1500
1500
1500
1500
1500
1553
-506
1500
1500
1500
1500
1500
1500
1500
1500
1500
1500
1500
1500
1500
1500
921
-512
1500
2948
1500
1500
1500
1500
1500
2948
1500
2948
2948
4396
2948
2106
1500
2177
-507
2948
1105
-507
2948
1252
1500
1500
1549
-508
2837
-511
1500
1500
1500
1500
1500
1500
1778
-507
1500
1500
1221
-509
1500
1500
1636
-506
1708
-509
781
-507
1204
-506
1500
1500
1500
1500
1500
1500
1500
1500
1500
1500
1500
1500
649
-505
421
-522
1290
-504
1500
628
-506
2557
-516
1500
1500
2948
1500
1500
2948
1500
1500
1500
1500
2948
1206
-500
609
2948
1214
-507
1500
2748
-503
1500
1500
1500
1095
-584
1500
1500
1828
1500
1016
1500
1500
2948
1500
1500
1500
1500
1500
1500
1500
1500
-250
1803
1803
1500
1500
1500
1500
1500
1500
1500
1500
1500
1500
1500
1500
1500
1500
1500
1500
1817
1500
1500
1500
1500
1500
1500
1500
1500
1500
1500
1500
1500
1500
1500
2948
1738
318
-185
1416
1321
1500
1500
1500
1500
1500
1888
382
-89
-196
