-420
1378
1500
1796
5844
2948
2948
1628
-471
1500
1500
1500
1500
1500
1500
1500
1500
1500
1500
1500
1500
1500
1500
-466
1500
1500
1500
1500
1500
1500
1500
1500
1500
1500
1500
1500
1500
1080
2948
-471
1500
1500
1500
1500
2948
1500
1138
1500
1500
1500
1500
2948
-471
1500
1500
1500
1500
1500
1500
1500
1500
1500
1500
1500
1500
1500
1531
1500
1500
1500
1500
-471
1500
1192
2948
1500
1500
-471
-782
1500
1500
2948
1500
1500
1500
458
1500
2948
1500
-452
1476
2948
1500
921
5892
2972
1512
-456
-471
1512
1512
1512
1512
1512
2972
1512
1512
742
1500
-471
1500
1500
1500
2665
1512
1512
1512
1512
1500
1500
1500
1500
-471
1512
1512
489
1500
1500
2030
2948
1500
1500
-471
1500
1500
1500
1500
1683
1500
1500
1500
1500
-471
1500
1444
1500
1500
1500
1500
-471
1764
1500
2948
1500
-471
-471
-471
-471
-471
1500
1147
2948
1500
1500
671
2948
1500
1500
1500
1500
1140
-734
2948
1500
1500
1500
1500
1500
1282
2948
1500
1500
1817
1500
1500
2948
-537
1500
1500
1500
1500
1500
1756
-534
1192
1512
1512
1512
1757
-545
1512
1512
1512
1512
1512
1512
1512
1512
533
1333
-534
1512
1512
804
-814
1500
1500
1500
1500
1500
1895
-532
1512
1512
1512
1512
1512
1355
-473
582
-549
801
-554
424
-228
1500
1500
1500
389
-584
1500
1016
-250
111
-185
403
-89
-196
