-438
1512
2972
1512
1512
1512
1512
1206
-454
1512
1512
1512
1512
-459
1512
2972
1512
1512
1512
1512
1512
1512
1512
1512
1512
1512
2972
1512
1512
1512
1512
1512
1512
1512
-459
1512
2972
1512
1512
1512
1512
1512
1512
1512
1512
1512
1512
1512
1512
1512
1512
1512
1512
1512
713
14652
1710
1736
-466
1512
2048
-466
1512
1204
-466
-466
-466
-466
-467
-479
1512
1600
-479
4432
1512
2729
-473
1512
1512
1512
1512
1512
1512
1512
1512
1512
1512
1401
-476
4432
2972
2972
1188
-501
1512
1512
1512
2972
1512
1512
2972
1512
1512
1512
1512
1512
1512
1512
1512
2972
1512
2972
1512
1512
1512
1512
1512
1512
1512
1512
1512
2972
2972
1512
1512
2972
1512
1512
1512
1512
1512
1512
2972
1512
1512
1512
1512
1512
1512
1512
1512
1512
1512
1512
2972
1512
2972
2972
1512
2972
1512
1512
1512
2972
1512
4432
2972
2972
2972
2972
2972
1512
2972
1512
2972
2972
2972
2972
2972
1512
2172
-506
1512
1512
1512
2972
1512
2972
2972
2972
2972
4432
2972
1512
4432
1512
2972
2972
2972
1512
2972
1512
1512
1512
1512
1512
1512
1512
1512
2972
1512
1512
1512
2972
2972
2972
1512
1512
1512
1512
1512
1512
1512
1512
1512
1512
1512
1512
1512
1512
1512
1512
1512
1512
1512
1512
1512
1512
1512
1512
2972
1512
1512
1512
1512
1512
1512
1512
2972
1512
1512
1512
1512
2972
1512
1999
-504
2972
2972
1512
1512
4432
2972
4432
2972
2972
1512
2972
1512
1512
1512
1512
1512
1512
1512
1512
1512
1512
2972
1512
1512
1512
1512
1512
1512
1512
1512
1512
2972
1512
2972
1512
16436
2648
2972
1512
1512
1512
2972
1512
1512
1512
1512
531
32820
8995
1512
1512
1512
1512
1512
2972
2972
2972
2972
2972
4432
2972
4432
2972
1512
1512
1512
1512
1512
2972
165
-507
1512
2972
1512
1512
1512
1512
1512
1512
1512
2972
1512
2972
1512
2972
1512
2972
2972
2972
1512
2972
1512
1512
1512
1512
1512
1512
2972
1512
2972
1565
-502
1512
1512
1512
2972
1512
1512
1512
1512
1512
1512
1512
1512
1512
1512
1512
1512
1512
1512
1512
1512
1512
1575
-508
13508
-506
1512
1512
1512
1512
1512
1512
1512
1512
1512
1512
2972
1512
1512
567
-496
1512
1670
-503
1512
16436
16436
4910
-498
1512
1512
2953
1512
1512
1512
1512
1512
1333
1512
1512
1512
456
-228
1500
1500
1500
389
-605
1500
1016
-465
-250
1512
1512
1512
1512
2972
663
111
-185
403
-89
-196
