-226
1500
1500
1500
807
-624
405
1183
908
-624
405
1183
812
-366
99
-475
1540
1500
1500
1500
1500
1980
340
1212
1500
1500
2024
-258
185
-897
-258
-258
-258
-258
-946
792
185
185
-224
-986
-995
185
-972
185
-991
1500
1500
1500
1500
2744
1470
2371
1500
1500
1500
1500
1500
222
1500
-613
1500
1500
1330
1500
852
2924
1500
1500
586
827
966
2477
1500
2948
1500
1500
1500
1500
1500
1500
1500
1500
-611
405
1183
376
16436
3975
16436
4446
1029
1500
-174
16436
6924
294
2835
-569
1024
1135
-1013
-228
-1001
-1011
-1011
1228
1500
1500
1500
592
1500
1820
1292
-665
1500
1500
1252
1353
-232
1470
2371
-174
609
294
-605
1500
1016
-250
-713
598
318
-185
382
-89
-196
