-424
2132
1500
10188
1500
1500
1500
1500
1500
1500
1500
1500
2926
1500
1500
1500
1500
1500
1500
-228
1500
1500
1500
1500
2948
2948
1500
-448
1500
1500
2948
-474
1500
2948
1500
1500
1500
1500
1500
1500
1500
1500
1500
389
1500
1500
1500
976
1500
2948
1500
1500
1500
1287
-432
-500
-507
1500
1500
1500
1500
1631
1500
1500
1500
1500
1500
1500
1500
1500
1500
1500
1500
1500
672
-584
2464
1220
2948
1500
1500
820
-468
1566
-501
4396
1500
7292
4396
1500
1500
1500
16436
8284
-506
1500
853
-507
7292
8740
3323
460
-470
778
580
-466
617
-250
111
-586
-561
-185
790
366
89
-89
361
-196
660
