-426
406
1400
1400
1400
2748
1400
1400
1400
1400
1400
1400
1400
1400
1400
1170
-460
2948
1500
1500
2948
1500
1500
1500
1500
1500
1500
-460
2491
1500
1907
-466
1500
1555
-467
2948
2948
2948
2549
-475
844
-443
350
-472
1500
670
-439
1438
-529
1500
7292
5844
5844
2948
1500
1500
1500
1500
1500
2948
1500
1500
5844
1500
5844
-529
7292
1429
1500
1500
1500
1500
1500
1500
1500
1500
1500
1500
1500
1500
1500
1500
1500
1500
1500
1500
1500
1500
10673
-529
1500
2948
3817
-538
-517
932
-508
1771
2677
-228
1500
1500
1252
609
-584
2464
-250
318
-185
345
-89
89
-196
660
