-424
1500
4396
1500
1500
1500
2948
1500
1500
1500
1500
13084
1500
1500
2948
1500
1500
1500
1500
1500
1500
1500
1500
1500
1500
1500
1500
1500
1500
1500
1500
1500
1500
1500
1621
-451
805
-449
2948
1500
1500
1500
1500
1500
763
-463
4396
1500
2948
1500
1500
1500
4396
1500
1500
1500
1500
1500
4396
1500
16436
3395
-467
-476
1500
1500
1938
-469
-468
-452
-501
-473
-448
1500
2948
1500
1500
2948
1500
907
2842
2343
-550
1500
-516
398
1500
1500
1500
1500
2948
4396
1500
1500
1500
1500
2948
1500
618
3953
1500
751
8740
1500
1500
588
-549
5844
2948
-515
3547
1500
2948
1500
1500
1500
1500
1500
1500
1839
-549
2948
1500
-534
5025
-468
471
-458
526
-459
-456
-451
-474
662
829
-469
620
-443
711
4396
-454
-468
-549
-479
-538
-550
-549
-543
1500
1500
1500
1500
1500
1500
1500
809
1500
2948
1500
1500
1500
1500
1500
1500
2911
471
1500
2948
1500
1500
4396
1500
872
2948
2210
1121
482
-426
-550
-547
-550
-228
514
1500
4396
1500
1500
1500
920
-524
2948
1500
2948
1500
1500
1500
1500
3126
775
-548
1500
1500
787
2948
1500
4396
3750
-526
1500
2948
4396
2819
-548
5822
-550
1500
1500
1500
1500
1500
1500
4396
4396
1500
2305
4396
5194
-548
1500
2948
1991
-519
1500
1500
4396
2517
-543
1500
2948
1500
1500
2948
1500
1500
1500
4396
2047
-549
1500
1500
2948
3410
-546
846
5844
1882
-536
1500
2948
2948
2718
-546
1500
4396
1500
-549
8740
1500
2948
4396
2324
-550
1500
4396
4396
1500
1627
-546
2948
1208
-548
2277
1500
1500
1500
2948
2490
-546
1500
4396
1500
1500
1500
1500
1500
1500
2948
1500
1870
-550
4396
1476
-546
2948
1943
-541
1500
1500
1500
1500
7292
2948
2948
1500
1500
1500
1500
1370
-550
1500
4396
1500
1500
1500
822
-549
1500
2948
2948
1500
1500
1500
872
-549
5844
1500
2948
2948
1526
-549
1500
1500
1500
1500
1500
1500
1500
1500
675
-520
1500
1500
4396
1500
1085
-541
1500
1500
1837
1500
1500
1500
1500
1500
1103
-540
-542
1500
1500
4396
1500
1500
1500
1756
-549
1500
1500
1500
1500
1732
-534
2948
4396
1500
1500
1447
-549
1500
4396
1500
1500
1500
1500
2948
4396
2677
-525
1500
1500
2948
4396
4396
2335
-549
1500
1500
1425
-549
1500
4396
3732
-547
1500
1500
2948
2948
1716
-549
1500
4396
2906
-539
1500
4396
2948
1500
1500
2948
1500
2948
1582
-515
1500
1500
1500
1500
2948
2948
2948
2948
1500
1016
-543
1500
2948
4396
1500
1500
2948
163
-550
1500
1500
2948
1500
2948
4940
-543
7346
-528
1500
1500
5844
5844
1500
1942
-525
1500
1500
1500
1500
1500
1500
1059
-532
1500
1500
4396
1500
2948
2948
2948
1500
2009
-537
1500
1500
1500
1500
1500
1500
1500
4396
1500
1500
1500
1500
2397
-549
1500
249
-548
1731
-549
1500
1500
1500
4396
1500
1500
1527
-549
1500
1500
1500
1500
1552
-549
1500
1500
1500
1500
1500
2948
2948
1500
1869
-546
5844
1500
1500
2948
3670
-521
926
-549
1500
1500
2948
2948
2948
1500
1500
2159
-536
4396
3544
-550
1500
1500
1500
1500
1500
4396
4396
374
-549
1065
-549
1500
1500
1500
2948
1500
1500
2948
2948
9277
-549
937
-548
1500
1500
2948
1500
2948
2948
1258
-542
1500
1500
827
-549
1500
2948
2948
1500
1500
1018
-535
5844
1500
1500
2948
2948
1744
-538
1500
2350
-531
-517
7292
4396
4396
2560
-540
1500
1500
1500
-512
1500
1500
2948
2948
7292
1500
-518
12369
-550
1500
2948
1500
1500
1500
893
-542
1500
-549
2948
1500
1500
1500
1676
-548
1500
1500
1500
1500
2948
2948
1500
1500
1500
-544
1500
1500
1853
1500
1500
1500
1500
2948
1500
1500
2217
-549
16436
5388
1500
1500
1500
1853
2896
-540
923
-525
1500
1500
1500
1500
2948
1500
1500
1500
1500
1500
1500
2948
1500
4396
11636
1500
1500
1500
1500
1500
1500
2948
1500
1500
1500
378
-465
1500
8740
1500
1500
1500
1500
2948
1387
-548
2948
662
-550
1500
1500
1500
1500
1500
1500
1500
1500
11636
1500
1500
7388
-550
1500
1500
1500
1500
1373
-539
1500
1500
1500
1500
5844
1500
850
-546
1500
1500
1500
1500
1500
1500
1500
1500
1500
1500
2948
2948
1500
2948
2948
1500
4396
1500
2948
2066
-549
1500
1500
1500
1500
1500
1500
1500
1500
1375
-471
1500
1500
1500
1500
1500
1500
1500
1500
1188
-528
5844
1500
2033
-473
1537
-549
2948
1500
1500
1500
1500
1500
1500
1500
1952
-543
1500
1500
1500
1500
10188
1500
1500
1500
1500
1500
1500
1500
1429
-471
3264
-488
1500
2948
1500
1500
1500
524
-471
1500
1500
1500
1500
1500
1500
847
-472
1500
1500
1500
585
-472
1500
1500
1500
1500
1500
1500
537
-544
1500
1500
651
-548
1500
1500
1500
5844
1500
2948
1500
5844
1500
1500
1500
5844
2305
-471
1500
1500
1500
1500
928
-547
1500
1500
566
-548
1500
8740
1500
1500
1500
2948
1500
1500
1500
1500
1500
859
-489
8975
-548
1500
1500
1500
1500
2948
1500
1573
-550
1500
1500
1500
1500
1500
1500
1500
1500
1500
2948
-514
1500
1500
980
1500
1500
662
2948
-550
3409
-540
4396
1500
1500
2948
2948
1500
1500
1500
1500
1500
1500
1500
1500
1500
2948
1383
2948
1500
1500
1500
1500
1500
1500
471
-550
1500
8261
-527
2948
196
-543
1500
1500
1500
1500
1500
1500
1500
1500
1500
1500
1500
1500
1500
1500
1500
1500
1500
1500
1500
198
-548
1180
-535
6212
-550
1500
1500
1500
1500
1500
2948
2948
1500
1500
933
-540
1500
2948
1500
1500
2948
2948
2535
-550
1500
1500
1500
1500
1500
1500
5844
2948
1155
-549
1500
1500
1500
4396
2382
-550
1500
1500
1500
2948
2948
5844
2948
4396
2948
3785
-550
2948
1500
2948
4396
2948
1500
545
-537
8740
1500
331
-550
2948
2948
1500
1500
1500
738
-549
1500
1500
1500
1500
1500
1500
2948
2948
1500
2948
1500
2948
1500
1500
1126
-549
1290
2948
4396
1581
-529
1500
2948
1500
1500
1500
1500
1385
-525
2948
3556
-542
1500
1500
2948
1500
1500
1500
2948
1500
1500
1500
1500
1032
-547
1500
1500
1500
1500
1500
2948
1500
1500
-541
2872
-533
1500
1030
-544
1500
1500
1500
1500
1500
1500
1500
1500
1500
1500
1500
1500
1500
1500
4396
1500
1194
-549
1500
1500
1500
1500
1500
1500
1500
1500
1500
1500
1500
1500
16297
-545
104
280
-548
-549
1500
1500
4396
1500
1500
1500
1500
2948
4396
4396
1500
1500
2948
1500
2948
1500
5844
1500
1500
1500
1267
-537
1500
2888
-519
1500
4396
1500
2948
2948
1500
1500
2948
2798
-528
3336
-548
1500
1500
2948
1500
1500
1215
-472
1500
1500
1500
2948
1500
1500
2948
2948
1500
1500
1112
2948
1500
1500
1500
1500
1652
1550
1500
-564
-534
361
-516
917
5368
1500
2102
917
5844
5844
1500
1500
1500
1500
1500
2948
2948
1500
1500
1500
1500
13084
1500
1500
1500
-584
2464
-537
2948
2948
1500
1500
2948
10188
5844
7292
1500
1500
2948
1500
1500
1500
1500
8740
1500
1500
1500
1500
2948
2948
4396
2948
1500
1500
-250
-221
111
2948
1686
-185
403
2948
-594
405
1183
777
-174
-89
-196
660
11426
306
-532
534
-532
11636
534
2948
4396
1500
2948
1500
1500
1500
1500
1500
2948
1500
1500
1500
1500
4396
16436
6836
5844
2948
4396
1500
1500
2948
980
