-421
1500
1500
1500
1500
1500
1500
-660
-543
-545
-534
1500
2948
1500
1500
1500
1500
1500
1500
1500
1500
906
2948
1500
1500
1500
1500
1500
900
1500
1500
1271
-703
1500
1500
1500
1500
1500
1500
1500
1500
1500
1500
799
-566
1500
1500
1500
1500
-559
-628
1500
1500
1315
2517
1500
650
1500
1500
1459
1797
1500
1829
-695
-607
-600
-589
-228
-551
-567
-576
1500
1500
1500
389
692
-587
1458
2948
1307
-563
1500
1500
1500
1500
1500
1500
1500
1500
1500
1500
1500
1500
1218
-562
1458
2948
1500
1792
-558
1249
1500
1459
1500
1234
-557
1457
2279
-556
1500
1058
-550
1500
727
-561
1500
1254
-556
1800
1200
-579
4396
2948
1912
706
-579
652
-579
1039
936
911
2948
1500
-584
1500
809
2464
-571
-559
-556
-563
-557
-562
-563
-250
111
-185
1500
1500
1500
749
1091
-579
-561
2948
1599
-560
1500
2675
-559
1792
403
-558
-89
1500
1500
1500
-196
3937
-560
1500
1500
1211
-559
1500
1500
1500
1500
841
-628
1500
1500
1500
1500
1500
1419
-575
660
1500
1500
2948
1500
1500
1500
1500
1463
-578
1500
1500
993
-577
1500
1500
1171
-577
1500
1500
1500
1500
1500
1500
1500
1500
1500
1500
1500
1500
530
-576
1500
1500
1500
1500
1850
-574
1500
1500
1500
1500
1500
1500
1500
1500
1500
1500
1080
-573
1500
1500
1500
1616
-589
1500
2948
1425
-587
1500
1500
1500
1500
1500
1500
1500
2948
2948
965
1500
1627
-585
1500
1500
1500
1500
1500
971
-584
1500
1500
1500
1500
1500
1500
1500
1500
4396
4396
7292
2807
1224
-583
5309
-585
1500
734
-579
1500
1500
2763
-583
837
-580
1500
1500
1239
-583
1707
913
-579
-576
1500
1500
1586
-578
751
-577
1500
1500
869
-576
548
-584
1500
1500
1500
1500
1500
1500
1827
-584
827
-583
1500
1500
1500
2387
-577
1500
1500
783
-579
1500
1500
869
-584
962
-582
1500
1054
-578
1500
1500
1500
484
-579
822
-577
863
-556
572
-586
949
-584
1500
1500
1500
1500
1681
2948
1500
1456
1182
808
1612
1125
838
