-447
1500
1500
1500
1231
-482
1500
2948
1500
1500
1500
1366
-500
-518
1500
1500
2241
1840
-527
1500
1500
2990
-519
493
-505
1500
1500
1945
-523
1500
1578
-220
1470
2452
-473
1347
-554
-520
-517
-512
-457
-524
-525
1551
-526
1648
-524
942
-527
1500
2948
1655
-531
2948
1500
1500
1500
1500
1500
1500
2948
1500
1106
2505
2790
1500
2948
1500
1500
1500
1500
1368
2545
2029
801
-613
827
-559
424
-611
405
1183
376
-174
-220
278
-501
1470
1470
1034
-174
1396
278
-501
921
-228
1500
1500
1500
389
-605
1500
1016
-250
111
-185
403
-89
-196
