-422
1512
1512
1512
1512
1512
1512
-410
1512
1512
1512
1512
-228
357
1512
1512
1512
1512
1512
1512
1500
1500
1252
609
1512
1512
1512
1512
1512
1512
1512
1512
-447
1512
1512
1512
1512
1512
1512
1512
1512
353
1512
2061
-457
1512
1512
1512
1512
1512
1512
2972
1512
1512
1512
353
2972
-458
1512
1512
1512
1512
1512
1512
1512
2972
1512
1512
1512
1430
386
353
1512
1512
-447
1886
-447
2972
1512
1512
1512
1512
1512
1512
1512
1512
1512
1512
355
2972
-465
353
1436
1512
1512
1512
1512
1512
1512
1512
1512
1512
1512
1512
1512
1096
-465
1050
1512
1512
1512
1512
1780
-465
1512
1461
-463
1512
857
2341
-465
-465
-584
1500
1016
1512
1884
-472
-250
318
1512
1512
355
1512
1512
1512
-472
-185
382
683
1512
644
1512
1512
920
1512
1512
1512
1512
1512
1512
355
1512
-452
-450
1512
1128
1512
1512
1512
355
1512
1512
353
1512
1512
-465
1512
1512
1630
1512
1512
1512
1512
1512
1512
742
1512
2972
1512
1670
-466
2972
1512
1512
-466
1512
1940
1512
1512
1512
1512
-466
1512
1930
1512
1512
1512
1512
1512
-466
2731
1512
1512
1512
1500
1512
1512
2251
-452
-452
355
2972
355
1512
1512
1512
1512
1512
-452
1512
1512
1512
1512
1512
1512
1512
355
1512
1512
-452
2972
2057
1910
1512
2972
355
1512
-452
1512
1512
1372
1512
2972
1512
-445
355
2972
1512
1512
1512
1512
1512
1512
697
354
2972
-445
1512
1043
1512
1512
1512
1512
353
1512
1512
1512
1512
645
-466
1512
499
1512
2239
-466
-466
2972
203
1512
-466
1593
1512
1512
858
-452
355
1512
-452
-452
-452
-196
1512
355
4432
355
1512
355
1512
1512
1512
1512
1512
1512
1512
1512
1512
1512
1512
1512
1512
1512
1512
1512
1512
2972
1512
1512
1512
1512
1512
1512
1512
1512
1512
1512
1512
1512
1512
1512
1512
1512
1089
1512
1512
1512
1512
2972
1512
1512
1512
1512
1512
1512
1512
1842
1512
1512
934
858
