-422
2948
909
-430
1512
1154
-440
1512
1512
2972
412
-455
647
-456
647
-457
867
-458
-455
-448
-448
-445
1879
969
955
885
1593
-468
-474
-478
-476
-478
-481
741
-477
1905
1512
-475
2972
1512
1512
1512
1512
1512
684
1323
-465
-466
702
-470
2972
1512
1512
1512
1512
1512
1512
567
-469
1512
1512
2972
1512
1512
2972
1512
594
1512
-471
1500
1262
-466
1500
2948
1500
1500
1512
2972
2972
1512
2351
1512
2972
2972
1512
2972
2972
1512
1512
1512
2972
1512
1512
1512
2972
1512
1512
1512
1512
2972
1512
2972
2972
1512
1512
1512
2948
2972
1500
1500
1512
1500
2972
1500
4432
1304
3714
1887
1512
2972
2972
4432
1512
2972
1512
1512
2972
1512
1512
1512
1512
1512
1512
1512
1512
1512
1512
1512
2972
1500
2290
13192
16436
4100
12388
16436
16436
16436
5318
-228
2948
1252
609
-584
1500
1016
-250
318
-185
382
-89
-196
660
