-424
2948
1500
1500
1500
1500
1500
1500
1500
1500
1771
-434
4396
1349
-449
-450
688
-612
-412
668
-449
1500
1500
1500
1500
1500
1500
1500
1500
1500
1500
1500
1500
1500
1500
1500
1500
1500
2948
1500
1500
1500
2025
1489
1552
1500
1156
1500
1500
986
-228
1500
1500
1252
609
-451
-457
-456
2948
1500
1442
1453
-463
4396
1500
-463
1500
1500
1500
482
-463
-463
-463
-463
1500
1500
1500
1500
1500
1500
-584
2464
-617
1014
-642
1500
1500
1500
1500
-642
1500
2242
-643
1500
1073
2948
1500
1500
1500
1500
1500
1500
1500
1500
1500
1500
1500
1500
1500
1500
1500
2948
1500
895
-636
2933
1500
1221
-643
1500
1319
-642
-643
-463
-636
-643
-638
-642
4396
2586
-642
1500
1454
3377
-642
2729
-641
2613
-643
1288
-641
3179
-641
4396
3386
3089
1500
4396
1454
1569
7243
-463
1500
4396
3042
-250
1500
2948
1500
1500
4396
1500
1500
1500
1499
-463
1500
1500
1500
1500
1500
1500
318
1500
2948
1500
1500
1500
1500
1500
1500
1500
1500
1500
4396
1500
2948
4396
1500
979
-463
1500
1240
-463
1500
2948
1500
1500
1500
1500
1500
1414
-463
1500
1500
1234
-463
1500
1500
1500
1052
-463
1500
2948
1500
1500
4396
1500
-185
2948
2948
1500
1500
1500
1369
-463
4396
1500
4396
1500
2948
1500
2948
1440
1500
2948
1500
1500
1068
2948
2948
1500
1068
1500
1500
1500
1500
1500
1500
1500
1500
1500
1500
1500
2948
1500
1500
1500
1848
1500
1500
1587
-463
382
-89
2948
1500
1500
2948
2948
1500
1500
1418
-463
-463
259
-463
1500
2948
2948
1500
1500
1500
1500
2948
1500
-450
-196
660
1500
2948
1500
1500
1500
4396
1500
1500
4396
1500
2948
1500
1500
1500
1500
1500
1500
1624
1500
1500
1500
1500
1500
2948
2948
2948
1500
1500
1500
1500
772
-456
1617
-457
1500
1500
1500
692
-453
867
-460
-451
1500
1500
1500
1500
1500
2948
1500
1500
1500
1500
1500
1500
1500
1500
1500
2948
1500
2948
2948
1500
1500
2948
1500
2948
2948
1885
-461
950
-459
1389
-463
2948
1500
1500
1500
2948
1500
1500
1500
1500
1500
2948
2948
1500
2948
1500
2948
4396
4396
1500
1500
1500
1500
2948
2948
1500
1500
1381
-453
1364
-453
2411
-460
922
-455
1500
1500
1500
1500
1500
1500
1500
1500
2948
1500
1500
1500
1500
1500
1500
1500
1500
1500
1500
1500
2948
2948
1500
796
-460
1658
-453
1814
-453
699
-453
1500
2948
1500
1500
1500
1500
1500
2948
1500
1500
1601
-460
1500
1500
1500
1500
1500
1500
1500
1500
1500
1500
2948
1500
1500
1500
1500
1500
2948
2948
1500
702
-460
1500
370
-460
1586
-453
1577
-453
1500
1500
1500
1500
1500
4396
1500
1500
1500
900
-460
696
-460
702
-455
702
-453
1648
-460
1758
-476
702
-474
537
-477
1500
1166
-481
1617
-475
706
-473
696
496
677
437
1441
2458
