-426
2948
2948
1500
4396
1500
2948
1500
1311
-460
526
-470
1500
1500
2948
1500
1500
1500
1500
1500
1500
-474
2948
1500
1500
1500
1500
1951
-489
2750
554
-492
664
-477
1500
1403
-492
1500
1500
1500
1500
-490
1500
1945
636
-529
1500
1500
2901
1500
1500
-527
1500
1500
2948
2948
1500
1500
1500
-521
1500
1500
2948
1500
1500
1500
1500
1500
1500
1500
737
-539
4349
1500
1365
2948
1500
1453
249
-525
-498
-539
-548
-529
-542
-542
-523
-504
-503
4396
2374
2948
1500
1500
1500
1500
768
613
548
1500
1500
1500
1500
1500
1500
2948
966
1766
763
-513
4396
2190
5844
8740
5192
1500
4396
1500
1500
1500
2676
2948
1500
1500
1500
1500
1500
1500
1500
1500
1500
1623
1453
1500
1611
-480
-513
-529
-521
-535
-539
-526
-526
567
460
840
467
808
-414
6768
5844
922
1487
624
-506
1500
2362
-479
1482
-510
-507
1500
1500
2329
1500
1942
-509
1500
1737
-468
1385
-486
-582
-530
-531
-508
-513
-509
-540
-539
-532
-540
-542
-531
-507
1500
1500
1665
-548
1500
1500
1500
1500
1500
1500
1500
1500
1219
-504
1500
1500
1500
1052
470
1073
-550
1500
1500
-508
-539
1500
517
1510
-533
-505
1500
2948
1500
2948
1500
2948
1500
968
447
-538
-534
1500
1500
1500
2948
1500
1500
1500
598
-515
2948
1500
2080
-485
361
2414
-535
1500
1500
3195
-526
1851
-538
1500
1070
-483
1500
1500
1500
1500
1500
1500
1500
1500
1500
1717
-520
1055
-525
1222
1500
1500
2948
4396
4030
-530
1252
2185
-526
839
1500
1500
2948
2948
1500
2948
1500
1500
2874
2948
1500
1500
1500
1500
1066
-541
1500
1500
1500
2948
2948
2948
2948
4396
1500
1500
1500
2948
1500
1500
1500
1500
1500
1500
1500
2948
1500
2948
2948
1500
2948
2948
1500
2948
2948
2948
2948
1500
1500
2948
1500
1500
1500
1500
2948
1500
2948
2948
4396
2948
2948
1500
2948
1500
1500
1500
1500
1500
2948
2948
2948
4396
4396
1500
1500
1500
1500
2948
1500
1500
1500
1500
2948
1500
2948
2948
1500
1500
1500
2948
1500
1500
1500
1500
2948
1500
1500
1500
1500
1500
2948
2948
2948
1500
2948
1500
1500
2948
2948
2948
1500
1500
1500
1500
2948
2948
1500
1500
1320
16436
972
1500
1500
1500
1500
1500
1500
1500
1500
1500
1500
1500
1500
1892
1500
1500
1500
493
1500
1500
1111
453
1194
1500
1500
1500
1500
2948
1500
1500
1500
1500
639
1500
1500
1500
1500
1500
1323
1500
1500
1500
1500
452
893
16436
3940
-597
-529
-526
7292
1275
5844
1500
-531
2948
2948
1500
2948
1500
1500
1500
1500
1500
2948
2948
2948
1500
1500
1500
2948
1500
1500
1500
1500
1500
1500
1500
1500
1500
1500
1500
1500
1500
1500
1500
1500
1500
1500
1500
1500
1500
1500
1091
-509
2948
2948
2948
2948
1500
1500
1500
1500
1500
1500
1500
1500
1500
1500
1500
1500
1500
950
1500
1500
1500
1500
1500
1500
1500
1500
2948
1500
1500
1500
707
1500
1500
1500
2948
1500
1500
4396
1500
1816
1500
1500
1500
1500
1500
1500
1500
608
-508
1212
2948
2948
1500
1500
2948
1500
1500
1500
1500
1500
1500
1500
1500
1500
1500
1500
1500
1500
1500
1500
1500
1500
1500
2948
1500
1500
1500
1500
1500
1500
1500
1500
1500
2948
1323
2948
1500
1500
1500
1500
16436
4050
1500
1500
1500
1500
1500
1500
2948
2948
1500
997
-513
1500
1500
1500
1749
-508
1500
1500
1500
1500
1500
-513
2948
2948
2948
1500
1500
1500
1500
1500
1500
1500
2948
1500
1500
1500
1492
-513
2948
2948
1500
1500
1500
1500
1500
1500
1500
1500
1500
898
-530
2948
1500
1500
1500
1500
1500
1500
1500
1500
1500
901
-508
1500
1500
2948
1500
1500
1500
1500
1754
-525
1500
1500
1500
1500
1500
1500
1500
1500
2948
1500
1500
1500
1500
1500
1659
-515
1500
1500
1500
1500
1500
1500
1500
1500
1500
1500
1500
1500
1500
1500
1500
1500
1500
1500
1500
1500
1500
1500
1500
1709
-512
1500
1500
1080
-522
3460
-507
1500
1500
1500
2948
2948
1500
1500
1500
1500
1500
1500
1500
1500
1500
1500
1500
1500
1500
1500
1500
1500
1500
1500
1500
1500
834
-512
1500
1500
1271
-530
1500
2229
-524
2948
1500
1500
1500
1500
1500
1500
1500
1500
1500
1500
1500
1500
1500
2948
1500
1500
1500
1500
2948
1500
1500
1500
1500
2948
1500
1500
1500
1500
1500
1500
1500
1255
1500
2948
1500
1500
2948
1500
1500
1500
1500
2548
2942
1500
1500
1024
2948
2948
1500
1500
1500
1500
649
2948
2948
1500
1500
2948
1500
1500
1500
1500
2948
1500
1500
1500
705
-602
470
-228
1500
2948
389
-621
929
-584
-730
2464
763
-250
111
-185
403
-89
-196
