-425
2948
2948
1500
945
-450
1500
1500
2948
1500
2948
2531
-483
1500
1500
2948
1500
1500
1500
1500
1500
1500
-481
4396
2948
1500
1624
2948
-486
2948
198
1500
1500
1500
1500
-487
1500
1500
1337
2948
1500
1500
-487
-483
-479
-484
-483
1500
2948
1500
1500
1500
1500
1500
1500
1620
1500
1500
2948
1500
1500
1500
1500
1500
1279
1500
1497
1500
1500
1500
1500
2727
1500
1500
1500
1500
1500
1500
1500
1500
1500
1500
1500
1500
1500
1500
1500
1500
1500
1500
2948
-220
1500
1500
1500
2948
1500
1500
1500
1500
1500
1500
1500
1500
1500
1500
1500
1500
1500
1500
1500
1500
1500
1500
1500
1500
1500
1500
1500
1500
1500
1500
1500
1500
1500
1343
2948
1500
1500
1500
1500
1500
1473
883
1500
1510
1500
2947
-459
-483
-479
-483
-487
-471
-482
1500
1500
1500
721
-463
1500
1500
1500
1500
1500
1500
1500
1500
1500
1500
1500
2670
2948
-448
1339
1500
1500
2724
2948
1500
1500
-458
1055
1500
2948
1500
1500
1500
1500
1500
1500
1407
2150
526
1981
-618
-449
-450
-448
2912
-453
1430
-453
2165
1456
-450
851
-456
1665
-561
1597
1343
-563
-561
1242
-422
1156
893
1500
1799
1500
1500
2008
4396
2948
1500
1500
1891
976
-174
290
-483
1026
-228
2948
1252
609
-584
1500
1016
-250
318
-185
345
-89
89
-196
