-455
1512
1512
2972
1512
1512
2147
-465
-421
919
1288
-459
1512
1512
1512
1512
-494
1439
1512
1512
2972
-499
1512
1512
1512
1512
1512
1512
1512
1512
1512
1512
1512
1512
1512
1512
1512
1512
-473
-471
-473
-471
1512
1512
1512
1512
1512
1512
1512
1512
1512
1512
1512
1512
1512
1512
1512
1512
1512
2972
1512
1512
1512
1512
1512
1512
1512
2972
1512
2972
1512
1512
1662
-474
2972
1512
1209
2972
-474
1512
1512
1512
1512
1512
570
-489
1512
1512
1512
1512
1512
1512
1512
1512
1512
1512
2972
1512
1512
1512
1512
2972
1512
2972
2972
2972
2972
1512
1512
1512
1512
2972
1512
1512
1512
1512
1512
1512
1512
1512
1512
1512
1512
2972
1512
1512
1127
-477
2972
1512
586
-475
1512
1512
1512
1512
1512
1512
1512
1512
1512
1512
1512
1512
1512
1512
2972
2972
2972
4432
2972
1512
3061
-480
1512
2972
2972
1512
1512
1512
1512
2972
1162
-480
1512
1530
-480
1512
813
-477
1512
2414
-480
1512
1512
1512
1512
1512
1512
1512
1512
1016
-481
1512
1512
1512
1512
1512
1512
491
-487
578
-480
779
1611
4432
2972
1512
1512
2972
1512
1512
1512
2972
1512
1512
1512
1512
1512
1512
1512
1512
1512
1072
1512
2972
1512
1512
1512
1512
1512
1512
1512
1512
1512
1512
1512
1512
1512
1512
1512
2972
1512
1512
2972
1512
1512
1512
1512
2972
1512
2972
3414
1512
1512
1253
3945
-488
-486
-482
-477
-483
-484
-228
1512
2607
-502
2115
-502
4314
1512
2972
1512
1512
1512
1512
1512
1512
1512
1512
1512
1512
1512
1512
1512
1512
1512
1512
1512
4432
2972
2297
4432
4432
1512
1916
1665
1500
1500
1252
413
1512
1545
609
-605
1500
1016
-250
318
-185
345
-89
89
-196
