-437
-228
1500
1500
1252
609
-605
1500
1016
-250
318
-185
345
-89
89
-196
1500
1500
-439
1512
1895
-439
-462
1512
646
1512
4404
-460
1512
1512
2972
-462
1512
1512
1512
1512
1512
1512
1512
967
-462
-479
-484
-482
5892
1512
1512
1512
1512
1512
1512
1451
113
1553
1512
1611
1512
1512
1512
1512
8740
-479
-478
-460
-459
-483
2568
-459
1435
-459
1512
1512
1870
1512
-461
2741
2972
1512
1591
-461
1456
-461
1512
1512
1512
1512
1512
1512
1512
1512
1512
2272
1512
1512
1512
1512
5872
-461
1512
1512
1554
-461
1512
1512
1979
-461
1512
1512
1117
-461
1512
1512
1512
1512
1512
1512
1512
1512
1512
1512
1512
2972
2972
1512
1512
1512
1512
1512
1512
1512
1512
1512
2972
1512
1512
1512
1512
1512
1512
1280
1512
1512
1512
1512
1512
944
1512
2688
1512
2972
2972
2972
1512
1512
1512
1406
-461
1512
1512
980
-483
1512
3210
-477
1512
1512
1512
2972
2237
-483
1439
-476
1512
1512
2972
1512
1512
1512
1512
1512
1512
1512
1512
1512
2972
1161
1512
1907
1452
1484
1536
1450
1500
1500
1500
1500
-475
1944
1057
-453
1141
-418
367
