-430
2948
1500
1500
1500
1500
1500
1500
1500
1500
1500
1500
1500
2948
1500
1500
1500
1500
1500
1500
1500
1500
1500
1500
1500
1500
1500
1500
1500
1500
1500
1500
1500
1500
1500
1500
1500
1500
1500
1500
1500
1500
1500
1500
1500
1500
1500
1500
1500
1500
1500
1500
1500
1500
1500
1500
1500
1500
1500
1500
1500
1500
1102
-680
508
-929
1500
1500
2948
1500
1500
1500
1500
1500
1500
1500
1500
-658
1500
1500
2948
1500
1500
1500
1500
1500
1500
1500
1500
1500
1500
633
-910
-600
4396
1500
1500
1500
1500
1500
1500
1500
1500
1500
1500
1500
1500
1500
381
2948
1500
1500
1500
2948
2948
2948
2558
-640
1500
2948
2948
1500
1500
1500
1500
1500
1500
1500
4396
1500
1500
1500
1500
2507
1353
-676
-600
1500
2948
1500
975
2948
1500
1500
-656
1500
2948
1500
1500
1500
1500
1500
1500
1500
1500
1500
1500
1500
2948
1500
1500
1500
1500
1500
-604
1500
1500
1500
1500
1500
1500
1500
1839
1500
1500
1500
1500
1500
2948
812
1109
-656
1500
1500
1393
-624
1500
1500
880
-601
1631
-656
1500
4396
1500
1500
2948
1500
1500
1500
1500
1500
-665
2948
1500
1607
-600
-534
1500
1500
2948
1500
1500
1500
1500
1500
381
1500
2725
2948
1500
2948
1500
1500
1500
1500
2948
2248
1500
2948
1914
-590
1641
-471
613
-1002
-1008
1500
1500
2948
1500
1500
1500
1500
1500
1500
1500
797
2948
1500
1500
1500
1500
1500
1500
1500
1500
1500
1500
1317
2948
1500
1500
1500
1500
2948
2948
1500
1500
1500
1500
1500
2948
1500
1500
1500
1500
1500
7292
8740
1500
1500
1500
2948
1500
1500
1500
1500
1500
2948
1500
1500
1500
1282
-1018
448
-1015
-1008
1500
1500
2948
1500
1500
1500
1500
1500
1500
1500
1500
1500
1500
1500
1500
1500
831
2948
2948
2948
1500
1500
1500
1500
1500
1500
1500
1500
1500
2948
1500
2948
2948
2948
1500
1500
1500
1500
2948
2948
-660
1500
1500
1500
1500
1500
1500
1704
-660
1500
-660
1500
653
-646
1500
1500
2948
1500
1500
-666
1500
1500
1500
1500
1500
724
-663
1500
1500
1500
1500
1500
1445
2948
2948
1500
1500
1500
1500
1500
1500
1500
1500
1500
1500
1500
1247
1747
2948
1500
2315
-735
1274
-675
-666
1500
1500
2948
1500
1500
1500
1500
2948
-674
1500
1500
-656
1500
1500
1500
1500
1500
1500
1500
1500
1500
2948
-663
1500
1500
2199
2948
1500
1645
1500
1500
1500
1500
1500
1500
1500
1500
-671
2389
1500
1500
1500
1500
660
-655
1500
1771
1500
2634
-712
1500
1500
1254
-655
1500
-663
2046
1500
1500
-662
950
1500
1420
-717
1500
1805
1500
1624
-1022
1951
-1021
742
-563
361
-228
1500
1500
1252
609
-584
1500
1016
-250
318
-185
382
-89
-196
