-214
1500
1500
1554
-594
840
-594
840
-378
-228
302
-457
2948
1500
593
4148
609
-584
2464
-250
-234
-233
-234
-234
1500
1500
1252
4148
2948
1500
1500
1252
1252
1606
1606
1606
1606
318
-594
840
-234
-185
-234
302
-234
-478
302
-234
-492
1500
1500
1500
302
1500
1500
1500
1500
1500
2948
-493
1500
7292
302
2948
4396
7292
1500
7292
8740
5844
1500
4396
2948
4396
1500
1500
2948
4396
2948
2948
4396
2395
2464
1500
1500
2948
1500
2948
1500
2948
4396
4396
1500
1500
2948
1500
1500
1500
1500
5844
16436
382
-464
-89
16436
16436
11302
823
-196
660
89
