-438
1758
1588
1385
-488
4396
1500
1500
1500
1546
-571
-544
1500
1500
1500
2948
1500
1500
1500
1500
-557
1451
1500
1500
1500
1500
1500
1500
1500
1500
1500
1500
1500
1500
2948
1500
-548
1500
1500
1500
1500
1500
1500
1500
1500
1500
1500
1500
1500
1500
1500
1500
1500
1500
1500
1500
1500
1500
1500
1500
1500
1500
1500
1500
1500
1500
1500
1500
1500
1500
1500
1500
1497
1500
1500
1500
1500
1500
1500
1500
1500
1500
1500
1500
1500
1500
1500
1500
2948
1500
1500
1500
1500
1500
1500
2948
1500
1500
1500
1500
1500
1500
1500
1500
1500
1500
1500
1500
1500
1500
1500
1500
1500
1500
1500
1500
1500
1500
2948
1500
1500
1500
1500
1500
2948
1500
1500
1500
1500
1500
2948
1500
1500
1500
1500
1500
1500
1500
1500
2948
1500
1500
2948
1500
2948
1500
1500
1500
1500
1500
1500
2948
1500
1500
1500
1500
1500
2948
1500
1500
1500
1500
1500
1500
1500
1500
774
2948
1500
2948
1500
1500
1500
1500
1500
1500
1500
1500
1500
1500
1500
1500
1500
1500
1500
1500
2948
1500
2948
1500
1500
2948
1500
1500
1500
1500
1500
1500
1898
1500
1500
1500
1500
1500
1500
1500
1500
2948
1500
1500
1500
2948
1500
2948
1500
1500
1500
2948
2948
1500
2948
1500
2948
2948
2948
1500
1500
1500
1500
1500
1500
1500
1500
1500
1500
1500
1500
1500
1500
1500
1500
864
-552
748
-228
2948
1500
389
-605
1500
1016
-250
111
-185
403
-89
-196
