-427
2902
3819
5892
1512
1204
-470
1500
3099
-469
-457
4396
1500
-461
1500
1500
2948
1868
1721
-462
1426
-475
1500
670
1500
-482
825
1500
1500
2948
1500
1500
1500
1500
1500
1500
1500
1500
1500
1500
4396
-228
10188
2557
-520
1500
-492
1500
1500
1500
1500
1422
-492
-493
1500
1500
3016
1500
1500
1500
1500
-493
1500
1500
2034
769
3257
1500
2911
2948
-492
1500
1500
1500
1500
1868
2948
1461
1500
2948
1500
1109
-492
1461
2948
1500
1500
873
-491
-493
-492
1463
1500
1500
1500
2671
-493
-493
-493
-490
-493
-493
2948
2349
1500
2910
1500
2948
1924
2948
1500
1500
2948
1500
1500
1500
1500
1500
483
1500
3031
-491
1500
1461
2613
2911
1500
1500
1500
1462
1861
1500
1500
1500
1500
1463
1500
1500
1500
1500
1500
1500
2948
2394
6972
11598
1500
143
-492
-492
1500
1500
2909
-493
1500
1462
2948
2487
1471
2948
1500
1500
-492
1500
1500
1839
-250
-493
-493
1500
1500
2948
-493
1500
8888
1500
1500
1500
1500
1500
1500
1500
1500
1500
1500
1500
1500
1500
1043
2948
1500
-492
1500
1500
318
1500
1500
-493
-185
1500
2659
1500
2911
-493
-493
682
2217
1500
1500
1500
2948
1500
-493
1500
2688
2948
1500
1500
-493
1500
1500
2910
2948
2948
1500
1500
1500
1500
1500
1500
382
1500
-493
4048
1500
1461
1500
1500
-493
-493
-493
-493
-492
-491
-492
-493
955
1500
1500
2909
1500
1500
1500
1500
1500
1500
2948
1500
1500
1500
1500
1500
1500
1462
1500
1500
1500
1500
1500
1500
1500
1500
1500
2222
1500
1500
1500
1500
1500
1500
5096
3945
-584
-493
-493
-493
-89
8702
1777
-196
7292
1500
2910
1500
1500
1500
1500
2948
1500
1500
1500
2948
1500
1500
1500
1043
1500
1461
2948
2948
3794
1500
2910
1500
1500
1373
2909
1462
1500
2948
1500
1378
2948
2948
1500
2948
1500
551
1500
2464
2673
4396
2921
1500
1500
4396
1500
1500
16436
2455
11636
1858
1500
2957
1500
7292
1500
1500
1701
4396
5844
2948
1500
2948
5844
1500
1500
1500
1500
1500
7292
1500
1500
1500
5844
2948
1500
1500
2067
-1005
546
