-421
2972
1512
1512
1512
1512
1512
1512
1512
1512
1512
1512
1512
1512
1512
1512
1049
-504
1512
1512
486
-578
712
-643
851
-629
1500
1500
1500
1500
1500
1500
793
-645
785
-642
1500
1500
1604
-578
-590
877
1500
1497
-555
1500
1663
-601
1500
1500
1500
1500
811
-523
1500
2557
-605
1500
1500
1500
1500
1500
1500
738
-613
1500
1500
2948
355
-621
-576
-622
-627
-622
-635
1500
1500
1500
1500
997
-613
1500
1500
1500
2948
1500
1500
1500
1500
1500
1500
1500
1500
1500
1500
1500
733
-614
1500
1500
1500
2948
1500
2948
2948
1500
1500
1500
1500
1500
1500
2948
1655
-614
-723
1500
1500
3543
-609
-742
1500
1500
-726
4396
2948
2020
-639
2948
2844
-605
2948
1272
-603
4396
2948
-727
1500
1500
1500
1500
1500
-714
-732
1500
1500
1500
2948
1500
1500
1500
1500
1500
1408
2948
2948
2948
1500
1500
1500
1500
1500
867
-714
2948
827
-606
521
-726
1500
882
-652
2948
2948
977
-724
1500
2247
-589
1500
1500
1500
1500
1441
-607
2948
2948
1500
769
-601
2948
2948
2948
1500
1500
1500
1500
1500
1500
952
-712
1500
2948
2948
879
-664
627
-725
1500
4396
2948
1500
3625
-592
1015
-727
1500
1500
1500
1500
452
526
-727
-644
565
-733
1500
1500
2128
-678
1456
-727
1500
1500
1500
827
-696
514
-741
1500
1482
-694
1907
-751
1500
1500
1500
1725
-700
1500
1500
1500
1678
-713
1500
1500
1500
1500
1500
912
-588
593
-718
1796
-647
1328
-717
1500
1500
1579
-629
1500
873
-730
1500
1500
1500
1603
-683
956
2948
1500
1500
1500
1303
-613
1500
1500
1500
1500
1500
1500
1500
1500
1500
1500
1500
870
1500
1500
1500
2948
1500
1500
1500
1500
1500
1500
1500
1500
1500
1500
1500
1500
1500
1500
1500
1500
1500
1500
1206
-673
1500
1500
1500
3027
-725
1500
465
-728
1500
1354
-727
1500
1500
1500
1500
1236
426
1203
1500
1500
1500
1500
1500
1500
1500
1500
1500
1500
1500
870
1500
428
1500
1893
1500
1628
1868
1500
1500
843
1500
1500
1277
1500
1500
1500
10188
2948
1500
1500
1500
1500
1500
1500
1500
1500
1500
1500
1500
1500
1500
1500
1500
1500
484
1500
1500
655
-228
4396
389
-584
1500
1016
-250
111
-185
366
-89
89
-196
