-422
1500
1500
1500
1500
1500
1500
1500
1500
1500
1500
1500
1500
1500
1500
1500
1500
1500
1500
1196
-442
1500
1500
2948
2948
1500
1500
1500
1500
1500
1500
1500
-442
2948
1500
1500
1500
2948
1500
1500
1500
1500
1500
1500
1500
1500
1500
1500
6843
-450
2948
1500
1500
1500
2948
1500
1500
1500
1500
1500
1500
1500
1500
1500
-450
4396
1500
1500
1500
1500
1500
1500
1500
1500
1500
1809
1500
1500
1500
1500
1500
1500
1500
1500
1500
1500
1500
1500
1500
1500
783
-450
1500
1708
1500
1500
1500
-450
1500
806
1500
1500
1500
1500
-442
1500
1603
1500
1500
1500
1371
-450
1500
1500
1500
1500
432
-450
2948
1500
1500
1120
-450
-450
-482
-482
-450
-482
-482
-450
-450
-450
1500
1500
1500
936
444
1435
363
-482
1811
1854
1500
1877
2948
1500
1657
2948
1500
1500
1500
1500
1500
1500
1500
1500
1500
1500
1500
1500
1500
1500
1500
1500
1500
1500
549
1500
2948
1500
-450
-450
-450
-450
-482
2948
2948
1500
1500
1500
1500
1500
1500
1500
1500
1500
1500
1500
1500
597
1500
1500
2948
1500
1500
1500
1500
1500
1500
1500
1500
1500
1500
1500
1500
1500
1500
1500
1500
1500
1836
1570
1500
613
1500
2948
1500
368
1035
369
2948
2948
1500
1500
1500
1500
1500
1500
1500
1500
1500
1500
1500
1500
1500
1500
1500
1500
1500
1500
1500
1500
1500
1500
1500
1500
1500
16436
708
-775
1795
-228
1500
1500
1252
609
-584
1500
1016
-250
318
-185
345
-89
89
-196
