-440
1500
1500
1500
1500
1500
2948
1500
1500
1500
2948
1500
1500
1500
1500
1500
1500
1500
1500
1500
2948
1500
1500
1500
1500
1500
1500
1500
1500
1225
-524
1500
1500
1500
1500
1500
1500
1500
464
-512
1500
828
-488
529
-549
544
-493
-493
1500
1500
2948
1500
1500
1368
-487
1500
2948
1500
1103
-489
765
-493
-538
-531
-483
-537
-517
-478
1500
1500
1500
1500
1500
1289
1500
1500
1500
1500
2795
2948
1500
1500
2948
1500
1500
1500
1500
1500
1500
1500
1500
1500
1500
1500
1500
1500
1500
1500
1401
1500
2948
1500
1500
1500
1500
1500
1500
1500
1500
1500
1500
1614
321
16436
3940
16436
16436
5388
16436
338
16436
3950
16436
9862
-487
-516
1895
-532
-517
-483
-485
-511
-489
-523
-523
-494
1500
2948
1500
1500
2948
1241
1500
1500
1500
1500
1500
1500
1500
1500
1500
1500
1500
1500
1500
1500
1500
1500
1500
1500
1500
2948
1500
2948
2948
1500
1500
2948
1500
2948
16436
16436
9497
-523
5844
5844
1500
1500
2948
2948
1500
1500
2948
1500
1500
1500
1500
1500
1500
2948
1500
1500
1500
1500
1500
1500
1500
1500
1500
1500
335
335
4396
1500
1500
1500
2948
1500
2948
2083
16436
6300
16436
1500
1500
1500
1500
1500
1500
1500
1500
1500
1500
1500
1500
1500
1500
1500
1500
1500
1500
1120
1500
1500
1500
1500
1500
1500
1500
329
16436
9732
16436
8979
16436
11326
2356
1110
1500
1500
1500
1500
1500
1500
14132
10084
-220
1470
2453
-532
-587
464
-529
1518
781
-513
651
-515
335
-523
1500
329
-493
-588
-495
-514
-485
-584
-496
-589
-592
1500
1500
2948
615
1500
1500
1500
1500
1500
1500
1500
1500
1500
1500
2095
1500
493
2948
1500
1500
1500
1500
1500
1500
1500
1500
1500
1500
1500
1500
1500
1758
1500
1500
1500
2948
1500
1500
1500
1500
1500
1500
2507
1500
1500
2948
2038
1500
1500
1500
1500
1500
-515
1500
4396
4396
2948
1500
1500
2948
2948
1500
1500
2948
2948
2948
2948
2332
2948
783
329
2948
1500
1500
1500
-474
1500
2948
1500
1500
1500
1500
1500
1500
1802
526
346
-489
1500
1500
-504
473
-506
-595
-533
-499
-599
-600
-598
1470
1470
1470
1470
1720
2948
1500
1500
1500
1500
1500
1500
1500
1500
1500
1500
1154
2948
1500
1500
1500
2948
1500
1500
1500
1500
1500
1284
1500
2948
1500
1500
897
1500
2222
-484
1470
1470
1470
1470
1470
1470
2888
1470
1470
1470
1470
2888
1470
1500
1500
1500
1500
1500
1500
-593
1500
2948
1500
1500
1500
1500
1500
1500
1500
1470
1470
1470
1470
1470
1470
2888
1470
2587
1470
1470
1500
1470
1470
1470
1470
1470
1470
1470
1500
1470
2948
-587
1500
1500
2948
1470
1497
1500
1500
2948
2948
2948
1500
2948
2256
1500
1500
2948
1500
2948
2948
1500
2948
2948
1500
3247
582
1500
2948
1500
1500
3697
-497
1500
1500
1500
2948
1500
1500
1631
1470
1470
1470
1470
-503
1470
1470
2888
1470
1470
1470
1470
1470
1470
1470
1470
1470
1470
1470
1470
1470
1470
1470
1470
1470
1470
2888
1470
2874
1500
1500
1500
12277
1500
1500
1500
1500
1500
1500
1500
1500
1500
2948
618
-568
1293
-613
-504
-517
1500
2948
1500
1500
854
1500
1500
2948
1500
1500
1500
1500
1500
1500
1500
1500
971
827
-481
615
1500
-500
-514
-492
-594
-589
-595
-497
-587
-593
-514
-584
-575
1500
1500
1500
1500
1500
1500
1500
1500
1500
1500
1500
1500
711
1500
1500
1500
1500
1500
1500
1500
1500
1500
1500
1500
1500
400
1500
1500
2948
1500
1500
1500
2948
1500
2756
1500
2948
1500
1500
1500
1500
1500
1500
1500
1500
594
1500
1500
562
1500
2948
1500
361
2888
1470
1470
1470
1470
839
1470
1470
2888
1470
1470
-611
-494
-588
-584
-592
-499
-616
1500
1500
1500
2948
1500
1500
1500
1500
1500
1500
1500
1500
1500
1500
1500
1500
2948
2806
-594
576
-596
1500
2948
2948
4396
1500
1500
1500
1500
2948
1500
2948
220
-496
1970
-582
1470
1500
2594
-589
1500
476
1500
1500
3305
1500
1500
1500
1500
2948
1500
1500
2948
1500
2948
2626
-532
1500
16436
2102
1426
211
1500
1500
2948
1500
2948
2948
1500
1720
-492
1500
1500
2948
1500
2948
1500
2948
1500
1500
1500
1500
2948
1396
-472
2948
2948
4396
2948
2948
2948
1500
2948
1500
2895
-489
1500
1500
1500
2777
-495
1500
1500
2646
-505
1500
1500
1500
1500
1703
-497
1500
1500
2948
1500
2948
2948
1500
1653
-487
1500
1500
1500
4396
1500
1500
1500
1500
1500
1500
2948
1500
1500
1500
2948
2948
2260
2948
2948
2948
1500
1500
1500
2948
1500
1500
2948
1500
1500
2948
1500
1500
2412
2948
4396
2948
4396
1500
2948
1500
2948
4396
2948
4754
470
1860
1500
1500
2948
1500
2948
1500
1500
1500
1500
1500
2948
1500
1500
1500
1500
2948
1500
2249
2948
2948
2948
4396
4396
4396
1500
1500
2948
2948
2948
2948
2948
1500
1500
2948
1500
1500
1500
2948
4396
2948
2948
3324
1500
1500
1500
1500
1500
1500
1500
1500
1500
1500
1500
1500
1500
1500
1500
2948
1316
1500
1500
1500
1500
-495
1500
1500
1500
1486
1470
1500
1500
1500
1507
-488
1500
1500
1500
1500
565
2948
1677
-489
1500
1500
1500
2948
1500
1500
1500
1500
1500
1500
1500
1500
1500
1500
2948
1500
1500
1500
1500
1500
1500
1500
1500
1421
2948
1500
2948
2948
1500
1500
1500
2948
2948
2948
2948
2948
1500
1500
1500
1500
1500
2948
2948
2948
5844
2948
2948
4396
1500
1500
3699
5844
1500
1500
1500
1500
4396
1500
2948
5844
1500
5844
1500
2948
1500
2948
8740
2888
2412
2948
4306
2948
7292
1500
7292
1500
5729
1500
8740
-505
7292
5844
1500
2948
-505
2948
4396
1946
-478
1500
1500
1500
1500
2948
1500
1500
1500
1500
1500
1500
1500
2948
2948
2948
2948
1500
1500
2948
1500
2948
1500
1500
1500
1500
3689
4396
5844
1500
4396
-174
-220
4396
-228
1470
1500
2948
1369
-477
4306
1500
1500
1500
1470
2888
1500
1470
1500
1500
1500
1500
1500
1500
1500
2948
1500
1500
1500
2948
1500
2948
1500
2948
1500
2948
1500
1500
1500
1500
1500
1500
1500
1248
-489
1470
1470
2246
1500
1500
1500
1500
1500
1500
278
1500
16436
2380
-492
-496
1500
1500
6960
2948
1500
1500
1500
1500
1500
1500
1500
1500
1500
2948
1500
2948
1500
1500
2948
1500
1500
1500
2948
1500
801
1500
1500
1500
1500
1500
1500
1500
1500
1500
1500
1500
1500
2948
1500
1500
1500
1500
1500
1500
1500
2412
1500
1500
1500
2948
1500
2948
1500
1500
1500
2948
1500
2948
1500
1500
1500
2948
2412
2737
1500
1500
1500
1500
2948
1500
1500
2948
1500
1500
1500
1500
1500
1500
1500
2948
1500
1500
1500
1500
1500
1500
1500
1500
1500
1500
1500
1500
1500
1500
1500
1500
2948
1500
1500
2948
1500
16436
5244
-486
2948
2948
1500
1500
1500
1500
1500
1500
1500
1500
1500
2948
1500
1500
1500
2948
1500
1500
1500
2948
1500
1500
1500
2948
2948
1500
2948
2948
1500
1500
1500
1852
-483
1500
2948
1559
-483
1500
-502
1031
-488
1500
1500
2948
1500
1500
1500
1500
1500
1500
1500
1500
1500
1500
1500
1500
1500
1500
1500
1500
2948
1500
1500
3210
-482
1500
1500
1500
1500
1500
1604
-482
1500
1500
1500
1500
1500
1500
1500
1500
1500
1500
1500
1500
1500
2948
2948
1500
1500
1500
1500
1500
1500
2948
2948
2948
1500
1500
2948
1500
1500
2948
1500
2948
1500
2948
4396
1500
1500
2948
1500
1500
1500
1500
1500
1500
1500
2948
1500
1500
1500
1500
1500
1500
1500
2948
1500
2948
1500
2948
1500
1500
1500
1500
2948
1500
1500
2921
-511
1500
1500
1500
1500
1500
2948
1500
1500
1500
1500
1500
1500
1500
1500
1500
1500
1500
1500
1500
2806
-494
1500
1500
1500
2948
1500
1500
1500
2948
1500
1500
2948
1500
2948
2948
2948
1500
2254
1500
4151
-489
1500
2948
4396
4396
2948
1500
1500
2948
1500
1500
1500
1500
1500
1500
1500
1500
1500
1500
2948
2948
2948
4396
4396
4396
4396
2948
5153
4396
1500
1500
1500
2948
1500
1500
1500
1500
1500
1500
1500
1500
1500
1500
1500
2948
1500
1500
2948
1500
1500
2948
1500
2948
2948
2948
2948
2948
1500
1500
1500
1500
1500
1500
1500
1500
2948
1500
2948
2948
1500
1500
1500
4396
1500
2948
4396
2948
3718
2948
1500
2948
2948
2948
2948
1500
1500
2948
1500
1500
2948
1500
3860
2948
4396
1500
1500
1500
1500
1500
2948
2948
2948
2948
4141
-466
5844
2948
1199
-516
2948
1500
1500
1470
2452
1500
1500
2948
1500
1500
1500
1500
1500
2948
1500
1500
2948
1500
1500
2948
2948
1700
-476
5844
1500
1500
1500
1454
1500
1500
2948
1500
1500
2948
1500
1500
1500
1500
2948
2948
2948
2948
2948
3719
2948
3267
-515
1500
704
-499
2948
1500
1445
-485
1500
1500
1500
2948
1500
1500
2948
1500
3246
-500
1500
1500
-501
1500
1500
2948
1500
1500
1500
1500
1500
1500
1500
1500
1500
1500
1500
1500
1500
1500
2948
813
1500
2948
1500
1500
1500
2948
1500
2948
771
-494
2948
1500
2948
1500
2948
1500
1355
-508
1500
1500
1500
1500
2948
1500
1161
-497
1500
1500
1500
2948
1500
1500
1500
1500
1701
-482
1500
1500
1500
1500
1500
1500
1500
1853
-481
1500
1500
1500
2948
1500
2948
1500
1673
-480
1500
1500
1500
1500
1500
1500
1500
1500
1500
1500
1500
1500
1500
1500
1500
2948
1500
1500
1500
1500
2264
1500
1500
1500
1500
1500
1500
1500
1500
1500
2948
1500
1500
1500
1500
1500
1500
1500
1500
2948
2264
1500
2948
1500
1500
1500
1500
2948
1500
2948
2948
1500
2948
2948
1500
2948
2948
1500
1500
2566
-478
1500
1500
2948
1500
2948
2948
1500
1500
1500
2948
1500
4396
4396
2948
2265
1500
2948
1500
2948
1500
2948
2948
1500
4396
4396
4182
-478
1500
2948
4396
2948
4396
2948
2232
-478
1500
1500
1500
2948
1500
1500
1500
1500
1500
2948
1500
2948
1500
1500
1500
1500
2948
2948
1591
-482
1334
-478
2948
4396
4396
2948
2558
-478
1500
1500
1500
1500
2948
1500
1500
1500
2948
1500
1500
1500
1500
2158
-478
2948
2948
2948
2948
2948
2948
2948
2948
2948
1500
1500
1500
2265
2948
1500
2948
1500
1500
2948
2948
1500
2948
1500
2948
2948
2948
2412
1500
2948
1500
1500
2049
-488
2948
5844
4396
4396
1500
4396
1500
2948
2948
1500
2260
5844
1500
1500
2948
4396
1500
2948
1500
1500
1500
1500
1500
1500
2948
4396
1500
2248
-482
1500
1500
1500
1500
1500
1500
1500
1500
2948
1500
1883
-479
1500
2700
1500
1500
1500
1249
-493
1500
1500
1500
1500
1500
1500
1500
1500
1500
1500
1500
1500
1500
1500
1500
1500
2948
1500
2948
2412
1500
1500
2560
-488
1500
1500
1500
1500
2948
1500
1500
1500
1500
1500
1500
1500
2948
2948
2948
2948
2412
2948
2796
-489
1500
1500
1930
-500
1500
688
-485
1500
1844
-490
609
1500
2948
2948
1500
2948
1500
1500
2948
1500
1500
1500
1500
1500
1500
1500
1500
1500
2948
1500
1500
1500
1500
1500
2948
2948
2948
4396
1500
1500
2948
4396
1500
1500
1500
1500
1500
1500
1500
2948
4396
1500
2948
1500
1500
1500
1500
2948
1500
1500
2948
4396
1500
2948
1500
1500
1500
1449
-478
1500
2948
4396
4396
2948
1500
1500
1500
1500
1500
1959
-478
13017
1500
1500
1500
1500
1500
1500
1500
1500
1500
1500
2948
1651
-478
1500
1500
1500
1500
1500
2948
1500
2948
2948
1500
1500
1500
1500
708
-487
1500
1500
1500
1500
1500
1181
-491
1500
1500
2948
1500
1500
2948
1599
-492
4396
1500
1703
-477
1500
1500
4396
1500
2948
1500
2948
1500
1500
1500
1500
1500
2948
1500
1500
1500
1500
3716
1500
1500
1500
1500
1500
2948
1500
2948
1500
1140
-484
1500
2426
-482
1500
1500
1500
2182
-494
1500
1500
1126
-483
1500
1500
2386
-484
1146
-489
4396
2105
1500
1767
1500
1500
4396
1500
2948
1500
1500
2948
1500
1500
1500
1500
1500
1500
1500
1500
1500
1500
1500
1500
1500
2948
1500
1500
1500
1500
1500
1500
1500
1500
1500
1500
1500
1500
1500
1500
1500
1500
1500
1500
2948
1500
1500
2948
1500
1500
1500
1500
1500
1500
1500
1736
1500
1500
2948
1719
-516
-174
278
1470
2091
-605
1500
1016
1500
-250
-516
-216
1470
2453
-174
278
-513
1470
1470
666
2888
1470
2888
1470
1470
2888
1470
318
-185
1470
1470
1470
1470
1470
1470
1470
1470
1470
1470
1409
382
-89
-196
1500
1500
1500
1500
1500
1500
1500
1402
-421
1500
1500
1500
1500
1500
1500
1500
1500
1500
1500
1500
1500
1500
2948
1500
1500
1500
1500
2948
1500
1553
