1379710676002526
1379710676311146
1379710676311259
1379710676600896
1379710676601123
1379710676603783
1379710676604145
1379710676625383
1379710676890718
1379710676890799
1379710676891007
1379710676891088
1379710676893829
1379710676893988
1379710676899764
1379710676911005
1379710676911196
1379710677183922
1379710677184028
1379710677184143
1379710677184240
1379710677184325
1379710677184432
1379710677184590
1379710677184695
1379710677184805
1379710677185161
1379710677185236
1379710677189754
1379710677194467
1379710677194885
1379710677458551
1379710677458669
1379710677458769
1379710677458848
1379710677480303
1379710677480999
1379710677768251
1379710677768385
1379710677794786
1379710677801724
1379710677809688
1379710678053787
1379710678071215
1379710678080660
1379710678129684
1379710678130272
1379710678130503
1379710678130537
1379710678130569
1379710678130827
1379710678130861
1379710678141378
1379710678141624
1379710678152202
1379710678152281
1379710678159284
1379710678353230
1379710678414756
1379710678418936
1379710678421282
1379710678421397
1379710678421538
1379710678421648
1379710678421923
1379710678422041
1379710678428102
1379710678445281
1379710678453349
1379710678711572
1379710678749739
1379710678750091
1379710679017132
1379710679054166
1379710679317509
1379710679348008
1379710679582103
1379710679607616
1379710679657347
1379710679668818
1379710679679270
1379710679690760
1379710679701136
1379710679712611
1379710679725794
1379710679740668
1379710679778088
1379710679789540
1379710679799725
1379710679811266
1379710679811492
1379710679822270
1379710679822383
1379710679822493
1379710679822782
1379710679832714
1379710679834927
1379710679835084
1379710679843080
1379710679846030
1379710679846196
1379710679846411
1379710679854494
1379710679856919
1379710679857206
1379710679857889
1379710679858052
1379710679858430
1379710679858576
1379710679868697
1379710679868756
1379710679868893
1379710679869042
1379710679869161
1379710679869648
1379710679869767
1379710679870339
1379710679870480
1379710679870574
1379710679870754
1379710679881325
1379710679881618
1379710679881721
1379710679881991
1379710679892595
1379710679892666
1379710679892769
1379710679892878
1379710679893271
1379710679900477
1379710679904417
1379710679904526
1379710679904627
1379710679904746
1379710679904873
1379710679929524
1379710679961333
1379710680102091
1379710680102190
1379710680204046
1379710680521848
1379710680521896
1379710680793390
1379710680829752
1379710680830039
1379710681094115
1379710681120008
1379710681358009
1379710681370633
1379710681370760
1379710681370845
1379710681371043
1379710681371108
1379710681371166
1379710681371223
1379710681383049
1379710681383189
1379710681383416
1379710681393926
1379710681394083
1379710681394214
1379710681394343
1379710681394708
1379710681394983
1379710681395061
1379710681395128
1379710681395245
1379710681395304
1379710681395357
1379710681395410
1379710681395463
1379710681395534
1379710681395605
1379710681405199
1379710681405322
1379710681405572
1379710681405702
1379710681407521
1379710681407627
1379710681407786
1379710681408005
1379710681408095
1379710681408566
1379710681409325
1379710681409907
1379710681410119
1379710681410349
1379710681410794
1379710681419064
1379710681419175
1379710681419291
1379710681419447
1379710681419708
1379710681421861
1379710681422027
1379710681422265
1379710681427209
1379710681429583
1379710681429800
1379710681430456
1379710681430881
1379710681431052
1379710681432461
1379710681432639
1379710681432864
1379710681433155
1379710681433974
1379710681434187
1379710681440533
1379710681440671
1379710681441099
1379710681441493
1379710681441598
1379710681441944
1379710681442063
1379710681444046
1379710681444242
1379710681444398
1379710681477510
1379710681644013
1379710681646613
1379710681646819
1379710681646895
1379710681648782
1379710681648813
1379710681648880
1379710681650081
1379710681656207
1379710681656486
1379710681658924
1379710681660166
1379710681662418
1379710681662544
1379710681668515
1379710681674127
1379710681674242
1379710681674425
1379710681686860
1379710681695855
1379710681695885
1379710681695998
1379710681697552
1379710681939694
1379710681939790
1379710681964366
1379710681964504
1379710681964601
1379710681964898
1379710681964987
1379710681969619
1379710681969762
1379710682012172
1379710682012398
1379710682012450
1379710682012501
1379710682012550
1379710682012599
1379710682012651
1379710682024433
1379710682024661
1379710682024859
1379710682027787
1379710682028101
1379710682028242
1379710682028506
1379710682028636
1379710682029163
1379710682029290
1379710682029398
1379710682029783
1379710682029931
1379710682029964
1379710682030316
1379710682030596
1379710682035257
1379710682035428
1379710682035660
1379710682038991
1379710682040197
1379710682041869
1379710682042048
1379710682042979
1379710682043246
1379710682043368
1379710682043534
1379710682043665
1379710682053704
1379710682240598
1379710682240689
1379710682240838
1379710682240937
1379710682254483
1379710682254612
1379710682254750
1379710682290270
1379710682290568
1379710682290604
1379710682292162
1379710682292418
1379710682292673
1379710682292797
1379710682292937
1379710682293211
1379710682294691
1379710682294866
1379710682295042
1379710682297080
1379710682304921
1379710682305058
1379710682305332
1379710682307913
1379710682308033
1379710682308965
1379710682511751
1379710682511869
1379710682511993
1379710682512108
1379710682512213
1379710682512465
1379710682512588
1379710682512684
1379710682512933
1379710682567481
1379710682567602
1379710682567821
1379710682567914
1379710682570461
1379710682570666
1379710682591012
1379710682591300
1379710682591422
1379710682591513
1379710682591890
1379710682594774
1379710682608189
1379710682621568
1379710682633747
1379710682646482
1379710682659020
1379710682672630
1379710682684812
1379710682697394
1379710682709392
1379710682721778
1379710682734540
1379710682747831
1379710682844920
1379710682845096
1379710682845228
1379710682845350
1379710682845480
1379710682845587
1379710682877208
1379710682913980
1379710683025177
1379710683029416
1379710683035231
1379710683035362
1379710683035585
1379710683035677
1379710683038703
1379710683078252
1379710683083904
1379710683084047
1379710683084265
1379710683084358
1379710683088119
1379710683088281
1379710683088566
1379710683088667
1379710683088963
1379710683089218
1379710683089443
1379710683089783
1379710683090301
1379710683090504
1379710683090623
1379710683092600
1379710683093053
1379710683093299
1379710683093885
1379710683094007
1379710683094846
1379710683095018
1379710683095138
1379710683095236
1379710683095513
1379710683096541
1379710683096933
1379710683097036
1379710683100906
1379710683101056
1379710683101485
1379710683101839
1379710683102140
1379710683102262
1379710683102379
1379710683102473
1379710683103048
1379710683103138
1379710683105662
1379710683122659
1379710683122762
1379710683122893
1379710683122958
1379710683122995
1379710683123023
1379710683123050
1379710683123076
1379710683123103
1379710683124146
1379710683124479
1379710683137992
1379710683138131
1379710683138247
1379710683138381
1379710683138509
1379710683138840
1379710683138917
1379710683139113
1379710683139206
1379710683139740
1379710683139956
1379710683140090
1379710683140116
1379710683140367
1379710683140496
1379710683141239
1379710683141266
1379710683141517
1379710683141655
1379710683149323
1379710683149572
1379710683149778
1379710683150523
1379710683150677
1379710683150865
1379710683151225
1379710683152414
1379710683152494
1379710683152671
1379710683152937
1379710683153123
1379710683153146
1379710683303535
1379710683303629
1379710683400390
1379710683400501
1379710683437552
1379710683437566
1379710683437792
1379710683442801
1379710683473072
1379710683580761
1379710683580938
1379710683582047
1379710683582202
1379710683582438
1379710683582522
1379710683621755
1379710683732861
1379710683772496
1379710683772668
1379710683772721
1379710683772771
1379710683772822
1379710683772874
1379710683772926
1379710683781240
1379710683785471
1379710683785801
1379710683786025
1379710683786294
1379710683786528
1379710683786944
1379710683787200
1379710683787347
1379710683787468
1379710683787818
1379710683787938
1379710683788103
1379710683788249
1379710683788336
1379710683788377
1379710683788494
1379710683796727
1379710683796904
1379710683797424
1379710683797734
1379710683797836
1379710683798232
1379710683798337
1379710683798456
1379710683798825
1379710683798935
1379710683799127
1379710683799211
1379710683800242
1379710683800470
1379710683800705
1379710683800841
1379710683801016
1379710683801076
1379710683801186
1379710683801304
1379710683801493
1379710683801551
1379710683801632
1379710683801716
1379710683802341
1379710683808156
1379710683808295
1379710683808382
1379710683809761
1379710683809856
1379710683809916
1379710683812305
1379710683812382
1379710683812544
1379710683812651
1379710683812814
1379710683815221
1379710683815310
1379710683818244
1379710683818308
1379710683818392
1379710683818528
1379710683818637
1379710683818779
1379710683818890
1379710683819010
1379710683819133
1379710683819253
1379710683819391
1379710683819464
1379710683820207
1379710683820318
1379710683820652
1379710683820775
1379710683820900
1379710683820954
1379710683821540
1379710683821767
1379710683821879
1379710683822118
1379710683822239
1379710683822366
1379710683822424
1379710683823207
1379710683823310
1379710683829917
1379710683829979
1379710683830170
1379710683830176
1379710683830304
1379710683830524
1379710683830646
1379710683831517
1379710683831694
1379710683831796
1379710683832009
1379710683832081
1379710683832934
1379710683833222
1379710683833382
1379710683833677
1379710683833799
1379710683833915
1379710683833990
1379710683834203
1379710683834438
1379710683834550
1379710683834984
1379710683835144
1379710683835193
1379710683835296
1379710683835676
1379710683835825
1379710683835936
1379710683836127
1379710683836243
1379710683836297
1379710683840202
1379710683840303
1379710683842288
1379710683842382
1379710683842497
1379710683842666
1379710683842730
1379710683843860
1379710683844222
1379710683844488
1379710683844622
1379710683844721
1379710683844976
1379710683845109
1379710683845225
1379710683846460
1379710683846651
1379710683846712
1379710683847120
1379710683847222
1379710683847267
1379710683848189
1379710683848271
1379710683848329
1379710683851899
1379710683851946
1379710683852050
1379710683854516
1379710683854574
1379710683854647
1379710683855657
1379710683855910
1379710683856298
1379710683856368
1379710683856525
1379710683856690
1379710683856764
1379710683856902
1379710683857192
1379710683858378
1379710683858430
1379710683858509
1379710683858775
1379710683858929
1379710683858975
1379710683859579
1379710683860042
1379710683860179
1379710683860245
1379710683863509
1379710683863589
1379710683863730
1379710683866715
1379710683866940
1379710683867197
1379710683867450
1379710683867768
1379710683868275
1379710683868346
1379710683868515
1379710683868639
1379710683868818
1379710683868894
1379710683869058
1379710683869164
1379710683869302
1379710683870795
1379710683870969
1379710683871088
1379710683871277
1379710683871415
1379710683872157
1379710683872338
1379710683872455
1379710683872730
1379710683872862
1379710683872984
1379710683873155
1379710683873294
1379710683873394
1379710683873620
1379710683873885
1379710683874026
1379710683874120
1379710683879340
1379710683879560
1379710683879907
1379710683879972
1379710683880114
1379710683880197
1379710683880502
1379710683880737
1379710683880849
1379710683881131
1379710683881288
1379710683881382
1379710683881615
1379710683881959
1379710683882076
1379710683882215
1379710683883464
1379710683883727
1379710683890874
1379710683890933
1379710683891149
1379710683891203
1379710683891459
1379710683891856
1379710683892003
1379710683892503
1379710683892570
1379710683892740
1379710683892852
1379710683893217
1379710683893381
1379710683893437
1379710683893596
1379710683893852
1379710683893963
1379710683894099
1379710683894326
1379710683927615
1379710684063524
1379710684070445
1379710684360269
1379710684367482
1379710684663597
1379710684670383
1379710684960124
1379710684967291
1379710685257073
1379710685272594
1379710685562512
1379710685569652
1379710685859390
1379710685866643
1379710686156549
1379710686163879
1379710686453834
1379710686460996
1379710686750818
1379710686757965
1379710687047749
1379710687054943
1379710687344749
1379710687352088
1379710687642180
1379710687649364
1379710687939150
1379710687946043
1379710688235897
1379710688243191
1379710688533012
1379710688540222
1379710688830129
1379710688837298
1379710689127566
1379710689134738
1379710689426598
1379710689434426
1379710689724126
