1379410317191348
1379410317262824
1379410317263054
1379410317263327
1379410317267053
1379410317267269
1379410317267605
1379410317267679
1379410317267873
1379410317268329
1379410317268393
1379410317268467
1379410317377452
1379410317383104
1379410317383257
1379410317383570
1379410317387138
1379410317387228
1379410317387428
1379410317387514
1379410317387844
1379410317388020
1379410317388231
1379410317388874
1379410317388978
1379410317389034
1379410317389350
1379410317389690
1379410317394369
1379410317394563
1379410317394966
1379410317395050
1379410317398516
1379410317398834
1379410317407599
1379410317412783
1379410317412944
1379410317413231
1379410317416812
1379410317416903
1379410317417103
1379410317417289
1379410317417567
1379410317422892
1379410317423084
1379410317423355
1379410317426287
1379410317466817
1379410317472074
1379410317472207
1379410317472536
1379410317514838
1379410317519928
1379410317520130
1379410317520472
1379410317524014
1379410317524218
1379410317524352
1379410317524586
1379410317524795
1379410317525011
1379410317525130
1379410317530642
1379410317530893
1379410317531227
1379410317531369
1379410317531679
1379410317532185
1379410317532275
1379410317532342
1379410317532422
1379410317532823
1379410317532978
1379410317533175
1379410317533245
1379410317533336
1379410317534091
1379410317534262
1379410317534396
1379410317534755
1379410317534851
1379410317537139
1379410317537270
1379410317537465
1379410317537813
1379410317538208
1379410317543848
1379410317544087
1379410317544365
1379410317548031
1379410317548162
1379410317548389
1379410317553404
1379410317553656
1379410317553909
1379410317557442
1379410317557577
1379410317557794
1379410317562867
1379410317563067
1379410317563313
1379410317606836
1379410317612251
1379410317612476
1379410317612726
1379410317654964
1379410317660240
1379410317660308
1379410317660544
1379410317664179
1379410317664478
1379410317669777
1379410317671927
1379410317672006
1379410317675795
1379410317675992
1379410317676211
1379410317676266
1379410317676329
1379410317676815
1379410317676933
1379410317681829
1379410317681918
1379410317682224
1379410317682465
1379410317682729
1379410317682800
1379410317683012
1379410317683448
1379410317683542
1379410317683766
1379410317683942
1379410317683991
1379410317684190
1379410317684924
1379410317685037
1379410317689035
1379410317731002
1379410317731134
1379410317731325
1379410317737207
1379410317737495
1379410317737564
1379410317737803
1379410317737910
1379410317738013
1379410317738362
1379410317738663
1379410317738733
1379410317739254
1379410317739463
1379410317739569
1379410317739827
1379410317739912
1379410317739982
1379410317740894
1379410317741002
1379410317741244
1379410317741317
1379410317741411
1379410317741675
1379410317742097
1379410317745478
1379410317745654
1379410317745858
1379410317746021
1379410317746598
1379410317747676
1379410317747752
1379410317790921
1379410317795978
1379410317796257
1379410317838655
1379410317838853
1379410317844281
1379410317844679
1379410317848272
1379410317848529
1379410318010746
1379410318033808
1379410318129355
1379410318166924
1379410318202883
1379410318239746
1379410318239840
1379410318274145
1379410318295368
1379410318307533
1379410318307599
1379410318327439
1379410318364328
1379410318365350
1379410318400990
1379410318401435
1379410318440299
