1379714170118446
1379714170344672
1379714170347758
1379714170347857
1379714170347911
1379714170434079
1379714170434146
1379714170434380
1379714170436141
1379714170510583
1379714170598182
1379714170598371
1379714170598521
1379714171425547
1379714171508413
1379714171508499
1379714171508702
1379714171512497
1379714171594472
1379714171595072
1379714171595213
1379714171600291
1379714171600350
1379714171600622
1379714171679040
1379714171679270
1379714171679368
1379714171679627
1379714171679950
1379714171680135
1379714171680202
1379714171680617
1379714171680783
1379714171680968
1379714171681031
1379714171683314
1379714171683643
1379714171683715
1379714171683920
1379714171684147
1379714171684209
1379714171684307
1379714171684795
1379714171684982
1379714171689739
1379714171762179
1379714171762403
1379714171762486
1379714171762738
1379714171762914
1379714171762982
1379714171763164
1379714171763330
1379714171763481
1379714171770886
1379714171770962
1379714171771272
1379714171771340
1379714171771668
1379714171771734
1379714171772242
1379714171772331
1379714171772388
1379714171772620
1379714171773223
1379714171773283
1379714171773459
1379714171773537
1379714171783998
1379714171784094
1379714171784371
1379714171784425
1379714171811438
1379714171858553
1379714171858622
1379714171858700
1379714171859075
1379714171859426
1379714171859565
1379714171877205
1379714171877501
1379714171897981
1379714171898063
1379714171898140
1379714171932064
1379714171983015
1379714171983255
1379714171983338
1379714171983617
1379714171983852
1379714171983937
1379714171984145
1379714171984538
1379714171984624
1379714172014814
1379714172014896
1379714172014972
1379714172064655
1379714172068701
1379714172069016
1379714172069503
1379714172069639
1379714172070090
1379714172070323
1379714172071104
1379714172071168
1379714172071258
1379714172071486
1379714172071558
1379714172071805
1379714172072156
1379714172072217
1379714172072301
1379714172072571
1379714172096175
1379714172096278
1379714172096346
1379714172096634
1379714172096838
1379714172096929
1379714172097110
1379714172110438
1379714172148232
1379714172154134
1379714172154334
1379714172154723
1379714172155006
1379714172157192
1379714172157373
1379714172157431
1379714172160157
1379714172160544
1379714172177849
1379714172215224
1379714172215523
1379714172228471
1379714172228551
1379714172228856
1379714172266357
1379714172307403
1379714172307686
1379714172307782
1379714172308020
1379714172308211
1379714172308282
1379714172308385
1379714172308900
1379714172308972
1379714172328095
1379714172328156
1379714172328216
1379714172328274
1379714172328322
1379714172328393
1379714172386692
1379714172386796
1379714172387416
1379714172387709
1379714172387775
1379714172388077
1379714172412645
1379714172413083
1379714172413193
1379714172413642
1379714172413728
1379714172414027
1379714172414285
1379714172414505
1379714172414804
1379714172414879
1379714172415268
1379714172416546
1379714172416831
1379714172416927
1379714172416997
1379714172417091
1379714172417489
1379714172417585
1379714172417878
1379714172418079
1379714172418246
1379714172418481
1379714172418590
1379714172419036
1379714172419138
1379714172419206
1379714172419498
1379714172419936
1379714172420162
1379714172420433
1379714172420731
1379714172421047
1379714172421842
1379714172422150
1379714172422474
1379714172422654
1379714172424583
1379714172424884
1379714172425056
1379714172425260
1379714172425401
1379714172425603
1379714172425837
1379714172426343
1379714172426540
1379714172436554
1379714172436908
1379714172495306
1379714172495573
1379714172495776
1379714172495987
1379714172496421
1379714172496604
1379714172496733
1379714172496838
1379714172497178
1379714172497387
1379714172497718
1379714172497880
1379714172498045
1379714172498243
1379714172498468
1379714172498688
1379714172498826
1379714172506209
1379714172506485
1379714172506850
1379714172506987
1379714172507214
1379714172507544
1379714172507647
1379714172508233
1379714172508985
1379714172509254
1379714172509341
1379714172509972
1379714172510366
1379714172510557
1379714172510658
1379714172518359
1379714172518649
1379714172518778
1379714172519213
1379714172519649
1379714172519828
1379714172519999
1379714172520261
1379714172520482
1379714172520611
1379714172520702
1379714172536107
1379714172568890
1379714172580008
1379714172580802
1379714172581063
1379714172581177
1379714172581445
1379714172582510
1379714172583773
1379714172583998
1379714172584107
1379714172592728
1379714172592880
1379714172597048
1379714172599655
1379714172604068
1379714172604256
1379714172604493
1379714172604760
1379714172604994
1379714172605074
1379714172605375
1379714172605515
1379714172605689
1379714172614790
1379714172614871
1379714172615104
1379714172617395
1379714172665030
1379714172665275
1379714172665364
1379714172665594
1379714172665695
1379714172665922
1379714172666014
1379714172666080
1379714172666378
1379714172666614
1379714172666691
1379714172666758
1379714172674579
1379714172674769
1379714172682499
1379714172682743
1379714172682792
1379714172682867
1379714172690770
1379714172691004
1379714172691195
1379714172691294
1379714172691380
1379714172691530
1379714172691617
1379714172692443
1379714172692738
1379714172692881
1379714172692985
1379714172693091
1379714172693368
1379714172693460
1379714172693525
1379714172693882
1379714172693960
1379714172709291
1379714172709538
1379714172709645
1379714172709897
1379714172710003
1379714172710209
1379714172710280
1379714172710571
1379714172710665
1379714172710911
1379714172747762
1379714172749087
1379714172749183
1379714172749246
1379714172749354
1379714172749748
1379714172749864
1379714172749967
1379714172750466
1379714172750581
1379714172750835
1379714172757462
1379714172757507
1379714172757841
1379714172768953
1379714172769260
1379714172769358
1379714172769459
1379714172769801
1379714172770114
1379714172770195
1379714172770438
1379714172770742
1379714172770807
1379714172771027
1379714172771263
1379714172771593
1379714172771684
1379714172771757
1379714172772141
1379714172772445
1379714172772660
1379714172772871
1379714172773549
1379714172779610
1379714172781378
1379714172781621
1379714172781904
1379714172781967
1379714172782212
1379714172782425
1379714172782619
1379714172782776
1379714172782993
1379714172783129
1379714172783346
1379714172783507
1379714172783817
1379714172784233
1379714172784469
1379714172804900
1379714172841261
1379714172841333
1379714172854924
1379714172855356
1379714172870012
1379714172870403
1379714172870506
1379714172870589
1379714172870690
1379714172870776
1379714172871126
1379714172910702
1379714172911205
1379714172951487
