1379600651844677
1379600651860786
1379600651860845
1379600651861220
1379600651875139
1379600651875204
1379600651875501
1379600651875551
1379600651875824
1379600651875872
1379600651876034
1379600651876350
1379600651970790
1379600651983363
1379600651994753
1379600652008181
1379600652008281
1379600652008522
1379600652019566
1379600652019740
1379600652019848
1379600652019998
1379600652020239
1379600652020500
1379600652021333
1379600652021398
1379600652021570
1379600652021680
1379600652021979
1379600652022120
1379600652023078
1379600652033297
1379600652033367
1379600652034232
1379600652034277
1379600652034420
1379600652034680
1379600652035508
1379600652035862
1379600652037444
1379600652037489
1379600652039776
1379600652039911
1379600652040026
1379600652047656
1379600652054908
1379600652055306
1379600652093996
1379600652094253
1379600652109868
1379600652146156
1379600652158482
1379600652158651
1379600652158911
1379600652198197
1379600652210396
1379600652210518
1379600652210753
1379600652250184
1379600652262040
1379600652273669
1379600652284860
1379600652321924
1379600652344369
1379600652381912
1379600652395078
1379600652408666
1379600652423505
1379600652435528
1379600652446877
1379600652457533
1379600652468832
1379600652481708
1379600652494968
1379600652495145
1379600652495310
1379600652495367
1379600652505839
1379600652507433
1379600652507813
1379600652508047
1379600652508136
1379600652508472
1379600652509428
1379600652509573
1379600652509678
1379600652509957
1379600652510120
1379600652510225
1379600652517338
1379600652517438
1379600652517556
1379600652517666
1379600652520681
1379600652520889
1379600652521085
1379600652528195
1379600652528335
1379600652528536
1379600652528739
1379600652528991
1379600652529117
1379600652529512
1379600652529681
1379600652529882
1379600652530263
1379600652530945
1379600652534575
1379600652534671
1379600652534879
1379600652534995
1379600652539934
1379600652540057
1379600652540332
1379600652540486
1379600652540768
1379600652541015
1379600652541106
1379600652541137
1379600652547130
1379600652547331
1379600652547487
1379600652547577
1379600652547691
1379600652547901
1379600652548426
1379600652548564
1379600652548976
1379600652549143
1379600652549266
1379600652549410
1379600652550301
1379600652554447
1379600652554566
1379600652554738
1379600652554842
1379600652554994
1379600652555102
1379600652555451
1379600652555623
1379600652556914
1379600652560061
1379600652560239
1379600652560904
1379600652561232
1379600652566058
1379600652566256
1379600652566377
1379600652566501
1379600652566620
1379600652566893
1379600652567024
1379600652567144
1379600652567547
1379600652567810
1379600652567962
1379600652568079
1379600652568775
1379600652568882
1379600652568998
1379600652571199
1379600652578497
1379600652578787
1379600652579031
1379600652579416
1379600652579793
1379600652579905
1379600652580164
1379600652580425
1379600652580669
1379600652580794
1379600652580912
1379600652581168
1379600652581421
1379600652581548
1379600652581697
1379600652581839
1379600652581947
1379600652582097
1379600652582202
1379600652582588
1379600652582705
1379600652582824
1379600652582945
1379600652583098
1379600652597756
1379600652597844
1379600652597959
1379600652598101
1379600652598208
1379600652598321
1379600652598445
1379600652598581
1379600652598689
1379600652598823
1379600652598940
1379600652599067
1379600652599183
1379600652599324
1379600652599432
1379600652603652
1379600652603715
1379600652603872
1379600652603988
1379600652604097
1379600652604216
1379600652604348
1379600652604460
1379600652604591
1379600652604711
1379600652604836
1379600652604959
1379600652605083
1379600652605203
1379600652605359
1379600652605465
1379600652605586
1379600652605696
1379600652605849
1379600652605966
1379600652610500
1379600652610612
1379600652610725
1379600652610890
1379600652617430
1379600652617532
1379600652617776
1379600652617887
1379600652618013
1379600652618130
1379600652618378
1379600652618546
1379600652618655
1379600652622792
1379600652622990
1379600652623094
1379600652623466
1379600652624032
1379600652624147
1379600652624674
1379600652624769
1379600652624900
1379600652625161
1379600652625277
1379600652625680
1379600652625800
1379600652626068
1379600652626313
1379600652626423
1379600652626548
1379600652626673
1379600652626940
1379600652627199
1379600652627339
1379600652627452
1379600652627605
1379600652627744
1379600652627850
1379600652627988
1379600652628102
1379600652628695
1379600652628854
1379600652628963
1379600652629105
1379600652629221
1379600652629372
1379600652629522
1379600652629629
1379600652631233
1379600652631355
1379600652631598
1379600652631717
1379600652631976
1379600652632095
1379600652632229
1379600652632340
1379600652632476
1379600652632591
1379600652632716
1379600652632835
1379600652632988
1379600652633097
1379600652633245
1379600652633384
1379600652633500
1379600652635598
1379600652635753
1379600652635846
1379600655900973
1379600656005739
1379600656005937
1379600656006022
1379600656103667
1379600656166743
1379600656220081
1379600656220168
1379600656235211
1379600656341135
1379600656342157
1379600656458258
1379600656458605
1379600656458875
1379600656498531
