1379547840377471
1379547840638255
1379547840638404
1379547840642073
1379547840642343
1379547840642471
1379547840642710
1379547840642974
1379547840643228
1379547840643494
1379547840643664
1379547840643775
1379547840644237
1379547840644396
1379547840644502
1379547840646694
1379547840646880
1379547840647800
1379547840647920
1379547840726393
1379547840731304
1379547840731521
1379547840731637
1379547840731685
1379547840735456
1379547840735751
1379547840735870
1379547840736018
1379547840736134
1379547840736539
1379547840736664
1379547840736805
1379547840736965
1379547840737255
1379547840737434
1379547840737497
1379547840737759
1379547840740204
1379547840740448
1379547840741085
1379547840741467
1379547840741798
1379547840741862
1379547840741951
1379547840742138
1379547840742558
1379547840742622
1379547840742772
1379547840743001
1379547840744151
1379547840744238
1379547840744367
1379547840744799
1379547840745008
1379547840749640
1379547840749911
1379547840750013
1379547840750108
1379547840750373
1379547840750625
1379547840751044
1379547840751157
1379547840751320
1379547840751431
1379547840751589
1379547840752207
1379547840752312
1379547840752481
1379547840752593
1379547840752914
1379547840754478
1379547840754698
1379547840755010
1379547840755206
1379547840755320
1379547840755798
1379547840756009
1379547840757066
1379547840757284
1379547840757436
1379547840757803
1379547840757910
1379547840758022
1379547840758160
1379547840758229
1379547840758353
1379547840758474
1379547840758598
1379547840758810
1379547840759032
1379547840759235
1379547840759398
1379547840759498
1379547840762765
1379547840762804
1379547840762975
1379547840767979
1379547840768169
1379547840768264
1379547840771436
1379547840810120
1379547840817106
1379547840817250
1379547840817413
1379547840817470
1379547840821027
1379547840821268
1379547840821451
1379547840826527
1379547840826736
1379547840826990
1379547840866055
1379547840871372
1379547840871571
1379547840871791
1379547840875628
1379547840875750
1379547840875906
1379547840876101
1379547840876251
1379547840876259
1379547840876463
1379547840881595
1379547840881785
1379547840922065
1379547840927386
1379547840927548
1379547840927711
1379547840927754
1379547840931130
1379547840970077
1379547840970123
1379547840970209
1379547840970242
1379547840970313
1379547840970356
1379547840970398
1379547840970442
1379547840970549
1379547840970580
1379547840970610
1379547840976245
1379547840976474
1379547840976599
1379547840976741
1379547840976754
1379547840977174
1379547840977290
1379547840977305
1379547840977530
1379547840978322
1379547840978468
1379547840978685
1379547840979058
1379547840979090
1379547840979118
1379547840979143
1379547840979190
1379547840980091
1379547840980235
1379547840980373
1379547840980464
1379547840980862
1379547840981019
1379547840981142
1379547840982448
1379547840982554
1379547840982671
1379547840982783
1379547840982917
1379547840983036
1379547840983154
1379547840983285
1379547840987427
1379547840987539
1379547840987709
1379547840987979
1379547840988153
1379547840988763
1379547840988779
1379547840988966
1379547840989226
1379547840989335
1379547840989348
1379547840990076
1379547840990248
1379547840990466
1379547840990735
1379547840990847
1379547840990971
1379547840991092
1379547840991217
1379547840991458
1379547840991580
1379547840991716
1379547840991836
1379547840991992
1379547840992104
1379547840992224
1379547840992361
1379547840992474
1379547840992596
1379547840992738
1379547840992873
1379547840993583
1379547840996295
1379547840997373
1379547840997603
1379547840997858
1379547840997969
1379547840998220
1379547840998348
1379547840998604
1379547840998721
1379547840998859
1379547840998964
1379547840999237
1379547840999617
1379547840999741
1379547840999992
1379547841000116
1379547841000228
1379547841000612
1379547841000730
1379547841000902
1379547841001009
1379547841001141
1379547841001277
1379547841001397
1379547841001519
1379547841001785
1379547841001900
1379547841002050
1379547841002159
1379547841002282
1379547841002428
1379547841002543
1379547841004913
1379547841005030
1379547841005125
1379547841005403
1379547841005520
1379547841005646
1379547841005798
1379547841005905
1379547841006020
1379547841006137
1379547841006263
1379547841006383
1379547841006509
1379547841006632
1379547841006784
1379547841006895
1379547841007170
1379547841007425
1379547841008240
1379547841008403
1379547841008520
1379547841008690
1379547841008813
1379547841008969
1379547841009107
1379547841009243
1379547841045794
1379547841045800
1379547841107685
1379547841114224
1379547841350435
1379547841387020
1379547841387153
1379547841387380
1379547841421866
1379547841455268
1379547841478983
1379547841479072
1379547841496097
1379547841534409
1379547841535333
1379547841571233
1379547841571579
1379547841609875
