1379691427850062
1379691427854848
1379691427855044
1379691427855453
1379691427859035
1379691427859244
1379691427859335
1379691427859641
1379691427860014
1379691427860117
1379691427860340
1379691427860743
1379691427860958
1379691427861028
1379691427861122
1379691427863614
1379691427863856
1379691427864389
1379691427864649
1379691427864751
1379691427865138
1379691427865252
1379691427865429
1379691428231845
1379691428284575
1379691428322726
1379691428353987
1379691428386630
1379691428403256
1379691428441865
1379691428505740
1379691428543490
1379691428543722
1379691428543804
1379691428567578
1379691428567642
1379691428605647
1379691428607956
1379691428608260
1379691428608343
1379691428631471
1379691428670400
1379691428696440
1379691428696508
1379691428733703
1379691428759444
1379691428777442
1379691428783391
1379691428808514
1379691428832951
1379691428896549
1379691428896827
1379691428896888
1379691428896944
1379691428896991
1379691428897044
1379691428897089
1379691428927416
1379691428927456
1379691428927476
1379691428927583
1379691428928095
1379691428928168
1379691428928518
1379691428928553
1379691428928573
1379691428928618
1379691428928795
1379691428928824
1379691428929814
1379691428929903
1379691428929957
1379691429008431
1379691429028099
1379691429028217
1379691429028604
1379691429096825
1379691429174255
1379691429174311
1379691429174439
1379691429174521
1379691429175116
1379691429175150
1379691429175249
1379691429175506
1379691429175623
1379691429175885
1379691429175951
1379691429176175
1379691429176250
1379691429180361
1379691429180471
1379691429180948
1379691429181035
1379691429181138
1379691429181383
1379691429181603
1379691429181983
1379691429182171
1379691429182380
1379691429182734
1379691429182758
1379691429182831
1379691429183107
1379691429183285
1379691429183407
1379691429203611
1379691429204033
1379691429204304
1379691429204432
1379691429204702
1379691429205075
1379691429205156
1379691429205492
1379691429205616
1379691429211687
1379691429212151
1379691429212372
1379691429212511
1379691429213718
1379691429214092
1379691429214358
1379691429214499
1379691429229751
1379691429230081
1379691429230349
1379691429230578
1379691429230800
1379691429230931
1379691429232735
1379691429233184
1379691429233479
1379691429233700
1379691429233851
1379691429234106
1379691429234480
1379691429234809
1379691429234937
1379691429235074
1379691429243886
1379691429244329
1379691429244684
1379691429244920
1379691429245119
1379691429245351
1379691429245611
1379691429246029
1379691429246475
1379691429246784
1379691429246930
1379691429257764
1379691429258234
1379691429258479
1379691429258652
1379691429258779
1379691429261624
1379691429261899
1379691429262263
1379691429262428
1379691429262727
1379691429262948
1379691429263064
1379691429263276
1379691429263423
1379691429263491
1379691429263573
1379691429275990
1379691429276222
1379691429277151
1379691429277554
1379691429277724
1379691429277889
1379691429278193
1379691429278560
1379691429278721
1379691429279065
1379691429279208
1379691429284379
1379691429284811
1379691429285022
1379691429285212
1379691429285356
1379691429289853
1379691429290233
1379691429290473
1379691429290720
1379691429290975
1379691429291175
1379691429291280
1379691429291572
1379691429291893
1379691429292205
1379691429292448
1379691429292704
1379691429292884
1379691429307129
1379691429307525
1379691429307715
1379691429308427
1379691429308576
1379691429308978
1379691429309386
1379691429309556
1379691429309656
1379691429312372
1379691429312834
1379691429313023
1379691429313135
1379691429316277
1379691429317483
1379691429317729
1379691429318026
1379691429318231
1379691429318401
1379691429323273
1379691429323831
1379691429323929
1379691429324255
1379691429324387
1379691429336285
1379691429336776
1379691429337027
1379691429337250
1379691429337377
1379691429338968
1379691429339555
1379691429339815
1379691429340008
1379691429340134
1379691429340885
1379691429341323
1379691429341517
1379691429341627
1379691429341698
1379691429341798
1379691429354184
1379691429354675
1379691429354869
1379691429354986
1379691429365484
1379691429365889
1379691429366160
1379691429366268
1379691429366575
1379691429367008
1379691429367230
1379691429367470
1379691429367663
1379691429367780
1379691429368053
1379691429368527
1379691429368705
1379691429368895
1379691429369178
1379691429369486
1379691429369727
1379691429369977
1379691429370082
1379691429374670
1379691429374901
1379691429375018
1379691429382046
1379691429382487
1379691429382715
1379691429382839
1379691429397034
1379691429397685
1379691429397871
1379691429398012
1379691429398481
1379691429398997
1379691429399073
1379691429399422
1379691429399563
1379691429404953
1379691429405354
1379691429405500
1379691429411159
1379691429411465
1379691429411632
1379691429412046
1379691429412192
1379691429422267
1379691429422762
1379691429423014
1379691429423199
1379691429424081
1379691429424333
1379691429424585
1379691429424727
1379691429424827
1379691429427686
1379691429428092
1379691429428337
1379691429428522
1379691429428651
1379691429433926
1379691429434472
1379691429434808
1379691429434976
1379691429435100
1379691429435591
1379691429435969
1379691429436231
1379691429436390
1379691429436551
1379691429439340
1379691429439794
1379691429439977
1379691429440086
1379691429456335
1379691429456760
1379691429456999
1379691429457331
1379691429457453
1379691429457703
1379691429458121
1379691429458344
1379691429458545
1379691429458707
1379691429464539
1379691429464837
1379691429465171
1379691429465368
1379691429465594
1379691429465705
1379691429466966
1379691429467452
1379691429467764
1379691429468058
1379691429468182
1379691429468424
1379691429468844
1379691429469135
1379691429469295
1379691429495272
1379691429495548
1379691429496074
1379691429496217
1379691429496486
1379691429496678
1379691429498764
1379691429498927
1379691429499261
1379691429499375
1379691429501100
1379691429501379
1379691429512168
1379691429512515
1379691429512671
1379691429512804
1379691429528115
1379691429528555
1379691429528742
1379691429528852
1379691429554626
1379691429555183
1379691429555484
1379691429555675
1379691429581963
1379691429582476
1379691429582815
1379691429583099
1379691429583309
1379691429583413
1379691429609802
1379691429610235
1379691429610541
1379691429610834
1379691429611159
1379691429611406
1379691429611614
1379691429635073
1379691429635429
1379691429635707
1379691429636020
1379691429636290
1379691429636515
1379691429636852
1379691429637021
1379691429637178
1379691429663024
1379691429663453
1379691429663676
1379691429664050
1379691429664403
1379691429664656
1379691429664811
1379691429693255
1379691429693490
1379691429729501
1379691429729656
1379691429764533
1379691429765024
1379691429765248
1379691429765386
1379691429773971
1379691429774588
1379691429774979
1379691429775053
1379691429775423
1379691429775600
1379691429775772
1379691429775976
1379691429776151
1379691429803583
1379691429803639
1379691429809069
1379691429809178
1379691429809299
1379691429809372
1379691429811040
1379691429832811
1379691429832922
1379691429833190
1379691429833329
1379691429833474
1379691429833571
1379691429833697
1379691429834008
1379691429884866
1379691429884961
1379691429885075
1379691429885132
1379691429885189
1379691429885261
1379691429912385
1379691429912615
1379691429912730
1379691429913074
1379691429913156
1379691429913477
1379691429913577
1379691429913676
1379691429913782
1379691429914205
1379691429914276
1379691429914480
1379691429914603
1379691429914812
1379691429915054
1379691429915369
1379691429915875
1379691429916112
1379691429916231
1379691429916540
1379691429916622
1379691429916719
1379691429917059
1379691429917209
1379691429917302
1379691429917411
1379691429917490
1379691429917799
1379691429917905
1379691429918065
1379691429918232
1379691429918516
1379691429918692
1379691429918799
1379691429919454
1379691429919652
1379691429919928
1379691429920087
1379691429920345
1379691429920542
1379691429921071
1379691429921285
1379691429921363
1379691429938240
1379691429938540
1379691429938755
1379691429938846
1379691429939171
1379691429939324
1379691429939412
1379691429941202
1379691429942089
1379691429942364
1379691429942570
1379691429942703
1379691429944830
1379691429977088
1379691429977204
1379691430014498
1379691430014549
1379691430014595
1379691430015340
1379691430041416
1379691430041937
1379691430042157
1379691430042343
1379691430042497
1379691430042827
1379691430043108
1379691430043390
1379691430043505
1379691430068272
1379691430068570
1379691430068688
1379691430068782
1379691430069249
1379691430069469
1379691430069782
1379691430070150
1379691430070525
1379691430070789
1379691430070987
1379691430093897
1379691430094014
1379691430095537
1379691430095865
1379691430096086
1379691430114911
1379691430115327
1379691430119561
1379691430119786
1379691430180275
1379691430212770
1379691431123028
1379691431306405
1379691431309057
1379691431318555
1379691431333202
1379691431333440
1379691431358807
1379691431358847
1379691431359070
1379691431359200
1379691431384828
1379691431384855
1379691431384999
1379691431408754
1379691431410303
1379691431410393
1379691431449551
1379691431932175
1379691431934633
1379691431948191
1379691431970350
1379691431971536
1379691431975663
1379691431980561
1379691431995762
1379691432033499
1379691432048195
1379691432055427
1379691432243760
1379691432248988
1379691432252495
1379691432263980
1379691432277263
1379691432383198
1379691432496638
1379691432688599
1379691432794974
1379691432795472
1379691432860534
1379691432862651
1379691432936795
1379691432962387
