1379404690049440
1379404690154083
1379404690154151
1379404690154373
1379404690200087
1379404690290912
1379404690298421
1379404690298617
1379404690298693
1379404690298879
1379404690380480
1379404690385808
1379404690392949
1379404690474544
1379404690478562
1379404690517212
1379404690567380
1379404690567482
1379404690567539
1379404690567674
1379404690580330
1379404690580516
1379404690580610
1379404690660188
1379404690666166
1379404690668381
1379404690669267
1379404690669533
1379404690669670
1379404690669758
1379404690681400
1379404690681720
1379404690681823
1379404690681907
1379404690682021
1379404690682435
1379404690682610
1379404690683015
1379404690683049
1379404690683116
1379404690760352
1379404690760622
1379404690760730
1379404690770629
1379404690770723
1379404690771582
1379404690771828
1379404690772001
1379404690772095
1379404690772213
1379404690772324
1379404690772420
1379404690772719
1379404690772882
1379404690772993
1379404690773504
1379404690773734
1379404690773916
1379404690774243
1379404690775976
1379404690776049
1379404690776415
1379404690848945
1379404690849033
1379404690849354
1379404690849441
1379404690849510
1379404690861983
1379404690867511
1379404690867613
1379404690867847
1379404690868054
1379404690868247
1379404690868352
1379404690959689
1379404690959773
1379404690960031
1379404691026782
1379404691127326
1379404691127417
1379404691127719
1379404691226751
1379404691247176
1379404691259221
1379404691259375
1379404691276252
1379404691377356
1379404691378261
1379404691480614
1379404691480959
1379404691481417
1379404691519587
