1379550808501564
1379550808812097
1379550808812178
1379550809053472
1379550809053559
1379550809297030
1379550809297156
1379550809297684
1379550809539864
1379550809539976
1379550809540070
1379550809540145
1379550809540244
1379550809540759
1379550810059965
1379550810065429
1379550810109203
1379550810153258
1379550810196348
1379550810223851
1379550810223918
1379550810224184
1379550810224241
1379550810227933
1379550810228146
1379550810228262
1379550810228462
1379550810228686
1379550810228785
1379550810229038
1379550810229586
1379550810229655
1379550810254689
1379550810256819
1379550810293643
1379550810300994
1379550810301079
1379550810437252
1379550810469299
1379550810469390
1379550810469469
1379550810522190
1379550810522258
1379550810527861
1379550810527996
1379550810528055
1379550810707293
1379550810707533
1379550810707593
1379550810707651
1379550810757150
1379550810888460
1379550810935487
1379550810966809
1379550811006348
1379550811006700
1379550811043823
1379550811044304
1379550811078459
1379550811163185
1379550811232245
1379550811232339
1379550811232420
1379550811232632
1379550811272189
1379550811272344
1379550811272565
1379550811389176
1379550811389342
1379550811402467
1379550811402536
1379550811402761
1379550811402858
1379550811403133
1379550811403229
1379550811403439
1379550811403534
1379550811403742
1379550811403810
1379550811404951
1379550811407608
1379550811407961
1379550811408064
1379550811408124
1379550811408325
1379550811417376
1379550811417638
1379550811418060
1379550811419429
1379550811423410
1379550811423483
1379550811423548
1379550811426312
1379550811429962
1379550811430394
1379550811430537
1379550811434059
1379550811491955
1379550811492080
1379550811492801
1379550811492876
1379550811493015
1379550811584202
1379550811584272
1379550811584503
1379550811607878
1379550811607945
1379550811608198
1379550811608473
1379550811608675
1379550811614768
1379550811615069
1379550811638639
1379550811638735
1379550811638965
1379550811698845
1379550811729420
1379550811765282
1379550811765765
1379550811765902
1379550811766034
1379550811795517
1379550811795655
1379550811795764
1379550811796003
1379550811809711
1379550811809951
1379550811912259
1379550811912678
1379550811951535
1379550811951635
1379550811951717
1379550811951953
1379550811972123
1379550811972449
1379550811972616
1379550812116101
1379550812116203
1379550812116606
1379550812116742
1379550812129916
1379550812130037
1379550812130132
1379550812130387
1379550812186597
1379550812186904
1379550812211144
1379550812262801
1379550812322525
1379550812343205
1379550812343310
1379550812343415
1379550812343475
1379550812343917
1379550812344035
1379550812365406
1379550812365991
1379550812409047
1379550812411056
1379550812454974
1379550812457957
1379550812458125
1379550812458199
1379550812458280
1379550812518840
1379550812518999
1379550812519072
1379550812519318
1379550812561766
1379550812561928
1379550812566923
1379550812567077
1379550812681548
1379550812681655
1379550812681729
1379550812681942
1379550812687716
1379550812687788
1379550812688089
1379550812688195
1379550812688287
1379550812688382
1379550812688799
1379550812688877
1379550812689068
1379550812697866
1379550812698242
1379550812698375
1379550812717589
1379550812717662
1379550812718111
1379550812718205
1379550812718286
1379550812718382
1379550812718690
1379550812718833
1379550812827906
1379550812828009
1379550812828090
1379550812828716
1379550812828830
1379550812828897
1379550812828982
1379550812829116
1379550812970766
1379550812970872
1379550812970953
1379550812971710
1379550812971830
1379550812971960
1379550813004498
1379550813004826
1379550813004940
1379550813027475
1379550813027550
1379550813027956
1379550813028058
1379550813028166
1379550813028262
1379550813028617
1379550813028684
1379550813030591
1379550813034306
1379550813034544
1379550813034660
1379550813034769
1379550813035054
1379550813035179
1379550813039633
1379550813039888
1379550813040130
1379550813040204
1379550813040312
1379550813040416
1379550813040839
1379550813040935
1379550813048181
1379550813048463
1379550813048565
1379550813055770
1379550813058394
1379550813058572
1379550813107014
1379550813107585
1379550813107692
1379550813107750
1379550813107888
1379550813134518
1379550813134614
1379550813135098
1379550813135250
1379550813178660
1379550813178742
1379550813179247
1379550813179367
1379550813179455
1379550813179639
1379550813257813
1379550813258229
1379550813258400
1379550813264980
1379550813265096
1379550813265358
1379550813304685
1379550813304897
1379550813310143
1379550813310335
1379550813445469
1379550813445704
1379550813456467
1379550813456730
1379550813458443
1379550813458634
1379550813486801
1379550813486980
1379550813564880
1379550813565257
1379550813565398
1379550813604744
1379550813605048
1379550813605115
1379550813605274
1379550813614800
1379550813615005
1379550813615158
1379550813696156
1379550813696245
1379550813696333
1379550813696541
1379550813724007
1379550813724123
1379550813724238
1379550813724330
1379550813724413
1379550813724984
1379550813725121
1379550813811324
1379550813811427
1379550813811502
1379550813811728
1379550813835961
1379550813836198
1379550813869000
1379550813869080
1379550813869188
1379550813869307
1379550813869739
1379550813869854
1379550813893577
1379550813893792
1379550813923877
1379550813924090
1379550813942186
1379550813942291
1379550813942388
1379550813942727
1379550814012630
1379550814012934
1379550814032818
1379550814032971
1379550814078483
1379550814117622
1379550814155680
1379550814246942
1379550814332152
1379550814599163
