1379712615765906
1379712615903149
1379712615903227
1379712615905864
1379712615971045
1379712615976475
1379712615976827
1379712615980014
1379712615991882
1379712615992736
1379712615997493
1379712616001267
1379712616001323
1379712616007210
1379712616007449
1379712616007957
1379712616008019
1379712616008120
1379712616008694
1379712616008817
1379712616009359
1379712616009725
1379712616009816
1379712616012084
1379712616012181
1379712616012483
1379712616013103
1379712616013532
1379712616013609
1379712616013690
1379712616015346
1379712616015849
1379712616015944
1379712616016444
1379712616016770
1379712616016918
1379712616016982
1379712616017600
1379712616022399
1379712616022500
1379712616022926
1379712616035589
1379712616035601
1379712616035965
1379712616035981
1379712616036202
1379712616036295
1379712616037748
1379712616038522
1379712616038550
1379712616039170
1379712616040458
1379712616040478
1379712616040490
1379712616041633
1379712616082476
1379712616104061
1379712616104567
1379712616104598
1379712616104627
1379712616104747
1379712616104780
1379712616104905
1379712616105015
1379712616105122
1379712616105223
1379712616106432
1379712616122699
1379712616123178
1379712616134948
1379712616174999
1379712616175066
1379712616183647
1379712616183856
1379712616184048
1379712616184119
1379712616184210
1379712616184406
1379712616222926
1379712616228212
1379712616348726
1379712616377904
1379712616557230
1379712616638810
1379712616639250
1379712616639317
1379712616767601
1379712616768059
1379712616768424
1379712616768747
1379712616779968
1379712616780903
1379712616784990
1379712616785259
1379712616793735
1379712616800159
1379712616800803
1379712616810988
1379712616817377
1379712616826665
1379712616826902
1379712616867342
1379712616882813
1379712616882988
1379712616884476
1379712616884563
1379712616922774
1379712616928210
1379712616933778
1379712616938891
1379712616945283
1379712616948642
1379712616986446
1379712617022669
1379712617040712
1379712617056323
1379712617078752
1379712617103045
1379712617103134
1379712617108215
1379712617108856
1379712617178991
1379712617208666
1379712617209519
1379712617210351
1379712617234639
1379712617235283
1379712617235363
1379712617238612
1379712617238975
1379712617278704
1379712617297265
1379712617298175
1379712617309838
1379712617309897
1379712617310366
1379712617320999
1379712617321574
1379712617323332
1379712617349825
1379712617352390
1379712617362262
1379712617399195
1379712617417287
1379712617429163
1379712617431756
1379712617444363
1379712617444891
1379712617461173
1379712617464139
1379712617562377
1379712644607467
