1379629155544142
1379629155627447
1379629155627527
1379629155627594
1379629155705407
1379629155705506
1379629155705758
1379629155849195
1379629155930516
1379629155930602
1379629155930675
1379629155947225
1379629156008990
1379629156009073
1379629156045825
1379629156045994
1379629156046119
1379629156082847
1379629156143235
1379629156187396
1379629156187593
1379629156187840
1379629156285956
1379629156290700
1379629156290801
1379629156291024
1379629156291226
1379629156291292
1379629156291574
1379629156292635
1379629156292824
1379629156292892
1379629156384564
1379629156384748
1379629156384850
1379629156387185
1379629156394317
1379629156395964
1379629156396201
1379629156396385
1379629156396453
1379629156396681
1379629156396850
1379629156482387
1379629156482472
1379629156482563
1379629156482855
1379629156482947
1379629156483127
1379629156488977
1379629156489148
1379629156489386
1379629156491828
1379629156499742
1379629156500281
1379629156500472
1379629156500541
1379629156501107
1379629156501318
1379629156501388
1379629156580541
1379629156580635
1379629156580723
1379629156590155
1379629156590420
1379629156590510
1379629156590617
1379629156590883
1379629156591187
1379629156591352
1379629156591518
1379629156603840
1379629156689639
1379629156689723
1379629156689814
1379629156690125
1379629156690195
1379629156691619
1379629156691717
1379629156691933
1379629156692022
1379629156692334
1379629156708309
1379629156745333
1379629156787589
1379629156787662
1379629156787919
1379629156787975
1379629156843078
1379629156849104
1379629156941475
1379629156941668
1379629156941866
1379629156944096
1379629157038245
1379629157045720
1379629157045964
1379629157046255
1379629157082829
1379629157146839
1379629157147040
1379629157147219
1379629157181411
1379629157181700
1379629157183894
1379629157183979
1379629157184273
1379629157184331
1379629157184379
1379629157184437
1379629157184498
1379629157278857
1379629157283321
1379629157283565
1379629157283634
1379629157284280
1379629157284619
1379629157284802
1379629157284874
1379629157285205
1379629157285276
1379629157285434
1379629157287474
1379629157287993
1379629157288063
1379629157288234
1379629157288308
1379629157288892
1379629157289986
1379629157290324
1379629157290401
1379629157290520
1379629157290988
1379629157380782
1379629157381085
1379629157381494
1379629157381898
1379629157381970
1379629157382062
1379629157382332
1379629157382471
1379629157387456
1379629157387756
1379629157387848
1379629157387914
1379629157388213
1379629157388296
1379629157388450
1379629157388736
1379629157389258
1379629157389276
1379629157389344
1379629157390773
1379629157390794
1379629157390902
1379629157390999
1379629157391500
1379629157393957
1379629157394172
1379629157394245
1379629157394336
1379629157394567
1379629157394649
1379629157394816
1379629157394881
1379629157394981
1379629157477611
1379629157477772
1379629157481060
1379629157481111
1379629157491753
1379629157491788
1379629157491871
1379629157492026
1379629157492107
1379629157492837
1379629157492914
1379629157498400
1379629157498515
1379629157498594
1379629157499580
1379629157576016
1379629157576380
1379629157593086
1379629157678814
1379629157703019
1379629157703093
1379629157722171
1379629157821846
1379629157823047
1379629157922268
1379629157922704
1379629157923225
1379629157963228
1379629192602118
1379629192615621
1379629192616022
1379629192616103
1379629192622146
1379629192622367
1379629192622677
1379629192623118
1379629192623397
1379629192623475
1379629192623868
1379629192624315
1379629192628674
1379629192628933
1379629192629392
1379629192629820
1379629192630012
1379629192630433
1379629192630494
1379629192630983
1379629192631058
1379629192693796
1379629192701677
1379629192701940
1379629192702043
1379629192707616
1379629192708023
1379629192708084
1379629192708183
1379629192708654
1379629192709080
1379629192709147
1379629192709253
1379629192709552
1379629192710295
1379629192714286
1379629192714642
1379629192715740
1379629192716353
1379629192716438
1379629192716514
1379629192716599
1379629192717186
1379629192717335
1379629192718223
1379629192718608
1379629192718712
1379629192721489
1379629192721591
1379629192721948
1379629192724205
1379629192724853
1379629192725302
1379629192725560
1379629192725900
1379629192726011
1379629192726335
1379629192726458
1379629192726951
1379629192730191
1379629192730517
1379629192730701
1379629192730862
1379629192731074
1379629192731584
1379629192731920
1379629192732221
1379629192732451
1379629192732691
1379629192733243
1379629192734310
1379629192734433
1379629192734842
1379629192735651
1379629192736175
1379629192736392
1379629192736568
1379629192736920
1379629192741599
1379629192745458
1379629192745990
1379629192746126
1379629192747989
1379629192748278
1379629192748432
1379629192748484
1379629192749304
1379629192749532
1379629192750080
1379629192750709
1379629192751498
1379629192751771
1379629192751949
1379629192758378
1379629192758505
1379629192759148
1379629192760580
1379629192760999
1379629192761183
1379629192767525
1379629192767841
1379629192768020
1379629192775722
1379629192775815
1379629192776072
1379629192814917
1379629192822431
1379629192822670
1379629192862867
1379629192870599
1379629192870746
1379629192910753
1379629192910978
1379629192911186
1379629192911243
1379629192911373
1379629192911439
1379629192911511
1379629192911573
1379629192911762
1379629192911812
1379629192912030
1379629192912152
1379629192920044
1379629192920138
1379629192920491
1379629192920596
1379629192920974
1379629192921038
1379629192921401
1379629192921935
1379629192922401
1379629192922501
1379629192922890
1379629192922928
1379629192923266
1379629192923347
1379629192923425
1379629192923837
1379629192924236
1379629192924326
1379629192924380
1379629192924491
1379629192924567
1379629192925204
1379629192925274
1379629192925380
1379629192925398
1379629192925478
1379629192926144
1379629192926162
1379629192926328
1379629192926381
1379629192926516
1379629192927085
1379629192927927
1379629192928011
1379629192928052
1379629192928114
1379629192928647
1379629192930828
1379629192938725
1379629192943002
1379629192978735
1379629192979006
1379629192986004
1379629193010611
1379629193010677
1379629193010736
1379629193010782
1379629193010829
1379629193010877
1379629193010929
1379629193010995
1379629193011046
1379629193011098
1379629193011149
1379629193018456
1379629193018519
1379629193019449
1379629193019899
1379629193019948
1379629193020007
1379629193020387
1379629193020501
1379629193021073
1379629193021150
1379629193021243
1379629193021789
1379629193022517
1379629193022597
1379629193022689
1379629193023173
1379629193023289
1379629193023367
1379629193023836
1379629193023873
1379629193023943
1379629193024503
1379629193024560
1379629193024688
1379629193024714
1379629193024820
1379629193024890
1379629193025588
1379629193025645
1379629193025791
1379629193025912
1379629193025941
1379629193026996
1379629193027110
1379629193027397
1379629193029349
1379629193029791
1379629193029878
1379629193029959
1379629193035907
1379629193038472
1379629193038675
1379629193044207
1379629193101681
1379629193101773
1379629193101973
1379629193117358
1379629193126748
1379629193127061
1379629193127175
1379629193127384
1379629193127809
1379629193127928
1379629193128020
1379629193128620
1379629193128907
1379629193128992
1379629193129505
1379629193129772
1379629193129856
1379629193130183
1379629193130562
