1379386641407773
1379386641586518
1379386641586621
1379386641675541
1379386641675637
1379386641675733
1379386641675791
1379386641676182
1379386641676242
1379386641676491
1379386641676557
1379386641677010
1379386641677247
1379386641677324
1379386641765667
1379386641765904
1379386641766006
1379386641766103
1379386641766367
1379386641766469
1379386641766568
1379386641767174
1379386641767251
1379386641767492
1379386641767737
1379386641768140
1379386641768397
1379386641768611
1379386641768866
1379386641768962
1379386641769063
1379386641769450
1379386641769737
1379386641769970
1379386641770328
1379386641770591
1379386641770753
1379386641857765
1379386641858060
1379386641858470
1379386641858728
1379386641859020
1379386641859274
1379386641859464
1379386641859686
1379386641859901
1379386641860093
1379386641860248
1379386641860520
1379386641860711
1379386641861169
1379386641861451
1379386641861630
1379386641861925
1379386641862064
1379386641863433
1379386641863608
1379386641863872
1379386641864066
1379386642457335
1379386642552896
1379386642553160
1379386642553242
1379386642553479
1379386642637968
1379386642687723
1379386642784648
1379386642784737
1379386642784941
1379386642802381
1379386642820987
1379386642826274
1379386642866493
1379386642866589
1379386642866667
1379386642866949
1379386642867026
1379386642867274
1379386642867377
1379386642867574
1379386642868032
1379386642868129
1379386642868228
1379386642868436
1379386642873825
1379386642955244
1379386642955369
1379386642955474
1379386642955580
1379386642955958
1379386642956055
1379386642956131
1379386642956354
1379386642956705
1379386642956870
1379386642957024
1379386642957213
1379386642980782
1379386642980825
1379386643070325
1379386643070470
1379386643070575
1379386643072748
1379386643072819
1379386643072919
1379386643075017
1379386643152853
1379386643152958
1379386643153018
1379386643158327
1379386643158513
1379386643160959
1379386643165412
1379386643165514
1379386643165621
1379386643165870
1379386643245103
1379386643247751
1379386643247823
1379386643248117
1379386643253205
1379386643253296
1379386643329752
1379386643329829
1379386643330421
1379386643333552
1379386643333638
1379386643411406
1379386643411470
1379386643412864
1379386643412954
1379386643413038
1379386643423202
1379386643494244
1379386643494373
1379386643513885
1379386643513987
1379386643514079
1379386643514176
1379386643547470
1379386643602552
1379386643602764
1379386643602864
1379386643636735
1379386643636950
1379386643637074
1379386643666560
1379386643723610
1379386643751154
1379386643793723
1379386643833507
1379386643833794
1379386643834062
1379386643834709
1379386643834915
1379386643835014
1379386643835095
1379386643835328
1379386643835445
1379386643884221
1379386643884333
1379386643917488
1379386643918260
1379386643918475
1379386643918586
1379386643975273
1379386644001533
1379386644001642
1379386644005705
1379386644090072
1379386644090159
1379386644090368
1379386644090510
1379386644127531
1379386644170094
1379386644210254
1379386644211125
1379386644211447
1379386644211584
1379386644292747
1379386644292885
1379386644292989
1379386644293420
1379386644293529
1379386644293654
1379386644293737
1379386644298348
1379386644300229
1379386644300300
1379386644373916
1379386644387649
1379386644387728
1379386644387846
1379386644421816
1379386644422756
1379386644422841
1379386644423050
1379386644423142
1379386644426832
1379386644426947
1379386644428527
1379386644473337
1379386644509849
1379386644510183
1379386644513131
1379386644513302
1379386644513381
1379386644513674
1379386644513828
1379386644513914
1379386644591888
1379386644593832
1379386644675549
1379386644718548
1379386644804490
1379386644805578
1379386644890877
1379386644890947
1379386644891172
1379386644891239
1379386644891575
1379386644977478
1379386644977594
1379386644977711
1379386644977775
1379386644977889
1379386644978306
1379386644978782
1379386644978854
1379386644978968
1379386644979089
1379386644979723
1379386644979747
1379386644979983
1379386644980073
1379386644980267
1379386645014154
1379386645056327
1379386645065447
1379386645065705
1379386645065809
1379386645065921
1379386645066037
1379386645066343
1379386645066437
1379386645066657
1379386645067051
1379386645067283
1379386645067530
1379386645067785
1379386645068190
1379386645068273
1379386645068389
1379386645068657
1379386645068725
1379386645068863
1379386645068965
1379386645069066
1379386645069699
1379386645069780
1379386645070008
1379386645070081
1379386645099196
1379386645099302
1379386645099388
1379386645100630
1379386645101499
1379386645101800
1379386645133142
1379386645140720
1379386645140806
1379386645141015
1379386645141331
1379386645141441
1379386645141754
1379386645141977
1379386645142359
1379386645152423
1379386645152579
1379386645152695
1379386645152796
1379386645153133
1379386645154076
1379386645155884
1379386645156244
1379386645156350
1379386645156472
1379386645156602
1379386645156715
1379386645157175
1379386645157273
1379386645157507
1379386645158036
1379386645158188
1379386645158386
1379386645158605
1379386645158777
1379386645159001
1379386645159092
1379386645160030
1379386645160204
1379386645165117
1379386645165274
1379386645165523
1379386645165624
1379386645170439
1379386645170602
1379386645170860
1379386645171060
1379386645175959
1379386645176127
1379386645176229
1379386645176432
1379386645176558
1379386645176835
1379386645176943
1379386645177149
1379386645189151
1379386645189460
1379386645189577
1379386645195040
1379386645195333
1379386645195601
1379386645195763
1379386645195944
1379386645196219
1379386645196413
1379386645209248
1379386645209390
1379386645210083
1379386645210231
1379386645210417
1379386645240229
1379386645240312
1379386645240797
1379386645240872
1379386645241096
1379386645244772
1379386645244852
1379386645245156
1379386645245244
1379386645245510
1379386645254366
1379386645255198
1379386645281758
1379386645281859
1379386645281925
1379386645282239
1379386645282312
1379386645282413
1379386645282512
1379386645282772
1379386645287827
1379386645287915
1379386645326104
1379386645326184
1379386645326461
1379386645326533
1379386645326632
1379386645326734
1379386645327054
1379386645327176
1379386645327277
1379386645327729
1379386645341242
1379386645365297
1379386645430757
1379386645431004
1379386645431164
1379386645458366
1379386645582974
1379386645591816
1379386645591941
1379386645592048
1379386645592171
1379386645633231
1379386645676438
1379386645676529
1379386645676691
1379386645679471
1379386645763851
1379386645769311
1379386645769441
1379386645769722
1379386645769808
1379386645849858
1379386645849944
1379386645893453
1379386645893797
1379386645936903
1379386645942417
1379386645983709
1379386645985033
1379386646014340
1379386646014524
1379386646014589
1379386646014651
1379386646014711
1379386646014771
1379386646062794
1379386646062815
1379386646062831
1379386646062898
1379386646062918
1379386646062936
1379386646062962
1379386646064097
1379386646066789
1379386646069551
1379386646072002
1379386646074753
1379386646077496
1379386646085592
1379386646087073
1379386646089903
1379386646090817
1379386646092758
1379386646096028
1379386646098795
1379386646101344
1379386646101382
1379386646102274
1379386646103041
1379386646103532
1379386646103571
1379386646103637
1379386646103861
1379386646104546
1379386646104633
1379386646104743
1379386646104999
1379386646106525
1379386646108079
1379386646108228
1379386646108945
1379386646108989
1379386646109124
1379386646109513
1379386646109762
1379386646109791
1379386646110082
1379386646110449
1379386646110577
1379386646110867
1379386646111709
1379386646111821
1379386646112109
1379386646193734
1379386646193767
1379386646193870
1379386646194164
1379386646194240
1379386646199938
1379386646200063
1379386646200163
1379386646200391
1379386646200880
1379386646200986
1379386646201089
1379386646201516
1379386646201656
1379386646203255
1379386646203356
1379386646203429
1379386646203687
1379386646209358
1379386646209700
1379386646223567
1379386646229435
1379386646260679
1379386646280625
1379386646281155
1379386646281182
1379386646281401
1379386646281473
1379386646286075
1379386646288477
1379386646290377
1379386646290634
1379386646291217
1379386646291323
1379386646291415
1379386646291527
1379386646291631
1379386646291968
1379386646294016
1379386646296774
1379386646296795
1379386646299923
1379386646300179
1379386646300255
1379386646300507
1379386646337199
1379386646337345
1379386646337584
1379386646350348
1379386646350444
1379386646368072
1379386646368266
1379386646368389
1379386646368542
1379386646368830
1379386646369244
1379386646369472
1379386646379675
1379386646379814
1379386646379924
1379386646380149
1379386646381213
1379386646381339
1379386646381430
1379386646381500
1379386646381737
1379386646387090
1379386646388482
1379386646388599
1379386646388744
1379386646423263
1379386646423364
1379386646423706
1379386646447959
1379386646455826
1379386646455933
1379386646456024
1379386646456119
1379386646456629
1379386646456773
1379386646465741
1379386646466071
1379386646466345
1379386646469318
1379386646469443
1379386646469551
1379386646469750
1379386646470921
1379386646471010
1379386646471471
1379386646471594
1379386646477492
1379386646477943
1379386646509193
1379386646509333
1379386646509582
1379386646545536
1379386646545829
1379386646546244
1379386646554210
1379386646554360
1379386646554726
1379386646554955
1379386646557783
1379386646558001
1379386646558112
1379386646558265
1379386646559522
1379386646559846
1379386646560133
1379386646560227
1379386646560409
1379386646563564
1379386646563892
1379386646564038
1379386646566609
1379386646595867
1379386646595974
1379386646596135
1379386646596369
1379386646632535
1379386646632843
1379386646632959
1379386646642081
1379386646642175
1379386646642330
1379386646642433
1379386646642516
1379386646646763
1379386646646937
1379386646647097
1379386646647190
1379386646647587
1379386646647654
1379386646647723
1379386646648490
1379386646648993
1379386646649116
1379386646649237
1379386646649332
1379386646649441
1379386646650910
1379386646651086
1379386646651249
1379386646661464
1379386646682729
1379386646682829
1379386646683197
1379386646690706
1379386646734648
1379386646734770
1379386646734896
1379386646734981
1379386646735334
1379386646735818
1379386646735952
1379386646736060
1379386646736164
1379386646736528
1379386646736713
1379386646736960
1379386646737316
1379386646737426
1379386646737843
1379386646738235
1379386646738323
1379386646738582
1379386646806679
1379386646806839
1379386646807090
1379386646821956
1379386646822099
1379386646822268
1379386646822333
1379386646822564
1379386646824095
1379386646824502
1379386646824895
1379386646825051
1379386646825286
1379386646825429
1379386646825562
1379386646825708
1379386646826134
1379386646826359
1379386646826582
1379386646862482
1379386646862595
1379386646862852
1379386646892815
1379386646892937
1379386646893034
1379386646893289
1379386646909732
1379386646910270
1379386646910391
1379386646910480
1379386646910574
1379386646911081
1379386646911181
1379386646911466
1379386646911744
1379386646911830
1379386646912118
1379386646912201
1379386646912365
1379386646912687
1379386646913145
1379386646913293
1379386646913379
1379386646913580
1379386646913989
1379386646914138
1379386646949405
1379386646949498
1379386646950368
1379386646950392
1379386646950521
1379386646950740
1379386646950814
1379386646980305
1379386646980435
1379386646980537
1379386646980652
1379386646980779
1379386646980883
1379386647000397
1379386647000563
1379386647000653
1379386647000885
1379386647003701
1379386647004111
1379386647004212
1379386647004540
1379386647004684
1379386647037067
1379386647037183
1379386647037320
1379386647037397
1379386647037736
1379386647038080
1379386647038502
1379386647038646
1379386647038766
1379386647038978
1379386647039580
1379386647039988
1379386647040083
1379386647040268
1379386647069631
1379386647069753
1379386647087777
1379386647088838
1379386647088966
1379386647089078
1379386647089163
1379386647093895
1379386647094266
1379386647094406
1379386647094467
1379386647125628
1379386647125787
1379386647125893
1379386647126371
1379386647126684
1379386647127072
1379386647127172
1379386647127235
1379386647153467
1379386647153906
1379386647251872
1379386647251989
1379386647252418
1379386647278490
1379386647293510
1379386647295764
1379386647381199
1379386647381339
1379386647381454
1379386647381547
1379386647381651
1379386647382357
1379386647382670
1379386647382790
1379386647382894
1379386647383010
1379386647383632
1379386647383759
1379386647573768
1379386647663255
