1379551107847976
1379551107920477
1379551107920537
1379551107920704
1379551107959577
1379551108003217
1379551108069038
1379551108069266
1379551108073820
1379551108075874
1379551108076083
1379551108076195
1379551108076408
1379551108076571
1379551108143277
1379551108143495
1379551108143664
1379551108144707
1379551108144797
1379551108144968
1379551108145054
1379551108145325
1379551108145551
1379551108145676
1379551108146172
1379551108146331
1379551108168173
1379551108206837
1379551108211157
1379551108214472
1379551108214562
1379551108214804
1379551108215002
1379551108254669
1379551108260480
1379551108265665
1379551108265724
1379551108265975
1379551108266060
1379551108288290
1379551108312344
1379551108312424
1379551108312723
1379551108312900
1379551108313059
1379551108315923
1379551108316239
1379551108316406
1379551108316840
1379551108317008
1379551108317151
1379551108317481
1379551108317812
1379551108349974
1379551108362628
1379551108363021
1379551108363107
1379551108363454
1379551108363736
1379551108363833
1379551108364042
1379551108364351
1379551108367033
1379551108367304
1379551108367474
1379551108367788
1379551108368318
1379551108368688
1379551108368783
1379551108368966
1379551108369241
1379551108369423
1379551108369667
1379551108370225
1379551108370381
1379551108412105
1379551108412511
1379551108412612
1379551108412886
1379551108413285
1379551108413681
1379551108413849
1379551108414001
1379551108414247
1379551108414403
1379551108414525
1379551108416918
1379551108417096
1379551108417174
1379551108417346
1379551108417528
1379551108417685
1379551108418514
1379551108418763
1379551108418975
1379551108419124
1379551108419285
1379551108419531
1379551108419604
1379551108419871
1379551108419957
1379551108420130
1379551108420216
1379551108420469
1379551108420560
1379551108420877
1379551108451931
1379551108453000
1379551108456353
1379551108456582
1379551108456670
1379551108456769
1379551108457009
1379551108466090
1379551108466247
1379551108466517
1379551108466671
1379551108466886
1379551108466951
1379551108467133
1379551108467222
1379551108467460
1379551108467613
1379551108468005
1379551108468190
1379551108469115
1379551108469386
1379551108469483
1379551108469665
1379551108469792
1379551108469879
1379551108469989
1379551108470364
1379551108470545
1379551108470704
1379551108552565
1379551108552732
1379551108552966
1379551108564010
1379551108603052
1379551108605354
1379551108656475
1379551108656579
1379551108656842
1379551108656938
1379551108657221
1379551108657319
1379551108657501
1379551108657736
1379551108657984
1379551108658147
1379551108658352
1379551108658558
1379551108658701
1379551108658784
1379551108659275
1379551108659433
1379551108659526
1379551108659701
1379551108709440
1379551108709532
1379551108709831
1379551108709922
1379551108710018
1379551108710281
1379551108710402
1379551108710511
1379551108710808
1379551108710910
1379551108711003
1379551108711337
1379551108711491
1379551108711665
1379551108711826
1379551108746257
1379551108746379
1379551108746497
1379551108761266
1379551108761365
1379551108761546
1379551108761776
1379551108761866
1379551108762189
1379551108762294
1379551108762353
1379551108762456
1379551108762842
1379551108762938
1379551108763252
1379551108763444
1379551108763647
1379551108763742
1379551108763973
1379551108764060
1379551108764374
1379551108764443
1379551108764693
1379551108764860
1379551108797470
1379551108797564
1379551108797874
1379551108797944
1379551108798003
1379551108798277
1379551108798356
1379551108798590
1379551108798784
1379551108798861
1379551108799100
1379551108799491
1379551108799565
1379551108799774
1379551108799964
1379551108815037
1379551108815248
1379551108815334
1379551108815543
1379551108815737
1379551108815826
1379551108816074
1379551108816362
1379551108816849
1379551108817062
1379551108817296
1379551108817458
1379551108843896
1379551108859285
1379551108861728
1379551108915011
1379551108915233
1379551108915414
1379551108915494
1379551108915666
1379551108915815
1379551108915974
1379551108916123
1379551108916581
1379551108916724
1379551108916874
1379551108917033
1379551108917175
1379551108932735
1379551108933042
1379551108935682
1379551108935923
1379551108936247
1379551108936459
1379551108936672
1379551108937175
1379551108937271
1379551108937533
1379551108937725
1379551108938552
1379551108938764
1379551108938919
1379551108939147
1379551108939406
1379551108939508
1379551108939725
1379551108943945
1379551108978515
1379551108978530
1379551108978577
1379551108984888
1379551108987713
1379551108988247
1379551108988471
1379551108993053
1379551108993533
1379551108993665
1379551108993796
1379551108993872
1379551108994271
1379551108994415
1379551108994680
1379551108995547
1379551108995778
1379551108996030
1379551108996274
1379551108996580
1379551108996710
1379551108996812
1379551108997042
1379551108997296
1379551108997558
1379551109006158
1379551109006369
1379551109034966
1379551109034979
1379551109040586
1379551109044105
1379551109074306
1379551109095396
1379551109095600
1379551109134920
1379551109135095
1379551109135151
1379551109135201
1379551109135250
1379551109135332
1379551109186452
1379551109187163
1379551109187608
1379551109187703
1379551109187808
1379551109187921
1379551109188205
1379551109188358
1379551109188524
1379551109188689
1379551109188923
1379551109189039
1379551109189360
1379551109189653
1379551109189878
1379551109190040
1379551109190433
1379551109190645
1379551109190803
1379551109190960
1379551109191126
1379551109191231
1379551109191410
1379551109191631
1379551109192007
1379551109192107
1379551109192196
1379551109192280
1379551109192343
1379551109192679
1379551109192720
1379551109192805
1379551109193023
1379551109193126
1379551109193195
1379551109193703
1379551109193868
1379551109193973
1379551109194177
1379551109244935
