1379611391307136
1379611391442598
1379611391442822
1379611391442916
1379611391521141
1379611391521367
1379611391521536
1379611391521760
1379611391522144
1379611391522222
1379611391569605
1379611391596973
1379611391597141
1379611391598016
1379611391598386
1379611391598643
1379611391598709
1379611391599189
1379611391599369
1379611391599434
1379611391599652
1379611391599704
1379611391665077
1379611391666528
1379611391666619
1379611391673765
1379611391674096
1379611391674523
1379611391675153
1379611391675561
1379611391676792
1379611391677177
1379611391677236
1379611391677313
1379611391677562
1379611391751537
1379611391755332
1379611391755786
1379611391829303
1379611391866608
1379611391866934
1379611391944587
1379611391944719
1379611391944816
1379611391979888
1379611391980060
1379611391980111
1379611392020255
1379611392020340
1379611392020791
1379611392020889
1379611392021151
1379611392057640
1379611392057882
1379611392058086
1379611392058112
1379611392058386
1379611392058460
1379611392097223
1379611392097563
1379611392097657
1379611392097933
1379611392098017
1379611392098083
1379611392098381
1379611392098682
1379611392098756
1379611392098870
1379611392135881
1379611392136063
1379611392136722
1379611392136879
1379611392137367
1379611392137522
1379611392176780
1379611392176858
1379611392176957
1379611392177400
1379611392177897
1379611392177961
1379611392178206
1379611392178286
1379611392178612
1379611392178852
1379611392178955
1379611392179268
1379611392179604
1379611392179661
1379611392179766
1379611392180056
1379611392180256
1379611392213609
1379611392214596
1379611392214924
1379611392214999
1379611392253159
1379611392253221
1379611392253418
1379611392254089
1379611392254675
1379611392255129
1379611392255338
1379611392255715
1379611392255798
1379611392256007
1379611392259320
1379611392259473
1379611392259554
1379611392259759
1379611392260134
1379611392260198
1379611392260385
1379611392283075
1379611392283468
1379611392283527
1379611392284238
1379611392363177
1379611392363521
1379611392363770
1379611392364118
1379611392364352
1379611392364803
1379611392365079
1379611392365409
1379611392367098
1379611392367300
1379611392383622
1379611392383690
1379611392383772
1379611392408518
1379611392408710
1379611392439255
1379611392439441
1379611392439944
1379611392440371
1379611392440660
1379611392440794
1379611392440888
1379611392441195
1379611392441722
1379611392442075
1379611392442169
1379611392442499
1379611392442747
1379611392442804
1379611392443067
1379611392445226
1379611392445291
1379611392445547
1379611392445637
1379611392481554
1379611392492562
1379611392514970
1379611392515301
1379611392515374
1379611392515745
1379611392515817
1379611392516118
1379611392516206
1379611392516421
1379611392516799
1379611392516862
1379611392516956
1379611392517377
1379611392517463
1379611392517669
1379611392518066
1379611392518128
1379611392520557
1379611392520953
1379611392521865
1379611392554442
1379611392558816
1379611392560341
1379611392590080
1379611392590425
1379611392590615
1379611392591784
1379611392592030
1379611392592285
1379611392592666
1379611392592802
1379611392592985
1379611392593326
1379611392593964
1379611392594211
1379611392594366
1379611392594723
1379611392594907
1379611392597866
1379611392598653
1379611392598837
1379611392614455
1379611392614688
1379611392636081
1379611392636223
1379611392673930
1379611392674126
1379611392674928
1379611392675123
1379611392675571
1379611392675852
1379611392704970
1379611392712338
1379611392712412
1379611392712807
1379611392749788
1379611392803154
1379611392804277
1379611392827265
1379611392865408
1379611392865726
1379611392865790
1379611392868658
1379611392868862
1379611392903089
1379611392941385
1379611392941464
1379611392942028
1379611392942803
1379611392953660
1379611392979070
1379611392979145
1379611393017637
1379611393017873
1379611393018703
1379611393029284
1379611393029370
1379611393092578
1379611393092646
1379611393092931
1379611393093000
1379611393167748
1379611393168078
1379611393168400
1379611393168684
1379611393168850
1379611393171087
1379611393247176
1379611393320073
1379611393322824
1379611393394536
1379611393398424
1379611393398573
1379611393470744
1379611393470818
1379611393474013
1379611393474233
1379611393474371
1379611393474654
1379611393550112
1379611393550207
1379611393550491
1379611394036810
1379611394045319
1379611394080866
1379611394110745
1379611394117303
1379611394121287
1379611394123566
1379611394124566
1379611394125581
1379611394127519
1379611394138502
1379611394201645
1379611394201866
1379611394201897
1379611394208827
1379611394238798
1379611394238936
1379611394239679
1379611394239757
1379611394240155
1379611394240234
1379611394240481
1379611394240534
1379611394240649
1379611394241048
1379611394242063
1379611394242146
1379611394277640
1379611394277713
1379611394278884
1379611394278945
1379611394316959
1379611395054297
1379611395130400
1379611395130731
1379611395206578
1379611395206706
1379611395282291
1379611395282566
1379611395282659
1379611395282970
1379611395283043
1379611395359115
1379611395360451
1379611395360556
1379611395360782
1379611395360871
1379611395360936
1379611395436367
1379611395436442
1379611395436722
1379611395436804
1379611395436877
1379611395437150
1379611395512194
1379611395512351
1379611395512566
1379611395512675
1379611395512877
1379611395513097
1379611395513162
1379611395549722
1379611395588328
1379611395588647
1379611395588744
1379611396864004
1379611396939890
1379611396939979
