1379542370403197
1379542370965574
1379542370970859
1379542371053627
1379542371197074
1379542371198320
1379542371199098
1379542371199173
1379542371209583
1379542371209734
1379542371214037
1379542371214244
1379542371274294
1379542371316513
1379542371323215
1379542371362698
1379542371362728
1379542371362962
1379542371363025
1379542371363511
1379542371363559
1379542371406029
1379542371406539
1379542371407587
1379542371446699
1379542371446714
1379542371447702
1379542371450619
1379542371451412
1379542371452995
1379542371453065
1379542371453170
1379542371457260
1379542371457345
1379542371458014
1379542371458335
1379542371489669
1379542371490493
1379542371490845
1379542371490980
1379542371530990
1379542371575531
1379542371618570
1379542371696019
1379542371697366
1379542371697465
1379542371697688
1379542371697766
1379542371697976
1379542371700368
1379542371700541
1379542371700724
1379542371701769
1379542371701860
1379542371702059
1379542371702221
1379542371835249
1379542371835376
1379542371835426
1379542371835474
1379542371835523
1379542371835573
1379542371836330
1379542371877512
1379542371879546
1379542371883305
1379542371883335
1379542371883356
1379542371883369
1379542371922735
1379542371922756
1379542371922776
1379542371977397
1379542372097314
1379542372098011
1379542372098245
1379542372098517
1379542372098864
1379542372098986
1379542372099108
1379542372099331
1379542372099576
1379542372099769
1379542372099855
1379542372099969
1379542372100068
1379542372100299
1379542372107242
1379542372107259
1379542372128083
1379542372128162
1379542372128399
1379542372225985
1379542372235152
1379542372235813
1379542372235873
1379542372235925
1379542372235975
1379542372236028
1379542372236078
1379542372277627
1379542372279747
1379542372283984
1379542372284013
1379542372284064
1379542372285082
1379542372285114
1379542372285189
1379542372285385
1379542372285616
1379542372285909
1379542372285931
1379542372286109
1379542372286268
1379542372286420
1379542372286617
1379542372286770
1379542372287059
1379542372287080
1379542372287140
1379542372287374
1379542372287464
1379542372287663
1379542372288399
1379542372288555
1379542372288639
1379542372288803
1379542372288951
1379542372289100
1379542372317021
1379542372324378
1379542372327620
1379542372327792
1379542372327866
1379542372328041
1379542372328276
1379542372328666
1379542372328787
1379542372329853
1379542372330008
1379542372330290
1379542372330454
1379542372330843
1379542372331068
1379542372331443
1379542372331599
1379542372331855
1379542372332116
1379542372332278
1379542372332353
1379542372332509
1379542372332662
1379542372332818
1379542372332899
1379542372333263
1379542372333417
1379542372333567
1379542372333714
1379542372333876
1379542372367093
1379542372369871
1379542372370039
1379542372370119
1379542372370311
1379542372370581
1379542372370754
1379542372371694
1379542372372685
1379542372372904
1379542372373047
1379542372373201
1379542372375638
1379542372410826
1379542372524677
1379542372525549
1379542372525703
1379542372584137
1379542372584812
1379542372842151
1379542372842542
1379542372842741
1379542372845213
1379542372845889
1379542372846052
1379542372875577
1379542372875677
1379542372875735
1379542372876638
1379542372877144
1379542372877202
1379542372877251
1379542372877300
1379542372919573
1379542372922669
1379542372922696
1379542372922716
1379542372925213
1379542372925236
1379542372925359
1379542372925570
1379542372925592
1379542372925843
1379542372926017
1379542372959637
1379542372959725
1379542372960347
1379542372960704
1379542372999419
1379542373000266
1379542373042632
1379542373042884
1379542373081710
1379542373082537
1379542373122671
1379542373122920
1379542373161534
1379542373162598
1379542373202666
1379542373202909
1379542373242371
1379542373242876
1379542373282667
1379542373282918
1379542373321590
1379542373322637
1379542373360578
1379542373360865
1379542373360975
1379542373361025
1379542373361151
1379542373361208
1379542373362024
1379542373362127
1379542373382945
1379542373387363
1379542373398240
1379542373398631
1379542373401875
1379542373405751
1379542373407902
1379542373408041
1379542373408204
1379542373408307
1379542373408438
1379542373408568
1379542373408861
1379542373409052
1379542373409177
1379542373409804
1379542373410045
1379542373410332
1379542373410358
1379542373410583
1379542373410609
1379542373410799
1379542373410969
1379542373411602
1379542373411631
1379542373411752
1379542373411978
1379542373412231
1379542373412341
1379542373412475
1379542373412591
1379542373412722
1379542373412855
1379542373413491
1379542373413614
1379542373413741
1379542373413889
1379542373414017
1379542373414169
1379542373414293
1379542373414864
1379542373415129
1379542373415422
1379542373416785
1379542373416927
1379542373417115
1379542373417237
1379542373417366
1379542373417518
1379542373417728
1379542373430245
1379542373449499
1379542373450473
1379542373457413
1379542373457665
1379542373457978
1379542373458182
1379542373458260
1379542373458325
1379542373491006
1379542373498744
1379542373538688
1379542373538713
1379542373621273
1379542373622011
1379542373622304
1379542373750450
1379542373929826
1379542373930013
1379542373930578
1379542373930590
1379542373931363
1379542373931489
1379542373931575
1379542373931676
1379542373975855
1379542373980646
1379542373980887
1379542373981125
1379542373981145
1379542373981325
1379542373981595
1379542373981616
1379542373981711
1379542373981731
1379542373981750
1379542373982027
1379542373982806
1379542373983067
1379542373983270
1379542373983586
1379542373983949
1379542373984486
1379542373984765
1379542373984848
1379542373985055
1379542373985149
1379542373985382
1379542373985600
1379542373985862
1379542373985949
1379542373986182
1379542373986338
1379542373987201
1379542373987285
1379542373987512
1379542373987600
1379542373987680
1379542373987773
1379542373987863
1379542373988223
1379542373988335
1379542373988434
1379542373993527
1379542374093460
1379542374487276
1379542374495723
1379542374496036
1379542374496090
1379542374496138
1379542374496220
1379542374496285
1379542374534301
1379542374545263
1379542374545309
1379542374545405
1379542374545498
1379542374545583
1379542374545608
1379542374545703
1379542374545972
1379542374546030
1379542374546329
1379542374546557
1379542374546680
1379542374546916
1379542374547035
1379542374547499
1379542374547535
1379542374547720
1379542374547941
1379542374548053
1379542374548174
1379542374548293
1379542374548411
1379542374549253
1379542374549435
1379542374549762
1379542374549794
1379542374549987
1379542374550235
1379542374550545
1379542374550638
1379542374550770
1379542374550869
1379542374550992
1379542374551317
1379542374551873
1379542374552063
1379542374552191
1379542374552324
1379542374552470
1379542374552758
1379542374552969
1379542374553077
1379542374553268
1379542374553361
1379542374553363
1379542374553609
1379542374553927
1379542374554189
1379542374554339
1379542374554442
1379542374586646
1379542374587305
1379542374588209
1379542374588383
1379542374590451
1379542374590719
1379542374591014
1379542374591268
1379542374591396
1379542374591657
1379542374591852
1379542374591893
1379542374592084
1379542374592238
1379542374592515
1379542374592636
1379542374592906
1379542374593051
1379542374593231
1379542374593402
1379542374593638
1379542374593807
1379542374594004
1379542374594337
1379542374594600
1379542374594714
1379542374594896
1379542374595019
1379542374598086
1379542374599077
1379542374599422
1379542374599660
1379542374599905
1379542374600090
1379542374600328
1379542374600473
1379542374600582
1379542374601038
1379542374601190
1379542374601522
1379542374601635
1379542374601985
1379542374602344
1379542374602570
1379542374602853
1379542374603040
1379542374603152
1379542374628602
1379542374629728
1379542374630028
1379542374630310
1379542374630513
1379542374630911
1379542374631058
1379542374631304
1379542374631585
1379542374631880
1379542374632030
1379542374635023
1379542374635302
1379542374635582
1379542374635754
1379542374635947
1379542374636119
1379542374636372
1379542374636561
1379542374636793
1379542374637329
1379542374637649
1379542374637717
1379542374638334
1379542374638653
1379542374638916
1379542374639160
1379542374642196
1379542374642438
1379542374642707
1379542374643032
1379542374643303
1379542374643541
1379542374643762
1379542374644016
1379542374644148
1379542374644704
1379542374645234
1379542374645751
1379542374645988
1379542374646254
1379542374646535
1379542374646735
1379542374646871
1379542374647304
1379542374647513
1379542374647749
1379542374647966
1379542374648080
1379542374648320
1379542374648549
1379542374648755
1379542374649032
1379542374649287
1379542374649551
1379542374649612
1379542374649793
1379542374650165
1379542374650481
1379542374650795
1379542374651075
1379542374651246
1379542374651371
1379542374672741
1379542374672941
1379542374673218
1379542374673455
1379542374673620
1379542374673926
1379542374674055
1379542374674295
1379542374674493
1379542374674672
1379542374674766
1379542374676883
1379542374677054
1379542374677307
1379542374677452
1379542374677590
1379542374688090
1379542374688626
1379542374688875
1379542374689193
1379542374689503
1379542374689816
1379542374689973
1379542374690315
1379542374690571
1379542374690836
1379542374691031
1379542374691384
1379542374691558
1379542374691638
1379542374691849
1379542374691946
1379542374692439
1379542374692916
1379542374693182
1379542374693417
1379542374693676
1379542374693905
1379542374694214
1379542374694392
1379542374715190
1379542374716151
1379542374716312
1379542374716441
1379542374716549
1379542374717742
1379542374718043
1379542374718227
1379542374718410
1379542374718562
1379542374718676
1379542374718919
1379542374719080
1379542374719292
1379542374719583
1379542374719776
1379542374719886
1379542374719990
1379542374720280
1379542374720547
1379542374720784
1379542374720940
1379542374721075
1379542374734660
1379542374735616
1379542374735683
1379542374735815
1379542374735947
1379542374736374
1379542374736486
1379542374736563
1379542374736790
1379542374737036
1379542374737158
1379542374737445
1379542374737679
1379542374737825
1379542374738057
1379542374738117
1379542374738170
1379542374741512
1379542374741758
1379542374741939
1379542374742113
1379542374761037
1379542374762329
1379542374762598
1379542374762738
1379542374763046
1379542374763683
1379542374764003
1379542374764287
1379542374764375
1379542374764581
1379542374764789
1379542374764908
1379542374784320
1379542374784551
1379542374785229
1379542374785447
1379542374785567
1379542374785812
1379542374786042
1379542374786137
1379542374803040
1379542374803601
1379542374803870
1379542374803980
1379542374804621
1379542374805616
1379542374805755
1379542374806253
1379542374807707
1379542374807823
1379542374807980
1379542374808387
1379542374808631
1379542374808744
1379542374827318
1379542374828279
1379542374828547
1379542374828825
1379542374829073
1379542374829166
1379542374829576
1379542374829684
1379542374829796
1379542374830105
1379542374830214
1379542374830309
1379542374830679
1379542374830755
1379542374830824
1379542374831112
1379542374831257
1379542374831568
1379542374831712
1379542374831737
1379542374832120
1379542374832354
1379542374832571
1379542374832669
1379542374844201
1379542374844999
1379542374845352
1379542374845435
1379542374845722
1379542374845837
1379542374846167
1379542374846957
1379542374847316
1379542374847647
1379542374847796
1379542374848013
1379542374848327
1379542374848369
1379542374848498
1379542374848743
1379542374848924
1379542374849192
1379542374849353
1379542374849540
1379542374849678
1379542374849767
1379542374850386
1379542374851302
1379542374851675
1379542374851872
1379542374852081
1379542374852300
1379542374852514
1379542374852793
1379542374852989
1379542374853240
1379542374853543
1379542374853752
1379542374853958
1379542374854049
1379542374871710
1379542374871957
1379542374872190
1379542374872379
1379542374872464
1379542374874609
1379542374875620
1379542374875922
1379542374876153
1379542374876324
1379542374876589
1379542374876778
1379542374876909
1379542374877122
1379542374877437
1379542374877604
1379542374877684
1379542374887632
1379542374888610
1379542374891125
1379542374891242
1379542374891372
1379542374891660
1379542374892141
1379542374892361
1379542374892629
1379542374893014
1379542374893158
1379542374893649
1379542374893837
1379542374893949
1379542374894149
1379542374894398
1379542374894603
1379542374894983
1379542374895265
1379542374895580
1379542374895745
1379542374896007
1379542374896130
1379542374896321
1379542374896455
1379542374896608
1379542374913730
1379542374914436
1379542374915377
1379542374915605
1379542374915835
1379542374916034
1379542374916147
1379542374916362
1379542374916462
1379542374916528
1379542374916718
1379542374916865
1379542374917052
1379542374917215
1379542374919465
1379542374920139
1379542374920354
1379542374920554
1379542374920686
1379542374920763
1379542374933489
1379542374934393
1379542374934673
1379542374934902
1379542374935050
1379542374935235
1379542374935415
1379542374935622
1379542374936009
1379542374936132
1379542374936310
1379542374936608
1379542374936805
1379542374937010
1379542374937135
1379542374937414
1379542374937696
1379542374937882
1379542374938070
1379542374938255
1379542374941612
1379542374941802
1379542374941929
1379542374942115
1379542374942332
1379542374942474
1379542374942561
1379542374943038
1379542374943509
1379542374943765
1379542374943914
1379542374944052
1379542374944230
1379542374944330
1379542374958741
1379542374959547
1379542374960378
1379542374960776
1379542374961069
1379542374961797
1379542374962939
1379542374963219
1379542374963388
1379542374963530
1379542374963765
1379542374963996
1379542374964140
1379542374964387
1379542374964562
1379542374964678
1379542374965040
1379542374965196
1379542374965376
1379542374965570
1379542374965687
1379542374965965
1379542374966099
1379542374966255
1379542374966441
1379542374966552
1379542374966699
1379542374966870
1379542374967275
1379542374967398
1379542374967662
1379542374967815
1379542374982270
1379542374983014
1379542374983252
1379542374983563
1379542374983782
1379542374983932
1379542374984095
1379542374984271
1379542374984424
1379542374984598
1379542374984712
1379542374986561
1379542374988009
1379542374988269
1379542374988462
1379542374988573
1379542374988762
1379542374988922
1379542374989035
1379542374989281
1379542374989400
1379542374989503
1379542374989652
1379542374989864
1379542374990014
1379542375005981
1379542375006235
1379542375006421
1379542375006568
1379542375007116
1379542375008269
1379542375008499
1379542375008614
1379542375009828
1379542375009977
1379542375010089
1379542375010397
1379542375011028
1379542375011185
1379542375011315
1379542375011618
1379542375011755
1379542375012058
1379542375012196
1379542375012311
1379542375026136
1379542375027073
1379542375027333
1379542375027428
1379542375031708
1379542375032415
1379542375032675
1379542375032797
1379542375047353
1379542375058423
1379542375058464
1379542375058578
1379542375060116
1379542375060242
1379542375060354
1379542375060473
1379542375060532
1379542375060614
1379542375060914
1379542375070088
1379542375070273
1379542375074943
1379542375075082
1379542375087078
1379542375111209
1379542375113232
1379542375113413
1379542375113591
1379542375113697
1379542375114042
1379542375114077
1379542375114574
1379542375115010
1379542375115139
1379542375115396
1379542375115574
1379542375115688
1379542375115932
1379542375116262
1379542375116454
1379542375116716
1379542375116945
1379542375117180
1379542375117432
1379542375117650
1379542375117830
1379542375117930
1379542375118179
1379542375118452
1379542375118661
1379542375118895
1379542375119185
1379542375119393
1379542375119579
1379542375119729
1379542375120055
1379542375120297
1379542375120481
1379542375120680
1379542375121046
1379542375121219
1379542375121388
1379542375121601
1379542375121943
1379542375122216
1379542375122461
1379542375122760
1379542375123122
1379542375123315
1379542375123679
1379542375123815
1379542375123888
1379542375124249
1379542375124611
1379542375124907
1379542375125274
1379542375125587
1379542375125899
1379542375126121
1379542375126282
1379542375126371
1379542375153186
1379542375156921
1379542375157063
1379542375157170
1379542375157392
1379542375157495
1379542375158193
1379542375158433
1379542375158891
1379542375159068
1379542375159506
1379542375159833
1379542375160221
1379542375163115
1379542375163340
1379542375163458
1379542375166465
1379542375168343
1379542375168463
1379542375168608
1379542375168711
1379542375168873
1379542375169063
1379542375200345
1379542375200591
1379542375200790
1379542375201121
1379542375201272
1379542375205613
1379542375206421
1379542375206580
1379542375210549
1379542375211517
1379542375211853
1379542375211867
1379542375212034
1379542375212351
1379542375212773
1379542375213197
1379542375213326
1379542375213412
1379542375213525
1379542375213901
1379542375214038
1379542375214130
1379542375214476
1379542375214588
1379542375242819
1379542375243313
1379542375243423
1379542375243750
1379542375244023
1379542375244355
1379542375244627
1379542375244729
1379542375244786
1379542375245123
1379542375245300
1379542375245391
1379542375245544
1379542375245560
1379542375245925
1379542375246144
1379542375246495
1379542375246640
1379542375247029
1379542375247232
1379542375247558
1379542375247833
1379542375248175
1379542375248318
1379542375248538
1379542375248904
1379542375249128
1379542375249308
1379542375249567
1379542375249664
1379542375250244
1379542375250639
1379542375251023
1379542375251257
1379542375251482
1379542375251795
1379542375252035
1379542375252330
1379542375252608
1379542375252878
1379542375253057
1379542375253214
1379542375253307
1379542375254684
1379542375255520
1379542375255795
1379542375256154
1379542375256361
1379542375256524
1379542375256903
1379542375257071
1379542375257174
1379542375285173
1379542375290239
1379542375290353
1379542375290488
1379542375290921
1379542375291233
1379542375291500
1379542375291681
1379542375291933
1379542375292241
1379542375292455
1379542375292717
1379542375292970
1379542375293278
1379542375293500
1379542375293762
1379542375293969
1379542375294195
1379542375294257
1379542375294489
1379542375294657
1379542375294886
1379542375295021
1379542375295788
1379542375296651
1379542375296961
1379542375297144
1379542375297271
1379542375297429
1379542375297610
1379542375299089
1379542375299257
1379542375299445
1379542375299610
1379542375299719
1379542375299819
1379542375299951
1379542375331955
1379542375332150
1379542375332324
1379542375332558
1379542375332771
1379542375332928
1379542375333165
1379542375333292
1379542375333512
1379542375334492
1379542375334744
1379542375334954
1379542375335111
1379542375335152
1379542375335303
1379542375335395
1379542375335501
1379542375336599
1379542375336737
1379542375337402
1379542375341036
1379542375341227
1379542375341321
1379542375341790
1379542375342599
1379542375375206
1379542375375242
1379542375375318
1379542375375617
1379542375375674
1379542375377042
1379542375377845
1379542375378018
1379542375378357
1379542375378847
1379542375379132
1379542375379232
1379542375382776
1379542375383563
1379542375383843
1379542375383859
1379542375384033
1379542375384593
1379542375384789
1379542375384882
1379542375417677
1379542375418945
1379542375419156
1379542375419280
1379542375419384
1379542375419482
1379542375419775
1379542375420021
1379542375420563
1379542375420580
1379542375420657
1379542375420886
1379542375421010
1379542375421257
1379542375421431
1379542375421530
1379542375421686
1379542375421939
1379542375421956
1379542375422062
1379542375422075
1379542375422177
1379542375422302
1379542375422727
1379542375422836
1379542375422940
1379542375423053
1379542375423385
1379542375423532
1379542375423618
1379542375423632
1379542375423781
1379542375426312
1379542375426803
1379542375426921
1379542375427272
1379542375427784
1379542375427946
1379542375428020
1379542375464833
1379542375465880
1379542375465991
1379542375466204
1379542375466525
1379542375466846
1379542375467077
1379542375467447
1379542375467565
1379542375467858
1379542375468207
1379542375468488
1379542375468699
1379542375468897
1379542375469189
1379542375469371
1379542375469601
1379542375469812
1379542375470122
1379542375470639
1379542375471047
1379542375471723
1379542375472468
1379542375472869
1379542375473657
1379542375474246
1379542375474752
1379542375475220
1379542375475798
1379542375476545
1379542375477406
1379542375478208
1379542375478813
1379542375480008
1379542375482063
1379542375482253
1379542375482570
1379542375483076
1379542375483377
1379542375483691
1379542375508748
1379542375509733
1379542375509969
1379542375510279
1379542375510514
1379542375510694
1379542375511011
1379542375511126
1379542375511286
1379542375511470
1379542375511657
1379542375511758
1379542375511976
1379542375512099
1379542375512292
1379542375512491
1379542375512683
1379542375512860
1379542375512983
1379542375513235
1379542375513431
1379542375513567
1379542375513706
1379542375513818
1379542375513976
1379542375514226
1379542375514357
1379542375514627
1379542375514768
1379542375515034
1379542375515211
1379542375515337
1379542375515470
1379542375515607
1379542375515732
1379542375515919
1379542375516204
1379542375516403
1379542375516922
1379542375517110
1379542375517290
1379542375517471
1379542375517634
1379542375552953
1379542375553244
1379542375553609
1379542375553855
1379542375554063
1379542375554246
1379542375554816
1379542375555074
1379542375555403
1379542375555653
1379542375555879
1379542375556128
1379542375556368
1379542375556517
1379542375556795
1379542375557172
1379542375557378
1379542375557822
1379542375558039
1379542375558215
1379542375558384
1379542375558784
1379542375559033
1379542375559247
1379542375559498
1379542375559777
1379542375559950
1379542375560114
1379542375603944
1379542375605429
1379542375606543
1379542375625303
1379542375716437
1379542375716917
1379542375753548
1379542375753636
1379542375753749
1379542375757987
1379542375758295
1379542375758462
1379542375758731
1379542375794977
1379542375795283
1379542375795496
1379542375795837
1379542375796117
1379542375796225
1379542375796445
1379542375796703
1379542375800071
1379542375800176
1379542375800270
1379542375800420
1379542375800526
1379542375800943
1379542376169321
1379542376189682
1379542376229438
1379542376230178
1379542376230530
