1379610836299170
1379610836348845
1379610836348935
1379610836349017
1379610836396288
1379610839699022
1379610839729388
1379610839730394
1379610839827093
1379610839827550
1379610839878444
1379610839879476
1379610840435370
1379610840435704
1379610840531537
1379610840532462
1379610840613528
1379610840625546
1379610840665259
1379610840875833
1379610841072690
1379610841072797
1379610841880044
1379610841898308
1379610841934756
1379610842052389
1379610842094192
1379610842095284
1379610842100424
1379610842159877
1379610842213274
1379610842213366
1379610842219149
1379610842223030
1379610842223412
1379610842223748
1379610842224057
1379610842224350
1379610842224657
1379610842224968
1379610842225269
1379610842225575
1379610842225886
1379610842226191
1379610842226588
1379610842229999
1379610842232734
1379610842235028
1379610842235659
1379610842236998
1379610842237040
1379610842237074
1379610842237142
1379610842238969
1379610842240253
1379610842241084
1379610842242477
1379610842242504
1379610842242558
1379610842243383
1379610842244172
1379610842244486
1379610842247377
1379610842248618
1379610842248648
1379610842249526
1379610842250108
1379610842254163
1379610842255346
1379610842256608
1379610842257311
1379610842257384
1379610842257480
1379610842257747
1379610842257820
1379610842257912
1379610842258055
1379610842258165
1379610842258352
1379610842262365
1379610842266617
1379610842267928
1379610842268021
1379610842268321
1379610842268415
1379610842268772
1379610842273799
1379610842274046
1379610842274379
1379610842274642
1379610842274710
1379610842274935
1379610842275026
1379610842275239
1379610842275617
1379610842275887
1379610842276855
1379610842281570
1379610842281820
1379610842286161
1379610842286376
1379610842287536
1379610842298622
1379610842299130
1379610842300338
1379610842303892
1379610842304246
1379610842304366
1379610842307991
1379610842308228
1379610842308359
1379610842312285
1379610842312297
1379610842312495
1379610842326371
1379610842326962
1379610842346479
1379610842346489
1379610842346723
1379610842346855
1379610842481894
1379610842484126
1379610842485245
1379610842485865
1379610842487758
1379610842488080
1379610842488234
1379610842488493
1379610842488593
1379610842489968
1379610842495145
1379610842495342
1379610842504763
1379610842506537
1379610842506600
1379610842515317
1379610842526761
1379610842527414
1379610842527965
1379610842535001
1379610842539431
1379610842542776
1379610842546946
1379610842547260
1379610842547725
1379610842547942
1379610842548018
1379610842548310
1379610842548380
1379610842548628
1379610842548832
1379610842548895
1379610842550843
1379610842550933
1379610842551107
1379610842551398
1379610842553613
1379610842553797
1379610842557151
1379610842557536
1379610842558293
1379610842558941
1379610842559809
1379610842560085
1379610842561863
1379610842562404
1379610842562659
1379610842563022
1379610842563105
1379610842563188
1379610842563461
1379610842563551
1379610842563623
1379610842563683
1379610842566495
1379610842566570
1379610842568600
1379610842568827
1379610842568862
1379610842568949
1379610842569138
1379610842573153
1379610842573221
1379610842573470
1379610842573572
1379610842573664
1379610842573912
1379610842574021
1379610842574178
1379610842575234
1379610842575453
1379610842575549
1379610842575788
1379610842575878
1379610842575944
1379610842576300
1379610842576370
1379610842583954
1379610842584047
1379610842587983
1379610842588028
1379610842613522
1379610842614037
1379610842615935
1379610842655742
1379610842656140
1379610842657781
1379610842667371
1379610842668420
1379610842668495
1379610842668593
1379610842668716
1379610842669093
1379610842669175
1379610842669443
1379610842669799
1379610842669815
1379610842669902
1379610842680170
1379610842680791
1379610842680969
1379610842681249
1379610842681318
1379610842683153
1379610842683235
1379610842683463
1379610842703215
1379610842703540
1379610842706294
1379610842707005
1379610842707878
1379610842708840
1379610842709620
1379610842710368
1379610842712529
1379610842716490
1379610842716881
1379610842717003
1379610842717305
1379610842718112
1379610842718331
1379610842721526
1379610842721800
1379610842722352
1379610842722705
1379610842722806
1379610842722993
1379610842723223
1379610842723312
1379610842723547
1379610842723648
1379610842723712
1379610842724021
1379610842724111
1379610842724361
1379610842724560
1379610842724582
1379610842725218
1379610842725274
1379610842725561
1379610842725761
1379610842726261
1379610842726347
1379610842726680
1379610842726776
1379610842726842
1379610842727101
1379610842727171
1379610842727262
1379610842727367
1379610842727772
1379610842727845
1379610842727958
1379610842728569
1379610842728715
1379610842729391
1379610842729450
1379610842730423
1379610842730508
1379610842736198
1379610842736474
1379610842738808
1379610842739057
1379610842739349
1379610842739418
1379610842739658
1379610842739820
1379610842740002
1379610842740305
1379610842740459
1379610842740551
1379610842740651
1379610842741187
1379610842741386
1379610842741525
1379610842751054
1379610842753719
1379610842754003
1379610842759292
1379610842759797
1379610842760544
1379610842761380
1379610842762062
1379610842769678
1379610842769831
1379610842770028
1379610842770155
1379610842770223
1379610842770774
1379610842771423
1379610842773532
1379610842775709
1379610842777905
1379610842777935
1379610842777954
1379610842778154
1379610842778380
1379610842778400
1379610842778474
1379610842779736
1379610842779758
1379610842779883
1379610842780125
1379610842782215
1379610842783401
1379610842783844
1379610842785394
1379610842787060
1379610842787147
1379610842787530
1379610842788058
1379610842788377
1379610842788741
1379610842788981
1379610842789156
1379610842791390
1379610842791549
1379610842791809
1379610842792081
1379610842792245
1379610842792433
1379610842794195
1379610842794989
1379610842795731
1379610842795939
1379610842796236
1379610842796663
1379610842799033
1379610842799211
1379610842799622
1379610842799910
1379610842800039
1379610842800481
1379610842802465
1379610842802933
1379610842803196
1379610842803622
1379610842803739
1379610842805109
1379610842807190
1379610842807825
1379610842814980
1379610842816040
1379610842816428
1379610842816862
1379610842818022
1379610842818253
1379610842818875
1379610842820188
1379610842820760
1379610842823255
1379610842823470
1379610842823630
1379610842823672
1379610842824277
1379610842829816
1379610842832772
1379610842838498
1379610842839825
1379610842840111
1379610842840793
1379610842842053
1379610843006268
1379610843012771
1379610843013102
1379610843426750
1379610843476274
1379610843514674
1379610843515751
1379610843589037
1379610845369347
1379610845578789
1379610845587162
1379610845587269
1379610845587604
1379610845591334
1379610845592011
1379610845593331
1379610845595921
1379610845596475
1379610845596658
1379610845600568
1379610845601000
1379610845601354
1379610845601681
1379610845610049
1379610845613935
1379610845624230
1379610845624303
1379610845628642
1379610845628712
1379610845632261
1379610845648547
1379610845697875
1379610845744725
