1379603063632744
1379603063738574
1379603063738651
1379603063739053
1379603064083865
1379603064173975
1379603064185074
1379603064185285
1379603064185496
1379603064261366
1379603064270940
1379603064271282
1379603064271625
1379603064275561
1379603064357092
1379603064357144
1379603064393666
1379603064493849
1379603064493912
1379603064494017
1379603064517936
1379603064581365
1379603064581625
1379603064581880
1379603064582150
1379603064582586
1379603064582667
1379603064617122
1379603064668617
1379603064668841
1379603064669419
1379603064669759
1379603064669867
1379603064670143
1379603064670258
1379603064670362
1379603064670739
1379603064671031
1379603064671102
1379603064757009
1379603064757119
1379603064757404
1379603064757468
1379603064758089
1379603065613366
1379603065616111
1379603065618586
1379603065626669
1379603065716943
1379603065717927
1379603065718004
1379603065718110
1379603065719965
1379603065720055
1379603065720155
1379603065748957
1379603065749087
1379603065804947
1379603065805094
1379603065805175
1379603065807348
1379603065807468
1379603065807565
1379603065807640
1379603065808094
1379603065835760
1379603065835872
1379603065835979
1379603065836077
1379603065836170
1379603065891996
1379603065892268
1379603065895198
1379603065895551
1379603065895788
1379603065896016
1379603065922524
1379603065922777
1379603066367786
1379603066466430
1379603066466512
1379603066467020
1379603066564075
1379603067337708
1379603067391071
1379603067391142
1379603067644559
1379603067746958
1379603067748159
1379603067846290
1379603067846767
1379603067847491
1379603067884436
1379603067886424
