1379705842950520
1379705842962648
1379705842962738
1379705842962895
1379705842973734
1379705842973828
1379705842974096
1379705842974239
1379705842974492
1379705842974555
1379705842974965
1379705842975056
1379705842975259
1379705843046989
1379705843058848
1379705843069731
1379705843083038
1379705843083197
1379705843083428
1379705843083480
1379705843094184
1379705843094326
1379705843094510
1379705843094639
1379705843094936
1379705843095066
1379705843095211
1379705843095549
1379705843095736
1379705843095873
1379705843096026
1379705843096520
1379705843096764
1379705843105808
1379705843106203
1379705843106268
1379705843106502
1379705843106888
1379705843107027
1379705843107931
1379705843108087
1379705843108207
1379705843108331
1379705843108470
1379705843108616
1379705843108854
1379705843109009
1379705843109134
1379705843109277
1379705843109415
1379705843110173
1379705843117271
1379705843117487
1379705843130059
1379705843130210
1379705843130673
1379705843170864
1379705843183171
1379705843183436
1379705843183662
1379705843194352
1379705843194595
1379705843194751
1379705843194991
1379705843206937
1379705843217965
1379705843229684
1379705843240643
1379705843252935
1379705843253045
1379705843253384
1379705843290914
1379705843302475
1379705843342892
1379705843348676
1379705843400861
1379705843416268
1379705843428724
1379705843439653
1379705843451627
1379705843453634
1379705843490964
1379705843502822
1379705843513807
1379705843526247
1379705843526425
1379705843526669
1379705843537489
1379705843537654
1379705843537724
1379705843538007
1379705843538150
1379705843538234
1379705843538418
1379705843538888
1379705843539161
1379705843551501
1379705843551765
1379705843552015
1379705843562900
1379705843563081
1379705843563157
1379705843563422
1379705843563571
1379705843563751
1379705843563897
1379705843564267
1379705843564436
1379705843564681
1379705843564753
1379705843564902
1379705843565441
1379705843574782
1379705843575002
1379705843577297
1379705843577456
1379705843577734
1379705843578039
1379705843578092
1379705843578435
1379705843578516
1379705843588516
1379705843588653
1379705843588933
1379705843589022
1379705843589127
1379705843589379
1379705843589574
1379705843589919
1379705843590107
1379705843590204
1379705843590699
1379705843591412
1379705843591567
1379705843592547
1379705843592639
1379705843592735
1379705843592812
1379705843593133
1379705843593226
1379705843593330
1379705843600036
1379705843600350
1379705843600573
1379705843600925
1379705843601544
1379705843604347
1379705843604433
1379705843604733
1379705843605009
1379705843605343
1379705843605588
1379705843605998
1379705843606094
1379705843606394
1379705843606507
1379705843606852
1379705843606940
1379705843607012
1379705843607111
1379705843613746
1379705843616839
1379705843618612
1379705843618816
1379705843618922
1379705843619147
1379705843619259
1379705843619337
1379705843619730
1379705843619864
1379705843619970
1379705843620045
1379705843620544
1379705843620732
1379705843621026
1379705843621269
1379705843621534
1379705843621766
1379705843621939
1379705843629340
1379705843629613
1379705843631172
1379705843631461
1379705843631666
1379705843631834
1379705843632062
1379705843632294
1379705843632583
1379705843632800
1379705843632964
1379705843633140
1379705843633345
1379705843633544
1379705843633765
1379705843633941
1379705843634163
1379705843634363
1379705843634615
1379705843634821
1379705843635053
1379705843635249
1379705843635460
1379705843635707
1379705843635954
1379705843636223
1379705843636428
1379705843636553
1379705843636837
1379705843636992
1379705843637162
1379705843637356
1379705843640378
1379705843640541
1379705843640744
1379705843642567
1379705843642790
1379705843643459
1379705843682278
1379705843682286
1379705843682494
1379705843727496
1379705843729579
1379705843732283
1379705843936207
1379705843974488
1379705843974590
1379705843974891
1379705844009220
1379705844048418
1379705844075907
1379705844076211
1379705844095526
1379705844134000
1379705844135060
1379705844170993
1379705844171430
1379705844211233
