1379394401517438
1379394401612379
1379394401612741
1379394401612825
1379394401616686
1379394401618727
1379394401618806
1379394401618902
1379394401619239
1379394401619361
1379394401619442
1379394401619704
1379394401619891
1379394401622834
1379394401622912
1379394401623588
1379394401624036
1379394401624115
1379394401624341
1379394401624539
1379394401624600
1379394401624803
1379394401713899
1379394401719413
1379394401719764
1379394401756352
1379394401761902
1379394401800269
1379394401800482
1379394401805744
1379394401806541
1379394401806751
1379394401806989
1379394401810783
1379394401810894
1379394401811075
1379394401811242
1379394401811301
1379394401811580
1379394401811766
1379394401811920
1379394401812352
1379394401812530
1379394401812674
1379394401812794
1379394401813073
1379394401813526
1379394401818296
1379394401818474
1379394401818566
1379394401818638
1379394401818696
1379394401818796
1379394401819067
1379394401819217
1379394401819374
1379394401819482
1379394401820275
1379394401823649
1379394401824323
1379394401828488
1379394401831657
1379394401831737
1379394401832049
1379394401834542
1379394401834745
1379394401834827
1379394401835935
1379394401836047
1379394401836151
1379394401836382
1379394401836539
1379394401836716
1379394401836806
1379394401837096
1379394401837677
1379394401837745
1379394401838243
1379394401840964
1379394401841042
1379394401841122
1379394401841441
1379394401841508
1379394401841698
1379394401841867
1379394401841926
1379394401842326
1379394401844878
1379394401844956
1379394401845029
1379394401845412
1379394401845756
1379394401849012
1379394401849330
1379394401849599
1379394401849828
1379394401849983
1379394401850340
1379394401850485
1379394401850568
1379394401850868
1379394401851570
1379394401851724
1379394401853453
1379394401853683
1379394401853934
1379394401854458
1379394401862151
1379394401862404
1379394401862668
1379394401866451
1379394401866619
1379394401866694
1379394401867044
1379394401870238
1379394401872614
1379394401872770
1379394401872984
1379394401873098
1379394401873964
1379394401876831
1379394401877000
1379394401877313
1379394401877627
1379394401877812
1379394401877903
1379394401878272
1379394401878437
1379394401878595
1379394401878933
1379394401879645
1379394401880516
1379394401880688
1379394401880869
1379394401880995
1379394401881737
1379394401881962
1379394401882332
1379394401882526
1379394401882934
1379394401883640
1379394401883766
1379394401884058
1379394401884279
1379394401884408
1379394401884769
1379394401884974
1379394401885093
1379394401885331
1379394401885465
1379394401885644
1379394401885724
1379394401886082
1379394401886226
1379394401886449
1379394401886965
1379394401887308
1379394401887433
1379394401888138
1379394401888329
1379394401888507
1379394401888678
1379394401888833
1379394401889041
1379394401889133
1379394401891029
1379394401891343
1379394401891856
1379394401892199
1379394401892947
1379394401893333
1379394401893634
1379394401894017
1379394401894224
1379394401894621
1379394401894879
1379394401895119
1379394401895271
1379394401895984
1379394401896145
1379394401896373
1379394401896677
1379394401896778
1379394401896996
1379394401897169
1379394401898366
1379394401898495
1379394401898688
1379394401898876
1379394401899048
1379394401899251
1379394401899378
1379394401899627
1379394401899790
1379394401899891
1379394401900147
1379394401900319
1379394401900647
1379394401900829
1379394401901357
1379394401904305
1379394401904408
1379394401904664
1379394401904767
1379394401906657
1379394401907166
1379394401907358
1379394401907502
1379394401907658
1379394401907801
1379394401908149
1379394401908308
1379394401908525
1379394401908725
1379394401908912
1379394401909064
1379394401909239
1379394401909291
1379394401909380
1379394401913482
1379394401913735
1379394401913758
1379394401914037
1379394401914246
1379394401914438
1379394401914851
1379394401915057
1379394401915214
1379394401915320
1379394401915759
1379394401916065
1379394401916225
1379394401916384
1379394401916542
1379394401916656
1379394401916788
1379394401927025
1379394401927172
1379394401927365
1379394401935189
1379394401935199
1379394401935345
1379394401935525
1379394401945431
1379394401945521
1379394401945754
1379394401945881
1379394401946025
1379394401946252
1379394401946384
1379394401946594
1379394401946740
1379394401946988
1379394401947133
1379394401947266
1379394401947474
1379394401947631
1379394401947843
1379394401953781
1379394401953949
1379394401954166
1379394401954314
1379394401954531
1379394401954705
1379394401954917
1379394401955054
1379394401955176
1379394401956860
1379394401957615
1379394401957779
1379394401957947
1379394401958168
1379394401958187
1379394401958193
1379394401958606
1379394401959608
1379394401959654
1379394401959840
1379394401959938
1379394401960021
1379394401960943
1379394401961308
1379394401961653
1379394401962019
1379394401962162
1379394401962331
1379394401962476
1379394401962617
1379394401962832
1379394401962976
1379394401963157
1379394401963287
1379394401963388
1379394401964500
1379394401964739
1379394401964881
1379394401964982
1379394401968028
1379394401968190
1379394401968335
1379394401968449
1379394401968599
1379394401968798
1379394401968962
1379394401969167
1379394401969317
1379394401969418
1379394401971950
1379394401972168
1379394401972455
1379394401973347
1379394401976469
1379394401976717
1379394401976741
1379394401978060
1379394401978066
1379394401978076
1379394401978297
1379394401978311
1379394401978463
1379394401978582
1379394401978815
1379394401979033
1379394401979266
1379394401979379
1379394401979692
1379394401985582
1379394401985867
1379394402024285
1379394402024489
1379394402030266
1379394402030348
1379394402030580
1379394402030680
1379394402034177
1379394402034389
1379394402034749
1379394402040336
1379394402040535
1379394402041430
1379394402044435
1379394402044605
1379394402044708
1379394402044855
1379394402045065
1379394402045219
1379394402045518
1379394402048749
1379394402048980
1379394402054277
1379394402054531
1379394402054856
1379394402060230
1379394402060381
1379394402060602
1379394402060677
1379394402064310
1379394402064582
1379394402064727
1379394402064943
1379394402065300
1379394402065445
1379394402065595
1379394402065978
1379394402066207
1379394402066341
1379394402066372
1379394402066620
1379394402069032
1379394402069352
1379394402069578
1379394402069883
1379394402070435
1379394402070768
1379394402070915
1379394402072574
1379394402072732
1379394402072871
1379394402076647
1379394402077062
1379394402099622
1379394402099734
1379394402099986
1379394402100096
1379394402103735
1379394402103889
1379394402104080
1379394402104238
1379394402104542
1379394402104701
1379394402104812
1379394402106205
1379394402106455
1379394402106747
1379394402107126
1379394402107439
1379394402108499
1379394402108809
1379394402109819
1379394402110114
1379394402110287
1379394402110412
1379394402110684
1379394402110794
1379394402111087
1379394402111530
1379394402111716
1379394402113058
1379394402113486
1379394402113747
1379394402118920
1379394402119023
1379394402119409
1379394402160410
1379394402168193
1379394402168438
1379394402182202
1379394402182375
1379394402182489
1379394402184600
1379394402185057
1379394402185597
1379394402185786
1379394402185917
1379394402186536
1379394402186684
1379394402187313
1379394402188158
1379394402188340
1379394402188532
1379394402188718
1379394402188881
1379394402189101
1379394402189295
1379394402189401
1379394402189546
1379394402190620
1379394402190740
1379394402191100
1379394402192589
1379394402194507
1379394402194640
1379394402195000
1379394402195363
1379394402195677
1379394402195816
1379394402196268
1379394402196592
1379394402196703
1379394402197328
1379394402197452
1379394402198162
1379394402198480
1379394402198609
1379394402198795
1379394402198834
1379394402199436
1379394402199600
1379394402199754
1379394402201673
1379394402201783
1379394402201930
1379394402203576
1379394402203831
1379394402203985
1379394402204039
1379394402204190
1379394402204215
1379394402204256
1379394402204304
1379394402204626
1379394402204880
1379394402205087
1379394402207223
1379394402207509
1379394402207780
1379394402207966
1379394402208156
1379394402208368
1379394402208509
1379394402208706
1379394402208825
1379394402210541
1379394402210763
1379394402210994
1379394402211136
1379394402211315
1379394402211569
1379394402211748
1379394402211966
1379394402212038
1379394402212140
1379394402212255
1379394402215204
1379394402215295
1379394402215424
1379394402215479
1379394402215878
1379394402215936
1379394402216046
1379394402216193
1379394402216257
1379394402216304
1379394402216394
1379394402216495
1379394402216527
1379394402216614
1379394402216823
1379394402216864
1379394402216909
1379394402217206
1379394402217471
1379394402217517
1379394402217638
1379394402218382
1379394402218732
1379394402218885
1379394402219026
1379394402219173
1379394402219434
1379394402219638
1379394402219775
1379394402219936
1379394402220144
1379394402220295
1379394402221489
1379394402221656
1379394402221854
1379394402222012
1379394402222299
1379394402222479
1379394402222605
1379394402222818
1379394402223032
1379394402223139
1379394402223296
1379394402223541
1379394402223690
1379394402223897
1379394402224073
1379394402225987
1379394402228537
1379394402228768
1379394402229133
1379394402229283
1379394402229488
1379394402229658
1379394402229780
1379394402229938
1379394402230232
1379394402230311
1379394402230435
1379394402230686
1379394402230843
1379394402231367
1379394402231532
1379394402231696
1379394402231801
1379394402232061
1379394402232261
1379394402232465
1379394402232618
1379394402232742
1379394402233092
1379394402233164
1379394402233331
1379394402233494
1379394402233827
1379394402233911
1379394402233917
1379394402234127
1379394402234255
1379394402234760
1379394402235429
1379394402235533
1379394402240267
1379394402240288
1379394402240310
1379394402240495
1379394402240873
1379394402240883
1379394402284524
1379394402284880
1379394402435303
1379394402439326
1379394402439572
1379394402441224
1379394402442176
1379394402443277
1379394402443556
1379394402443737
1379394402445266
1379394402448994
1379394402449030
1379394402449122
1379394402453134
1379394402453382
1379394402453574
1379394402453652
1379394402453924
1379394402454027
1379394405236053
1379394405236142
1379394405242603
1379394405242776
1379394405243179
1379394405243280
1379394405243532
1379394405243630
1379394405244200
1379394405247475
1379394405247540
1379394405247591
1379394405247646
1379394405247695
1379394405247748
1379394405247798
1379394405254256
1379394405254560
1379394405254680
1379394405254760
1379394405254851
1379394405255153
1379394405255378
1379394405255462
1379394405256194
1379394405256395
1379394405256494
1379394405257057
1379394405257296
1379394405257548
1379394405258531
1379394405258784
1379394405258824
1379394405258911
1379394405259025
1379394405259132
1379394405259484
1379394405259607
1379394405259857
1379394405259965
1379394405260065
1379394405260190
1379394405260504
1379394405260616
1379394405261873
1379394405262105
1379394405262187
1379394405262297
1379394405262418
1379394405262537
1379394405263119
1379394405263241
1379394405263826
1379394405263906
1379394405263968
1379394405264018
1379394405264069
1379394405264130
1379394405264180
1379394405264229
1379394405264279
1379394405264329
1379394405264378
1379394405264429
1379394405264688
1379394405264758
1379394405264947
1379394405265000
1379394405265060
1379394405265130
1379394405265182
1379394405265234
1379394405265290
1379394405265439
1379394405266277
1379394405266393
1379394405266522
1379394405267109
1379394405271034
1379394405271748
1379394405271824
1379394405271910
1379394405272094
1379394405272234
1379394405272428
1379394405272596
1379394405272788
1379394405273672
1379394405274490
1379394405274660
1379394405274875
1379394405275121
1379394405275246
1379394405276362
1379394405276589
1379394405276836
1379394405277083
1379394405277318
1379394405277437
1379394405277577
1379394405277727
1379394405277863
1379394405278019
1379394405278212
1379394405278300
1379394405278393
1379394405278543
1379394405278694
1379394405278842
1379394405279094
1379394405279931
1379394405280191
1379394405280431
1379394405280554
1379394405280870
1379394405281133
1379394405281434
1379394405281547
1379394405281734
1379394405281817
1379394405281908
1379394405282057
1379394405282151
1379394405282268
1379394405285062
1379394405285220
1379394405285370
1379394405285579
1379394405286083
1379394405286229
1379394405286392
1379394405286571
1379394405286693
1379394405286958
1379394405288622
1379394405288768
1379394405288983
1379394405289094
1379394405289382
1379394405289477
1379394405289567
1379394405289802
1379394405289946
1379394405290049
1379394405290199
1379394405290871
1379394405291094
1379394405291390
1379394405292513
1379394405293122
1379394405293456
1379394405293500
1379394405293573
1379394405293701
1379394405295796
1379394405296090
1379394405296491
1379394405296630
1379394405296745
1379394405297451
1379394405297638
1379394405297785
1379394405297917
1379394405298043
1379394405298139
1379394405299605
1379394405301219
1379394405301362
1379394405302409
1379394405302558
1379394405302718
1379394405302819
1379394405302963
1379394405303129
1379394405303503
1379394405303672
1379394405303815
1379394405303848
1379394405304789
1379394405305018
1379394405305167
1379394405305393
1379394405306182
1379394405306291
1379394405306447
1379394405306602
1379394405306735
1379394405306846
1379394405307602
1379394405309694
1379394405309764
1379394405309851
1379394405310015
1379394405312328
1379394405314503
1379394405314755
1379394405318973
1379394405323220
1379394405323406
1379394405323531
1379394405327302
1379394405327602
1379394405327746
1379394405327961
1379394405328110
1379394405331612
1379394405344192
1379394405344301
1379394405364043
1379394405364051
1379394405374486
1379394405374622
1379394405374692
1379394405374779
1379394405374880
1379394405374886
1379394405376466
1379394405376636
1379394405377040
1379394405377255
1379394405378665
1379394405379061
1379394405382817
1379394405383197
1379394405383465
1379394405383625
1379394405383846
1379394405384207
1379394405384504
1379394405384664
1379394405384875
1379394405385102
1379394405385485
1379394405385553
1379394405385641
1379394405385749
1379394405385878
1379394405386028
1379394405389990
1379394405392682
1379394405392841
1379394405392954
1379394405393112
1379394405397804
1379394405398158
1379394405398211
1379394405398261
1379394405398311
1379394405399153
1379394405400989
1379394405401056
1379394405401461
1379394405401596
1379394405404640
1379394405404780
1379394405409863
1379394405410400
1379394405410636
1379394405410894
1379394405411994
1379394405412172
1379394405412284
1379394405416129
1379394405416286
1379394405416398
1379394405417084
1379394405418007
1379394405418191
1379394405418398
1379394405418437
1379394405418665
1379394405418823
1379394405419297
1379394405419734
1379394405420032
1379394405420162
1379394405421776
1379394405421942
1379394405422075
1379394405422224
1379394405422354
1379394405423120
1379394405424219
1379394405425862
1379394405426238
1379394405431047
1379394405431922
1379394405432285
1379394405436847
1379394405438279
1379394405438426
1379394405442654
1379394405442901
1379394405443150
1379394405452275
1379394405452425
1379394405452624
1379394405452808
1379394405453089
1379394405453259
1379394405453550
1379394405457104
1379394405457363
1379394405457506
1379394405457658
1379394405457875
1379394405458045
1379394405461342
1379394405461956
1379394405462029
1379394405462126
1379394405478278
1379394405478438
1379394405480898
1379394405482297
1379394405482504
1379394405483460
1379394405483785
1379394405483847
1379394405486167
1379394405486311
1379394405486475
1379394405486674
1379394405486828
1379394405488280
1379394405488405
1379394405488571
1379394405490805
1379394405491019
1379394405491159
1379394405491293
1379394405492675
1379394405492824
1379394405492992
1379394405493114
1379394405496693
1379394405496869
1379394405505083
1379394405505228
1379394405505963
1379394405509016
1379394405509159
1379394405509283
1379394405509426
1379394405511007
1379394405511154
1379394405516270
1379394405516432
1379394405516592
1379394405516722
1379394405518024
1379394405522757
1379394405523492
1379394405523640
1379394405525679
1379394405525836
1379394405525992
1379394405526143
1379394405528778
1379394405528916
1379394405529030
1379394405530021
1379394405530171
1379394405530409
1379394405530554
1379394405531819
1379394405548512
1379394405548530
1379394405548776
1379394405548915
1379394405568211
1379394405581509
1379394405581558
1379394405581600
1379394405581721
1379394405581869
1379394405581912
1379394405581966
1379394405582213
1379394405590563
1379394405590708
1379394405591021
1379394405591363
1379394405591751
1379394405591981
1379394405592104
1379394405592525
1379394405592802
1379394405593036
1379394405593286
1379394405593417
1379394405593980
1379394405594102
1379394405594373
1379394405594516
1379394405594753
1379394405595024
1379394405595174
1379394405595315
1379394405595555
1379394405596419
1379394405596703
1379394405596855
1379394405597009
1379394405597489
1379394405597763
1379394405598032
1379394405598120
1379394405598388
1379394405598511
1379394405598623
1379394405598778
1379394405600000
1379394405600154
1379394405602765
1379394405602937
1379394405604544
1379394405604778
1379394405604969
1379394405605137
1379394405605280
1379394405605433
1379394405605605
1379394405606195
1379394405607456
1379394405607479
1379394405607736
1379394405607964
1379394405608199
1379394405612912
1379394405620400
1379394405620642
1379394405621740
1379394405621963
1379394405628481
1379394405638353
1379394405638772
1379394405638927
1379394405642264
1379394405642446
1379394405642746
1379394405642831
1379394405642974
1379394405643344
1379394405643474
1379394405643618
1379394405646868
1379394405651350
1379394405651507
1379394405654309
1379394405654429
1379394405654591
1379394405654864
1379394405660175
1379394405666874
1379394405667255
1379394405667401
1379394405668907
1379394405670635
1379394405670844
1379394405672903
1379394405673254
1379394405673562
1379394405674630
1379394405675029
1379394405675312
1379394405676917
1379394405677078
1379394405677215
1379394405677330
1379394405678289
1379394405679386
1379394405679537
1379394405679689
1379394405679995
1379394405680706
1379394405683537
1379394405683839
1379394405683975
1379394405684124
1379394405684229
1379394405684441
1379394405684588
1379394405685041
1379394405685174
1379394405685304
1379394405685642
1379394405686094
1379394405686708
1379394405686914
1379394405687054
1379394405689110
1379394405689247
1379394405689398
1379394405692265
1379394405692537
1379394405692597
1379394405692655
1379394405692702
1379394405692751
1379394405692978
1379394405693028
1379394405693210
1379394405693265
1379394405693317
1379394405693368
1379394405693420
1379394405693475
1379394405693526
1379394405693607
1379394405693659
1379394405694391
1379394405694779
1379394405697284
1379394405697420
1379394405700686
1379394405700982
1379394405701133
1379394405701303
1379394405701478
1379394405701675
1379394405701878
1379394405702546
1379394405703005
1379394405703157
1379394405703392
1379394405703526
1379394405703787
1379394405703882
1379394405704098
1379394405704174
1379394405704360
1379394405704591
1379394405704852
1379394405704960
1379394405705116
1379394405705299
1379394405705456
1379394405706339
1379394405706464
1379394405706730
1379394405706990
1379394405707148
1379394405707352
1379394405707500
1379394405707689
1379394405707941
1379394405708114
1379394405708272
1379394405708570
1379394405708703
1379394405708781
1379394405710452
1379394405710740
1379394405710921
1379394405711240
1379394405711415
1379394405711543
1379394405711788
1379394405712067
1379394405712157
1379394405712220
1379394405712438
1379394405712779
1379394405712920
1379394405712988
1379394405713262
1379394405713399
1379394405713685
1379394405713890
1379394405714044
1379394405714239
1379394405714373
1379394405714485
1379394405714657
1379394405714918
1379394405715166
1379394405715403
1379394405715583
1379394405715814
1379394405715940
1379394405716193
1379394405716461
1379394405716561
1379394405716703
1379394405719070
1379394405719305
1379394405719493
1379394405719656
1379394405719868
1379394405719965
1379394405720648
1379394405720738
1379394405720919
1379394405721130
1379394405722061
1379394405722187
1379394405722471
1379394405722789
1379394405722943
1379394405723215
1379394405723347
1379394405723484
1379394405725201
1379394405725848
1379394405725912
1379394405725971
1379394405726051
1379394405726254
1379394405731561
1379394405731834
1379394405732029
1379394405732271
1379394405732565
1379394405732783
1379394405732976
1379394405733265
1379394405733476
1379394405733665
1379394405733906
1379394405734091
1379394405734336
1379394405734548
1379394405734794
1379394405735845
1379394405739784
1379394405743851
1379394405747900
1379394405749877
1379394405753440
1379394405753596
1379394405796222
1379394405803996
1379394405804089
1379394405804211
1379394405804330
1379394405804442
1379394405804730
1379394405804834
1379394405804955
1379394405805405
1379394405805527
1379394405808589
1379394405873935
1379394405873949
1379394405874063
1379394405874083
1379394405874102
1379394405874119
1379394405874199
1379394405874214
1379394405874229
1379394405888393
1379394405904364
1379394405914876
1379394405916915
1379394405917088
1379394405917249
1379394405917399
1379394405918782
1379394405919000
1379394405920163
1379394405920333
1379394405922765
1379394405923022
1379394405923902
1379394405926991
1379394405928665
1379394405928771
1379394405929049
1379394405929163
1379394405929402
1379394405929637
1379394405929891
1379394405930094
1379394405930260
1379394405930723
1379394405938140
1379394405938319
1379394405938463
1379394405963749
1379394405963967
1379394405964133
1379394405967995
1379394405968149
1379394405968367
1379394405972568
1379394405972862
1379394405973724
1379394406026177
1379394406026184
1379394407114782
1379394407157475
1379394407270917
1379394407275755
1379394407385111
1379394407386932
1379394407389800
1379394407390661
1379394407390998
1379394407391282
1379394407391528
1379394407391713
1379394407391920
1379394407392112
1379394407392208
1379394407392415
1379394407392983
1379394407394920
1379394407395213
1379394407395641
1379394407395882
1379394407396797
1379394407397085
1379394407397237
1379394407397509
1379394407397736
1379394407397898
1379394407398395
1379394407398611
1379394407398741
1379394407399048
1379394407399156
1379394407399539
1379394407399690
1379394407399863
1379394407400003
1379394407400374
1379394407400519
1379394407402179
1379394407404890
1379394407404945
1379394407404986
1379394407405028
1379394407406521
1379394407410431
1379394407410762
1379394407411285
1379394407411905
1379394407412173
1379394407413000
1379394407417326
1379394407417482
1379394407417554
1379394407417625
1379394407417790
1379394407417867
1379394407417870
1379394407432468
1379394407432691
1379394407446133
1379394407446426
1379394407446550
1379394407446591
1379394407447306
1379394407447571
1379394407447962
1379394407448212
1379394407448514
1379394407455295
1379394407455747
1379394407456329
1379394407460537
1379394407460706
1379394407461065
1379394407461165
1379394407463186
1379394407463356
1379394407463526
1379394407466578
1379394407466970
1379394407467229
1379394407484400
1379394407484597
1379394407488402
1379394407488706
1379394407494172
1379394407533004
1379394407533235
1379394407538904
1379394407539152
1379394407544436
1379394407544634
1379394407544692
1379394407544750
1379394407546201
1379394407549977
1379394407552025
1379394407552377
1379394407552622
1379394407552826
1379394407553008
1379394407553430
1379394407553660
1379394407553841
1379394407554235
1379394407554498
1379394407554685
1379394407554898
1379394407555150
1379394407555356
1379394407555519
1379394407555854
1379394407556117
1379394407556353
1379394407556613
1379394407556885
1379394407557164
1379394407557327
1379394407557542
1379394407557764
1379394407558029
1379394407558310
1379394407558503
1379394407558781
1379394407559032
1379394407559288
1379394407559512
1379394407559774
1379394407560011
1379394407560261
1379394407560505
1379394407560712
1379394407560934
1379394407561217
1379394407561466
1379394407561717
1379394407562002
1379394407562529
1379394407562622
1379394407562829
1379394407563200
1379394407563349
1379394407563822
1379394407564156
1379394407564418
1379394407564641
1379394407564882
1379394407565122
1379394407566720
1379394407567008
1379394407567192
1379394407567421
1379394407567596
1379394407570762
1379394407570980
1379394407571125
1379394407571830
1379394407572073
1379394407572345
1379394407572622
1379394407572901
1379394407573191
1379394407573328
1379394407574714
1379394407575305
1379394407575720
1379394407575987
1379394407576248
1379394407576502
1379394407576662
1379394407577129
1379394407577542
1379394407577717
1379394407577946
1379394407578096
1379394407578316
1379394407578609
1379394407578806
1379394407579017
1379394407579356
1379394407579542
1379394407579793
1379394407580033
1379394407580173
1379394407580395
1379394407580577
1379394407580866
1379394407581078
1379394407581353
1379394407581575
1379394407581853
1379394407582123
1379394407582380
1379394407582567
1379394407582779
1379394407583037
1379394407583286
1379394407583495
1379394407583708
1379394407583846
1379394407584263
1379394407584584
1379394407584687
1379394407584941
1379394407585087
1379394407585203
1379394407624619
1379394407624628
1379394407624840
1379394407644085
1379394407652345
1379394407655638
1379394407660760
1379394407660941
1379394407665933
1379394407676626
1379394407681861
1379394407770820
1379394407770982
1379394407771238
1379394407771466
1379394407771615
1379394407771784
1379394407775431
1379394407775736
1379394407775879
1379394407776064
1379394407776296
1379394407776412
1379394407776789
1379394407779906
1379394407780280
1379394407780420
1379394407780730
1379394407780904
1379394407781176
1379394407781337
1379394407781477
1379394407783791
1379394407784496
1379394407784799
1379394407785083
1379394407785329
1379394407785768
1379394407786026
1379394407786148
1379394407786353
1379394407788970
1379394407789191
1379394407789656
1379394407790088
1379394407792234
1379394407792384
1379394407792550
1379394407793113
1379394407793288
1379394407793430
1379394407794005
1379394407794341
1379394407794759
1379394407794895
1379394407795541
1379394407795730
1379394407799576
1379394407799766
1379394407799926
1379394407800089
1379394407800269
1379394407800419
1379394407805279
1379394407805381
1379394407805623
1379394407805841
1379394407806068
1379394407806201
1379394407808731
1379394407808917
1379394407809112
1379394407809260
1379394407809418
1379394407809726
1379394407809917
1379394407810086
1379394407822935
1379394407830880
1379394407831039
1379394407831227
1379394407835020
1379394407835201
1379394407835431
1379394407835642
1379394407835762
1379394407839448
1379394407839645
1379394407839834
1379394407840032
1379394407840152
1379394407840356
1379394407840501
1379394407840834
1379394407840974
1379394407841203
1379394407841312
1379394407841702
1379394407844024
1379394407844283
1379394407844545
1379394407844814
1379394407845316
1379394407879964
1379394408129531
1379394408131321
1379394408133034
1379394408134677
1379394408135075
1379394408135408
1379394408136984
1379394408138710
1379394408140349
1379394408140951
1379394408140984
1379394408141081
1379394408141296
1379394408141386
1379394408143322
1379394408143476
1379394408145539
1379394408145631
1379394408145830
1379394408145843
1379394408145943
1379394408145999
1379394408146459
1379394408146817
1379394408148576
1379394408150289
1379394408151520
1379394408151748
1379394408151998
1379394408152432
1379394408152540
1379394408153354
1379394408155330
1379394408156847
1379394408157237
1379394408157613
1379394408157713
1379394408158149
1379394408159065
1379394408159523
1379394408161404
1379394408162298
1379394408162396
1379394408162522
1379394408162665
1379394408164199
1379394408164298
1379394408164672
1379394408165303
1379394408166944
1379394408167064
1379394408167189
1379394408167297
1379394408167739
1379394408169497
1379394408170620
1379394408171430
1379394408171631
1379394408173200
1379394408174915
1379394408175120
1379394408175437
1379394408176354
1379394408176864
1379394408177186
1379394408177288
1379394408177624
1379394408177773
1379394408177974
1379394408178807
1379394408180641
1379394408180775
1379394408181161
1379394408182822
1379394408183514
1379394408183908
1379394408185804
1379394408186533
1379394408186621
1379394408187148
1379394408187265
1379394408187588
1379394408187678
1379394408188156
1379394408188493
1379394408188666
1379394408189074
1379394408189327
1379394408190312
1379394408191703
1379394408191823
1379394408192080
1379394408192216
1379394408195189
1379394408195370
1379394408369714
1379394408372256
1379394408377033
1379394408380880
1379394408384621
1379394408388403
1379394408407158
1379394408523165
1379394408636483
1379394409453077
1379394409454994
1379394409456970
1379394409458486
1379394409458745
1379394409460486
1379394409461003
1379394409466001
1379394409466048
1379394409466158
1379394409466181
1379394409508816
1379394409508884
1379394409509028
1379394409509652
1379394409510058
1379394409511473
1379394409511643
1379394409511975
1379394409514424
1379394409514961
1379394409515435
1379394409516067
1379394409518057
1379394409518089
1379394409518310
1379394409523449
1379394409523760
1379394409531685
1379394409531813
1379394409627384
1379394409635127
1379394409635255
1379394409635535
1379394409635645
1379394409635784
1379394409635916
1379394409636055
1379394409636185
1379394409636479
1379394409639933
1379394409640187
1379394409640294
1379394409640411
1379394409640527
1379394409640815
1379394409640921
1379394409641040
1379394409641391
1379394409641506
1379394409641647
1379394409641756
1379394409644484
1379394409644687
1379394409644976
1379394409645255
1379394409645623
1379394409645738
1379394409645859
1379394409645980
1379394409646283
1379394409646429
1379394409646814
1379394409646987
1379394409647084
1379394409648783
1379394409649009
1379394409649627
1379394409649917
1379394409650458
1379394409650800
1379394409651169
1379394409651364
1379394409651609
1379394409651804
1379394409651954
1379394409652195
1379394409653130
1379394409653416
1379394409654345
1379394409654600
1379394409655630
1379394409655813
1379394409656002
1379394409656155
1379394409656320
1379394409656460
1379394409658535
1379394409658553
1379394409661752
1379394409663171
1379394409665905
1379394409670847
1379394409801607
1379394409802239
1379394409916508
1379394410035638
1379394410040832
1379394410040847
1379394410043386
1379394410049452
1379394410054630
1379394410059463
1379394410230971
1379394410236679
1379394410236780
1379394410237099
1379394410237215
1379394410237340
1379394410237452
1379394410237796
1379394410238018
1379394410241276
1379394410241710
1379394410241854
1379394410242262
1379394410242365
1379394410242501
1379394410242590
1379394410242863
1379394410243039
1379394410243156
1379394410243272
1379394410243385
1379394410243807
1379394410243920
1379394410244536
1379394410246152
1379394410246365
1379394410246540
1379394410248967
1379394410253072
1379394410257065
1379394410261326
1379394410265076
1379394410341281
1379394410344641
1379394410344649
1379394410590818
1379394410596191
