1379617533744564
1379617533752070
1379617533752173
1379617533752276
1379617533752663
1379617533756562
1379617533756624
1379617533756732
1379617533757002
1379617533757107
1379617533757438
1379617533757516
1379617533757849
1379617533757964
1379617533758217
1379617533758296
1379617533758703
1379617533761138
1379617533761485
1379617533761730
1379617533761960
1379617533762062
1379617533762343
1379617533762447
1379617533762677
1379617533762964
1379617533763148
1379617533763604
1379617533763756
1379617533834940
1379617533835169
1379617533876463
1379617533890094
1379617533901173
1379617533914342
1379617533939993
1379617533940286
1379617533944087
1379617533949695
1379617533950385
1379617533950720
1379617533950784
1379617533953943
1379617533954695
1379617533955031
1379617533955108
1379617533955345
1379617533956594
1379617533957130
1379617533957255
1379617533957332
1379617533957601
1379617533958491
1379617533958860
1379617533959030
1379617533959857
1379617533962209
1379617533962345
1379617533962431
1379617533962683
1379617533965379
1379617533965508
1379617533965915
1379617533966148
1379617533966261
1379617533966824
1379617533967647
1379617533981050
1379617533981165
1379617533984022
1379617533984626
1379617533984879
1379617533984980
1379617533988955
1379617533989057
1379617534025817
1379617534051422
1379617534051482
1379617534089560
1379617534089794
1379617534116073
1379617534116134
1379617534157644
1379617534183229
1379617534183379
1379617534225618
1379617534251183
1379617534251339
1379617534289595
1379617534315403
1379617534315472
1379617534353657
1379617534378932
1379617534379018
1379617534417670
1379617534417819
1379617534443754
1379617534443919
1379617534444205
1379617534481474
1379617534481805
1379617534508730
1379617534508821
1379617534550277
1379617534575724
1379617534575915
1379617534599873
1379617534625407
1379617534625499
1379617534625691
1379617534650000
1379617534650248
1379617534676026
1379617534676165
1379617534676487
1379617534676584
1379617534713839
1379617534739827
1379617534777753
1379617534803335
1379617534841723
1379617534867660
1379617534905721
1379617534921188
1379617534945354
1379617534971079
1379617534971161
1379617535009721
1379617535035435
1379617535035525
1379617535059664
1379617535087946
1379617535095987
1379617535119328
1379617535145056
1379617535145136
1379617535181746
1379617535209162
1379617535209280
1379617535245613
1379617535271038
1379617535271142
1379617535309623
1379617535335204
1379617535335279
1379617535373637
1379617535399053
1379617535399160
1379617535437701
1379617535447238
1379617535447585
1379617535451530
1379617535458831
1379617535463061
1379617535463128
1379617535463176
1379617535463221
1379617535463265
1379617535463311
1379617535463977
1379617535464051
1379617535464100
1379617535464148
1379617535464195
1379617535464289
1379617535464338
1379617535464387
1379617535464620
1379617535464816
1379617535465089
1379617535465200
1379617535465340
1379617535465675
1379617535474755
1379617535475650
1379617535476410
1379617535481656
1379617535485541
1379617535487034
1379617535487940
1379617535492276
1379617535492392
1379617535492747
1379617535493950
1379617535493988
1379617535494016
1379617535494158
1379617535494196
1379617535495243
1379617535495446
1379617535495733
1379617535495794
1379617535496146
1379617535496279
1379617535497788
1379617535498009
1379617535498281
1379617535498829
1379617535498890
1379617535499235
1379617535499335
1379617535499534
1379617535499571
1379617535499870
1379617535499966
1379617535500096
1379617535501455
1379617535501514
1379617535501677
1379617535501857
1379617535502136
1379617535502391
1379617535502455
1379617535502797
1379617535502874
1379617535502943
1379617535503318
1379617535503723
1379617535503790
1379617535503938
1379617535506899
1379617535507052
1379617535524762
1379617535551205
1379617535551589
1379617535563679
1379617535563764
1379617535563895
1379617535563945
1379617535563992
1379617535564081
1379617535564129
1379617535564176
1379617535564223
1379617535564269
1379617535564317
1379617535564365
1379617535564434
1379617535564545
1379617535571949
1379617535575535
1379617535577998
1379617535578139
1379617535578362
1379617535578468
1379617535582255
1379617535582435
1379617535582636
1379617535597451
1379617535598551
1379617535599777
1379617535599850
1379617535599945
1379617535600504
1379617535601088
1379617535601621
1379617535609277
1379617535609372
1379617535609429
1379617535609465
1379617535609839
1379617535609955
1379617535610235
1379617535610334
1379617535620667
1379617535620783
1379617535620873
1379617535620983
1379617535621090
1379617535621584
1379617535621670
1379617535625760
1379617535634643
1379617535634807
1379617535634870
1379617535634917
1379617535634974
1379617535635070
1379617535635128
1379617535656565
1379617535661334
1379617535661369
1379617535661387
1379617535661404
1379617535661625
1379617535661646
1379617535661711
1379617535662324
1379617535662391
1379617535662440
1379617535662487
1379617535662533
1379617535662581
1379617535688510
1379617535688637
1379617535688864
1379617535688930
1379617535689695
1379617535689731
1379617535689803
1379617535690084
1379617535690210
1379617535690553
1379617535690631
1379617535691057
1379617535691151
1379617535691458
1379617535691567
1379617535691937
1379617535692308
1379617535692343
1379617535692364
1379617535692586
1379617535692603
1379617535692621
1379617535692700
1379617535714084
1379617535714399
1379617535714748
1379617535715099
1379617535715298
1379617535716815
1379617535717124
1379617535717502
1379617535717898
1379617535718085
1379617535718320
1379617535718606
1379617535718737
1379617535718975
1379617535719226
1379617535719398
1379617535719708
1379617535720103
1379617535720608
1379617535721102
1379617535721534
1379617535721764
1379617535721874
1379617535722067
1379617535739374
1379617535739699
1379617535739885
1379617535740208
1379617535740516
1379617535740919
1379617535741120
1379617535742544
1379617535742740
1379617535742992
1379617535743283
1379617535743521
1379617535743682
1379617535743939
1379617535744138
1379617535744236
1379617535744607
1379617535744705
1379617535744938
1379617535745265
1379617535745472
1379617535745832
1379617535746153
1379617535781250
1379617535781387
1379617535805475
1379617538516562
1379617538533376
1379617538962524
1379617538965806
1379617538968911
1379617538988327
1379617538988444
1379617538988535
1379617538992022
1379617538992160
1379617538992251
1379617538992856
1379617539029533
1379617539326067
1379617539326657
1379617539353437
1379617539354101
1379617539389693
1379617539389805
1379617539390097
1379617539433464
1379617539834276
1379617539834347
1379617539850601
1379617539850726
1379617539850830
1379617539850925
1379617539854949
1379617539855066
1379617539855219
1379617539855324
1379617539855803
1379617539858925
1379617539863741
1379617539902273
1379617539903285
1379617539939366
1379617539939859
1379617539977505
1379617539979592
