1379602502599987
1379602502714242
1379602502826333
1379602502826427
1379602502826541
1379602502900839
1379602502934928
1379602502938450
1379602502938676
1379602502938883
1379602502939078
1379602502939171
1379602503049648
1379602503089867
1379602503195941
1379602503202285
1379602503202527
1379602503202640
1379602503305778
1379602503306600
1379602503313607
1379602503313994
1379602503314126
1379602503314454
1379602503314619
1379602503415905
1379602503422858
1379602503425660
1379602503426056
1379602503426278
1379602503426492
1379602503426623
1379602503426989
1379602503427190
1379602503427278
1379602503427667
1379602503428229
1379602503428396
1379602503532382
1379602503537517
1379602503537687
1379602503537728
1379602503538040
1379602503538467
1379602503538665
1379602503538935
1379602503539338
1379602503539598
1379602503539933
1379602503540212
1379602503540304
1379602503540590
1379602503540981
1379602503541058
1379602503541162
1379602503541409
1379602503541501
1379602503541595
1379602503556727
1379602503556835
1379602503647938
1379602503649040
1379602503649097
1379602503685731
1379602503705409
1379602503811785
1379602503818736
1379602503818917
1379602503819045
1379602503918506
1379602503918769
1379602503918861
1379602503920184
1379602503920421
1379602503920492
1379602503920558
1379602503920632
1379602503920716
1379602503929372
1379602503929641
1379602503930418
1379602503930680
1379602503931087
1379602503984363
1379602504024421
1379602504024519
1379602504024748
1379602504024835
1379602504025100
1379602504025196
1379602504027600
1379602504027889
1379602504027975
1379602504028265
1379602504029825
1379602504029918
1379602504029946
1379602504030796
1379602504031076
1379602504031183
1379602504031282
1379602504031352
1379602504033666
1379602504034021
1379602504035512
1379602504036719
1379602504040146
1379602504040353
1379602504041003
1379602504041263
1379602504042068
1379602504042196
1379602504042308
1379602504042787
1379602504042883
1379602504043132
1379602504050619
1379602504089027
1379602504130772
1379602504130869
1379602504130946
1379602504131065
1379602504131324
1379602504131444
1379602504132194
1379602504132302
1379602504133605
1379602504135956
1379602504136748
1379602504136918
1379602504137172
1379602504137387
1379602504137771
1379602504137913
1379602504139267
1379602504139545
1379602504151121
1379602504151211
1379602504151376
1379602504189996
1379602504190408
1379602504236836
1379602504245405
1379602504245528
1379602504246008
1379602504246408
1379602504246844
1379602504246937
1379602504247061
1379602504247447
1379602504247614
1379602504264180
1379602504268467
1379602504269096
1379602504269114
1379602504272236
1379602504329872
1379602504529540
1379602504580080
1379602504601248
1379602504648451
1379602504649382
1379602504692726
1379602504693107
1379602504730938
