1379570940888728
1379570940895890
1379570940896058
1379570940901041
1379570940901305
1379570940901375
1379570940901457
1379570940901723
1379570940901904
1379570940907596
1379570940907653
1379570940907875
1379570940907933
1379570940908242
1379570941005409
1379570941029623
1379570941029893
1379570941070754
1379570941071217
1379570941093660
1379570941093694
1379570941099341
1379570941099414
1379570941099589
1379570941142957
1379570941165737
1379570941169622
1379570941175003
1379570941175201
1379570941175458
1379570941218979
1379570941224561
1379570941224752
1379570941232983
1379570941233244
1379570941238855
1379570941238942
1379570941239249
1379570941242485
1379570941278870
1379570941284421
1379570941284505
1379570941284743
1379570941322961
1379570941328043
1379570941330546
1379570941366867
1379570941372355
1379570941372609
1379570941372864
1379570941376721
1379570941377034
1379570941381775
1379570941385568
1379570941390808
1379570941391017
1379570941391280
1379570941395019
1379570941395253
1379570941395334
1379570941395413
1379570941395707
1379570941395790
1379570941396004
1379570941418720
1379570941418803
1379570941419026
1379570941424107
1379570941424195
1379570941424496
1379570941430308
1379570941430400
1379570941430687
1379570941434102
1379570941434458
1379570941434548
1379570941434625
1379570941434838
1379570941435092
1379570941441084
1379570941441305
1379570941441597
1379570941445337
1379570941445414
1379570941445657
1379570941445738
1379570941445966
1379570941446039
1379570941446308
1379570941446496
1379570941447004
1379570941447102
1379570941518079
1379570941561915
1379570941566946
1379570941570838
1379570941576305
1379570941576486
1379570941576737
1379570941580283
1379570941580596
1379570941580672
1379570941580895
1379570941581256
1379570941581346
1379570941581432
1379570941581881
1379570941582079
1379570941582152
1379570941582323
1379570941582570
1379570941587942
1379570941588201
1379570941588601
1379570941592298
1379570941597997
1379570941598176
1379570941598468
1379570941599420
1379570941642678
1379570941642951
1379570941648923
1379570941649055
1379570941649363
1379570941652962
1379570941660858
1379570941662166
1379570941662299
1379570941665676
1379570941665872
1379570941672306
1379570941672484
1379570941672747
1379570941714768
1379570941715663
1379570941715708
1379570941715747
1379570941715875
1379570941716156
1379570941716302
1379570941716360
1379570941723107
1379570941723946
1379570941724118
1379570941724193
1379570941724454
1379570941724842
1379570941725255
1379570941725359
1379570941726138
1379570941726373
1379570941726476
1379570941726954
1379570941727158
1379570941727200
1379570941727268
1379570941727870
1379570941728038
1379570941731531
1379570941732107
1379570941732326
1379570941740051
1379570941759423
1379570941762198
1379570941762321
1379570941765898
1379570941766133
1379570941766724
1379570941767161
1379570941767325
1379570941810664
1379570941811124
1379570941815941
1379570941819735
1379570941825540
1379570941825725
1379570941826463
1379570941830803
1379570941830890
1379570941830982
1379570941831353
1379570941838486
1379570941838534
1379570941838574
1379570941838615
1379570941838654
1379570941838696
1379570941838737
1379570941839095
1379570941844538
1379570941844736
1379570941844924
1379570941844983
1379570941845785
1379570941845874
1379570941846135
1379570941846641
1379570941847442
1379570941847698
1379570941847919
1379570941847973
1379570941848244
1379570941848327
1379570941848557
1379570941849587
1379570941849860
1379570941850146
1379570941850370
1379570941850662
1379570941850861
1379570941850995
1379570941853812
1379570941854387
1379570941855149
1379570941855437
1379570941855723
1379570941855810
1379570941856030
1379570941856194
1379570941890450
1379570941895433
1379570941895453
1379570941903049
1379570941903463
1379570941903581
1379570941903691
1379570941903776
1379570941904297
1379570941904374
1379570941945678
1379570941993990
1379570942123920
1379570942129456
1379570942129582
1379570942129769
1379570942129811
1379570942129852
1379570942129893
1379570942129933
1379570942129975
1379570942136552
1379570942136748
1379570942137045
1379570942137131
1379570942137255
1379570942137677
1379570942137935
1379570942138202
1379570942138604
1379570942139034
1379570942139308
1379570942139461
1379570942139595
1379570942140403
1379570942140501
1379570942140589
1379570942140713
1379570942140888
1379570942140995
1379570942141284
1379570942141395
1379570942141542
1379570942141805
1379570942141993
1379570942142122
1379570942143221
1379570942143324
1379570942144085
1379570942144185
1379570942144326
1379570942145421
1379570942145519
1379570942164488
1379570942164813
1379570942164942
1379570942251318
1379570942251416
1379570942251461
1379570942251505
1379570942251550
1379570942251595
1379570942251668
1379570942254828
1379570942257741
1379570942257871
1379570942258259
1379570942258563
1379570942258662
1379570942259053
1379570942259163
1379570942259267
1379570942259548
1379570942259649
1379570942260095
1379570942260257
1379570942260505
1379570942260792
1379570942260877
1379570942261031
1379570942261121
1379570942261228
1379570942264965
1379570942265065
1379570942265167
1379570942265288
1379570942265705
1379570942266044
1379570942266302
1379570942266516
1379570942267587
1379570942267907
1379570942268361
1379570942269165
1379570942269518
1379570942269696
1379570942272069
1379570942272407
1379570942272704
1379570942272933
1379570942273067
1379570942273441
1379570942273618
1379570942273816
1379570942274042
1379570942274316
1379570942274568
1379570942274920
1379570942275278
1379570942275594
1379570942275960
1379570942276247
1379570942276581
1379570942276879
1379570942277246
1379570942277444
1379570942278282
1379570942278604
1379570942278913
1379570942279041
1379570942279425
1379570942279526
1379570942279793
1379570942280003
1379570942280227
1379570942281588
1379570942358442
1379570942384406
1379570942389963
1379570942395824
1379570942436317
1379570942436561
1379570942440961
1379570942442513
1379570942442686
1379570942446168
1379570942446430
1379570942446526
1379570942453012
1379570942453278
1379570942491326
1379570942498071
1379570942502003
1379570942502205
1379570942502260
1379570942502310
1379570942502358
1379570942503459
1379570942503645
1379570942507766
1379570942508989
1379570942509101
1379570942509362
1379570942510283
1379570942510423
1379570942510672
1379570942510729
1379570942511111
1379570942511307
1379570942511431
1379570942512029
1379570942512174
1379570942512258
1379570942514624
1379570942514744
1379570942514807
1379570942516967
1379570942517140
1379570942517671
1379570942518267
1379570942518396
1379570942518710
1379570942520784
1379570942524317
1379570942524454
1379570942565801
1379570942577856
1379570942578301
1379570942578514
1379570942620344
1379570942620690
1379570942633226
1379570942634108
1379570942683623
1379570942683696
1379570942742203
1379570942742480
1379570942742559
1379570942841821
1379570942913115
1379570942941090
1379570942941154
1379570942946295
1379570943047392
1379570943048365
1379570943149127
1379570943149649
1379570943191439
