1379641589273044
1379641589278975
1379641589279356
1379641589279437
1379641589279601
1379641589396163
1379641589402371
1379641589402576
1379641589402647
1379641589402878
1379641589402946
1379641589403115
1379641589441613
1379641589442107
1379641589448309
1379641589449163
1379641589449336
1379641589449677
1379641589449751
1379641589490725
1379641589499885
1379641589499954
1379641589500177
1379641589500244
1379641589503875
1379641589509279
1379641589513135
1379641589519335
1379641589519443
1379641589519692
1379641589523533
1379641589531561
1379641589531669
1379641589543968
1379641589557002
1379641589557079
1379641589557166
1379641589609269
1379641589647278
1379641589685709
1379641589685817
1379641589685867
1379641589686017
1379641589686065
1379641589686111
1379641589686155
1379641589692601
1379641589692878
1379641589693127
1379641589693306
1379641589693828
1379641589693866
1379641589694137
1379641589694290
1379641589694501
1379641589695891
1379641589695983
1379641589696185
1379641589696753
1379641589697968
1379641589698150
1379641589698484
1379641589698657
1379641589699010
1379641589699100
1379641589699449
1379641589699730
1379641589699932
1379641589701352
1379641589701544
1379641589702620
1379641589702892
1379641589703135
1379641589703483
1379641589703685
1379641589704633
1379641589716788
1379641589753701
1379641589777354
1379641589822367
1379641589849333
1379641590305442
1379641590349149
1379641590461598
1379641590540701
1379641590541053
1379641592031019
1379641592031597
1379641592031988
1379641592043963
1379641592044272
1379641592044356
1379641592044389
1379641592068781
1379641592068919
1379641592070075
1379641592082084
1379641592119561
1379641592120053
1379641592121705
1379641592132098
1379641592169588
1379641592863533
1379641592891815
1379641592891891
1379641593158636
1379641593197112
1379641593198094
1379641593234140
1379641593234607
1379641593275561
1379641593277718
