1379557240665779
1379557240776945
1379557240776994
1379557240777062
1379557240777179
1379557240786110
1379557240786218
1379557240786769
1379557240787003
1379557240787536
1379557240787643
1379557240789424
1379557240793084
1379557240857622
1379557240864437
1379557240864651
1379557240864883
1379557240869106
1379557240869189
1379557240870114
1379557240870250
1379557240870333
1379557240870476
1379557240870697
1379557240871051
1379557240871167
1379557240873363
1379557240873654
1379557240873846
1379557240874262
1379557240874758
1379557240875067
1379557240875291
1379557240875586
1379557240875673
1379557240913958
1379557240914231
1379557240932714
1379557240933101
1379557240970042
1379557240975406
1379557241014024
1379557241021938
1379557241022129
1379557241022373
1379557241026110
1379557241033597
1379557241033642
1379557241033774
1379557241033891
1379557241034081
1379557241034252
1379557241034557
1379557241034613
1379557241034674
1379557241034896
1379557241049321
1379557241049379
1379557241049422
1379557241049553
1379557241049665
1379557241049803
1379557241049924
1379557241050031
1379557241050164
1379557241050279
1379557241050438
1379557241052160
1379557241052301
1379557241052460
1379557241062223
1379557241062226
1379557241062385
1379557241062619
1379557241101834
1379557241101845
1379557241101852
1379557241102392
1379557241102436
1379557241102468
1379557241102563
1379557241102589
1379557241102614
1379557241102642
1379557241107821
1379557241107937
1379557241108583
1379557241110204
1379557241110316
1379557241110425
1379557241110604
1379557241110755
1379557241110890
1379557241111054
1379557241111378
1379557241111451
1379557241111525
1379557241111703
1379557241111837
1379557241111965
1379557241112108
1379557241112271
1379557241112376
1379557241112492
1379557241112621
1379557241112755
1379557241112907
1379557241113033
1379557241113840
1379557241113957
1379557241114148
1379557241114364
1379557241114526
1379557241114758
1379557241115008
1379557241115331
1379557241115443
1379557241115567
1379557241115711
1379557241115848
1379557241115991
1379557241116088
1379557241120519
1379557241120633
1379557241120845
1379557241120960
1379557241163099
1379557241321220
1379557241347902
1379557241348011
1379557241348104
1379557241359521
1379557241359614
1379557241360033
1379557241360154
1379557241360258
1379557241360574
1379557241360954
1379557241361064
1379557241361145
1379557241371359
1379557241371488
1379557241371606
1379557241372109
1379557241372480
1379557241372563
1379557241372894
1379557241373132
1379557241373237
1379557241373311
1379557241373667
1379557241373759
1379557241618649
1379557241655249
1379557241655425
1379557241655622
1379557241690002
1379557241727507
1379557241755375
1379557241755469
1379557241770608
1379557241810190
1379557241811116
1379557241846828
1379557241847184
1379557241847439
1379557241886898
