-422
2948
1500
1500
1766
-437
1500
1500
1500
1500
1500
1500
1500
1500
1500
-448
1500
2948
1703
1500
872
-448
1500
2948
1500
1110
-668
710
-463
1500
1500
1500
2948
1500
1500
1500
1500
-507
1500
1500
2948
1500
1571
1500
1500
1500
1500
1500
1500
1500
-529
-557
-576
-590
4396
4396
1500
8740
4396
2948
1500
1500
1500
1500
14284
-553
1500
1500
1500
1500
1500
1316
1500
1500
1500
1500
1500
2948
2948
2948
2255
2948
1500
732
1393
1500
1500
1500
-568
2948
801
1500
1500
1500
2948
1500
1500
1500
1500
1500
1500
1500
2948
1575
1500
948
-564
1500
1419
-566
-566
-566
-566
-570
2948
1484
-631
4396
1500
1500
1500
1500
1500
1500
1500
1500
808
1500
2602
1500
1500
1500
1484
1500
2948
1500
1500
1500
1500
1500
1500
1500
1500
1500
1500
1500
808
2948
1500
1500
1500
1500
1500
1457
2948
1500
1500
1500
1500
1500
1500
1500
1500
1500
1500
1500
1500
1500
2948
1500
1500
1500
5200
-534
-566
-571
-573
1500
1500
1500
1500
895
2948
1500
1500
1500
1500
1500
1500
1500
1500
1500
2948
2948
1500
1500
4396
5844
2932
2948
1500
1500
1500
2948
2948
1500
1500
3703
2948
596
-559
1500
1500
4396
4043
2932
1097
2948
1500
1500
1500
4396
1892
1500
2358
424
-628
424
-508
709
-228
1500
1500
1500
389
-584
2464
-250
111
-185
403
-89
-196
