-446
464
1084
1492
1492
1492
1492
1492
2932
-225
1470
2165
1492
1492
1492
-513
-529
208
1500
1500
1500
1500
1500
1500
1500
1500
1500
1500
1500
1500
1500
1500
1500
1500
1500
1500
1500
16436
628
1500
1500
1500
4396
1500
1500
1500
16436
2492
647
-539
494
-474
358
1202
-538
1500
647
-538
-541
1500
1187
-647
-537
-547
-546
-554
-613
1500
671
648
1500
507
1579
1500
2697
-554
-561
-553
-554
-554
1500
1298
-548
1500
2505
-553
1500
2948
1040
-550
2948
1624
-547
1500
1575
-548
1500
1110
-579
4864
1542
-576
-588
1500
1500
2405
-592
1260
-576
1500
1500
1500
919
1500
-578
2948
2948
1903
-583
902
-577
1500
1521
-577
478
3000
-578
1155
1129
1501
1146
-576
-577
1583
-605
1500
1500
1500
5844
1340
-588
729
-574
754
-604
1500
1607
-607
1500
1500
1500
1500
1500
1500
2948
1500
1186
640
-581
-580
1500
1500
1500
2948
1500
1500
2948
2948
1500
1500
2948
1500
1500
2948
1500
1500
1500
1500
2074
1500
1500
1500
1500
1500
1500
827
1500
2385
-597
1500
1500
1500
1500
1500
1500
2948
1500
1500
2948
1327
1500
1500
1500
1500
1500
1500
1500
1500
1500
1500
1500
1500
1500
1500
1500
1500
14532
1500
1500
1500
1500
1500
1500
1500
1500
1500
16436
16436
10724
1500
1500
15318
-580
1500
1500
2948
1500
1500
1500
1500
1500
1500
1500
16436
16436
16436
5924
1500
2948
1500
2948
1500
1500
1580
-589
10188
4396
1500
15317
-580
425
-585
1500
1500
1500
1500
1500
1500
1500
2948
1500
1500
1500
1500
1500
1852
1500
1500
1500
1500
2948
1500
1500
1500
2948
1500
3036
1500
1500
1500
1500
1500
1500
1500
1500
2948
1500
1500
1500
1500
1093
-598
1500
10188
1500
1500
1500
1500
1500
1572
-592
1500
16436
3940
2948
1500
1500
2227
5844
1500
4396
1500
3670
-590
1500
1500
1500
1500
2948
2038
-591
1500
5482
-596
1500
1500
2948
1500
2948
1500
1500
2948
778
1500
1252
-594
2948
2948
16436
16436
1500
1500
2948
2948
1500
4396
3674
2948
2948
1385
-593
1500
3557
-587
12524
1500
5844
2948
2948
1500
2948
1953
1500
1500
1500
1500
1500
1500
1500
16436
4541
-611
-584
-586
405
1183
376
1500
1500
1500
2948
441
1500
2069
1500
16436
12607
1500
16436
15524
1500
1500
1500
1500
1500
1488
1512
1500
440
-174
-224
-228
16436
10028
294
-501
1500
1500
1500
822
1500
1252
1038
837
-605
1500
1016
-174
290
-508
1400
1500
389
-605
1500
1016
-250
111
-185
366
-89
89
-196
