-444
2948
1500
1500
1500
1500
1500
2948
1500
1903
-490
-518
1500
1500
919
1500
-494
1500
1500
1500
1500
1500
1500
1500
-489
1500
1500
1500
1500
2948
1500
1500
1500
1487
1969
339
-502
311
-485
1638
-512
526
-471
532
-479
-486
-485
-514
-503
-535
-546
526
1286
866
981
306
1500
1500
1500
2948
1500
1500
427
94
-574
-575
-575
-551
-554
-552
1500
1500
1500
1500
2259
-550
1500
1500
1500
1500
1500
1500
1500
1500
501
-540
1500
1500
1500
1500
931
-551
2948
1500
1500
1500
1500
878
-554
1500
1500
1500
1500
1500
1500
1500
1500
1500
1500
305
-550
1500
557
-552
1500
1500
1500
1500
1500
1500
1500
1500
1500
973
-555
1500
1500
1500
1500
1500
1500
1500
1500
1500
1500
1500
1908
-552
1500
1500
2948
2948
1500
1500
1500
1500
1500
1500
1500
1500
1500
1500
1500
1500
1285
2948
4396
1500
1500
1500
1337
2948
1500
1500
2948
1500
1500
1500
1500
1500
1500
776
7292
-568
-557
-552
-228
5844
1500
8740
2948
1500
1500
1500
3336
1500
2948
2948
1500
1500
2948
2948
875
1500
2948
1500
1500
1500
1500
1500
2948
1500
1500
1500
1500
2948
2948
2948
3158
513
389
8740
7292
1500
1500
1500
1195
444
-605
2464
-445
-250
1433
111
-185
403
-89
-196
