-420
1534
4432
1512
1512
1512
1512
1512
1512
1512
2297
-452
1512
1512
2972
1512
1512
1512
1512
1512
1512
1512
-479
1512
1512
2972
1512
740
2972
1512
1512
1512
1003
-785
727
-471
1512
1891
-471
1512
1512
1512
1512
1512
1512
1512
1512
1512
1512
-471
1512
1755
-471
1512
1512
1512
1512
1512
1512
1512
1512
1512
1512
1512
1482
1512
1512
1512
1512
1512
1512
-470
1512
1359
1512
-471
-471
-471
-471
-466
1512
2140
-471
1512
1512
2972
2972
1512
1512
1512
1512
1512
1512
1512
1512
1512
1636
1512
2972
1512
1512
1512
1512
1512
1512
1512
1512
2780
1512
1512
2972
1512
1512
-471
4449
1512
4432
1512
1512
1512
2972
2972
2889
1512
1512
1512
2972
1512
1512
1512
2347
1512
1512
1512
660
2677
-471
1512
1512
2972
1512
1512
1512
1512
1512
1512
1512
1512
1512
1289
-471
1512
1549
-471
1512
1512
2972
1512
1512
1512
1512
1512
1512
-464
-466
-471
-471
2972
1512
1512
1512
1512
1512
1512
1601
1512
1512
1212
1512
1512
1512
1512
1532
1597
1673
-473
-734
-471
-471
-471
-471
-471
-565
-534
-470
-476
-471
1512
1512
1512
1512
1028
1033
1512
1512
1512
1512
1512
1512
1512
1993
1512
1512
1138
-545
7352
2972
1512
1512
1512
1512
1512
1512
1512
1512
1512
2325
1512
1512
1512
1512
1512
1512
1512
1512
1512
1512
1512
1512
1512
1512
1512
1512
1512
1512
1512
1512
1512
1512
2972
1512
2972
1512
1512
1512
1333
2524
582
-570
1512
616
1512
1512
-570
1512
-471
-471
-564
-575
-532
7352
1512
1512
1512
1512
16436
2648
2972
2972
1512
2972
1821
1512
3916
-534
-471
1512
1512
1512
1512
2972
1703
-471
1512
2972
1512
952
-471
1512
1512
1512
1512
1512
1512
1512
1512
1512
1512
1512
1512
1512
2972
1512
1512
2972
1512
1512
1512
1512
1512
1512
1512
2972
1512
2972
4432
1420
1512
1512
804
2972
1512
5892
5892
1512
8812
8098
1935
2972
1512
2972
1512
2972
1512
1512
1512
1512
2972
1512
1776
1512
1512
1512
1512
1512
1512
1512
1512
1512
1512
1512
1512
1512
2972
13192
1512
1512
1512
1512
1512
1512
1512
1512
1512
2972
1512
1512
1735
1512
1512
1423
1512
3068
2972
1512
1512
1512
1512
1512
1512
1512
1512
1512
4432
1512
1219
1355
1512
1512
1512
1512
1512
2972
1512
1512
1512
4432
4432
1560
-549
800
-228
-553
424
1500
2700
609
-584
1500
1016
-250
318
-185
382
-89
-196
