-414
2972
2972
903
-741
-749
-737
1512
783
1512
1512
2972
-744
1512
1512
2756
1512
2972
1512
1512
1512
1512
1512
1512
1512
1512
1512
1512
1373
2218
-743
1512
1512
1512
1512
-745
-533
1442
-556
1302
-556
1501
164
-530
1512
1512
1512
1538
-532
1729
1500
1412
-557
1737
-530
-526
1384
1500
1500
1114
1591
-526
1500
635
-533
1381
602
-557
1672
-529
1436
-526
1384
1811
-506
-752
-745
-705
-787
-777
-795
739
-228
-486
1500
1500
1500
646
523
1398
485
505
-630
-788
1733
1512
1512
1216
-580
361
389
903
-628
552
424
-584
1500
1016
-250
111
-185
403
-89
-196
