-423
4314
1500
1500
1622
1500
1500
1500
1500
1500
1500
1500
1500
1500
1500
1500
1500
1500
1500
1500
1199
-441
1500
1500
2948
1500
1500
1500
1500
1500
1500
-505
1500
2755
2948
1500
1500
1500
1478
-527
1500
625
-505
-497
1500
1500
1500
1500
1500
1500
1500
1500
2948
1500
1500
-504
-489
-520
4396
1500
1500
2948
1500
1500
1500
1500
1500
1500
1500
1500
1500
2948
1963
1500
1500
1500
1500
1500
2948
1500
2948
1500
1500
-505
-505
1500
1500
1500
2948
1500
1500
1500
1500
1500
2948
2948
1500
1500
1500
1500
1500
1500
1500
1500
2948
1500
1500
1500
1500
1500
1500
1500
1500
1500
2948
1500
1500
1500
1500
1500
1500
1500
1500
1500
1500
1500
1500
1500
1500
1500
1500
1500
1500
1500
1500
1500
1500
1500
4396
3667
2948
2948
1500
1500
1500
1500
2948
1500
1500
1500
1500
1500
1500
1500
1500
1500
1500
1500
1500
15980
-774
1500
1500
1500
2948
1500
2948
1500
1500
1500
1500
1500
1500
1500
1500
1500
7292
1500
1500
1500
1500
1500
2948
1500
1500
2948
1500
1602
1500
1500
1500
1500
1500
1500
1500
1500
1500
1500
1500
1500
1500
1500
1500
1500
1500
1500
1500
1500
1500
1500
2948
1500
1500
1500
1500
1500
1500
1500
1500
2948
1500
16436
1044
9026
1500
1500
1500
1500
1500
1500
1500
-502
1500
1500
1500
1500
1500
1500
1500
1500
1500
1500
1500
1500
1500
1500
1500
1500
1500
1500
1500
1500
1500
1500
1500
1500
1500
1500
1500
1500
1224
2948
1500
1500
1500
1500
1500
1500
1500
1500
1500
1500
1500
1588
1500
1500
1500
1500
1500
1500
2948
1500
1500
1500
1500
1500
2948
1500
3036
1500
1500
1500
1500
1500
1500
1500
2948
1500
1500
2948
1500
1500
1500
1500
1500
2948
1500
2948
1044
-489
1500
1500
1500
1500
1500
1500
1500
1500
1500
1500
2948
1500
2948
1500
1500
1500
2948
2948
8740
8496
7292
8828
5844
7292
5932
1500
4396
1500
2948
1500
2178
-496
5844
8740
2948
1500
1500
4396
2948
4396
3396
-509
-488
1500
2948
1500
2948
1500
1500
1500
1500
1500
1500
1500
1500
4396
1500
2948
1500
1500
2948
3573
2948
1500
1500
1500
7292
7380
7292
8740
7380
8740
4396
1588
1500
1500
2948
1500
1500
2948
1500
1500
2157
1500
1500
1500
1500
2948
1500
1500
1500
2948
1500
1500
2948
1500
2948
1500
1500
-508
1500
1500
2373
1500
-487
1500
2948
1500
1500
1500
1500
1500
1500
1500
1500
1500
1500
1500
1500
1500
1500
1500
1500
1500
1500
1500
1271
2948
1500
1500
1500
2948
1500
1500
1500
1500
1982
-518
1500
1500
16436
12628
1500
2948
2948
1500
1500
1500
1500
1500
1500
2948
1500
1500
1500
2220
1500
2948
1500
1500
1500
1500
1500
1500
1500
1956
1500
3038
-509
2948
2948
1500
2948
4396
1500
1500
1500
1500
1500
2948
1500
1500
2948
1500
2948
1500
2948
1224
-511
1500
1500
1500
2948
4396
1500
2948
1500
1500
1500
1500
13084
4396
2948
7292
1500
2230
-506
1500
1500
1500
1500
1500
1500
2948
2948
2471
-506
4396
4396
4396
1500
1500
1500
2948
1500
1500
2948
1500
1500
1500
2948
1189
-492
1500
1500
1500
1500
2948
2948
1500
584
-519
2948
1500
1500
2948
1500
1500
1500
1500
1500
2948
2948
2948
1500
2220
1500
2030
-505
1500
1500
2948
1500
2948
1500
1500
1978
-509
1500
2948
1500
2948
1500
1500
1500
1500
2948
2948
1500
2948
2948
1500
1500
1500
1500
1500
1500
1500
2948
2948
3668
1500
1500
1500
1500
2948
1500
1500
1500
1500
1956
2948
1500
2948
1500
1500
1500
1500
2948
2948
4396
2948
2220
2948
1500
2948
2948
3165
-519
5844
5844
4396
1500
1846
-489
1500
1500
2948
1500
1500
1500
1500
1500
1500
1500
1500
1500
1500
1500
1500
1500
1500
1500
2948
1500
1500
1500
2948
1500
1500
2948
1500
2948
1500
2948
2948
2220
1500
2948
1500
2948
1500
2948
1500
1956
2948
1500
2948
1500
2948
2948
1500
2352
-504
4396
1500
1500
1500
1500
3780
-503
1500
1500
2948
1500
1500
1500
2948
1500
2948
2948
1500
1500
1500
1500
2285
-495
1500
1500
1500
2948
2948
1500
1500
1500
1500
1666
-507
4396
1810
-505
1500
1500
1500
1695
2948
1500
1500
1500
2948
1500
1500
1500
2220
1500
2948
1500
1500
1500
1500
2948
1500
1956
1500
1500
1500
1500
2948
1500
1500
2948
910
2948
2948
2948
2948
1500
2948
2219
2948
2948
2948
2948
1500
1956
1500
1500
2948
1500
1500
2948
2948
1500
1500
827
2948
1500
1500
2948
1500
1500
1500
2948
1500
10844
1500
1500
1645
1500
1500
1500
1500
1500
1500
1500
1500
2948
1500
1500
1500
1500
1500
1500
1500
1500
1500
1500
1500
1500
1500
1500
1500
1500
1500
2948
1500
2948
1500
1500
1500
1500
1500
1500
2948
1500
2948
1500
1500
1500
1500
1500
1500
1500
2948
1500
1500
1500
2948
1500
1500
1500
1500
2948
2948
2948
2948
1500
1500
1500
1500
1500
1500
1500
1500
1500
1500
1500
1500
1500
1500
3203
1500
1500
1500
1500
1500
1500
1500
1500
1500
1500
1500
1500
1500
1500
1500
1500
1948
-737
-228
577
1500
1500
1500
389
-584
1500
1016
-250
111
-185
403
-89
-196
