-423
2832
2948
1500
1500
1500
1500
1500
1500
1500
1500
1500
1500
1500
1500
1500
1500
1500
1500
1341
-441
2948
1500
1500
2948
4396
1500
1500
-505
2815
1500
1500
1500
1500
1500
1478
-527
1500
625
-505
1500
1500
7292
8740
4396
-497
1500
1500
1500
1500
1500
1500
1500
1500
1500
1500
1963
4396
1500
-504
-489
-520
-505
1500
1500
1500
1500
1500
1500
1500
1500
1500
1500
1500
1500
1500
1500
7292
7292
5115
2948
8740
4396
4396
1500
1500
4396
1500
2948
4396
1500
1500
1500
1500
4396
1500
1500
2948
1500
7292
5844
2948
2948
1500
16436
2948
3940
1500
7292
8740
7292
7292
-552
16436
1044
4396
2948
4396
1500
8740
1500
5844
8740
7292
7292
4396
7292
7292
1500
7292
8740
2948
1500
1500
5844
5844
7292
8740
7292
8740
6500
7292
5533
-502
1602
1500
1500
5844
4396
2948
1500
1500
1500
1500
1500
1500
1500
1500
16436
1330
1500
1500
1500
1500
1500
1500
1500
1500
1500
1500
1500
1500
1500
1500
1500
1500
1500
1500
1500
1500
1500
1500
1500
1500
1500
1500
1500
1500
1500
2948
1500
1500
1500
2948
1500
2948
2948
2392
-489
2948
4396
2948
2948
1500
2948
1256
2948
4396
2948
2948
1500
2948
2948
4396
2948
2948
1500
1500
4396
1500
1500
4396
2948
2948
1500
1500
1500
2948
2948
2948
1500
1500
2948
2948
2948
2124
-496
7292
4396
4396
3763
1500
2948
1500
1500
1500
1500
4396
2948
1500
1500
1500
1500
2948
2948
2948
1500
2948
2948
4396
2948
2948
2948
1500
1500
1500
1500
2948
2948
1500
1500
2948
2948
2948
2948
2948
1500
1500
1500
1500
1500
1500
1500
2948
1500
11636
16436
14964
1500
1500
2948
1500
1500
1500
2948
1500
1500
2948
1500
1500
1500
1500
1500
2948
1500
1500
2948
2948
2948
1500
1500
1500
1500
1500
1500
1500
1500
2948
2948
2948
1500
1500
1500
1500
7292
5844
2948
4396
2948
8740
7292
8740
7292
8740
2948
7292
8740
7292
8740
1500
1500
1500
2948
1500
1500
1500
1500
1500
1500
1500
1500
2948
4396
1500
1500
534
-509
1500
4396
2948
2948
1500
1500
1500
1500
1500
677
4396
2948
2948
2948
4396
1500
1500
1500
1500
2948
1500
2948
1500
1500
2948
7292
8740
7292
8740
5844
5844
2948
16436
274
7292
8004
1500
1500
1500
1500
1500
1500
1500
1500
1500
2948
1500
1500
1500
1500
1500
1500
1590
-505
2948
4396
1500
4396
2948
1500
2948
1500
2948
2948
4396
2948
2948
1500
2948
2948
2948
1500
2002
-517
1500
4396
4396
2948
2948
1500
1061
1500
4396
1500
1500
1500
4396
1500
1500
1500
1500
1500
1500
2948
1500
1500
2948
1500
2948
1500
1500
1500
1500
2948
1500
1500
2948
2948
2948
2948
4396
1500
1500
1500
1220
-506
1500
2948
4396
1500
2948
1500
2220
2030
-492
2948
4396
5844
1500
1978
-519
1500
1500
1500
1500
1500
2948
2948
1500
1500
2972
1500
2948
1500
1500
1500
1500
1500
2948
2948
1500
1500
1500
2948
1500
1500
2948
2948
2948
1500
1500
1500
1500
1500
4396
2948
1500
860
-522
1500
1500
1500
2948
2948
1500
2948
1500
772
2948
1500
2948
2948
1500
1500
1500
1500
1500
1500
1500
2948
2948
4396
2948
1312
-519
7292
4396
5118
4396
4396
2948
1500
1500
4396
1500
1500
1500
1500
1500
2948
2948
1500
1500
2948
2063
-492
1500
4319
-504
1500
3114
-489
1500
2948
2920
-495
1500
1500
1695
-507
1500
1500
2948
4396
4396
5116
4396
4396
1500
1500
1500
1500
1500
1500
2948
4396
4262
-488
5844
2948
1500
1500
1500
1500
709
1500
1500
1500
1500
1500
1500
1500
1500
1500
2948
1500
1500
1500
1645
-508
-487
1271
1500
1500
2373
-228
1500
1500
1252
609
-584
-515
1500
1016
577
-250
318
-185
345
-89
89
-196
660
