-424
1500
1500
1500
1500
1500
1500
1500
1500
1500
1500
1500
1500
2948
1500
1500
1500
1500
1500
1500
1500
1500
1500
1500
1500
1500
1500
1500
1500
1500
1500
1500
1500
1500
1500
2948
2948
1500
1500
1500
2948
1500
1417
-451
805
-449
1500
1500
2948
5097
-463
5844
2948
1500
1500
2948
-467
4396
1500
1500
1500
7292
8740
7292
3521
3953
-476
1500
1500
1938
-469
-468
-452
-473
-448
-456
1500
1500
1500
1500
1500
1500
1500
1500
1500
1500
1500
1500
588
1500
1447
5844
775
906
2948
2948
-515
2333
2291
2948
1500
1500
-516
1500
1500
2948
1500
-537
1500
1500
1500
1500
1500
2948
618
2948
1500
1500
-546
1500
1500
872
2948
1500
1500
-550
1500
1866
1500
1500
1500
1500
-547
-451
-474
-548
-544
-547
-538
1500
1832
-529
829
662
1866
1500
4396
-541
1500
1842
-541
4396
2948
1500
1500
1931
1500
-548
1500
1500
1500
1500
1500
2975
-548
7292
3739
-550
4396
4163
-537
2906
4396
3026
-519
7292
4396
857
2948
2948
2948
2819
7292
8740
857
845
5844
738
4396
2948
4396
7292
4188
1658
3092
-538
-550
-549
7292
3843
-548
7123
8740
514
7292
-550
-546
5971
1500
8740
1736
5844
2948
-542
-540
5153
-548
6642
-541
7292
3772
4396
-532
1500
5918
-549
8740
609
7292
-547
5844
2322
5844
6065
-532
-549
7292
4396
3477
-550
7453
1500
-538
7292
4396
3768
-537
7292
2227
-540
7292
4348
4396
2948
4974
3293
4396
4467
2948
7938
8740
1756
-542
5844
4628
-549
-534
-549
1500
1500
1500
1500
1500
1500
1500
1447
2948
1500
1500
1500
2948
1500
1500
1500
1500
1425
-547
1500
-544
7292
1716
1500
1500
1500
1500
1500
1500
1500
1500
1541
-550
7292
3338
-539
1500
1500
1500
1500
2948
1500
1500
1500
1500
889
1500
2948
1500
1500
1500
3030
-548
-548
-544
1500
1500
1500
1500
1500
1500
1295
2948
1500
1500
1500
1500
1076
1500
2948
1500
1500
1500
1500
1500
3134
-544
1500
1500
1500
1500
1500
1500
1500
1500
-548
5356
1500
1500
1500
1500
1500
1500
-543
1500
2948
1500
-550
-532
-546
-528
-526
7292
4450
2948
7146
1500
8740
5844
1731
5779
-549
-550
-549
-538
-534
7292
7522
8740
4061
4396
7292
2716
-535
-545
-543
-536
-550
4884
2948
7292
1500
6978
5844
1500
2948
1500
1065
7292
7696
-549
-549
7292
2037
-550
-549
1500
1500
1500
3303
-550
-523
7292
1500
5940
8740
2295
5844
5224
-549
7292
7292
1713
7292
5339
-527
-543
7292
2948
5323
7292
8097
2296
-538
-549
-544
7292
8740
1024
5844
8619
-543
2948
1500
1500
6720
8669
-550
-545
-542
1500
6800
8740
5917
1500
4396
5844
1779
-542
-548
1500
1500
1500
1500
1500
4396
3557
7292
3441
-550
-540
-548
7292
7629
8740
1644
-550
2948
2948
1234
7292
3558
-527
-551
-536
-549
7292
1699
5844
3129
5844
7292
5844
-549
-550
-540
-549
-535
7292
4396
4051
5322
2948
4396
2535
-549
-543
1500
1500
1500
1500
1500
4396
1500
1135
1500
2948
1500
2382
2948
1500
1500
5844
1500
1229
2948
5844
1170
-549
-544
-535
1500
1500
1500
1500
2948
2948
1500
1500
1500
857
2948
1500
470
-529
1500
2948
2948
1500
2948
958
1500
1500
1500
1500
1500
1500
1500
2872
1500
4396
2429
-539
-542
1500
1500
4396
1500
1972
-535
1500
2948
2948
1500
1405
-529
2948
4396
2948
1500
1541
-549
1500
1500
2948
1500
1500
2466
-536
1500
1500
4396
1500
1500
1500
1500
1500
1817
-521
1500
1500
1500
1500
1500
-550
1500
1500
4396
1500
1886
1500
2948
1500
1500
1500
4396
856
-468
-479
872
-540
2277
-465
-532
2948
1500
1500
1500
1500
1500
1679
662
1500
1500
4396
1385
-468
-541
-550
-550
-549
1500
1500
1500
1500
1500
1500
1500
1833
1500
1500
1500
1500
1500
2948
1291
1500
2948
1500
1500
2387
471
4396
1500
1500
1750
-548
1500
2948
1500
2426
-539
2948
1500
1500
1500
1500
2129
-542
-550
2948
1500
1500
1500
1500
1500
1500
1500
2948
857
-549
1500
1196
1500
1500
5844
2948
2431
2948
1500
1500
1500
1581
-549
-473
1500
1500
2948
2948
1500
1009
471
-542
-545
2948
2948
1500
1500
1030
1500
4396
2948
1500
1500
1409
-471
-472
2948
585
1500
1985
-488
-549
1500
847
-550
1500
1500
5844
1500
782
2948
1500
1500
2100
-489
-472
1500
1500
3021
-471
1500
2099
1500
1972
-471
2948
566
-465
2911
-501
-472
-502
2948
1500
1500
1500
1500
471
2560
398
-458
526
-459
515
-469
621
-443
711
-454
-426
482
1500
2235
-517
1500
4396
1500
1500
1500
-512
2948
1500
1500
1500
1812
1500
2948
1500
1500
1500
2948
-518
1500
1500
1500
2948
2948
1500
1500
1500
1500
1500
2948
1500
1500
1500
2948
1500
2948
1500
2948
893
-542
1500
1500
1500
1500
1500
2948
4396
5844
5844
5844
4396
2948
8740
1500
-549
1500
2948
2948
1500
1500
1500
2948
1500
1500
4396
1500
1500
2948
2948
-544
2948
16436
9732
-531
1853
1500
2948
4396
1500
1500
1500
1500
1500
2948
1500
1500
1500
1500
1500
1500
2948
4396
1500
2948
2948
1500
1500
2948
1500
1500
1500
1500
1500
2948
1500
2948
1500
1500
2948
1500
2948
2948
4396
1500
1500
1500
1500
1500
1500
2948
2948
2948
1500
1500
2948
1500
1500
1500
1500
2948
1500
1500
1500
1500
1500
1500
1500
1500
1500
1500
1500
14532
16436
3420
1500
1500
2948
1500
1500
1500
1500
1500
2948
1853
1500
1500
1500
4396
2948
1500
1500
1500
2948
2948
2948
1500
2948
1500
1500
1500
2948
1500
1500
1500
1500
1500
1500
1500
1500
2948
2948
4396
2948
2948
1290
1500
2948
1500
1500
1500
1500
1500
1500
1500
1500
1500
1500
1500
2948
5844
2948
1500
1500
1500
1500
1500
1500
1500
1500
2948
1500
1500
1500
1500
1500
1500
1500
1500
1500
2948
1500
1500
2948
1500
1500
1500
1500
2738
-514
1500
1500
2948
1500
2948
1500
2948
1500
2948
4396
4396
4396
2831
1500
1500
1500
1500
1500
2948
1500
1500
1500
668
-228
1500
2700
609
-565
-534
361
917
-516
917
-584
2464
-250
-221
318
1500
2700
486
-185
-594
405
1183
777
-174
382
-89
-196
660
306
-532
534
-532
534
