-148
100
-468
1500
92
1500
316
-532
-148
100
-532
-148
1500
92
1500
92
1500
92
1500
92
1500
140
1500
92
1500
92
1500
476
100
-548
1500
-148
92
1500
1500
1500
1084
100
100
-484
1500
-148
108
1500
108
1500
844
1500
92
1500
92
1500
1500
132
1500
92
1500
92
1108
100
-468
1500
108
1500
108
1500
108
1500
108
1500
108
1500
108
1500
108
1500
108
1500
108
1500
108
1500
108
1500
108
708
-148
100
-708
1500
-148
1500
1500
1500
1500
1500
1500
1500
1500
1500
1500
108
1500
-708
1500
1500
-148
1500
1172
1500
1500
1500
1500
108
-708
1500
-148
1500
1500
1500
1500
1500
1500
1500
1500
1500
1500
1500
1500
1500
1500
1500
412
100
-708
1500
1500
1500
1500
1500
1500
1500
1500
1500
1172
1500
1500
1500
1500
1500
1500
1500
1500
1500
1500
1500
1500
1500
1500
1500
1500
364
-148
100
-1108
-148
100
-564
564
-148
1500
1500
132
1500
92
1500
92
1500
92
1500
92
1500
92
1500
92
1500
380
388
100
-516
1500
1500
132
1500
92
1500
92
1500
92
1500
92
1500
92
1500
92
1500
92
1500
92
1500
92
1500
92
1500
92
1500
92
1500
1500
1500
1500
-148
1500
1500
1500
1500
1500
1500
1500
492
100
-452
1500
-148
92
1500
92
1500
1500
132
1500
92
1500
92
1500
92
1500
92
1500
92
1500
92
1500
92
1500
92
1500
92
1500
92
1500
92
1500
92
1500
92
1500
92
1500
92
1500
92
1500
92
1500
92
1500
92
1500
540
100
-500
1500
92
1500
92
1500
92
1500
92
1500
92
1500
92
1500
92
1500
92
1500
92
1500
92
1500
92
1500
92
1500
92
1500
92
1108
1500
92
1500
1500
132
1500
92
1500
92
1500
92
1500
92
1500
1500
132
1500
92
1500
92
-100
1500
92
1500
92
1500
92
1500
92
1500
92
1500
92
1500
92
1500
92
1500
92
1500
92
1500
92
1500
92
1500
92
1500
92
1500
92
1500
92
1500
92
1500
92
1500
92
1500
92
1500
92
1500
92
1500
92
1444
-148
100
-964
500
-148
100
-692
388
-180
116
-116
-116
-116
-468
148
116
116
116
116
116
116
116
