-424
1420
1420
2788
1420
2788
493
-431
-439
1500
1500
1500
1500
860
-438
1500
1500
1500
1500
1500
1500
-437
1860
1500
2948
1500
-451
1500
1500
1500
1500
1500
1500
1500
1500
-442
1500
1500
521
1500
2948
1500
1500
1500
1500
1500
1500
1500
2948
1500
1500
1500
1500
1098
-448
5844
3044
4396
1500
335
1500
-448
2948
2948
856
2948
2948
-448
335
1500
334
-450
1500
1500
335
1500
1347
1500
1500
1500
1500
2034
2001
-450
1500
1500
-450
123
-450
1500
1500
1500
1309
-450
-438
-458
-480
-469
-455
-466
1845
1500
1500
1500
1500
1500
1500
2948
1500
1500
1500
1500
1500
1500
1500
2375
633
1500
1500
1500
1500
2667
-450
1500
1500
1500
1500
1500
1500
1500
1316
3153
1500
2948
1500
1500
1500
1362
1591
1500
-450
1500
1500
1500
1500
1500
1500
1460
-450
1492
1500
1500
1500
2339
-450
1500
1685
1512
1512
-450
1504
1512
1512
-450
1641
-450
1512
1179
1500
1500
1500
-450
2098
1500
1855
-450
-450
1500
1500
1500
2972
-450
2878
-228
1500
1500
1500
389
1512
1215
2948
-624
-461
1500
1500
2096
1552
2603
1500
1500
1500
-463
982
1500
1500
2948
-463
1500
1500
4396
5389
1500
1500
1500
1500
2948
-450
1500
2948
1500
1500
1500
1500
1500
1500
1500
1500
1500
1500
1500
1500
-450
1500
2948
1500
1337
631
601
1500
2948
-450
1377
1500
1500
1500
-450
2948
1063
-450
-491
-441
-457
967
1500
1500
637
1551
1500
1500
1500
1500
1500
2948
1500
1500
1578
413
-450
2948
1500
-584
1500
1016
-629
1014
-654
-502
-506
-495
-498
1454
2269
1500
1500
1500
1500
1500
1500
1500
610
-502
1500
1500
1316
148
568
-506
666
-493
1500
1866
-499
1387
-481
1500
2948
2948
2948
1500
1500
1500
569
-486
-250
111
626
-480
752
-487
1500
1664
-483
1401
1500
1500
2948
1500
1500
1500
1500
1500
1500
1500
1500
1500
1500
1500
1500
2948
1500
2948
1500
1710
-185
403
-89
626
1624
1375
1500
1500
1500
2948
1500
1500
1500
1500
1500
1500
1500
1500
1500
1500
2122
-196
660
