-430
1500
1500
1651
1500
1500
1875
-529
1500
2650
-533
-561
355
1500
1527
1500
1429
-538
1505
1500
1500
-550
1500
1500
1500
1500
1500
1500
1500
2948
1500
1500
1500
1500
1500
1500
356
-555
1500
2948
1500
1500
1500
1500
1500
1500
1500
1115
1492
356
1500
-556
-557
2948
1500
501
357
1500
1500
1500
355
1500
-612
432
1500
1500
1500
1500
822
-603
2479
1512
1026
-603
1512
1027
-603
-603
-583
-566
-570
-571
-567
-567
1512
1008
2475
1806
357
1500
1500
1500
1804
355
1500
1245
-583
1500
1500
1500
1805
1500
1500
1500
1500
1500
1500
1500
1004
2948
576
-567
1500
1500
2152
1500
1500
1500
1500
1500
1500
1500
1500
1500
1500
1500
1500
1500
1500
1500
1500
681
-573
1500
2948
1500
1500
1500
1500
1500
1500
1428
356
-567
1500
1149
-571
2948
1500
1500
1500
1500
1500
1500
1807
1500
1500
1500
702
1500
2948
1500
1500
1500
1500
2948
1500
1500
1500
1500
1500
1500
1500
1500
1500
1500
1500
1500
1500
1807
1500
1500
1500
2948
2948
1500
1500
1500
1500
1500
1500
1500
1500
1500
1500
1500
2948
1500
1500
1500
2948
1500
1500
1500
1500
1807
1807
1500
2948
2150
1500
3598
1500
2298
1500
2298
1500
1500
1654
1500
1500
1500
1500
-597
784
-613
1500
1500
2948
1500
1500
1500
1674
1512
1512
1512
1512
1512
1512
-604
1512
1512
2972
1512
1512
1512
1512
1512
1512
1512
1512
1512
1512
1500
1500
1500
1500
1500
1500
1512
1512
1512
1512
1512
1512
1500
1500
1500
1500
1500
1500
1500
1500
1500
1500
1500
1512
1512
1500
-603
1512
1512
2972
1512
1512
1512
1512
1512
1512
1512
1500
1500
1512
1512
1500
1500
1512
1500
1500
1500
1500
1500
1500
1500
1500
1512
1512
1512
1512
1500
1500
1500
1500
1500
1500
1500
1500
1500
1500
1500
1512
1512
1512
1512
1512
1512
1512
1512
1512
1512
1512
1512
1512
1512
1512
1512
1500
1500
1500
1500
1500
1500
1500
1500
1500
1500
1500
1500
1500
1500
1500
1500
1500
1500
16436
4108
16436
7292
10685
16436
5388
15980
1500
1500
1500
1500
1500
1500
1500
503
2948
1500
1500
1500
1500
1500
1500
1500
1500
1500
1500
1500
1500
16436
3940
16436
3940
15980
1500
1500
1500
1512
1512
1512
1512
1512
1512
1512
1512
1512
1512
1512
1512
1512
4432
1512
1512
16436
2648
16436
2804
1500
1500
1500
1716
1500
1500
1500
1500
13084
1500
1500
1500
2948
1500
1500
1500
1500
1500
1500
6132
1500
1500
2948
1500
1500
1500
1500
8564
8564
12468
7924
16436
16436
16436
16436
16436
4020
-603
-575
-694
-573
16436
16436
16436
16436
16436
16436
16436
16436
1512
1512
32820
1512
8817
1512
1512
-564
-570
1512
1512
1512
2972
1512
1512
1512
1512
1512
1512
1512
1512
1512
1512
1512
1512
388
1074
1512
2972
1512
1512
1869
1500
1807
1500
1805
1500
1500
1500
704
1500
1805
1500
2948
702
2948
1500
1500
1500
2152
848
359
1500
2948
2948
1500
1500
1500
1500
1500
1500
1500
1500
1500
1500
1500
1500
1966
1500
1500
1500
1869
1500
1500
16436
5388
16436
6836
16436
16436
16436
16436
16436
16436
-228
5844
1500
1500
1500
1500
1500
1500
1500
1500
1500
1500
1500
1500
1500
1500
1500
1500
1500
2948
1500
2948
1500
1500
1500
1500
1500
1500
1500
1500
1500
1500
1500
1500
1500
1500
1500
1500
1500
1500
1500
1500
1500
1500
1500
1500
1500
1500
1500
1500
1500
1500
1500
1500
1500
350
-570
1500
357
1500
1500
1500
1500
1805
1500
1500
1500
1500
1500
1500
1500
1500
793
-551
2948
1500
1500
1500
1500
1500
1500
1500
1500
1500
1500
1500
1500
1500
1500
1500
1500
1500
1500
1500
2948
1500
1500
1500
1500
1500
1500
1500
1500
1500
1500
1500
1500
1500
1500
1500
1500
1500
1500
1500
1500
1500
1500
1500
1500
1500
1500
1500
1500
1500
1500
1500
1500
1500
1500
1500
1500
1500
1500
1500
1500
1500
1500
1500
1500
1500
1500
1500
1500
1500
1500
1500
1500
1828
-550
360
1500
1500
1500
1500
1500
1500
1500
1500
1500
1500
1500
1500
16436
8284
1500
2948
1500
1500
1500
1500
1500
1500
1761
1500
1500
1500
1500
1500
1500
1500
1500
1500
1500
1500
1500
1500
1500
1500
1500
2948
1500
1500
1500
1500
1500
1500
1500
1500
1500
1500
1500
1500
1500
1500
1500
1500
1500
1500
1500
1500
2948
1500
1500
1500
1500
1500
1500
1500
2948
1500
1500
1500
1500
1500
1500
1500
1500
1500
1500
1500
1500
1500
1500
1500
1500
1252
2948
1500
1500
1500
1500
1500
1500
1500
1500
1500
1500
1500
1500
1500
355
1640
1500
1500
1500
1500
1500
1500
1500
1500
1500
1500
1500
1500
1500
1500
1500
1500
1500
1500
1500
1500
907
49204
49204
32820
1500
1500
1500
1500
1500
1500
1500
1500
1500
1500
1500
1500
1500
1500
1500
1500
1500
16436
16220
1500
1500
1500
1500
2948
1500
1500
1334
1500
1500
1500
1500
1500
1500
1500
1500
2948
1500
1500
1500
1500
1500
1500
1500
1500
609
1500
2948
1500
1500
1500
1500
1500
1500
1500
1500
1500
1500
1500
1500
1500
1500
1500
1500
1500
1500
1500
1500
1500
1500
1500
2948
1500
1500
1500
1500
16436
9732
-584
1500
1016
1500
1500
2948
1500
1500
1500
1500
1500
1500
1500
1500
2948
1500
1500
1500
1500
1500
2948
1500
2948
1500
-250
1500
1500
1500
1500
2948
1500
1500
1500
2948
1500
1500
1500
1500
1500
1500
1500
1500
2948
2948
1500
1500
1500
1500
1500
1500
1500
1500
1500
1500
1500
1500
1500
1500
2948
1500
1500
2948
1500
2948
2948
2948
1500
2948
1500
1500
1500
1500
1500
1500
2948
1500
1500
2948
2948
1500
1500
1500
1500
2948
2948
2948
1500
1500
1500
1500
318
-185
1500
1500
2948
2948
1500
1500
1500
1500
2948
2948
1500
1500
1500
1500
1500
2948
2948
2948
1500
1500
1500
2948
1500
1500
2948
1500
2948
1500
1500
1500
2948
1500
2948
1500
1500
1500
2948
2948
2948
1500
1500
1500
1500
1500
1500
2948
1500
1500
382
1500
-89
2948
1500
2948
2948
1500
1500
1500
2948
1500
2948
1500
1500
-196
1500
1500
2948
4396
1500
1500
1500
1500
1500
1500
1500
2948
4396
1500
2948
1500
2948
2948
1500
1500
1500
1500
4396
1500
2948
1500
2948
2948
2948
1500
1500
1500
1500
2948
1500
1500
2948
1500
1500
1500
1500
1500
1500
2948
2948
2948
1500
4396
2948
1500
1500
1500
1500
1500
1500
1500
1500
1500
1500
1500
1500
1500
1500
1500
1500
2948
1500
1500
1500
2948
1500
4396
2948
1500
1500
1500
1500
2948
2948
2948
1500
1500
2948
1500
2948
1500
1500
1500
1500
2948
2948
2948
2948
1500
1500
2948
2948
1500
1500
2948
1500
1500
1500
1500
2948
1500
1500
1500
1500
1500
1500
1500
1500
1500
1500
2948
1500
1500
1500
2948
1500
1500
1500
1500
1500
1500
1500
2948
1500
2948
2948
2948
1500
1500
1500
1500
2948
1500
1500
1500
1500
2948
1500
1500
1500
1500
1500
1500
1500
1500
2948
4396
2948
1500
1500
2948
1500
1500
1500
1500
1500
2948
1500
1500
1500
1500
1500
2948
1500
1500
1500
1500
1500
2948
2948
1500
1500
1500
2948
1500
1500
1500
2948
2948
1500
2948
1500
1500
2948
2948
1500
1500
1500
2948
2948
1500
1500
1500
1500
1500
1500
2948
2948
1500
1500
1500
1500
1500
1500
1500
1500
2948
1500
1500
2948
1500
2948
2948
1500
2948
1500
1500
2948
2948
2948
1500
1500
2948
1500
1500
1500
1500
1500
1500
1500
2948
1500
1500
1500
2948
1500
1500
1500
2948
1500
2948
1500
1500
1500
1500
1500
1500
1500
1500
1500
2948
2948
1500
1500
1500
1505
2260
1500
1500
1500
1500
1500
1500
1500
2948
4396
4396
2948
1500
1500
1500
1500
2948
1500
1500
1500
1500
1500
1500
1500
1500
1500
1500
1500
1500
1500
2948
2948
1500
1500
2948
1500
1500
1500
5844
4396
1500
1500
1500
1500
1500
1500
1500
2948
1500
2948
1500
1500
1500
1500
1500
3494
-566
287
1202
