-431
1512
1512
1512
1512
1512
1512
1512
1512
1512
1512
1512
1512
1512
1512
1512
1512
1512
1512
1512
1512
1512
1512
1512
1512
1512
1512
1512
1512
1512
1512
1427
-700
490
1512
2230
-473
-473
1500
1455
2948
1500
1500
-473
1500
1500
1500
1500
1500
1500
-442
1500
1500
2948
1500
1500
1500
1500
1500
499
1500
1500
1500
-490
506
-532
1500
1500
1500
1500
1455
1500
1500
1500
2948
1500
1500
1500
1500
2948
1470
1675
1500
1500
1500
1500
1500
1500
1500
1500
1500
1500
1500
1500
1500
1500
1500
1004
1500
2948
1500
1500
1500
1500
1500
1455
2948
1500
1500
1500
1500
1500
1500
1500
1500
1500
1500
1500
1500
1500
1500
1500
1500
1500
1500
1500
1500
1500
1500
-535
1470
1864
1500
2802
-600
1500
1500
2948
2948
1140
518
-504
1500
1500
1500
1500
1500
1500
1500
1500
1500
1500
1500
1500
-507
2948
1500
1500
1500
1500
1500
1500
1500
1500
2948
1500
1500
1500
1500
2948
1500
1500
9908
-496
1500
1500
2505
500
-506
1846
-508
-495
1500
1500
2948
1500
1500
1414
1500
2948
1500
1500
1500
-497
4396
2945
1500
1528
-498
1553
-505
1579
-495
-494
-504
-498
-502
-496
-498
-502
1500
1500
2948
731
2948
1500
1500
1500
1500
1500
1500
499
501
1500
2948
2948
1500
1500
1500
1500
1500
501
2948
1290
-498
7292
4396
1500
1500
1500
2948
1500
1500
1500
1500
2948
2948
1500
1500
3380
2948
1500
1500
652
2948
1500
-504
2948
1500
1500
1500
1500
2696
1500
8740
1500
1500
1500
1500
1500
1500
1500
1500
3740
1386
-497
1500
1225
-505
499
-228
1500
1500
1500
389
-435
-488
751
1500
971
-490
1500
2007
-504
1500
799
-584
1500
1016
-250
-232
111
-185
1470
1470
918
403
-592
827
-590
405
1507
-174
-89
294
-196
-567
668
-508
1500
1500
2948
-505
686
499
-503
1553
-503
-495
1548
2948
1500
1500
-510
-506
-496
-501
1500
1500
1203
2574
1500
1500
2948
1799
1500
1322
1500
2948
1500
1500
1500
1500
1500
1500
1500
1500
1500
1500
1500
1500
1500
1500
1500
1500
1500
1500
1500
1500
2948
1500
1500
1500
1500
1463
