-148
100
-452
484
1500
92
1500
1580
1540
1540
1540
1540
1540
1540
1500
92
1540
1540
1540
1540
1500
92
1540
1540
1540
1540
1540
1540
1540
1540
1540
1500
92
1540
1540
1540
1540
1540
1540
1500
92
1500
92
1500
92
1500
1580
1540
1540
1540
1540
1540
1540
1540
1540
1540
1540
1540
1540
1540
1540
1500
92
1540
1540
1540
1540
1540
1500
92
1540
1540
1540
1540
1540
1540
1540
1540
1540
1540
1500
92
1540
1540
-100
1540
1540
1540
1540
1540
1540
1540
1540
1540
1540
1540
1540
1540
1540
1540
1540
1540
1540
1540
1540
1668
-148
100
-468
-148
100
-452
468
-148
1540
1540
1540
1540
100
-500
1540
-148
1500
92
1540
1500
92
1500
92
1540
996
1500
444
1500
1340
628
-500
404
-148
1540
1540
1300
1500
92
1500
108
-500
404
-148
1540
1540
1300
1500
92
1412
-500
404
-148
1540
1540
1500
460
100
-484
452
-148
100
-500
404
-148
1540
1540
1300
1500
92
1444
-452
468
-148
1540
1540
1540
1588
-452
1540
1540
-148
1540
980
1500
588
1500
1500
132
-452
1540
-148
1540
1540
1540
1540
1540
1540
1540
1540
1500
92
500
1500
1580
1300
1500
92
1500
92
1500
92
1500
92
1500
1404
1500
92
1500
428
900
100
-484
-148
1540
1500
92
100
-2948
-420
-148
1500
1500
484
1300
1500
732
1500
1052
1500
92
1500
380
-500
1540
-148
692
1500
572
1500
1580
1540
1540
1540
1044
1500
1068
1500
428
1500
1484
-484
404
132
1540
1500
92
1540
1540
1300
-116
1540
1540
1540
1500
972
-116
-148
100
-596
-148
100
-548
404
1500
92
1500
1580
1540
1540
1540
1540
1540
1500
92
1540
1188
468
1540
1540
1300
1540
676
-148
100
-580
1540
1652
-116
-484
404
-932
1540
-484
692
-484
1476
1500
844
1500
1580
1540
1500
444
1500
732
1764
404
1500
1500
132
1300
-484
788
1500
540
-500
1380
-500
404
1500
92
1500
1084
1500
124
-500
404
1500
476
-628
-148
100
-644
452
-148
996
100
-628
-148
452
1500
92
1500
1580
1540
1540
1540
1540
1540
1500
92
1540
1540
1540
1540
1540
1540
1540
1540
1500
92
1540
1540
1540
1500
92
1540
1540
1540
1540
996
1500
780
100
-628
-148
100
-580
468
1500
1500
132
1540
1540
1540
1540
1500
1500
1500
6124
1540
1540
1540
1540
1540
1540
1500
92
1540
1500
1500
1500
1500
1500
7292
4228
-660
500
1500
1500
132
1268
-660
532
1540
1540
1500
92
1540
1540
1500
92
1540
1540
1500
92
1540
2004
1540
1540
1500
92
1540
1500
92
1044
1500
1020
1428
-1124
-148
468
100
-468
-148
452
1500
108
1428
100
-516
-148
100
-740
-148
852
1044
100
-612
-148
1556
1500
252
100
-596
-148
100
-596
-148
1556
1500
492
1556
2228
100
-596
-148
1556
1500
92
100
-1412
-148
468
100
-500
404
-148
1188
100
-500
404
-148
1300
100
-836
-148
100
-804
420
-148
1540
1540
1540
1540
1540
1540
1540
1540
1540
1540
1540
1500
92
1540
1540
1540
1540
1540
1540
1540
1540
1764
452
1500
124
2676
100
-772
-148
2196
100
-772
-148
100
-772
-148
2004
100
-836
-148
484
948
1556
1556
1556
1500
108
1500
108
1556
1556
1556
1500
108
1556
1556
1556
1556
1500
108
1500
108
1556
1556
1556
4468
1500
108
1556
1556
3012
1236
100
-772
-148
100
-1500
-156
-148
628
1620
100
-724
180
-148
100
-852
-148
644
404
1540
1540
1540
1540
1540
1540
1540
1500
92
1500
92
1540
1540
1300
100
-772
-148
100
-532
-148
100
-804
468
-148
1540
1540
1300
1500
940
100
-1076
-148
1556
1556
964
420
900
100
-772
-148
500
100
-900
116
-148
1500
204
100
-564
-148
100
-628
1172
-148
100
-484
404
-148
1540
692
1500
444
1556
1500
108
100
-772
-148
1556
1500
108
1556
1556
1556
1500
108
1556
1556
1556
1500
108
1556
612
1556
1556
1556
1556
3012
2948
116
3908
100
-900
-148
100
-756
-148
100
-1076
-148
180
756
-868
-148
1620
500
1332
2436
404
1540
1540
1500
92
1540
1540
452
100
-820
148
-148
100
-740
564
-148
100
-756
532
-148
1540
1540
1540
1540
1188
-804
-148
436
1500
92
1500
1580
1540
1540
1540
1540
1540
1540
1540
1540
1540
1540
1540
1540
1540
1540
1540
1540
1540
596
1540
756
100
-820
-148
100
-804
-148
1748
100
-484
-148
100
-484
436
-148
1540
1540
1540
404
1500
92
1500
1340
1500
92
1500
140
1500
92
1500
-516
1500
132
-148
852
1500
108
1500
1500
564
1540
-516
1540
-148
1540
1540
1092
1500
444
1500
1628
-500
1540
-148
1540
1060
1500
444
1500
1580
100
1500
92
1500
92
-2948
-388
1500
92
1460
-148
404
1500
444
1500
1340
1500
732
1500
2652
1300
1500
732
1500
1068
1500
1580
1500
92
1540
1540
1044
1500
1708
404
1500
92
1500
92
1500
1340
1500
1500
1092
1540
1500
92
1540
1540
1540
1540
1540
1540
1540
868
100
-1500
-284
404
-148
1540
1540
1300
1500
428
1500
92
1500
-1348
1580
1540
1500
1084
1540
1188
1500
1164
964
564
1556
1556
1716
-564
-1220
2532
-116
1500
604
1500
1500
164
1556
452
-852
468
868
-148
1204
100
-1500
-860
-148
420
1500
1500
132
1540
1540
1540
1540
1500
92
1540
1540
1540
2004
1540
1588
1156
1500
92
1500
1500
132
1500
92
1500
1500
1620
1540
-804
1540
1540
-148
1500
92
1540
1500
92
1540
1540
1540
1540
1540
1500
1500
1500
1500
6244
-548
708
-884
-148
436
1540
1540
1540
1540
1540
1540
1540
1500
92
1540
1540
1540
1540
1540
1540
1500
92
1540
1540
1540
1540
1540
1540
1540
1540
1500
1500
1620
1540
1540
1540
1540
1500
92
1540
1540
1540
1540
1540
1540
1500
92
1540
1540
1540
1540
1540
1540
1540
1540
1540
1540
1540
1540
1540
1540
1500
92
1540
1540
1540
1540
1540
1540
1540
1540
1540
1540
1500
92
1540
1540
1540
1540
1540
1540
1500
92
1540
1540
-100
1540
1540
1500
92
1540
1604
436
1500
1500
132
1540
1540
1500
92
1540
1540
1540
1500
92
1500
92
1500
92
1540
1540
1540
1156
1284
100
-804
-148
100
-452
-148
772
1500
1500
244
-532
-148
100
-1428
804
-148
116
1500
444
1500
1388
1500
-788
-148
116
772
1500
1500
548
1540
1540
1540
1540
1540
1540
1540
1500
92
1540
1540
1540
1540
1500
92
1540
1540
1540
1540
1540
1540
1540
1540
1540
1500
92
1540
1540
1540
1540
1500
92
1540
1540
1540
1540
1500
92
868
1500
1500
164
1556
1556
100
-788
-148
1556
1500
108
1556
1556
100
-788
-148
1556
1556
212
1556
1556
1500
108
1500
108
3012
3012
2548
100
-788
1556
-148
3012
980
1500
1612
100
1556
1500
108
-788
-148
1556
1500
108
1556
3156
2068
100
-788
-148
100
-820
244
1540
1540
804
-452
1540
1540
1540
1540
1540
1500
92
1500
92
1764
-148
100
-804
-148
100
-868
-148
1140
100
-932
-516
676
-116
-148
100
-884
468
-148
980
1500
492
-868
468
-148
868
100
-516
404
804
660
-116
-116
-148
100
-852
-788
-116
-148
100
-772
532
820
-148
484
948
404
1540
1540
1500
92
1540
1540
1540
1540
1540
1540
1540
1540
1500
92
1540
1540
1540
1540
1540
1540
1540
1540
1492
100
-884
-148
100
-1500
-780
-148
116
1500
1244
1500
1500
196
1540
1500
1244
-484
404
-148
1540
1540
1300
1500
92
1500
1500
404
1500
1500
1500
7292
4396
7292
5412
-100
100
-596
-148
500
1500
860
1700
100
-532
-148
772
1316
100
-1092
-148
148
244
-148
100
-1476
-148
148
100
-868
356
-148
100
-596
-148
100
-596
1172
-148
452
1500
1500
132
1540
1540
1540
1500
92
1500
92
1540
1540
1500
92
1540
1540
1540
1540
1540
1540
1540
1540
1500
92
1500
92
1500
92
1540
1012
1500
1500
132
1540
1540
1500
92
1540
1500
92
1540
1540
1540
1540
1540
-100
1540
1156
644
532
580
1556
1500
108
1556
1556
100
-1220
340
-148
1556
3012
1556
3012
100
-836
-148
100
-868
-148
1556
1500
108
1556
1556
1556
3940
1500
572
1500
1500
1500
1500
276
1204
100
-1060
-148
148
100
-484
-148
1556
1556
1556
1556
3012
1556
3012
1500
588
612
132
-1500
-460
-148
116
404
1540
1540
1500
92
1540
1540
1540
1540
1540
1540
1540
1540
1540
1540
1540
1540
1500
1500
1500
5548
532
100
-708
-148
1540
1500
92
1540
100
-548
532
452
1156
-932
548
1500
108
1500
1084
-836
-868
-868
-148
564
1500
108
1500
1180
1500
348
1500
-868
532
1500
172
-1156
-1252
100
-1156
-148
100
-1156
-148
100
-1156
-148
100
-1156
404
1500
92
1500
1340
1500
732
1204
-1156
1500
1084
1500
252
-1156
404
1500
1036
-1156
420
1500
732
708
-1156
596
-692
388
1500
460
1500
1324
1500
1500
420
404
1500
684
404
1540
1252
-148
404
1540
1540
1300
1156
420
1540
692
1172
1204
100
-1500
-764
404
1500
92
1500
92
1500
1500
132
1540
1044
1500
1580
1300
100
452
372
-116
-148
100
-756
1348
-148
100
-772
468
1500
732
-148
1236
100
-564
-772
484
980
-148
100
-788
500
1500
92
1500
1580
1540
1540
1540
1500
92
1540
1540
1540
1540
1172
-148
100
-532
436
1500
92
1500
1340
1500
92
708
868
-116
-148
100
-932
-148
884
100
-692
-148
100
-948
-148
100
-1348
404
-148
1540
1540
1300
1500
780
500
900
100
-948
-148
516
916
100
-996
-148
116
100
-868
1412
1428
-116
-116
372
-692
372
-148
100
-916
1412
-148
100
-484
292
-484
-116
-180
116
292
-484
292
-484
292
