-441
1512
2972
1512
-479
1500
1500
1500
1500
1500
1500
1500
1500
1500
1418
-479
967
-510
1500
1500
2948
1500
1500
1500
1500
1263
1512
1512
1512
1512
1512
1512
1512
1512
1372
-228
-475
1500
1500
1368
-554
-470
1739
1886
-470
1500
2700
2119
-470
1500
736
-470
-470
-470
-470
-470
-470
1500
609
659
2120
-470
-470
2111
-470
1753
-470
1746
-470
1863
1882
2194
2143
2084
1903
-620
-506
1500
1500
2948
752
-512
-470
-470
-470
-470
-470
-470
-492
1902
-471
1827
-470
2173
-470
1841
1500
-472
4396
2948
1500
1500
1500
1500
1500
1500
778
1766
-525
-534
1856
-558
1500
1500
1871
1500
1500
1500
1789
1500
1500
2263
1877
2948
1500
2948
1500
1500
1500
1500
1500
1500
1500
2948
4396
2948
1500
5844
4396
1500
1500
1500
1500
1111
2948
2948
4396
2948
2948
1500
1500
1500
1500
1500
1500
1500
1500
2948
1500
1500
1500
1500
1500
1500
1500
1500
1500
1500
1500
1500
1500
1151
16436
5388
16436
3940
13054
16436
16436
16436
13102
-593
1021
-593
409
-617
415
-593
411
-462
393
-490
491
-521
1500
4349
2948
1500
1500
1500
1500
-497
1500
1500
5994
-522
1500
1500
1453
1500
1922
-521
1500
1500
2902
1500
1500
492
-521
1500
1500
2948
1500
1500
1500
1500
1500
1500
1500
1500
1500
2948
1500
1500
1500
-521
2948
1085
1500
1500
1500
1500
1500
1500
2948
1500
1500
1500
1500
1455
2948
594
2948
1500
1500
2948
1500
1500
1500
1500
1500
1500
2948
1500
413
16436
3940
9248
-820
-521
-522
-502
-521
-521
-522
1500
1500
1500
1500
1500
1500
1500
1500
1500
1500
1500
1453
2948
1500
1500
1500
1500
1500
1364
-521
1500
4349
2948
4396
1500
1454
1500
2948
1500
1500
2948
1500
2948
1500
1500
2948
2948
1500
1500
2948
1500
1500
2948
2948
1500
1500
1500
1500
567
1500
2948
1500
1500
1500
1561
-521
1500
1500
2948
1500
1500
2902
1500
2948
2948
2948
1500
1500
1500
2948
1500
2948
1500
1500
8740
1500
1500
1500
1500
1500
2948
2948
1500
1500
5798
5465
-522
2948
1228
-521
4396
1500
1500
1500
1335
-521
2948
4396
2948
1500
1500
2948
813
1500
692
1500
2948
1500
2948
1500
1500
1500
644
-521
4349
4396
1500
1500
4396
2948
5117
2948
1500
1453
4396
4396
4396
2948
1500
1500
2948
2948
4396
1500
2948
1500
2948
2948
1500
1500
1500
1500
1500
1453
4396
1500
2948
2948
2948
1500
2948
2948
2221
-521
1500
1500
1500
2948
2948
1180
-521
1500
1500
2948
2948
2948
1500
1500
1500
1500
1500
2948
2948
2948
1500
2948
1500
1500
1500
1500
2948
2948
4396
2948
1500
1500
1500
2948
1500
1453
2948
1500
2948
1500
1500
1500
2948
2948
1500
1621
-521
1453
5844
4396
1500
1500
1454
2948
1500
1500
1500
1500
1500
1500
1500
1500
1500
1500
2155
-521
1500
2948
2948
16436
16436
16436
1668
1500
1500
1500
1500
5844
32820
7036
-605
-521
5797
5844
2948
4417
1500
1500
1500
1500
2404
-521
1500
2948
1500
2948
2948
2948
1444
-521
7292
4396
4396
815
1453
4396
1500
1500
2948
1500
2948
1500
1500
2948
1500
2948
1500
2948
1500
1316
2901
1500
2948
2948
2948
1500
1500
2948
1500
1500
2948
2948
2948
2948
1500
2464
624
1500
1500
4396
4396
4396
1714
1500
1500
2948
2948
2355
1500
2948
1500
1500
1500
1500
740
1500
1500
1453
1500
1500
1500
1500
2948
1500
4396
1500
1500
1500
1500
1500
1500
1500
1667
1500
1500
1500
2948
1500
1500
1500
2948
1500
2948
4396
1500
2948
1500
1500
1384
-250
318
-185
345
-89
89
1500
-196
2948
2948
2948
1500
1500
1500
1500
1500
1500
1500
1500
1500
2948
1500
1500
2948
1500
2964
-904
1455
