-148
100
-452
1540
1500
92
1500
92
1500
140
-452
-148
1540
1500
332
100
-452
-148
1540
100
-452
-148
100
-484
-148
1540
1540
1540
1540
1540
1500
92
1540
1540
100
-484
1540
-148
1748
1540
1540
1540
1540
1540
1540
1460
1500
92
1500
92
1500
1580
100
-484
-148
1540
1540
1540
1540
1540
1540
1252
1500
1500
132
1540
1540
100
-452
-148
1540
1540
1540
1540
1540
772
1500
1500
180
1540
1540
-452
-148
1540
1540
1540
1540
1540
1540
1540
1636
1540
1012
100
-452
-148
1540
1500
92
1492
-436
-148
100
-436
-148
1540
1500
92
1540
1540
1540
1500
92
1540
1588
-436
1540
1540
1540
1540
1540
1540
1540
1540
1540
1540
1540
1540
1500
92
1500
92
1500
92
1540
1540
1540
1540
1540
1540
1540
1500
92
1540
1540
1540
1500
92
1500
92
1540
1540
1540
1540
1540
1540
1500
92
1540
1540
1540
1540
1540
1540
1540
1500
92
1540
692
1500
1500
1396
1500
92
1500
92
1540
1540
1540
1500
92
1540
1540
1540
1540
1540
1540
1540
1540
1540
1540
1540
1540
1540
836
-148
100
-1500
-876
-148
596
1500
92
1500
396
1500
92
1500
92
1500
1580
1540
1540
1508
1364
1500
1372
1500
956
100
-148
100
-932
-148
100
-500
-148
564
500
-548
724
-148
692
100
-516
-644
404
-148
100
-436
1540
1500
92
1540
1540
1540
1500
92
1540
1540
1540
1540
1540
1540
1500
92
1540
1540
1540
1540
1540
1540
1540
1540
1540
1540
1540
1540
1540
1540
1540
1500
92
1540
1540
1540
1540
1500
92
1540
1500
92
1540
1500
92
1500
92
1540
436
580
-580
-148
100
-628
-148
500
1500
1212
-516
-516
100
-180
116
-276
1540
1940
1540
1540
1540
1540
-404
324
-548
1540
1500
92
1540
1540
1540
1540
1732
1540
1540
1700
340
-644
548
-580
1444
-148
100
-260
1540
1500
92
1300
532
-148
100
-628
452
1500
540
-212
340
-820
708
116
116
180
116
116
116
1076
116
