-423
2972
1512
1512
2972
2972
1512
2972
1512
1512
1512
1512
1512
1512
1512
1512
1512
1512
1557
-764
1500
1500
2948
1500
1500
1500
1500
1500
1500
1500
1500
1500
1500
-761
5844
1443
4396
1500
-784
1500
1500
1241
1004
-747
1500
1500
2948
494
-758
2948
1500
1500
-758
4396
2948
1500
1498
-758
1500
1500
1500
1500
1500
1500
1643
-758
1500
1500
2948
7292
1500
1500
1500
-758
1830
1500
1500
2948
1500
2948
1500
1500
1500
1500
-759
596
1500
1500
1500
1500
1500
1500
1500
2948
1500
-759
2652
4396
1500
-757
7292
1500
1315
1500
2948
1500
1500
1500
1500
1500
2948
1500
-759
684
1500
1500
2948
4396
4396
1754
-758
2948
1500
1500
1500
2948
1500
7292
4396
2586
-758
5150
-758
-759
-759
1500
1500
4396
1500
1500
2948
1313
2948
1500
1500
2948
1500
1500
1500
1500
1580
-759
-759
-758
-759
-758
-759
-758
4396
8740
5844
2672
5844
1500
3484
4396
2948
3942
2948
1500
1500
1500
1500
1155
2948
1500
1500
1500
2948
2948
1500
2060
2948
2948
2948
2948
2356
5844
1500
1500
1500
1500
1500
1500
1500
1500
952
2948
1500
1500
7292
3447
-492
1500
1500
2948
1500
1500
1500
1500
2948
1500
-758
1959
628
2948
2948
-758
1500
1500
1500
2948
1500
1500
1301
2948
2948
-759
1500
1500
2948
3493
2948
2948
-758
2948
1500
1091
2948
1500
1500
-759
1500
1500
1500
1500
1500
1500
931
2948
1500
1500
-758
1500
1500
1500
1752
-758
1500
1500
2948
1500
1500
1500
1500
1500
1500
1500
1500
1500
1500
-758
825
1500
1500
1500
1500
2948
1709
-758
1500
1500
1500
1500
1500
1500
2948
1500
1500
1500
1500
1373
-757
1500
1500
1500
2948
2163
-757
5844
1500
1500
1500
2948
654
1500
1500
2948
-757
1500
1500
1500
2948
1500
1500
1210
-758
5844
1500
1500
1500
1500
1500
1500
1406
-759
5844
1500
2948
1110
1500
-759
4396
1500
1500
2948
2224
1500
1500
1500
1500
-759
1500
1500
1500
2948
1500
1500
960
-757
-758
-758
-759
-758
-759
5844
1500
1500
2948
1864
-822
2948
4396
2948
1500
2948
2895
2948
1500
1500
1500
1500
1500
1500
1500
1500
1500
1500
1500
1500
1500
1500
1500
1500
1500
1038
2948
1500
2948
1500
2948
1500
819
4396
1500
1500
1500
1500
1500
1500
1500
642
2948
1500
1500
2948
1500
2948
1500
1500
1500
1500
1500
1500
1500
1500
1500
1500
1500
1500
2948
1500
1500
1500
1253
1500
2948
2948
720
2831
1500
1500
1500
1500
1500
1500
1500
1500
1500
1500
1500
1500
4396
1500
1596
1500
1500
2948
2948
1500
2948
2948
878
1500
1500
1500
1500
1500
1500
1500
1500
1500
3182
1500
2948
830
1500
1500
1500
1500
1500
1500
1500
1500
1500
14532
16436
8628
7860
16436
14016
-822
1500
1201
-696
-758
-758
7292
7292
4257
-840
4396
2948
1500
1500
1500
1500
1098
1448
-493
537
-813
1512
1512
1512
1111
-831
1454
-819
2649
-819
5844
1500
2948
1500
1500
1500
1500
1500
1500
1500
7292
8740
7292
5844
2972
1512
1512
1512
1512
16436
16436
16436
8320
-228
-527
1512
1512
1512
1512
1512
1512
1512
867
1719
1500
1500
1252
498
1500
2948
1500
4396
2948
1500
-518
609
539
1500
2948
-518
543
1500
1500
1500
1500
1500
1500
1500
1500
1500
1500
1500
14532
-518
5844
1500
1500
1500
1500
1500
7292
8740
7292
8740
5844
1500
-525
541
7292
1500
1500
1500
1500
1500
1500
2948
1500
1500
1500
1500
1500
1500
32820
16436
8820
-584
2464
2948
1500
1500
1500
1500
1500
1500
1500
1500
2948
1500
1500
1500
7973
1445
-537
-250
-527
656
1156
-514
509
318
-532
-185
2948
2948
1500
345
-89
89
2948
1500
1500
1500
-196
1500
1500
660
2948
1500
1500
1500
1500
2948
1500
1500
1500
1500
2948
1500
1500
1500
1500
1500
1500
1500
1500
1500
1500
1500
2948
1500
1500
1500
1500
2948
4396
1500
1500
1500
1500
1500
1500
1500
1500
1500
1500
1500
1500
1500
1500
4396
1500
1500
1500
1500
1500
1500
1500
2948
1500
2948
1500
2948
1500
1500
1500
1500
1500
5844
2948
1500
1500
1500
1500
1500
1500
2948
2948
2948
1500
1500
1500
2799
