-422
1500
1500
911
-430
1512
1154
-440
-455
1512
1512
2972
647
412
-456
647
-457
867
-458
-455
-448
-448
-445
-468
-474
955
1879
-478
-476
741
684
885
-478
-481
-477
969
-475
1592
1905
-465
2972
2972
1512
2972
1512
702
-466
1323
-470
567
-469
594
-471
1512
2972
1512
1512
1512
2972
1512
1512
1512
1512
1250
-466
2948
1500
2948
1500
1500
1500
1500
1500
2948
1500
2948
1500
1512
2972
1512
1512
1512
1512
1512
1512
1512
1512
1512
1512
1512
1512
1512
1512
1512
1512
1512
1304
2972
1512
1512
1512
1512
1500
1500
818
1500
2423
1887
1500
1500
842
2972
1512
1512
1512
1512
1512
1512
1512
1512
1512
1512
1512
1512
2972
1512
1512
1512
1512
1512
1512
1512
1512
1512
1512
1512
1512
1512
1512
1512
1512
1512
1512
1512
1512
1512
1512
2972
1512
1512
1512
1512
1512
1512
1512
1512
1512
1512
1512
1512
1512
2972
1512
1512
1512
2972
2972
1512
7352
7352
5892
2972
5892
4432
4432
2972
2972
1512
1512
1512
1512
1512
1512
1512
1512
2972
1512
1512
1512
1512
2972
1512
1512
2558
-228
1500
1500
1252
609
-584
1500
1016
-250
318
-185
345
-89
89
-196
