-446
1500
1500
1500
1500
1500
904
-471
1500
1500
1500
1500
1500
1500
1500
1500
1083
-492
1500
1500
2169
-500
1500
2117
-502
1500
1500
1500
1500
2948
1500
1500
1500
1500
1500
1500
1500
1500
1500
1500
-502
1500
4396
1500
1500
1500
1500
1500
1178
1500
1500
1500
1500
-507
-504
-504
-504
-505
198
1500
1500
2948
2727
2948
-220
1500
1500
1500
2948
1500
5620
1500
2948
1500
1500
1279
1500
2948
1500
1500
1500
1500
1500
1500
1055
2948
1500
1500
1500
1500
1500
1500
2948
1500
1500
1500
1500
1500
1500
1500
1500
1500
1845
1500
1500
1337
1500
1510
11635
-480
-501
-503
-505
-503
-500
-507
1500
2948
1500
1500
2948
1500
1500
1279
1500
1500
1500
1500
1500
1500
1500
1742
1500
-469
1500
1500
593
-483
4396
1222
2948
-469
2948
1500
1279
2948
1500
1500
1500
4396
2727
1500
7788
4150
-479
-470
526
2948
1500
1500
1500
1500
1500
1500
1500
1500
1500
1500
2948
1500
1694
-473
1300
-471
1500
533
-469
1665
1430
-474
-474
1500
1500
821
-471
1530
-477
851
-582
1597
-584
1242
-582
1343
-443
1156
-639
893
1500
1799
1500
2008
2165
2948
1500
1500
2948
1500
3339
976
-174
290
-504
1026
-228
1500
1500
1252
609
-605
1500
1016
-250
318
-185
345
-89
89
-196
