-455
2972
1512
1512
1512
1512
1512
694
-465
-421
1288
919
-459
1512
1512
1512
1512
-494
1439
2972
1512
1512
-499
1512
1512
1512
1512
1512
1512
1512
1512
1512
1512
1512
1512
2972
1512
1512
-473
-471
-473
-471
1512
1512
2972
1512
1512
1512
1512
1512
1512
1512
1512
1512
1512
1512
1512
1512
1512
1512
1512
1512
1512
1512
1512
1512
1512
1512
1512
1512
1512
1512
1512
1512
1512
1512
1512
1512
1512
1512
1512
1512
1512
1512
1661
-474
1512
1512
1512
1512
1512
570
-474
2669
-489
1512
1512
1512
1512
1512
1512
1512
1512
1512
1512
1512
1512
1512
1512
1512
1512
1512
1512
1512
1512
1512
1512
1512
1512
2972
1512
1512
1512
1512
1512
1512
1512
1512
1512
1512
1512
2972
1512
1127
-477
1512
1512
1512
1512
1512
1512
2972
3061
-475
1512
2972
585
-480
1512
1512
1512
1512
1512
1512
2972
1512
1512
2972
1512
1512
2972
2972
2972
2972
1512
1512
1512
1512
1512
1512
1512
1512
1512
1162
-480
1512
1530
-480
1512
1512
954
-477
1512
1512
1512
1512
1512
1951
-480
1512
813
-481
1512
2972
1512
1512
2972
2476
-487
578
-480
779
1611
1512
1512
1512
1512
1512
1512
1512
1512
2972
1512
1512
1512
1512
1512
1512
1512
1512
1512
1512
1512
1512
1512
1512
1512
2972
2972
2972
1512
1512
4432
2972
-488
-486
-228
1512
1512
1512
1512
1512
1512
1512
1512
1512
1512
1512
1512
1512
1512
1512
1512
1512
1512
494
-482
1500
1500
1500
1512
1252
-477
1512
1071
-483
1512
1512
1512
2486
-484
1512
2972
2972
2972
1512
1512
1512
1512
1512
1512
1512
1512
1512
1512
1512
3376
-502
4432
2972
1512
1512
2972
389
1665
-502
1512
654
1512
2607
1512
-605
2854
1500
1016
1512
4432
1512
413
838
-250
1512
1545
111
-185
366
-89
89
-196
