-440
3009
4396
1500
1298
-1657
-870
1500
1500
1500
1500
1500
1500
1500
1500
1500
1500
1500
1500
1500
1500
1500
1394
1580
-1613
1500
1500
1500
1500
1500
1500
1500
1500
1500
1500
1500
1500
1500
1500
1500
1500
1500
1500
1703
-898
1500
1500
1500
1500
1366
-865
1500
1500
1500
1363
-869
1500
1500
2948
515
-875
1500
1500
2948
1099
-874
1500
1500
1500
1500
799
-850
1500
1500
1500
1500
1500
1500
544
-866
-1629
-1611
-1607
-1602
-1613
1500
1500
1500
1500
1500
1500
481
2948
813
1314
1457
2948
1500
1500
1500
1500
491
628
-1598
-1609
-1614
-1625
-1617
-1611
1309
-1619
1871
-1612
1500
1500
1500
1500
1500
1500
1500
1500
1500
1500
1500
499
1393
1417
1500
1500
1500
1889
1500
2948
1500
1500
1500
802
1500
2002
-228
1500
1500
1252
609
-584
1500
1016
-250
318
-185
345
-89
89
-196
