-425
1500
1666
-652
-468
-442
1512
1512
2992
-436
1088
-455
1512
1512
1512
1512
1512
1512
1512
1512
1512
1512
1512
1512
1512
1512
-455
1512
1512
1512
1791
-455
1512
1705
1512
1626
1391
-455
-453
-479
-479
-479
-479
616
-480
1512
1303
-477
582
-477
2972
2972
1512
1512
1512
747
-477
1512
1512
2972
1512
1252
-477
1512
1512
1512
1512
1512
1512
1512
1512
1512
1512
1512
1512
1512
1512
1894
-477
1512
1512
1512
1512
1512
1512
1351
-477
2670
-480
2721
-480
1260
-480
1512
1101
1512
1771
2753
962
548
1512
1512
1512
2972
1512
1512
1512
1512
1512
654
1552
2603
1145
-656
1014
-228
1500
1500
1500
389
-584
1500
1016
-250
111
-185
403
-89
-196
