-425
1500
1500
1500
1500
1500
881
-426
4396
1500
2562
-448
1500
1200
-459
-441
-441
1549
1181
526
-442
1500
1500
1500
1500
2948
1500
512
-442
1500
1500
2948
1500
1500
779
-441
1610
-441
-441
-441
-440
-440
-440
1500
5789
1925
3736
1534
1932
2334
-440
-440
1500
3619
-502
2486
2334
2476
3090
-502
511
-502
507
1124
-517
898
1500
4396
1500
548
-512
-512
-504
-516
704
2948
2948
2453
2948
1500
1500
683
-512
7292
6158
1033
-512
-512
581
473
473
-508
-512
-512
532
-517
-521
1500
1500
1411
700
1500
1900
591
-228
2948
1252
609
-584
1500
1016
-250
318
-185
345
-89
89
-196
660
