-217
1500
1904
-378
111
-473
1500
1500
1500
1500
1500
1500
1500
1500
1500
529
-505
729
-249
197
-564
1193
-514
-249
-249
-249
-521
-249
-537
197
197
985
2041
197
197
-564
-564
-564
-505
601
-580
-505
-505
-232
4396
1500
1721
-505
1145
1961
-505
-521
1500
1500
2217
-521
1577
-537
1500
1500
1500
1500
1500
1793
1500
2193
1177
-537
425
2948
1993
1470
-521
1470
-537
953
-521
-537
1500
5844
2948
1500
2948
2948
1500
1500
1500
1500
1500
1500
1500
1500
1500
1500
1500
1500
1500
1500
1500
1500
1500
1500
1500
1500
1500
1500
1500
1500
1500
1500
1500
1500
1500
1500
1500
1500
1500
13084
2948
1500
1500
1500
1500
1500
1500
1500
1500
1500
1993
1500
1500
1500
1500
1500
1500
1500
1500
1500
1500
1500
1500
1500
1500
1500
1500
1500
1500
1500
1500
1500
1500
1500
1500
1500
1500
1500
1500
1500
1500
1500
1500
1500
1500
1500
1500
1500
1500
1500
1500
1500
13243
10188
16436
16436
2492
10188
13084
16436
1044
1500
1500
1500
1500
1500
1500
1500
1500
1500
1500
1500
1500
1500
1500
1500
1500
1500
1500
1500
1500
1500
16436
11636
16436
3749
-613
16436
827
1500
1500
1500
1500
1500
1500
1500
11060
16436
1012
-611
116
564
405
1183
376
-174
294
5428
16436
16436
16436
16436
16436
16436
16436
16436
16436
16436
16436
1192
-228
-553
15476
16436
1479
-553
15924
16436
16436
7887
1609
1865
-576
-553
-537
-553
16372
16436
16436
16436
1593
1500
881
16436
16436
16436
16436
16436
16436
1500
2049
16436
16436
8090
-553
-537
-553
-537
1193
1133
1500
929
1129
1017
-663
-569
-569
-569
-585
1029
457
1500
1500
2948
1500
1633
569
-569
-569
1500
-585
-585
1105
1401
-585
1500
1500
1500
1500
1500
1500
1500
1500
1500
1697
-585
793
1500
2948
1500
1500
1500
2948
1753
-553
1500
1500
1500
1500
1500
-585
2177
1500
1500
1513
425
-553
1081
-537
-569
1500
1329
1500
-585
1409
1500
2948
1500
1513
697
-585
1500
865
16436
1500
1500
1500
389
-605
1500
1016
-250
111
-185
403
-89
-196
753
-676
646
-457
1513
89
89
89
89
89
89
