-148
100
-468
1492
1492
1492
1492
1492
1492
-148
1492
1500
1500
1476
1492
1500
1484
100
-532
-148
1492
1500
1500
1476
1492
1500
1500
1476
1492
1500
1484
1500
1484
1500
716
100
-516
-148
1492
1500
1484
1500
1484
1500
1500
1092
100
-580
-116
-148
372
100
-548
676
-148
596
100
-516
-148
100
-612
-148
500
500
100
-1500
-764
-148
500
388
1492
500
692
100
-500
-148
1492
1500
1324
964
100
-500
-148
100
-500
-148
388
1492
388
1492
100
-500
276
-148
1492
1500
124
100
-500
-148
100
-596
-148
388
868
468
100
-532
-148
436
1108
1500
716
1500
172
100
-548
-148
500
100
-532
-148
388
1492
1492
1500
1036
100
-548
-148
500
132
-564
-148
916
164
-628
-148
100
-980
308
-148
436
100
-484
1492
-148
1492
100
-1092
116
1500
1500
1476
1492
1500
1484
1492
1492
1500
1484
1492
1492
1500
1500
1476
1492
1492
1500
1484
1500
412
1492
1492
1500
1500
1476
1492
1492
1500
1484
1492
1492
1500
1484
1316
1492
1492
1500
1484
1492
1492
1500
1484
1500
1484
1492
1492
1500
1484
-532
-148
1492
1500
1500
1476
1492
1500
1500
868
1492
1500
156
596
100
-532
-564
-1076
-564
-452
-516
-148
388
1500
1500
260
1492
1500
1484
1500
1484
1500
1484
1500
1500
148
1012
1500
236
1500
1500
1220
1108
1500
1228
-148
388
1396
388
756
100
-516
-148
388
1500
92
-500
-148
420
772
-564
-148
388
1500
1500
1476
100
-564
-148
1500
252
388
1108
1108
1500
716
100
-516
-1500
-1036
-660
1172
1500
380
1500
1500
1476
1500
380
1492
1500
1484
1500
1436
1500
716
1500
1500
420
1500
396
388
1500
1484
1500
940
1500
604
1500
716
1500
556
100
-2948
-852
-148
1500
1500
1476
1500
748
388
1500
1484
1500
1500
1476
1500
1484
1500
412
388
1500
1500
500
388
1500
716
1500
892
1500
1500
660
1500
1276
1492
1500
1484
1500
268
-1500
-1212
-148
484
1492
1492
1500
1500
1476
1492
804
420
420
868
420
388
1108
1108
1500
1500
100
-532
-148
372
132
-740
-148
372
100
-596
-148
372
132
-2948
-868
-148
420
388
1492
1348
388
1108
820
388
1108
1108
1500
1500
468
388
1108
1500
908
1492
932
100
612
-1500
-1132
148
-148
100
-500
1500
-148
1500
1500
1500
1500
916
388
1492
1500
220
420
420
388
1492
1492
1500
956
1500
732
100
-644
-628
100
-580
1500
-148
1500
1500
1500
1500
1500
1500
1500
1500
1500
1500
604
1500
1500
1500
1500
1500
1500
1500
1500
1500
1500
1500
1108
100
-660
452
1500
108
692
-1108
-1492
1500
1500
1500
1500
1500
1500
1500
1500
1028
340
-548
596
-756
1500
1500
268
-1076
1500
1252
-1140
372
-1172
1500
1500
1500
1500
1500
1500
1500
1500
1500
1500
1500
1500
1500
1500
1500
1500
1500
1500
564
1500
1500
1500
1500
1500
1500
1500
1500
1500
1500
1500
1500
1500
1500
1500
1500
1500
-100
1500
1500
476
740
-788
-532
-148
1500
1500
1500
1500
1500
1500
1500
1500
1500
1500
1500
1500
1500
1500
932
100
-484
788
-148
100
-276
1500
-628
1500
972
1500
892
-532
1220
-148
100
-660
-1060
868
-148
1500
1500
1500
1500
1500
1500
572
1500
1500
1500
1500
1500
1500
108
1500
1500
1500
1500
1500
1500
1500
-660
1500
1500
1500
1500
1500
1500
1500
1500
1500
1500
1500
1500
1500
1500
1500
1500
1500
1500
1492
1500
540
-212
340
-628
708
116
-116
-244
340
-436
244
-116
-148
100
-644
916
-148
100
-660
740
132
-116
-116
-308
116
116
116
116
116
116
116
116
116
