-419
1500
1500
1537
1500
1500
1500
1500
1500
1287
-439
-421
281
860
-430
283
134
284
1500
1500
1305
-432
1500
1500
1131
283
1500
1500
1306
-453
1500
1962
814
526
-433
1730
1500
1307
1151
-228
1500
1500
1252
609
-584
1500
1016
-250
318
-185
345
-89
89
-196
-418
1500
1500
1500
1500
1500
1500
1500
2176
-439
1500
846
-440
-449
1557
1070
-443
790
-440
1629
-461
-436
-438
-430
-434
-458
1500
1500
1092
-430
516
549
643
648
640
1107
-491
-446
-448
-448
-462
-457
-458
744
-457
520
717
1120
-455
-456
-460
750
660
-456
-457
567
-459
942
-446
1001
-473
1767
523
487
-480
-495
1554
-480
-495
1500
1576
-452
1500
1500
1500
2948
1500
2948
1500
2948
1124
-462
1152
-472
1118
-471
631
-451
1500
1500
2138
-463
1500
1500
1500
4396
1550
-460
1500
1341
-461
2948
1500
692
-451
2948
1731
-458
2833
-459
1500
1735
-451
1500
1152
-455
2948
533
-462
1500
2948
2707
-460
2948
4057
1404
-464
-455
7292
4117
-469
2664
-469
1500
1500
1500
4396
2948
2140
-469
1500
1523
-469
1910
-459
1500
1500
1500
564
2948
1500
1500
1500
1500
1500
1500
1500
1500
1500
1500
1500
1500
1500
1500
1500
1500
1500
1500
1500
1500
1500
1500
1500
1500
1500
1500
1500
1500
1500
1500
1500
1500
829
1500
2948
1500
1500
1500
1500
1500
1500
1500
1500
1500
1500
1500
930
1470
1500
1982
1500
1500
1500
1500
1500
1500
1500
1500
1500
1500
1500
1500
1500
1500
1500
1500
1500
1500
1500
1500
1500
1500
2948
4396
4396
4396
5844
2948
1500
1500
1500
1500
1500
1500
1500
1500
1500
1500
1500
1801
1500
1038
1500
2948
1500
1500
1500
1500
1500
1500
1500
1500
1500
1500
1500
1500
1500
1500
1500
1500
1500
1500
1500
1500
1500
1500
1500
1500
1500
1500
1500
1500
1500
1500
1500
1500
1500
1500
1500
1500
1500
1500
1500
1500
1042
-523
1409
-552
