-148
100
-500
1500
108
1500
1500
164
1500
108
-148
1500
108
1500
108
1500
108
1500
108
1500
108
1500
108
1500
108
1172
100
-468
-148
100
-1268
1500
-148
92
1500
92
1500
1500
132
1500
92
1500
92
1500
92
1500
92
1500
108
-532
1500
-148
92
1500
92
1500
1500
132
1500
156
1500
108
1500
108
1500
108
1500
108
100
-516
-148
1500
108
1500
108
1500
108
1500
108
1500
108
1500
108
1500
108
1500
108
676
100
-564
212
-148
788
100
-516
-148
100
-564
1500
-148
92
772
-564
1300
-148
100
-500
1500
-148
92
1500
92
1500
124
1500
140
1500
1500
132
1500
92
-500
1500
92
1500
-1124
92
1500
-148
92
1500
1500
212
1500
92
1500
92
1500
92
1500
92
1500
92
1500
92
1500
92
1500
92
1500
92
1500
92
1500
92
1500
92
1500
92
1500
92
1500
92
1500
92
1500
732
1500
92
1500
1500
132
1500
1500
1500
1324
1500
92
1500
1500
148
1500
108
1500
108
1500
108
1012
1500
1500
132
1364
100
-2948
-516
1500
-148
156
1500
92
1500
1500
132
1500
92
1500
92
1364
1500
1500
132
1500
92
1500
92
1500
92
1500
92
1500
92
1500
204
1500
92
1500
92
1500
92
100
-1380
1500
-148
92
1500
92
1500
1500
100
1500
92
1500
476
1500
108
1500
92
1500
92
1204
1500
1484
1500
1500
132
1500
140
-580
1500
-148
92
1500
1500
132
1500
92
1500
92
1500
92
1500
92
1500
92
1500
92
1500
92
1500
92
1500
92
1500
92
1500
92
1500
92
1500
92
1500
92
1500
92
1500
140
1500
92
1500
92
1500
92
1500
92
-1500
-1308
1500
92
1500
92
1500
92
1500
92
1500
92
1500
92
1500
92
1500
92
1500
92
1500
92
1500
92
1500
92
1500
92
1500
92
1500
92
1500
92
1500
92
1500
172
-596
1500
92
1500
92
1500
92
1500
92
1500
92
1500
92
1500
92
1500
92
1500
108
836
1500
92
1500
1500
132
1500
92
1500
92
1500
92
1500
92
1500
92
1500
92
1500
92
1500
92
1500
92
1500
92
1500
92
1500
92
1500
92
1500
92
1500
92
1500
92
1500
92
1500
92
1500
92
1500
92
1500
92
1500
92
1500
364
1500
92
1500
92
1500
92
1500
92
1500
92
1500
92
1500
92
1500
92
1500
92
1500
92
1500
92
1500
92
1500
92
996
1500
1500
132
1500
92
1500
92
1500
92
1500
92
1500
92
1500
92
1500
92
1500
92
1500
92
1500
92
1500
92
1500
92
1500
92
1500
92
1500
92
1500
92
1500
92
1500
92
1500
92
1500
92
1500
92
1500
92
1500
92
1500
92
1500
92
1500
236
1500
92
-580
1500
92
1500
92
1500
92
1500
92
1500
92
708
1500
-580
1500
132
1500
92
1500
92
1236
-580
1500
92
1268
1500
1500
132
1500
92
-580
1500
92
1252
1500
1500
132
1500
92
1500
92
-580
1500
1500
132
1500
92
1500
92
1500
92
1500
92
1500
92
1500
92
1500
92
1500
92
1500
92
1500
92
1348
1500
-580
92
1500
1500
132
1500
92
1500
92
1500
92
1500
92
1500
92
1500
92
1500
92
884
-580
1500
92
1500
92
1500
92
1500
92
1500
92
1500
92
1500
92
1500
92
1500
92
1500
92
1500
92
996
1500
1500
132
1500
92
1500
92
1500
460
1012
-1108
1092
-580
1500
-580
92
1500
92
1500
1500
132
1500
92
1500
92
1500
92
1500
92
1500
92
1500
92
1500
92
1500
92
1500
92
1500
92
1500
92
1500
92
1500
92
1500
92
900
1500
716
1500
1500
132
1500
92
836
1500
604
1500
332
-596
468
-532
1500
92
1332
-148
100
-532
276
-564
1500
92
756
-1332
1500
92
1500
92
1500
92
1500
92
1412
-596
1500
92
1500
92
1500
92
1500
92
1500
92
1500
92
-100
1500
92
1500
92
1500
92
1500
92
1500
92
1500
92
1500
92
1028
1500
92
1500
1500
132
1500
92
1500
92
1500
92
1500
92
1500
92
1500
92
1500
92
1500
92
1500
92
1500
92
1500
92
1500
92
1500
92
1500
92
1500
92
1500
92
1500
92
1500
92
1500
92
1500
92
1500
92
1500
92
1500
92
1500
92
1500
92
1500
92
1500
92
1500
92
1500
92
1500
92
1500
92
1500
92
1500
92
1500
92
1500
92
1500
92
1500
92
1500
1500
132
1500
92
-596
1500
92
1500
92
1500
92
1500
1500
132
1500
92
1500
92
1500
1500
132
1500
764
1500
92
1500
92
1500
92
1500
92
1500
92
1500
92
1500
92
1500
92
1500
92
1500
92
1500
92
1500
92
1500
92
-612
1500
92
1500
92
1500
92
1500
92
1500
92
1500
92
1500
92
1500
92
1500
92
1500
92
1500
92
1500
92
1500
92
1500
92
1500
92
1500
92
1500
1500
132
1500
92
1500
92
1500
92
1500
92
-100
1500
92
1500
92
1500
92
1500
92
1500
92
1500
92
1500
92
1500
92
1500
92
1500
92
1500
92
1500
92
1500
1212
1500
92
1500
92
1500
92
1500
1500
132
1500
92
1500
92
1500
92
1500
972
-596
1500
92
1500
92
1500
92
1500
92
1500
92
1500
92
1500
92
1500
92
1500
92
1500
92
1500
92
1500
92
1500
492
1500
92
1500
92
1500
92
1500
92
1500
92
1500
92
1500
92
1500
92
1500
92
1500
92
1500
92
1500
92
1500
92
1500
92
1500
92
1500
92
1500
92
1500
92
1500
92
1500
92
1500
92
1500
92
1500
92
1500
92
-100
1500
92
1500
92
1500
92
1500
92
1500
92
1500
92
1500
92
1500
92
1500
92
1500
92
1500
92
1500
92
1500
92
1500
92
1500
92
1500
92
1500
92
1500
92
1500
92
1500
92
1500
92
1500
92
1500
92
1500
92
1500
92
1500
92
1500
92
1500
92
1500
92
1500
92
1500
92
1500
92
1500
92
1500
92
1500
92
1500
92
1500
92
1500
92
1500
92
1500
92
1500
92
1500
92
1500
92
1500
92
1500
92
1500
92
1500
92
1500
92
1500
92
1500
92
1500
92
1500
92
1500
92
1500
92
1500
92
1500
92
1500
92
1500
92
1500
92
1500
92
1500
92
1500
92
1500
92
1500
92
1500
92
1500
92
-100
1500
92
1500
92
1500
92
1500
92
1500
92
1500
92
1500
92
1500
92
1500
92
1500
92
1500
92
1500
92
1500
92
1500
92
1500
92
1500
92
1348
-564
1500
524
1500
92
1500
92
1500
92
1500
92
-100
1500
92
1500
92
1500
92
1500
92
1500
92
1500
92
1500
92
1500
92
1500
92
1500
188
1500
92
1500
92
1500
92
1500
92
1500
92
1500
92
1500
92
1500
92
1500
92
1500
92
1500
92
1500
92
1500
92
1500
188
-1380
1500
92
1500
92
1500
92
1500
92
1500
92
1500
92
1500
92
1500
92
1500
92
1500
92
1500
92
1500
92
1500
1500
92
1500
92
1500
92
-100
1500
92
1500
92
1500
1500
132
1500
92
1500
92
1500
92
1500
92
1500
92
1500
92
1500
188
1500
92
1500
92
1500
92
1500
92
1500
92
1500
92
1500
92
1500
92
1500
92
1500
92
1500
92
1500
92
1500
92
1500
92
1500
92
1500
92
1500
92
1500
92
1500
92
1500
92
1500
92
1500
92
1500
92
1500
92
1500
92
1500
92
1500
92
1500
92
1500
892
-1364
1500
92
1500
92
1500
92
772
1500
1500
132
1500
92
1500
92
1500
92
1500
92
1500
92
1500
92
1500
92
1500
92
1500
92
1500
92
1500
92
1500
188
1500
92
1500
1500
1500
1500
212
1500
1500
132
1500
92
1500
1500
132
1500
92
1500
92
1500
92
1500
188
-148
1500
92
1500
92
1500
92
1500
92
1500
92
1500
92
1500
92
1500
92
1500
92
1500
92
1500
92
1500
92
1500
92
1500
188
1500
92
-100
1500
92
1500
92
1500
92
1500
92
1500
92
1500
92
1500
92
1500
92
1500
92
1500
92
1500
92
1500
92
1500
188
1500
92
1500
92
1268
100
-548
644
-148
100
-516
372
-148
100
-564
1500
652
1500
108
1500
108
1500
108
1500
1500
164
1500
108
1500
108
1220
-148
100
-660
740
-148
100
-7292
-556
100
-2948
-164
1500
-148
108
1500
588
1500
108
1500
972
100
-612
1500
620
-148
100
-2948
-356
-2948
-1076
628
1500
796
-596
1412
1500
108
1500
108
1500
1500
164
1500
284
-148
100
-484
1500
108
1500
108
1500
1500
164
1500
108
1500
108
1348
-2948
-1076
724
-1012
1060
-1220
1500
108
964
-148
100
-1428
628
-1500
-556
-148
100
-1500
-92
628
548
-1500
-572
-148
100
-1500
-92
628
548
-1500
-572
-148
100
-1500
-92
628
548
-1500
-556
-148
100
-1500
-92
628
548
-116
-180
116
-1500
-572
-148
100
-1500
-92
628
548
-116
-244
148
-500
116
116
116
244
116
-148
116
116
116
116
116
116
116
