-422
-228
1500
1500
1500
389
-584
1500
1016
-250
111
-185
403
-89
-196
1420
1420
1420
1420
1420
1766
-517
-519
1420
1690
-516
-518
1223
-520
1420
1420
871
1420
1420
1420
-524
-541
-526
-543
2788
964
-540
-507
1420
1420
1456
-537
1976
-537
1420
1420
1420
1420
4156
1420
4156
1420
2016
-537
1512
667
1470
2026
-537
1512
638
-537
486
-537
-538
-537
-537
-548
-538
487
1512
438
2107
1420
1420
1420
1420
1420
1420
1420
1420
1420
1420
1420
1420
1420
1420
1420
1420
1420
1420
1407
-500
1470
1470
2888
-492
-540
1879
1470
1470
1470
1470
1470
1470
1470
1470
1470
1470
1470
1470
1470
1470
1470
1470
882
1420
3153
-497
1420
1420
1420
1044
1420
1420
1420
2788
1428
1420
1420
1420
1420
1420
2788
1420
1420
1420
1420
2972
-573
-573
-574
1420
543
1481
1374
-490
1420
466
1420
568
702
-577
-583
-575
-572
1420
1420
1420
1420
1420
1420
1420
1420
1420
1420
4156
1420
1420
1420
1420
1416
1420
1727
1343
1420
1420
1420
1261
1420
1420
1420
1420
1420
1420
1420
1420
1420
2788
1420
1420
1420
1420
2788
1420
1420
1420
1420
1420
1420
1420
2788
1420
1420
1420
1420
1420
1420
1420
1420
1420
1420
1420
2005
