-442
1512
4432
-576
1512
1512
1512
1512
1512
1512
1512
1512
1512
1512
1512
1512
1500
1663
-622
1500
1500
1500
1500
811
-544
1500
1500
1109
1026
-599
712
-664
852
-650
1500
1500
2948
1500
1500
-666
793
785
-663
1500
1500
1604
-599
-626
-648
-643
-611
1500
2948
1500
1500
1500
738
1500
1500
1500
1500
1500
1500
1500
1500
1500
1500
1500
1500
1500
1500
1500
1500
1500
1500
1500
1500
1500
1498
877
-634
5740
1500
1500
1272
-642
1500
1500
1500
1500
374
1500
1500
1500
1500
-643
1500
1500
1655
1500
2948
1500
-525
-597
-656
-634
-635
-635
1500
1500
2948
2948
2948
3543
-630
997
-660
1500
1500
1500
1500
1500
2181
-626
2948
1500
1500
1500
1500
1500
1500
-744
2948
1500
2948
1500
1500
2948
1500
2948
2020
-624
-763
2948
1500
3406
2948
2948
1500
-747
2948
1500
2948
2315
2948
2330
-627
3695
-628
1500
1500
-748
2948
1441
-622
1500
1500
2103
-673
-735
1408
4396
3665
-753
-610
521
827
-676
1500
2948
2425
1500
1500
1500
1500
2327
-671
1500
1500
3076
-699
4396
1500
2948
1500
1500
1500
428
-717
1500
426
-735
1500
1500
2948
1500
2948
2948
3766
1500
-747
1893
-715
1203
2948
2657
-721
-745
1500
3659
-613
1500
1500
2948
1500
1500
1500
1500
1500
2948
1500
1500
1500
1500
-733
2948
1500
1500
1500
1500
827
1500
-609
1500
843
-668
1500
1482
-650
2948
1500
1500
2948
952
-746
1500
1500
1500
1725
-704
1500
1500
1277
2948
1500
1500
2360
-634
1500
2948
1932
1868
2948
1500
1955
627
1796
2948
1579
1500
1500
1500
1603
1500
1500
1500
1500
1500
1303
1500
1015
2948
1500
1500
1500
1500
1500
1500
2948
2318
1500
1500
1500
-748
1500
-694
1500
1500
1500
1500
1500
1500
1500
4396
2948
1500
2948
1500
4102
452
2948
1500
3027
-748
541
-754
1456
-748
-746
490
-749
-748
1913
-762
1500
1500
1354
2948
1500
1236
-772
1907
1500
2948
1678
-734
-739
593
-738
-751
1328
956
1500
897
-228
1500
1500
1252
609
-605
1500
1016
-250
318
-185
345
-89
89
-196
