-421
4432
1512
2972
1512
1512
1512
2972
1512
1512
1512
1512
1512
1025
-555
1500
1663
-601
2948
2948
830
-578
712
-643
852
-629
1500
1500
1500
1500
1500
1500
792
-645
785
-642
1500
1500
1603
-578
-627
-622
-590
4396
1500
1500
1500
1500
1500
1500
1500
1500
-605
7292
1500
2945
1500
920
2948
1396
1500
2948
1500
1500
1272
1500
1500
2948
-613
1500
1500
738
1500
2948
1300
-621
1500
1500
2948
1500
1500
1655
-622
2948
2948
2948
1500
1500
1500
1500
1500
1500
-504
-576
-635
-613
-614
-614
3562
-609
1016
-639
1500
2181
-605
2948
2948
2948
1500
1500
2039
-603
1500
1500
1500
1500
4396
2948
2948
1500
2948
1500
5844
7292
4396
1500
2948
867
1512
2948
1946
818
-606
1500
4396
1441
-607
4396
2330
-601
3665
-641
4999
-589
3723
-656
4396
3775
-698
2948
1500
1628
-678
452
-644
1500
4396
2948
1912
-694
8110
8740
3201
-670
4396
2948
2962
-592
2275
-588
1500
1590
-647
1500
1500
1500
2948
1500
2948
1500
1500
1500
1500
1500
1500
2948
1500
1500
1500
1500
3173
-629
4396
4396
3014
-683
2948
1500
3403
-613
3027
1820
5844
4702
2948
5844
3051
2751
4396
5844
6662
4396
2948
1500
2948
1500
1500
1500
2948
1500
2948
1500
4396
2948
2654
-523
2948
1128
-723
-742
-726
1408
-727
561
1500
1500
2948
977
-714
1500
1500
2948
2948
-732
2948
1500
1500
465
1500
1500
2948
1500
1500
1500
1500
1500
1500
1500
1500
-714
2948
1500
2948
2948
1203
1500
1500
1500
-726
1500
1932
-724
-724
-725
-712
7292
2400
4173
-727
991
627
1868
1776
-673
452
2948
2948
1579
-727
541
-733
1456
-727
-725
490
-728
-727
1932
-741
-751
1500
1500
1500
1500
1255
1500
1373
1950
5979
-713
-718
569
-717
-730
1328
1500
873
975
-228
2948
1500
389
-584
1500
1016
-250
111
-185
403
-89
-196
660
