-219
1500
1500
1585
-624
405
1183
908
-624
405
1183
812
-366
99
-472
-228
2948
1500
389
1500
1500
1500
1500
1500
1500
1500
1120
-605
2464
-250
111
-185
-226
403
1500
1500
1564
-89
-217
-196
-624
1500
1584
405
1183
908
-366
99
-615
405
1183
777
-366
-526
-258
-258
-258
-258
-258
-223
1500
1500
1500
1500
1500
1500
1500
1500
1243
178
178
178
178
99
178
1500
1500
650
-1888
-539
1500
1500
1500
2948
1500
1500
1500
1500
1500
878
-573
-536
1500
2948
1500
1500
2948
1500
1513
-573
-521
2948
2948
2948
1500
1500
1500
1981
1500
1500
828
1500
2948
1500
1500
1374
1500
1500
1500
1500
1500
1500
1500
1500
1500
1500
1500
1500
1500
1500
1500
1500
16436
3940
16436
16436
5388
16436
-576
1351
-615
840
-615
840
-366
16436
16436
9338
-587
16436
16436
16436
8999
1500
1602
99
-582
1500
2948
1500
1500
1500
1500
1500
1500
1500
1500
700
-520
-603
-604
-591
-607
1320
1500
1500
1500
1500
1500
1323
2948
1500
1500
1500
1500
1500
1500
1500
1500
1500
1500
1851
1500
1500
1500
1500
1500
1500
-581
-584
-584
16436
6836
-583
-606
16436
5661
-597
2075
-583
1500
4396
5844
1319
-474
1500
2075
1500
5844
3905
4396
1948
1500
4396
3145
7292
8740
3396
2948
1500
1458
651
