-418
1512
1512
1512
1512
1512
1512
1512
1512
1512
-435
1512
1512
1512
1512
1512
1512
1512
1512
1512
1512
408
1512
1512
-438
1512
1512
1512
1512
1512
1512
1512
1512
1512
1512
1512
1512
1512
1512
1512
1512
1512
1512
1512
1512
1512
1512
2972
-437
407
1512
1512
1512
1512
1512
1512
1512
1512
1662
1512
1512
1512
1512
1512
1512
1512
1512
1512
1512
1512
1512
407
1512
1512
1512
1703
-461
-444
491
1571
407
1512
1512
-447
405
585
1512
1559
405
572
-436
407
1512
1512
-506
1512
888
-477
-567
-448
-431
-426
-403
458
793
1866
1723
1610
1054
405
-228
-597
1500
1500
1252
2199
1047
-544
-501
-501
-491
-494
-500
-508
609
-534
-531
403
236
515
400
938
-502
-518
-496
525
-472
404
381
-470
515
-500
374
1512
820
1834
495
403
839
194
570
-496
-506
-503
403
583
216
404
990
-503
-501
-505
-609
-561
-562
1500
1581
1045
525
-613
405
558
1913
-614
-507
-506
-507
1500
1500
1500
1500
1500
1500
1500
1500
1500
1500
1500
1500
1500
1500
1500
569
1500
-503
1500
1500
1500
1500
1500
1500
1500
1500
1500
1500
1500
1500
1500
1500
1500
1500
1500
1500
1500
1500
1500
1500
1500
1500
1500
1500
1500
1500
1500
1500
1380
1500
2948
1500
1500
1500
1500
1500
1500
1500
1500
1500
1500
1875
-555
681
403
162
613
-584
400
403
689
403
240
192
868
2464
-493
-509
-509
-509
-511
-495
-503
405
1182
-507
813
404
-498
404
983
624
-507
-515
404
731
-517
619
-518
561
403
166
-516
403
558
404
245
811
-503
-526
-491
404
958
-500
1197
-500
405
1063
408
-497
1512
1512
1512
1512
1512
405
345
405
1185
-503
-499
403
169
-496
551
-502
403
165
-500
1512
2865
-508
404
626
404
819
-510
-505
404
599
-494
404
506
-504
-633
-637
669
519
745
405
-503
1459
-508
405
1292
404
-511
995
-492
404
-619
945
-492
361
-540
-250
405
1765
-492
405
1968
405
-500
1320
-498
405
405
1932
-497
1320
-499
403
-542
209
400
-503
318
-185
556
405
1715
405
1953
1920
1152
405
1477
561
345
89
-493
-494
-501
-504
-501
-501
-498
-89
-589
-196
405
1672
-499
405
405
405
1213
1158
1666
-501
-499
-495
405
2040
1523
-501
-504
399
-541
580
-557
405
1970
-505
404
405
1018
811
-499
-517
2028
-511
404
601
-510
404
684
353
579
-515
-605
405
1424
404
-511
739
-493
608
-541
405
1461
-523
405
1101
608
-549
-552
353
405
1328
611
-558
-526
610
-543
403
405
170
1430
-522
-547
405
1512
1236
-526
405
515
2042
-537
-533
405
1512
1512
532
-540
402
405
102
1926
-488
521
406
1512
1512
2693
405
2972
1118
405
1512
1592
407
1512
1512
1512
1512
1512
1512
1512
1512
1512
1512
2972
1346
