-429
1500
1500
-471
617
-506
1500
1500
2948
1500
1500
1500
1500
1500
1500
1500
-432
-566
1500
1416
2948
1500
1500
412
361
1202
-514
-505
1500
1500
1500
2073
-494
1500
636
400
2948
-500
-476
1500
1500
1500
2948
1500
1500
1500
1500
1500
1500
385
990
241
1500
2948
1500
1500
1500
1500
1587
-506
-476
586
-477
396
601
396
641
1500
2948
1500
1500
1500
1500
1500
1500
551
-677
-585
-584
-571
-476
-477
-476
592
-666
504
397
1500
1632
-498
396
499
818
397
-562
1500
1610
396
396
826
781
396
606
902
-463
-464
388
1315
388
1306
-228
1500
1500
1500
389
-584
1500
1015
-250
111
-185
403
-89
-196
