-421
1343
2732
2732
1392
-639
874
-445
4396
1500
1500
7292
1500
2948
1500
1500
1500
-443
748
2948
1500
680
-435
655
-448
711
-469
1500
1500
1500
2948
623
2948
-450
3205
1500
1500
1500
1500
1619
-412
689
-484
495
-480
-486
-451
-228
712
2593
1500
1500
2948
1500
1500
1500
1500
1500
1500
1500
1500
1500
1500
1500
1500
1500
1500
1500
1500
1500
14532
16436
3703
-510
1500
2700
455
609
-462
616
-487
-564
680
361
-528
800
-577
-584
1500
1016
494
-557
361
-532
-250
424
-561
1500
1500
1500
1500
1500
1500
1500
1500
1500
1500
1500
1500
1500
1500
904
318
-185
382
-89
-196
660
