-452
712
-557
641
-509
868
-673
-228
1500
1500
1500
389
-605
1627
1500
1016
-522
-250
111
-185
403
-89
-196
1462
2872
-432
1462
1462
1462
1462
1462
1462
1462
1462
1462
1462
1462
1462
1462
1462
1462
1462
1462
1462
1462
1462
1462
1462
1462
1462
1462
1462
1462
1462
1462
1462
1023
1462
1462
1462
1462
1462
1462
1462
1462
1462
1462
638
-489
436
-488
-488
1462
589
802
-477
1462
1462
962
-488
2872
1462
1462
-488
1462
1462
1462
1462
1462
1462
2872
1462
1462
1462
1462
1111
-482
1462
1462
1462
1462
1462
1462
1462
1462
947
1462
2872
1462
-643
2872
1462
1462
2872
2872
1462
1462
1462
1462
1462
1462
1462
1462
1462
1462
1462
16436
7638
-648
439
1462
1462
1117
436
-881
-505
1450
1450
1450
1450
466
-498
1450
2848
1450
1450
1450
1450
1450
1450
1450
1450
1450
-525
1450
1450
2756
475
585
-539
-489
-590
-567
-694
-610
1462
1298
741
1450
1450
2848
436
599
1450
560
-611
1450
1450
1450
1450
1450
1450
2848
1450
1725
494
