-429
655
1512
2370
654
1500
1496
684
880
1512
684
1431
1500
585
1512
1512
1512
1512
1512
1512
1512
1512
1512
1500
1512
1512
1512
1512
1500
1512
1512
1512
1512
1512
1512
1512
1512
1512
1512
1512
1512
1512
1500
1091
1512
1099
1512
1512
1500
727
1512
1838
1512
1512
1500
1413
1512
1512
1512
1668
1356
1668
1415
1609
1415
1127
1512
1512
1500
2941
1512
1512
2972
2972
2060
2948
1512
1512
2972
1512
1512
1500
1512
2972
1512
1512
1774
1250
977
587
977
2047
1536
14640
16436
16436
876
1512
1512
1512
1512
1512
1512
1512
1512
1512
1512
1512
1512
1500
1500
1524
1512
1500
1512
16436
2848
-567
1512
1512
1513
-592
1511
1512
1512
1512
1512
1500
-618
1465
1512
1275
7352
1000
-574
1362
2972
1512
1512
1512
1512
1512
1512
1513
-576
1512
1512
574
1858
1512
1512
1513
-583
1511
1512
1512
1512
1512
1500
1272
-583
1512
1512
1512
1512
1512
2972
1512
1512
1512
1512
862
-574
1512
1512
1500
2960
1512
2972
1512
1512
1512
1500
1359
-616
1618
-707
-583
-572
-572
-572
-574
1552
1500
1155
1200
1512
743
-582
1743
866
1397
1512
587
1552
2603
1270
-574
-585
-585
-585
-583
-228
771
-583
1500
1500
1252
2164
1512
-583
6230
1512
1512
2972
1512
1512
2674
860
-573
1512
1512
1512
1512
1808
609
4094
2972
1484
-576
832
-576
350
1512
1551
-576
766
-576
1512
1512
1512
1512
1512
1512
1512
1512
1362
-576
1216
1136
-576
1512
1512
1512
1512
1512
1512
1512
1512
1512
1512
1512
1512
1476
-576
2972
1512
1512
1239
-576
1512
2972
1085
-576
2972
873
-605
1512
1512
1512
1325
-605
1512
1512
1512
1512
1006
-600
1512
1512
1769
-605
1512
1512
1512
891
-608
1512
1512
1482
-617
4432
1512
2972
847
481
1382
1512
341
544
717
1512
1512
1512
1512
1512
1512
1512
1512
1512
1512
1512
1087
1512
1512
1512
1512
1500
1512
1512
1512
1500
1512
1512
1512
1512
1512
1512
2972
2972
2972
1512
1512
1512
1500
1512
1512
1512
1512
1512
1512
1512
1512
1512
1512
1512
1512
1512
1512
1512
1512
1512
1512
1512
1512
2972
2972
2972
4432
1512
7352
7352
1400
164
1500
1359
1512
1512
1512
1512
1512
1677
1512
1512
1512
14652
16436
436
-585
-585
-585
1512
1512
1512
1512
1512
1512
1512
1512
1677
1512
1512
1512
1512
1512
1006
-639
-576
-576
-576
-573
4432
1512
2972
1080
-573
-514
731
-616
957
1512
1248
1512
-576
1680
1512
-576
2657
-576
1512
1510
-576
2321
-576
319
1512
1660
-576
2972
729
-576
1512
1512
1512
1512
1512
468
-603
1512
1397
-603
1512
1512
1512
1867
-601
1512
2972
813
1512
1512
2570
1583
1754
1679
-584
16052
16436
16436
1500
1016
16436
16436
16436
16436
2388
-637
825
10487
-250
-565
318
-185
424
382
-522
-89
1258
-196
660
