-424
1500
1500
4396
1500
2948
2970
-444
-553
498
-638
1500
2948
1500
1500
1500
1500
1500
1500
1500
1500
1500
1500
1500
1500
1500
-619
1500
2948
1500
1500
1500
1500
1500
1500
940
1500
2948
1500
-633
5844
2948
2948
1500
1500
1500
1500
4396
1500
1500
1500
1500
1500
-637
1500
1500
1500
1936
2948
1500
1500
1500
1500
1500
1500
1500
1500
1500
1500
1500
1500
1500
1500
-552
-620
1500
4396
1500
2948
1500
1500
1500
1500
1500
1500
1500
1500
1500
1500
1500
1500
1500
1500
1500
1500
1500
1500
1500
1500
1500
1500
497
10188
2332
-629
487
1500
1500
1500
1500
1500
1500
940
2948
1500
1248
1500
1500
1500
1500
-630
1500
1500
1500
1500
1500
1500
1500
1500
1500
1500
1500
1500
1500
1500
1500
1500
1500
1500
1500
1500
5844
-552
1500
1500
1500
1500
1500
1571
1500
2948
1500
1500
1500
1500
1500
1500
1500
1500
1500
-552
497
1500
1500
1500
1500
1500
838
497
-587
1500
1500
1500
1500
1500
1500
1500
1500
1500
1500
1500
1500
1500
1500
1500
1500
16436
4529
-458
-231
526
1470
2452
-619
487
-509
-658
-658
283
319
323
-499
814
-495
802
-592
-499
827
814
-499
814
-518
1025
-514
1013
-590
-548
-518
-544
1025
983
965
1860
-559
-518
875
-174
-231
1025
-231
-559
-225
-228
1470
1470
294
1034
1500
-536
1884
1500
1500
2948
1470
1470
1035
1500
1500
2948
1500
1500
1500
-527
1500
1500
1500
1500
875
1500
1500
1500
1876
1500
1500
-529
2948
-174
1500
1500
2948
1500
1500
1943
4396
1500
1500
2948
1500
1500
1500
1500
1500
1500
1500
1500
2948
2948
1500
1500
1500
1500
1500
1500
1500
1500
1500
1500
2948
1500
1500
1500
1500
1500
1500
1500
1500
1500
1500
1500
294
1500
1500
1500
1500
1500
2948
1500
1500
1500
1500
1500
1500
1500
1500
1500
1500
1500
1500
1500
1500
1500
1500
1500
1500
1500
1500
1500
1500
1500
1500
1500
1500
1500
1500
1701
-533
-535
389
1470
1470
1824
1470
1470
1470
1883
-174
294
-584
2464
-250
-378
-535
111
-185
111
-569
1470
1470
1470
1470
1470
1470
1096
2948
1500
1500
1500
1500
857
-405
403
-89
544
-196
89
