-419
1500
1341
1500
1364
1432
-554
1500
1500
2948
1500
1364
1500
1364
1432
1500
2606
414
-557
1400
-558
-560
-561
-553
1500
1500
-565
635
1243
1500
1500
2948
1500
1500
1868
175
512
-568
1348
-492
650
-532
-448
717
-466
-569
-544
-549
-533
-584
-565
1500
1500
1500
1500
1500
2948
1500
1500
1500
1500
1500
1500
1895
460
1500
1465
581
1500
2948
1500
1500
2948
1500
1500
1926
1500
1500
2948
1500
1500
1500
1500
1500
1500
1500
1500
1500
1500
1500
1500
1500
1500
1500
1500
2948
1500
1500
1500
1500
1500
1500
16436
6836
16436
5388
16436
16436
16436
16436
16436
16436
16436
16436
16436
-555
-557
-228
2058
1148
1067
-460
-481
-542
-564
16436
16436
16436
16436
16436
16436
16436
16436
1500
1500
1500
1500
1500
1500
1500
1500
1500
1500
1500
1500
1612
1500
707
617
-555
1500
1500
1500
1500
1500
1500
2948
1500
1500
1500
1500
1500
1500
1500
1500
1500
1500
1500
1500
1500
1500
1500
1500
1500
1500
1500
1500
2948
1500
1500
1500
572
1500
1500
1500
1500
2948
1500
1500
1500
1500
1500
1500
1500
1500
2948
1500
1500
2948
1500
1500
1500
1500
2948
1500
2948
1500
1500
1500
1500
1500
2948
1500
1500
1500
1500
1500
2411
-553
1500
1500
1500
16436
3940
1500
4396
4396
1500
1500
1500
2948
1500
2948
2948
1500
2948
1500
2948
1500
1500
1500
1500
1500
1500
1500
1500
1500
1500
2948
1500
2275
1500
2948
1500
2948
1500
1500
1500
1570
-568
1500
1500
1500
1500
1500
1500
2948
1500
2948
1500
1500
1500
3416
-552
2948
1500
2948
1500
1500
2948
2948
1500
2948
1500
4033
-551
1500
1500
1500
2948
1500
1500
1500
1500
1500
1500
1500
1500
1500
1500
2490
-548
1500
1500
1500
1500
1500
1500
1500
2948
1500
1500
1500
743
-553
1500
2948
1500
1500
1500
1500
1500
1252
2948
1500
2948
1500
1500
1500
1500
1500
1500
2321
1500
1500
1500
1500
1500
1500
1500
1500
1500
1500
1500
2948
1500
1500
2948
1500
1500
1500
1500
1500
1500
1500
2948
1500
1500
827
1500
2948
1500
1500
1500
1500
1500
2948
1500
508
1500
2948
1500
2948
1500
1500
2948
1500
1500
1933
-553
2948
1771
1500
1500
1500
1500
2948
1388
-557
1500
1500
1588
1500
1500
2948
4396
4396
1500
2948
16436
11660
-553
2948
2948
4396
4396
5171
2948
2948
1500
1500
1500
1500
1956
2948
966
-553
2948
4396
1500
1500
1399
-547
1500
1500
1500
1500
1500
1500
1500
2948
3722
1500
2948
2948
1500
2948
3158
-551
1500
1500
1500
1500
1500
2948
4396
2275
1500
1500
2631
-548
1500
1500
1500
1500
1500
1500
2948
2948
3722
1500
1500
2948
1500
2948
2948
1956
1500
1500
2948
2948
2948
2948
1500
1500
2611
1500
1500
1500
2948
1500
1500
1500
2948
1500
2948
1500
2948
1500
1500
1032
-554
1500
1500
1500
1500
1500
1500
1500
1500
1500
1500
1500
2828
1500
2948
1500
1500
1500
1500
1500
1500
1500
1500
1500
1500
1588
1500
1500
1500
1500
2948
1500
2948
1500
1500
1500
1500
1500
1500
1500
2948
1500
1500
1500
1500
2948
1500
1500
1500
1500
1500
1302
-554
1500
2948
1500
1500
2948
1500
2948
1500
1500
1500
2948
1500
1500
2948
1500
2948
2948
1500
2524
-548
1708
-589
1500
1500
1625
524
-565
1500
1500
1500
2948
1500
1500
1500
1500
1500
1500
1500
1500
1040
2948
1500
1500
1500
1500
2948
1500
1500
1500
1500
1500
1588
1500
1500
1500
1500
1500
1500
1500
1500
1500
1500
1500
1500
1500
1588
1500
1500
1500
1500
1500
1500
1500
1500
1500
1500
1500
2375
1500
1500
1500
1500
1500
1500
1500
1500
1500
1500
1500
1500
1584
1500
1500
1500
1500
2948
1500
1500
1500
1500
1500
1500
1500
1500
1500
1500
1500
1500
1500
1500
1500
1500
1500
2948
1500
2948
1588
2948
1500
2948
1500
1500
1500
1500
1500
1500
1500
1500
1500
1500
1500
1500
1500
2948
1500
2948
609
4396
16436
11180
8740
2948
4396
5844
16436
1044
8740
8740
5844
2948
1500
1500
1500
2948
2948
1500
1500
2948
1500
1500
1500
1500
1500
1500
1500
1500
1500
1500
1500
1500
1500
2948
1500
1500
1500
1500
1500
2948
1500
1500
32820
16436
1500
8580
1500
1500
1500
1500
1500
2948
1500
1500
1500
1500
2948
1500
1500
1500
2948
1500
4396
1500
1500
1500
1500
1500
1500
2948
1500
1500
1500
1500
1500
1500
16436
1500
1500
2948
1500
1500
1500
1500
1500
1500
1500
1500
2948
1500
1500
1500
2948
1500
1500
1500
2948
1500
1500
1500
1500
1500
1500
1500
1500
1500
16436
5388
16436
13276
-565
1500
1500
1500
1500
1500
1500
1500
1500
1500
1500
1500
-556
1500
918
1500
1500
1500
2948
-558
1500
1500
1500
1500
1500
1500
1500
1500
1500
361
1500
1500
1500
1500
1500
1500
1500
1500
1500
1500
1500
1500
1500
1500
1500
1500
1500
1500
1500
1500
1500
1500
1500
1500
1500
1500
1500
1500
1500
1500
1500
1500
1500
1500
1500
2948
2948
1500
1500
1500
1500
1500
1500
1500
1500
2948
1500
1500
1500
2948
1500
1500
1500
1500
1500
2948
1500
1500
1500
1500
1500
2948
1500
2948
2948
1500
1500
1500
1500
1500
1500
1500
1500
1500
1500
1500
2948
1500
2948
1500
2948
1500
1500
1500
1500
1500
1500
2948
1500
2948
1500
1500
1500
1500
1500
2948
2948
2948
1500
1500
2948
2948
1500
1500
1500
1500
1500
1500
1500
1500
1500
2948
1500
1500
2948
49204
49204
32820
16436
2492
16436
16436
8980
16436
16436
1588
-545
313
-568
1500
1500
1500
1500
1500
1500
1500
1500
1500
1500
1500
1500
2062
14900
16436
1500
1500
1500
1500
16436
1500
1500
1500
1500
1500
2948
1500
1500
1500
1500
6732
2948
1500
2948
2948
1500
2948
2948
1500
1500
1500
1500
1500
1500
1500
1500
1500
1500
1500
1500
1500
1500
1500
1500
1500
1500
1500
12836
-584
-558
1500
1500
1500
1500
1500
2948
2948
1500
1500
1500
1500
1500
1500
1483
1500
1500
2220
-564
2948
2948
2948
1500
2948
1500
1500
2948
1588
1500
1500
1500
1500
1500
1500
1500
1500
1500
1500
2948
1500
1588
1500
2948
2948
2948
1500
2948
1500
1500
3036
1500
1500
2948
1500
2948
2948
1500
1500
1500
1500
1500
1500
1500
1500
3036
10236
1500
1500
1500
1500
1500
2948
1500
1500
2948
16436
16436
16436
16436
16436
16436
16436
15340
49204
49204
1500
1500
1500
2948
1500
1500
1500
1500
1500
1500
1500
1500
1500
1500
1500
1500
1500
1500
1500
1500
1500
1500
1500
2948
1500
1500
1500
-564
1500
1500
1500
1500
2948
1500
1500
1500
1500
1500
1500
1500
1500
1500
1500
1500
1500
2948
1500
2948
1500
1500
1500
1500
1500
1500
1500
1500
1500
1500
1500
1500
1500
1500
1500
2948
4396
2948
2948
1500
1500
1149
2948
1500
2948
1500
1500
1500
1500
1500
1500
1500
1500
1500
1500
1500
1500
2948
1500
1500
16436
8428
1500
1500
1500
4396
1500
1500
1500
2948
2948
1500
1500
1500
1500
2948
4396
2948
1500
1500
1500
2948
1500
1500
1500
1500
1500
1500
2948
1500
-587
1500
1500
1500
2948
1500
1500
1500
1500
2948
2948
1500
1500
1500
1500
1601
-564
1500
1500
1500
1068
-585
16436
3940
16436
3040
49204
32820
-540
1500
1500
1500
1500
1500
1500
1500
1500
1500
1500
1500
2275
1500
1500
1500
1500
1500
1500
895
-586
16436
-568
16436
16436
12484
1500
1016
831
-545
1500
1742
-545
-546
473
-548
1500
1500
2948
1500
1500
1500
1500
1500
1500
1500
2208
1500
1500
1500
1500
1500
1500
1500
1500
1500
1500
2274
1500
1500
1500
1500
1500
1500
1500
1500
1500
1500
1500
1500
1500
1500
1500
1500
1500
1500
1500
1500
3404
1500
2948
1500
1500
2948
1500
2948
1500
1500
1500
2948
1500
1500
1500
2948
1500
2413
1500
2948
1500
1500
1500
1500
1500
1500
1500
2948
1500
2948
1500
1500
4396
1500
2948
1500
210
-642
4396
5844
1500
1500
1500
1500
1500
1500
1500
1500
1500
1164
-643
2948
4396
5844
4396
2948
1500
1500
2948
1500
2948
1500
2948
2274
2948
1500
1500
1500
1500
1500
1500
1500
2948
1500
508
2948
2948
2948
2948
1500
2948
2948
1500
2373
1500
-642
1500
1500
1500
-641
1500
1500
1500
1500
1500
1500
2948
1500
2948
1500
1500
1500
1500
1500
1500
1348
-633
2948
1500
1500
2948
1500
588
-632
716
-631
773
-646
1500
1500
1500
1500
1500
2948
1500
1500
1784
-648
1500
1500
1387
-629
2948
1526
-626
1758
-630
1500
2076
-629
1585
-629
2948
1500
2948
2642
-630
1512
-634
1500
1500
1434
-633
5844
3689
-633
2948
3135
-630
1500
1500
2486
-622
434
-636
1500
1500
734
-627
1500
409
1777
-627
-626
1717
-533
1720
1774
1500
1500
1818
2948
1500
2948
2948
2948
2439
-610
-250
761
1525
318
-573
-185
799
-465
382
-89
-196
1500
2948
1500
4396
4396
1500
2948
1500
1500
1500
1500
2255
-474
1500
1500
1026
-485
1500
1500
2948
1500
1500
1500
1500
1500
1500
1500
-467
846
1500
1500
2344
-629
1477
