-422
1500
2948
1327
-458
1500
1500
517
-477
-228
1500
1500
1252
2948
1500
609
1201
-501
-500
1500
1500
1500
1500
1500
1500
-499
471
1500
4396
2948
1500
1500
1500
2948
1500
-491
1500
1500
1500
1500
1500
1500
1500
1500
1500
2038
-481
1500
1500
1500
1500
1500
1765
1500
1500
1500
1500
2948
1500
702
2948
1500
-485
-493
-495
-584
1500
1016
1500
2372
1500
2263
2475
1332
-514
-516
-511
-518
-514
-517
-250
1404
-515
1500
1500
1500
2528
-526
1500
1500
6074
-529
1263
-521
318
1204
-533
1769
1276
-532
-515
1862
-516
1500
2885
-519
1500
2712
1897
1500
574
1999
1387
1302
-185
382
-89
-196
660
