-427
717
2345
2948
1500
1500
1023
-478
-481
1417
-474
-492
2948
1500
1500
1494
-476
1500
1500
1174
2948
1500
1500
-486
1131
1500
2948
1500
1500
1500
1500
1500
-494
1851
-224
2972
1177
1500
2948
-534
-487
-443
7292
8740
2948
2948
801
1500
1500
1500
1500
1500
1500
1500
1500
1500
1500
1500
1500
1153
1862
2948
1500
1500
1701
1331
-584
2464
-539
424
-378
-228
302
2948
1252
609
-553
777
-584
1500
1016
-250
-543
-557
-543
-543
-545
-545
1500
2948
2948
1500
1500
1500
1500
1500
1500
1500
1500
1500
1500
1500
1500
1500
1500
1500
1500
1500
2948
1500
1500
1500
1500
931
-548
1500
4396
2948
1500
1500
1500
318
1500
1500
1500
1500
2948
1500
2948
1500
1500
1500
1500
1500
1500
1500
1500
2948
1500
1500
1500
1500
1500
1500
3844
-546
1500
1500
1500
2948
2948
1500
1500
1500
1500
1500
1500
1500
1500
1500
1500
1500
1500
1182
-544
1500
5323
-547
1715
-553
1500
1500
3045
-544
1147
1500
1500
1500
4396
2948
1500
1500
1500
1500
1500
332
2948
1500
1500
1500
4396
2948
1500
1500
1500
1559
1500
1500
1500
2948
1500
1500
1500
1500
1500
1500
1500
1500
1500
1500
1500
1500
1500
1500
1320
1500
1500
1500
1500
1500
2948
1500
2518
1500
2948
-185
2948
1500
1500
2948
1500
1500
1500
1500
1500
1500
345
89
-89
1500
1500
1500
2948
1500
2948
1500
1500
1500
1500
1500
1500
1500
-196
4396
660
1500
1500
1500
1500
7292
1500
1500
1500
1500
1500
7118
1500
1500
1500
1500
1500
1500
1500
1500
1500
1500
1500
1500
1500
1500
1500
1500
1500
2948
1500
1500
1500
1500
1500
1500
1500
1500
1500
1500
1500
2948
2948
1500
1500
2948
2948
1500
1500
2948
2948
1500
1500
1500
1500
2948
2948
1500
1460
