-421
536
1500
1500
1500
1500
2948
1396
-482
440
1353
-484
443
1500
1500
1500
1500
-442
1500
1500
1500
1500
1500
2312
459
1500
2948
-446
1500
1500
1500
1500
1500
1500
1500
1339
400
-448
464
1500
1500
1500
1500
7292
-453
5331
1204
-450
-455
-465
507
350
-465
4156
1500
2692
3252
-445
378
1422
345
-443
4161
399
1500
1500
1252
1386
1500
1500
2948
1500
2948
1500
1500
-506
731
1500
2948
1500
1500
1500
1500
1500
1500
1500
1199
1500
346
2948
1264
1500
1500
2948
1500
1500
1500
1500
731
1500
1500
2948
2948
1500
1500
1500
2948
2948
1500
1500
-472
1500
1500
2948
1200
2948
1800
2948
4041
758
-578
-575
-581
-228
-579
398
1500
1500
1500
398
2948
1500
1500
1500
1500
4396
2948
397
1500
5844
7292
1500
1500
1500
1500
1500
1500
1500
1500
7292
8740
1500
5844
1500
8740
7292
8740
7292
6297
1500
1500
1500
389
-629
824
-584
2464
-556
-250
424
111
-185
403
-89
-196
660
