-421
536
1500
1500
1500
1500
1500
2845
-506
732
-472
-630
757
-450
825
-455
-465
-465
507
350
1500
2708
1500
2692
1500
1804
1794
1500
-557
1264
1500
2948
1500
1500
1500
1500
2948
1500
1500
1500
1500
1500
1500
424
1500
1500
2948
1200
1500
1500
1800
346
1500
2712
1500
1500
2948
1500
1879
-482
441
1353
2948
1500
1500
1500
1500
1500
1500
1500
-484
1500
1500
2948
1500
1500
1500
1500
1500
1500
444
1500
2948
-443
1500
1500
2948
1500
1500
1500
864
1200
1500
2948
1500
1500
1004
1500
1941
400
2948
1252
1386
-442
430
1500
1500
1500
1500
1500
1500
1500
1500
-446
1500
1500
1339
400
-448
464
1500
1500
1500
1500
1500
1500
-453
1500
1500
1500
1500
987
1176
-445
379
-578
1422
-572
-575
398
1500
2948
1500
1500
1004
951
399
1500
2948
1500
1500
1500
1500
1500
1500
1500
1500
-581
1500
1500
399
2948
1500
1500
1500
1500
1500
1500
1500
1500
1500
1500
1500
1500
1500
1500
1500
1500
1500
1500
1500
562
2948
-579
-572
1500
2315
399
1500
1500
398
1500
2948
1447
1500
2948
1500
1500
1500
4000
401
1500
2948
1500
2948
1500
4396
1500
1500
1500
1500
1500
2948
1500
1500
1500
1500
1500
1500
1500
1500
1500
1500
1500
1500
1500
1500
1500
1500
1500
1500
1500
1500
1500
1500
1500
1500
1500
1500
1500
1500
1500
1500
1500
1500
1500
1500
1500
1500
1500
1500
1500
1500
1500
1500
1500
1500
505
-228
1500
1500
1252
609
-584
1500
1016
-250
318
-185
345
-89
89
-196
