-426
1595
-566
2948
1500
1500
1500
1500
2948
1500
-559
1500
1500
1500
1500
1500
1500
1500
1500
1500
1500
1500
1500
-566
1500
1500
2948
2948
1500
1500
2948
1500
1500
2948
1261
469
1500
1500
1500
1500
2948
1500
1500
2948
1500
1500
1500
2373
1227
-505
-599
371
1500
2948
-505
1500
1500
1500
1500
1422
371
-524
1500
1500
1537
-505
1500
1500
1500
1500
1500
1500
371
-505
-531
-538
-497
-496
-497
1500
1574
2948
1500
1500
2948
1500
1500
1500
1500
371
1500
1916
1500
1500
1226
2948
1467
1500
1462
1500
1500
1500
1921
1500
1500
1500
2298
-496
1500
1500
1537
-496
1500
1500
2354
2948
945
-510
389
-496
1500
909
-541
1500
1500
1537
-509
1500
1500
1500
1500
1500
1500
548
-509
1500
1574
1500
1500
1500
1500
1500
1500
1500
1500
1500
1500
774
-496
1500
1500
1500
1500
1500
1648
1500
1509
1500
1205
-509
417
-509
548
-496
1500
1500
599
-497
-496
1500
1553
1500
1500
813
-509
417
-496
1500
1564
-496
2331
-496
1500
1500
1537
-496
566
2392
-497
1500
926
-496
1500
1500
1537
-497
2536
1500
1108
-497
1500
833
-496
-497
-496
-496
-497
1500
1031
1500
1513
2348
1500
1500
2221
2594
2525
1500
2948
1500
1500
1091
1500
1153
1500
1500
1500
1500
1832
1907
1500
1500
1224
1500
2042
1994
2948
1902
2290
3369
2948
1500
1902
1233
1500
1500
1500
1500
1500
1500
1500
1500
1500
1428
1204
1500
1254
1500
1231
1618
231
1700
1500
1500
1500
1500
1500
567
653
1628
1402
-496
1500
1611
-496
1500
2174
-496
-496
-497
-497
-496
-496
1500
1500
715
-495
1500
2948
2571
2948
1855
-497
-496
1500
2015
1500
1500
898
-497
-496
1500
2362
-496
2948
1274
1500
1500
1520
1500
-497
1434
2599
2948
1500
1500
1161
1500
2948
2880
1500
1500
1500
1500
1500
1500
1500
846
1500
2948
2230
1500
2679
1500
2201
880
1500
1350
1500
973
1500
1101
2576
1500
1500
2948
1500
1004
1500
1013
1500
1105
1500
1500
1500
1500
1500
1500
1550
1500
1593
2948
481
927
1500
1500
2924
1500
1489
1665
450
416
1500
1500
1417
1160
421
2948
1500
1514
-496
-497
-497
-497
-496
-497
1500
1500
764
2948
1500
1597
1500
1500
1500
1910
1500
1500
1035
2948
1500
1505
1500
708
1500
1500
1500
1417
2948
1500
1500
1500
1500
681
1500
1289
2598
1500
2948
1624
1500
1500
1500
748
1428
2134
2294
2312
2948
1500
-497
1500
1379
1550
1500
479
1500
1500
1500
1500
1417
1707
-496
1500
1121
1500
1342
-496
1500
1866
-497
1500
1500
1500
1500
1537
1500
1365
-497
447
2948
1537
-497
1500
1527
2948
1487
-497
-496
-496
-497
-497
-496
-497
2948
1500
1500
1203
2108
1500
1500
1500
1500
1249
2780
2214
1708
1957
1500
1590
2085
3009
2697
1500
1059
1500
1031
2506
1500
1500
2194
1500
-497
1595
1300
1500
2094
-497
1500
701
-497
2386
-497
1573
-496
1500
1376
-496
1500
705
-497
1500
1351
1925
-496
1500
1500
1537
-496
1500
2948
1500
2948
-497
1699
1500
606
1500
892
-497
-496
-497
-496
-497
-496
-496
-496
1500
1500
1500
1500
1500
1500
1632
1500
876
1557
1500
820
2948
4396
2684
1500
2790
2038
1500
-497
1311
1500
1277
1500
2948
1500
-496
1500
981
1170
1500
1500
1537
-496
1500
1500
1500
2948
1500
1500
1330
-496
289
1500
1558
-497
-497
1500
1251
-496
1500
796
2502
-497
1500
1500
1061
-496
1500
1376
-495
2616
-497
2948
1536
-496
473
1833
-497
1500
1500
1083
-497
1500
1812
-496
1500
1333
-496
1500
1381
-497
-496
2948
1537
1937
1500
1500
1537
-497
-497
-497
-497
-496
-497
-496
-497
-497
1642
1500
1500
1953
2948
1500
1500
797
1200
1500
1147
2258
2290
1854
2546
1500
1183
2617
2948
-497
1500
1592
-497
1500
1222
-496
1500
1500
1320
-496
1500
1621
1286
1500
1723
-228
444
1500
1500
1252
-496
-496
609
2948
1536
1910
1500
1789
-496
-497
1500
1687
1500
1696
-496
1500
1583
-497
1500
1687
-495
1500
1222
-496
2948
1536
-497
1500
1500
1500
1536
1500
1467
-497
-497
1500
1500
1500
1500
1536
1500
1894
1500
1500
1500
2103
1473
1500
2984
2948
1166
3174
1500
1114
-497
2313
1500
1500
1500
1500
1500
1536
1500
1500
837
2166
-497
1500
1500
1156
1500
1711
-497
1500
1500
1536
-497
563
-497
1500
1138
1500
1951
-496
1500
1500
603
-496
1500
1500
839
-496
1500
1990
-497
-497
2000
2284
-496
1500
1500
1536
-497
1500
1121
1500
2984
-496
970
-584
-497
-497
3138
1500
1016
-250
1500
1167
2391
318
-185
382
-89
-196
1500
673
-469
1286
