-442
1500
1500
1500
-463
1500
1500
1500
1500
1500
1500
1500
1500
1500
1500
1500
1500
1431
-446
999
-515
1500
725
-521
589
-520
639
-519
962
-522
765
-522
1500
602
1500
1500
1500
1500
1500
1500
-469
1500
725
-467
-482
-482
-481
-482
-482
-465
1500
1500
1500
1500
1500
1500
1500
1500
1500
1500
1500
1500
1500
1101
1500
1466
1500
1500
1500
1500
1500
1500
1500
1500
1500
1500
1500
1500
1500
1500
1500
1500
1500
2948
1500
1500
1500
1500
1500
1500
1500
1500
1500
1500
1500
1500
1500
1500
1500
1500
1500
1500
1500
1500
1500
1500
1500
1500
1500
1500
1500
1500
1500
1500
1500
1500
1500
2948
1500
1500
2948
1500
1500
2948
1500
1500
1500
1500
1500
1500
1500
1500
1500
8288
13084
1500
1689
1500
1500
1500
1500
1500
1500
1500
1500
1500
1500
1500
1500
1500
1500
1500
1500
1500
1500
1500
1500
1500
2948
1500
1500
2948
1500
1500
1500
1500
1500
1143
11549
15235
1500
1381
-453
607
-475
1498
503
-479
-479
-482
-482
-482
-497
-505
-500
1520
1843
1500
2948
1500
1500
1500
1500
1500
1500
1500
1500
1500
1228
1500
1500
1647
1500
1500
1500
1500
1566
1500
1500
-482
5844
1500
4396
2948
2948
1500
1500
1500
1500
1500
1500
1500
1500
1500
1500
1500
1500
1500
7292
4396
1500
1500
1500
1500
1659
5844
5844
-474
2948
2948
2948
1500
1500
1500
1500
1500
1500
1500
1500
1500
1500
1500
1500
1500
1500
1500
1500
1500
1500
1500
1500
1500
1500
1500
1500
2948
1500
1500
1500
5844
15980
-477
4396
2315
1500
1500
4396
1500
1500
2948
2948
1500
1500
1500
1500
1500
1500
1500
1500
1500
1500
1500
1500
1500
1500
2948
1500
1500
2948
1500
2948
2948
1500
1500
1498
1500
1500
1500
1500
14532
32820
16436
32820
15980
16436
16436
16436
703
16436
16436
16436
16436
16436
16436
16436
640
-484
-482
-488
-228
3844
1924
-489
895
-491
1197
-489
1806
-490
654
670
-488
-490
-488
618
-490
1786
-523
1844
-485
1815
-486
724
1656
-484
-487
1675
-485
1178
1915
-483
-487
1849
-489
1754
-526
2582
-520
-532
1500
2348
-518
2948
2081
-519
1218
579
-517
-517
1500
1500
1500
1500
1500
2408
-518
3008
1500
1500
1500
1500
1500
2948
1874
-519
1500
1500
1500
1500
1500
1500
1500
1500
1500
1500
1498
1500
1500
1500
1500
2948
2948
1500
1500
1500
1500
2946
1500
1500
1603
-517
1498
1500
1500
1500
2948
1500
1500
714
-519
1215
-518
1500
1500
1500
1786
-532
1500
1885
-532
1500
1500
1500
1500
1500
1500
1500
1615
-527
1500
1500
1500
1500
1500
1500
1500
1239
651
2948
1500
1500
1500
1500
1500
1500
1621
651
937
1500
2700
609
-605
1500
1016
-250
318
-185
382
-89
-196
