-219
1500
1500
1545
-603
405
1183
908
-603
405
1943
-378
-228
111
-457
1500
1500
1500
389
-584
2464
-250
111
-185
366
-89
89
-196
660
537
4396
2948
1500
1500
1500
1630
-553
1500
1500
1500
1500
2948
1500
1500
1500
1500
7785
3646
-229
1470
1470
878
-592
827
-590
405
1183
376
-174
-505
-251
-251
-251
-251
-251
809
197
-649
197
197
197
681
294
197
-708
1225
-510
-692
-708
-692
-708
1500
1500
1369
1500
697
2948
1500
2948
3017
2948
2948
706
1500
1500
1500
1500
2948
1500
1500
1500
1500
1500
1500
1779
-229
1470
2165
-592
827
-174
294
-597
795
-232
1470
1470
918
-592
827
-174
294
-721
861
-219
1470
1470
727
-592
827
-174
278
-621
450
89
