-423
-228
2948
1252
609
-584
2464
-250
318
-185
382
-89
-196
4396
1500
1500
1500
1500
1500
1500
1500
1500
1500
1500
1500
1500
1500
1500
1500
1500
1500
1500
1500
1149
-439
1500
1500
1500
1500
-433
1101
1500
2012
-450
-448
-455
1680
830
-429
1500
1500
1500
848
-434
2010
988
-451
-454
1512
1512
-454
1500
1500
1500
1500
1512
2972
1512
1512
-454
1512
1512
1512
1512
1512
1512
1512
1512
1512
1512
1512
1512
1512
1512
1512
-454
1500
1391
1512
1512
1512
2972
1512
1512
1512
1512
1512
1512
1512
1512
1512
1512
1512
1512
1512
1512
1512
1512
1512
1512
-454
1512
2972
1512
1512
1512
1512
1512
1512
1512
1512
1512
1512
1512
1512
1512
1512
1512
1512
1512
1512
1512
1512
1512
1512
1512
1512
1512
1512
1512
1512
1512
1512
1512
1512
-454
-473
-473
-475
-471
-469
5892
1512
2972
2972
1512
1512
1512
1512
1512
1512
1512
1580
-454
1512
1512
1512
1512
1512
1512
1512
1512
1512
1512
1512
1512
1512
1512
1512
1512
1512
1512
1512
1512
1512
1512
1512
1512
1512
1512
1512
1512
1512
1512
2972
2972
1512
2972
1512
1512
1512
1512
2972
1512
2972
2972
4432
1512
1512
1512
1512
1512
2972
1512
1512
1512
1512
1512
1512
1512
1512
1512
2073
-454
2972
1512
1512
1512
1512
1512
1512
1512
1512
2972
1512
2972
1512
1512
1512
1512
1512
1512
1512
1512
1512
1512
1512
1512
1512
1512
1512
1512
1512
1512
1512
1512
1512
1512
1512
1512
1512
1512
1512
1512
1512
1512
1512
1512
1512
1512
1512
1512
1512
1512
1512
1512
1512
1512
1512
1512
1512
1512
1512
1512
1512
1512
1512
1512
1512
1512
1512
1512
1512
1512
1512
897
-472
866
1500
-471
4396
1500
1374
-477
1500
1500
2948
1500
1500
1500
1500
1512
1512
1512
1512
1512
1512
1512
1512
1512
1512
2972
1512
1512
1512
1512
671
-454
1512
1087
-454
1512
1512
1512
1512
1512
1512
1512
1512
1512
1512
1512
1512
1512
1512
1512
1512
1512
1512
1512
1512
1512
1512
1512
1512
1512
1512
1512
1512
1512
1512
1512
1512
1512
1512
1512
1512
1512
1512
1512
1512
1512
1512
1512
1512
1512
1512
1512
1512
1512
1512
1512
1512
1512
1512
1512
1512
670
-454
1512
1512
1512
1512
1512
1512
1512
1512
1512
1512
1512
1512
1512
1512
111
-454
1512
1512
1512
1512
1512
1512
1512
1512
1512
1512
1512
1512
1512
1512
1512
1512
1512
1512
1512
1512
1512
1512
1512
1512
2972
1512
1512
1512
1512
1512
1512
1512
1512
1512
2972
4432
1512
2972
2972
1512
1512
1512
2972
2972
1512
1512
1512
1512
1512
1512
1512
1512
1512
2972
1512
1512
1512
1512
1512
1512
1512
1512
1512
1512
1512
1512
1512
1512
1512
1512
1512
1512
1512
1512
1512
1512
1512
1512
1512
1512
1512
1512
1512
1512
1512
1512
1512
1512
1512
1512
1512
1512
1512
1512
1512
1512
1512
1512
1512
1512
1512
1512
1512
1512
1512
1512
1512
1512
1512
1512
2972
2972
1512
1854
-454
1512
2972
1500
1500
1500
1500
1500
1500
1500
2948
1500
2090
-477
1951
-469
2948
1500
2091
-487
1500
1500
1500
1500
1500
1500
1500
2293
-483
1500
4396
2948
1500
1500
2948
1500
1512
1512
1512
1512
1512
1512
1512
1512
1512
1512
1512
1512
1512
1512
1512
1512
1512
1512
1512
1512
1512
1512
1512
1512
1512
1512
1512
1512
1512
1512
1512
1512
1512
1512
1512
1512
1512
1512
1512
1512
1512
1512
1512
1512
1512
1512
1512
1512
1512
1512
1512
1512
1512
1512
1512
1512
1512
220
2972
1512
911
16436
5568
16112
1512
2972
1893
1512
1512
1512
1512
1512
1512
1512
1512
1960
147
954
1500
1500
1500
1500
1500
1500
1500
1500
1500
1500
1500
1500
1500
1500
1500
1500
1500
1500
1500
852
1093
16436
9941
-450
-454
-454
-454
-454
-454
1512
1512
1512
1512
1512
1512
1512
1512
1512
1512
1512
1512
1512
1512
1606
-454
1512
1512
1512
1954
-454
1512
1512
1512
1512
1512
1512
2972
1512
2972
1512
2972
2972
2972
1512
1512
2972
1512
1512
1512
1512
818
-454
1500
4396
2948
1500
1500
1500
2948
2212
-454
4432
2972
1512
1512
1512
1512
1512
1512
2972
1512
1512
2365
2972
1512
1512
-454
2972
628
1512
1512
1512
683
-446
1500
1500
927
-485
1512
2972
1512
1512
1512
2972
1512
1512
2972
1512
1512
1512
2972
1512
1512
1512
1074
-483
1500
2353
-473
1512
1512
2972
2972
1512
1512
1512
1512
545
-454
1512
1512
1512
1512
1765
1512
-454
1512
1512
1512
1512
667
-454
2972
2972
2972
4432
1310
-454
1512
1512
1512
1512
1512
1512
1512
1512
1512
1512
1512
1512
1842
-454
2948
2948
1500
1500
1500
1500
1500
1500
2051
1512
1512
1512
1512
1512
1512
1512
1512
1512
1512
1512
1512
1512
1512
1512
1512
1512
1512
1512
1512
2972
1512
1512
959
-454
1512
1512
1512
1512
1512
1512
1512
1512
1512
952
-454
1512
1512
1512
1512
1512
1512
1512
1512
1512
630
-454
1512
1512
2972
1512
1512
1512
1512
1512
1041
1072
2948
1500
1500
1500
1500
565
1500
2171
4432
1512
1512
1512
1512
1512
1512
2972
1512
1005
2972
1512
1512
1512
1512
1512
1512
1512
1512
1512
1512
1512
1512
1512
1512
1512
1512
1512
1512
1512
1512
1512
1512
1512
1512
1512
1512
1512
1512
1512
1512
1422
1502
1512
2116
865
1500
1500
1500
2948
539
1631
-404
-404
1500
1500
1135
