-148
100
-452
1500
108
1500
108
1500
108
1500
108
-148
1500
108
1500
108
1500
108
1500
108
1500
108
1500
108
1500
108
1412
100
-484
-148
100
-532
1500
108
-148
1500
108
1500
252
100
-452
1500
108
1500
108
1500
108
1500
108
1500
92
1500
108
1500
108
1500
108
1500
108
1500
108
1500
108
1500
108
1500
108
1500
108
1500
108
1500
108
1500
108
500
-148
100
-468
-148
100
-468
1500
92
1500
92
1500
92
1500
92
-148
1500
284
1500
92
1500
92
1500
92
1500
92
1500
172
100
-500
-148
1500
92
1500
92
1500
92
1500
92
100
-500
1500
-148
92
1500
92
1500
1500
132
1500
92
1500
92
1500
92
1500
92
1500
92
1500
92
1500
92
1500
92
1500
92
1500
92
1500
92
1500
92
1124
1500
140
1500
92
-500
1500
-148
92
532
100
-500
1500
-148
92
1500
92
1500
92
1500
92
1500
92
1500
92
1500
92
1500
92
1500
92
1500
92
1500
92
1500
92
1500
92
1500
92
1500
92
1500
140
1500
92
1500
92
-500
1332
-900
-1380
1500
92
1500
92
1500
420
1500
92
1500
92
1500
1500
132
1500
108
1500
108
1500
108
948
1500
140
1500
92
1500
-484
1500
132
1500
92
1500
92
-148
1500
92
1500
92
1500
92
1500
92
1500
108
1500
108
1500
108
1500
108
1500
108
1500
108
1500
108
1500
108
1500
108
1500
108
1500
108
1500
108
1500
108
1500
108
1500
108
1500
92
1500
92
1500
92
1500
92
1500
92
1500
92
1500
92
1500
92
740
1500
92
1500
140
1500
92
1500
92
1500
92
1500
92
100
-500
1500
-148
108
1500
108
1500
1500
164
1500
108
1500
108
1500
108
1500
108
1500
108
1500
108
1500
108
1500
108
1500
108
1500
108
612
1500
460
1500
92
1500
92
1500
92
1500
92
100
-500
-148
1500
92
1500
92
756
1500
1500
132
1500
92
1500
92
100
-436
1500
-548
92
1500
92
1500
1500
132
1500
92
1500
92
1500
92
1500
92
1500
92
1500
92
1500
92
1500
92
1500
108
772
1500
92
1500
1500
132
1500
140
1500
92
1500
92
1500
92
1500
92
1500
92
1500
92
1500
92
1500
92
1500
92
1500
92
1500
92
1500
92
1500
108
1500
108
1500
108
1500
124
1500
92
1500
92
1500
92
1500
92
1500
92
1500
92
1500
92
1500
92
1500
92
1500
92
1500
92
1500
92
1500
92
1500
92
1500
92
1500
92
1500
92
1500
92
1500
92
1500
92
1500
188
1500
92
1500
92
-500
1500
92
1500
92
-148
1500
92
1500
92
1500
716
100
-500
1500
-148
92
1500
92
1500
1500
132
1500
92
1500
92
1500
92
1500
92
1284
-500
-148
1500
92
1500
140
1500
92
1500
92
1500
92
1500
92
100
-500
1500
-148
92
1500
92
1500
252
1500
1500
132
1500
92
1500
92
100
-500
1500
-148
92
1500
1500
1500
172
1500
1500
132
1500
92
1492
1500
92
1500
92
1500
1500
132
100
-500
1500
-148
92
1500
668
1500
92
1500
1500
132
100
-500
1500
-148
92
1500
92
1500
1500
132
1500
92
1500
92
1500
92
1500
92
1500
92
1500
92
1500
92
1500
92
1500
92
1500
92
1500
92
884
1500
92
1500
1500
132
1500
92
1500
92
1500
92
1500
92
1500
92
1500
92
1500
92
1092
100
-452
-148
772
132
-452
-148
772
132
-452
-148
100
-980
-116
-148
116
116
1108
1500
92
1500
92
1500
92
1500
284
100
-148
-612
1500
92
1500
92
1500
92
1500
92
1500
92
1500
92
1500
92
756
100
-516
-1500
1500
156
1500
92
1500
92
804
1500
92
1500
92
1500
92
1500
156
116
116
1500
92
1500
92
1500
1500
132
1500
92
804
1500
92
1500
1500
164
1500
92
1500
92
1500
92
1500
92
1500
92
1500
92
1500
92
1500
92
1500
92
1500
92
1500
92
1500
92
1500
156
1500
92
1500
92
1500
92
1500
92
1500
1500
132
1500
92
1500
92
1500
92
1500
92
1364
1500
1500
132
1500
92
1500
92
916
1500
1500
580
-148
1500
92
1500
92
1124
1500
348
1500
1500
100
-452
-148
772
132
-452
-148
100
-500
-148
100
-500
-148
1500
92
1500
92
1500
92
1500
92
1500
92
1500
92
1500
140
-500
1500
-148
92
1172
1172
1500
684
804
-500
-148
1500
92
1500
92
1500
92
708
100
-436
-148
1500
92
1500
92
804
100
-516
-148
100
-516
-148
1500
92
1500
668
100
-580
-116
-484
-148
1500
92
1076
1500
300
1412
100
-644
-148
868
100
-756
-148
100
-500
-116
-148
740
100
-500
-148
1500
92
1268
868
100
-500
-148
100
-468
-500
-116
-516
-1500
-396
-804
116
1500
92
1500
92
1500
508
1500
1500
132
1500
92
1500
92
1500
92
1500
92
1500
92
1500
316
500
1500
1500
132
1500
92
1500
92
1500
92
1476
1500
1500
132
1500
92
1500
92
1500
92
1500
92
1500
92
1500
92
1500
92
1500
92
1500
92
1500
92
1500
92
1500
92
1364
1500
92
1500
1500
132
1500
92
1500
92
1500
92
116
116
100
-484
1500
92
1500
92
1500
92
-148
1500
92
1236
1500
92
1500
1500
196
1500
92
1500
92
1500
92
1500
92
1500
92
1500
92
1316
1500
1500
1124
1500
92
1500
92
100
-500
-148
1500
92
1500
92
1500
92
1500
92
660
100
-500
-148
1500
220
100
-500
-148
1500
92
1500
92
1500
92
1500
92
100
-484
612
-148
1500
92
1500
92
1500
92
1500
92
100
-484
-148
1500
92
1500
92
1500
92
1500
92
1500
92
1500
92
1500
92
1500
92
1500
92
612
1500
140
1500
1500
132
-500
-148
1500
92
1500
92
1124
1500
92
1500
92
1500
92
1500
92
1500
92
1500
92
1500
92
1500
92
1500
92
1500
92
1500
524
100
-1500
-668
-148
116
116
116
1500
92
1500
92
1500
92
1500
92
820
1500
1500
132
1500
92
1500
92
1500
92
1500
92
1500
92
1500
1500
92
1500
92
1500
92
1500
92
1500
92
1500
92
1500
92
-100
1500
92
676
116
116
532
132
-596
-212
100
-1396
1500
92
1500
92
1500
92
1500
92
1500
92
1500
92
868
1500
1500
132
1500
92
1500
92
1500
92
1500
1500
92
1500
92
1500
92
1500
92
1500
92
1500
92
1500
92
1500
92
1500
92
1500
92
1500
92
1500
92
-148
708
1500
92
1500
92
1500
92
1500
92
1500
92
436
100
-852
-148
884
100
-852
-148
100
-852
-148
900
100
-852
964
-148
916
-852
-116
-580
148
1500
412
-148
116
868
100
-628
-148
100
-484
-148
116
100
-468
1500
92
1500
92
1500
92
1500
92
1284
1500
92
1500
1500
132
1500
92
1500
92
1500
92
1500
92
1500
92
1500
92
1500
92
1500
92
1500
92
500
-516
-1236
1500
92
1500
92
1500
92
1500
92
1500
92
1500
92
1500
92
1500
92
1500
92
1500
92
1500
92
1500
92
1500
92
1500
92
1500
92
1500
92
1500
92
1500
92
1500
92
1500
92
1500
92
1500
92
1500
92
1108
1500
92
1500
92
1500
1500
132
1500
92
1500
92
1500
92
1500
92
1500
92
772
1500
108
1500
1500
164
1500
108
1500
108
1500
92
1500
92
1500
92
1500
92
1500
92
1500
92
1500
92
1500
92
1500
92
1500
92
1500
92
1500
92
1500
92
1500
92
1500
92
1500
92
1500
92
1500
92
1500
92
1500
92
1500
92
1500
92
1500
92
1500
92
1500
92
1500
92
1500
92
1500
92
1500
92
1500
92
1500
92
1500
92
1500
92
-100
1500
92
1500
92
1500
92
1500
92
1500
92
1500
108
1500
108
1396
1500
92
1500
1500
132
1500
92
1500
92
1500
92
1500
92
1500
92
1500
92
1500
92
1500
92
1500
92
1500
92
1500
124
-468
-148
1500
92
884
100
-548
-148
532
100
-580
-116
420
-116
-148
100
-772
-500
-500
-148
1500
92
1500
92
1500
92
1500
92
1500
92
1500
92
1500
92
1028
1500
1500
132
1500
92
1500
92
1500
92
1500
92
1500
92
1500
524
100
-500
-148
1028
100
-500
1500
-116
92
1500
92
1500
1500
164
-148
1500
92
1500
92
1500
92
1500
92
1500
92
948
100
-724
-148
1500
92
1500
92
1500
92
1500
92
1500
92
1500
92
1500
92
1500
92
1500
92
1500
92
1500
92
1500
92
100
-724
1500
-180
108
1500
-148
300
1500
92
1500
92
1500
92
1500
92
1500
1500
132
1500
92
1500
92
1500
92
1500
92
1500
92
1500
92
1500
92
1500
92
1500
92
1500
92
1500
92
1500
92
1500
92
1500
92
1500
108
1252
1500
1500
436
1500
92
1500
92
1500
1500
1500
-820
92
1500
92
1500
1500
132
1500
92
1500
92
1500
92
1500
92
1500
92
1500
92
1500
92
1500
92
1500
92
1500
92
1500
92
1500
92
1500
92
1500
92
1500
92
1500
92
1500
92
740
100
-724
1500
-148
108
1204
1500
108
1500
124
100
-724
-148
100
-724
-148
1500
108
1316
1500
108
1500
108
1124
100
-2948
-1316
-244
116
116
116
116
116
116
116
180
-116
116
180
-116
180
-116
116
116
1500
92
1500
92
1500
92
660
1500
1500
132
1500
92
1500
156
1500
92
1500
92
1500
92
1500
156
1500
92
1500
220
1500
540
-116
1500
108
804
1500
1404
292
-148
1500
-596
92
1500
140
1500
92
1500
92
1500
92
-500
-148
932
1500
188
1500
92
1500
92
1500
92
1500
92
1500
92
1500
92
1500
92
1500
92
1500
140
-500
1500
-148
92
1500
92
1500
1500
132
1500
92
852
1500
1500
132
1500
92
1284
1500
92
1500
92
1500
92
1500
1500
132
1500
92
1500
140
1500
188
-500
-148
1500
92
1500
92
1500
92
1140
100
-516
-148
1500
92
1500
92
1500
92
1500
92
100
-500
1092
-148
1500
92
1500
92
1500
92
1500
92
100
-500
-148
1500
92
1500
92
1500
92
1500
92
1500
92
1500
92
1500
92
644
1500
1500
132
1500
92
1500
140
-500
-148
1500
92
1500
92
1500
92
1500
92
1500
92
1500
92
1500
92
1500
92
1252
1500
1500
132
1500
92
1500
92
-500
-148
1500
92
1500
92
1500
92
1500
92
1500
92
1500
92
1500
92
1500
92
644
1500
92
1500
1500
132
1500
92
1500
92
1500
92
1500
92
1500
92
1500
92
1500
92
1108
100
-708
-148
100
-500
-148
1500
92
676
100
-500
-148
644
1500
732
-500
-148
1500
92
1060
100
-708
-148
100
-500
-148
1500
92
1500
92
1500
100
-500
-148
1500
92
1316
-500
-148
644
100
-500
1500
-148
92
1500
92
1500
1292
1500
92
1500
92
1500
92
1500
92
100
-500
-148
1500
92
1500
92
1500
92
1500
92
1500
92
1500
92
1500
92
1500
92
1500
92
1500
92
772
1500
1500
132
1500
92
1500
92
100
-500
1500
-148
92
1500
1500
132
1500
92
1500
92
1500
92
1500
108
1500
92
1500
92
1500
92
1500
92
100
-500
1500
-148
92
1500
1500
132
1500
92
1500
92
1500
92
1500
92
1500
92
1500
92
1500
188
1500
92
1500
92
1500
92
1500
92
100
-500
-148
1500
92
1500
1196
1500
92
1500
92
1500
92
1500
92
1500
92
1500
92
1500
92
1500
92
1500
92
1500
92
1500
92
1500
92
1500
92
1500
92
1500
92
1500
92
1500
92
1500
92
1500
92
1500
92
1500
284
100
-708
-148
644
132
-708
-500
-500
-500
-724
1500
1500
260
1500
92
1500
-116
1500
132
1500
92
1500
1500
180
1500
92
1500
1500
132
1500
92
1500
92
1500
92
1500
92
1500
92
1500
92
1500
92
1500
92
1500
92
1500
92
1500
92
1500
92
1500
92
1500
92
1500
92
1500
92
1500
92
1500
92
1500
92
1500
1500
324
1500
92
1500
92
1500
92
1500
92
1500
92
1500
92
1500
92
1500
92
1500
92
1500
220
1500
92
-116
116
116
100
1500
-532
1500
132
1500
92
1500
156
-148
1500
92
1500
172
1500
92
580
1500
92
1500
92
1500
92
1500
92
1252
1500
92
1428
1500
92
1500
92
1500
92
1236
1500
92
1092
1500
92
1500
92
1500
92
1188
1500
92
964
1500
92
1500
92
1500
92
1500
92
1500
92
1500
92
1500
92
1500
92
1500
92
708
1500
92
1500
92
1500
92
1500
92
676
1500
108
1500
476
180
1500
92
1500
92
1500
92
1500
92
1500
92
1500
92
1500
92
1500
92
116
100
-708
116
-148
116
1500
92
1500
1500
132
1500
156
116
644
132
-708
-148
100
-708
-148
644
100
-500
-148
1500
92
1500
92
1500
92
1500
92
100
-500
1500
-148
92
1500
92
1500
92
1500
1500
132
1500
92
1500
92
1500
92
1500
92
1500
92
1500
92
1500
92
644
1500
1036
1500
1500
132
1500
92
1500
92
1500
92
1500
140
1500
92
-500
1500
-148
92
1500
92
1500
1500
132
1500
92
1500
92
1500
92
1500
92
1500
92
1500
92
1500
92
1500
92
1500
92
1500
92
1500
92
1500
92
1500
92
1500
92
1500
92
1500
92
836
1500
1276
100
-500
-148
1316
100
-500
-148
1500
92
1500
636
100
-500
-148
1500
92
1500
92
1500
92
1500
92
100
-500
1500
-148
140
1500
92
1500
92
1500
252
100
-500
-148
1500
92
1500
140
1060
-516
-148
1500
92
1220
100
-756
-948
-116
-948
-116
-1500
-180
1500
92
1188
1500
1276
-116
884
1500
652
1500
796
1500
1500
132
1500
92
1500
92
1500
92
692
1500
828
1500
92
1500
92
1500
92
1500
92
1500
92
1500
92
1500
1268
1500
972
1500
92
1108
164
1500
-596
92
1500
92
1500
1500
212
1500
92
1500
92
1500
92
1500
92
692
1500
92
1500
1500
132
1500
92
1500
92
1500
92
1500
92
1500
92
1500
92
1500
92
100
-516
1500
-148
92
1500
652
1500
92
1500
92
1500
412
1500
1500
132
1500
92
1500
92
1500
92
1500
92
1500
108
356
1500
252
-500
-148
1500
92
1500
92
1500
92
1500
92
100
-500
-148
1500
92
1500
92
1500
92
1500
92
1500
92
1500
92
1500
92
1500
92
932
1500
1500
132
1500
92
1500
92
100
-500
-148
1500
92
1500
92
1500
92
1500
92
1500
92
1500
92
1500
92
1500
92
1500
92
1500
92
788
1500
92
1500
92
1500
1500
132
1500
92
1500
92
1500
92
1500
92
1500
92
1500
92
1500
92
1500
92
1500
92
1500
508
100
-724
-148
100
-500
-148
1500
92
1500
92
1500
92
1500
140
-500
-148
1500
92
1500
92
1500
252
100
-500
-500
-516
-116
1500
92
1500
132
1500
92
-148
548
1500
92
1500
92
1500
92
1500
92
1500
92
1500
92
1500
92
1500
92
1500
92
1500
92
1500
92
1500
92
1500
92
1500
92
1500
92
1500
92
1500
92
1500
428
1500
92
676
1500
92
1500
92
1500
92
1500
92
1500
92
1500
92
1500
92
1500
92
1500
92
1500
92
580
1500
92
1500
92
1500
92
1500
92
1500
92
1500
92
1500
92
1500
92
1500
92
1500
92
1500
92
1500
92
1500
92
1500
92
1500
92
1500
92
1500
92
1500
92
1500
92
1500
92
1500
92
1500
92
1500
92
868
100
-740
-116
644
-116
-500
-1044
1500
92
1500
92
1500
92
1500
92
1500
92
1500
92
1500
92
1500
92
1500
92
1500
92
100
-500
1500
92
1500
92
1500
92
1500
92
1500
508
1396
1500
1500
132
1500
92
1500
92
1500
92
1500
92
1500
92
1500
92
1500
92
1500
92
1500
1500
92
1500
92
1500
92
1500
92
1500
92
1500
92
1500
92
1500
92
1500
92
1500
92
1500
92
1500
92
1500
92
1500
92
1500
92
1500
92
1500
92
1500
92
1500
92
1500
92
1500
92
1500
92
1500
92
1500
92
1500
92
1500
92
1500
92
1500
92
1500
92
1500
92
1500
92
1500
92
1500
92
1500
92
1500
92
1500
92
1500
92
1500
92
1500
92
1500
92
1500
92
1500
92
1500
92
1500
92
1500
92
1500
92
1500
92
1500
92
1500
92
1500
92
1500
92
1500
92
1500
92
1500
92
1500
92
1500
92
1500
92
1500
92
1500
92
1500
92
1500
92
1500
92
1500
92
1500
92
1500
92
1500
92
1500
92
1500
92
-100
1500
92
1500
92
1500
92
1500
92
1500
92
1500
92
1500
92
1500
92
1500
92
1500
92
1500
92
1500
92
1500
92
1500
92
1500
92
1500
92
1028
-116
308
-884
468
-116
-244
148
