-424
4410
-436
2948
1500
1500
2948
1500
2948
1500
1500
2148
-430
2279
-432
2385
2911
1500
1574
-434
1500
1705
-454
-451
-450
-452
-458
1355
879
2948
1500
1500
1500
-454
963
5844
2948
1147
1500
1500
2948
2948
1500
1500
1500
979
1147
-454
1151
-448
-457
-469
-453
-445
1500
1030
-444
1500
1240
-470
5772
-457
6551
-447
1048
-443
2948
3801
-461
2948
1500
2948
1500
1500
1500
2948
1500
4396
2948
2948
1500
1500
2948
1500
1315
1500
7292
1500
7292
2948
4396
1943
5844
1321
7292
4396
8740
7292
5844
7292
8740
7292
1500
7292
7292
8740
1500
5751
5844
4396
2948
2948
2948
8740
7292
1500
13084
1500
-470
-462
-460
-458
3611
-449
4396
7292
4322
2969
2345
2146
3819
3189
816
756
-468
-474
-482
-469
566
-467
-481
1500
2948
2948
1500
1289
1500
1500
1500
1500
1500
-479
1500
2948
1500
1500
1500
653
773
2948
1500
1500
1500
1500
1500
-474
4396
2947
-473
1017
659
-474
483
437
692
524
-457
1908
-623
-469
-472
-491
1500
1609
-504
2225
1500
1500
1500
1500
1362
-499
1500
1500
1500
1500
1500
1500
1500
1500
1500
1488
-493
1841
-497
1500
892
1552
2603
625
1123
-556
2550
-553
1500
1205
-552
2243
-547
2612
-553
-493
-497
-500
-228
2948
1500
389
-584
1500
1016
-250
1500
1005
1861
3487
111
-185
1500
1861
403
-89
-196
660
