-421
1500
1500
1500
1500
1500
1500
2031
-474
1500
1500
1500
1500
1303
-515
1500
1500
2948
1500
1500
1500
1500
1500
1500
1500
2948
1677
-506
1500
1500
2948
1500
1890
-518
-523
1500
1638
1500
1149
-519
1500
1296
-526
1500
1382
-516
-508
-512
-509
-530
-529
1500
1500
2948
2948
1500
1500
1500
1500
1500
1500
1500
1500
1500
1500
1500
1500
1500
787
2948
1500
1500
1493
1500
1500
1500
2948
2948
1500
1500
1500
1500
1500
2948
1500
586
2948
1500
1500
1500
1500
1500
1500
1500
1500
1500
1500
1114
1500
2948
1500
1500
1500
1500
1500
2948
1500
1500
1500
1500
2948
1500
1500
2948
1500
1500
11636
13496
-472
1500
1500
2948
1500
2948
1500
2948
1500
2948
1500
1500
1500
1500
2948
1500
1500
1500
1500
1500
1500
1500
1500
1500
1500
1500
1500
1500
595
16436
1044
16436
16436
10724
1500
-473
-522
-490
-491
-491
-526
1500
1500
2948
1500
1500
1500
1500
1500
2948
1500
1500
1500
1500
1500
1500
1500
1500
1138
-524
2948
1500
1500
1500
1500
1500
1500
1500
1500
1943
-530
1500
1500
1500
1500
1500
1500
2948
1500
1500
1500
775
4396
1500
1400
632
2948
2948
1500
2948
1500
1500
1018
-552
2948
1500
1500
1500
1500
743
-517
2948
1194
-537
2277
-433
433
2948
2948
1790
1462
16436
3402
1500
1500
1500
2948
1983
479
16436
5963
-466
1470
1470
1470
1470
1470
1470
1470
1470
1470
1470
1470
1470
1470
1470
1470
1470
1470
1470
1470
1470
884
-228
1500
1500
1500
389
-584
1500
1016
-250
111
-185
403
-89
-196
