-416
1766
1500
1500
-470
1500
1500
2948
1500
1500
1500
1500
1500
1500
1500
1500
-473
1697
1500
2948
1500
924
996
-462
-456
-457
799
1500
1500
1500
2948
1500
1500
1500
1500
-459
1500
2948
1500
1500
1500
1500
1500
1500
1500
1500
1500
1500
1500
1500
1500
1500
1500
1500
1500
812
1500
1500
1500
4396
-456
1000
1500
1500
1500
1500
1500
1500
1500
1500
1500
1500
1500
2948
1500
1500
1500
1500
1500
1500
1500
1500
1500
1500
1500
1500
1500
-459
-459
-456
2948
4396
1500
1500
1500
2948
1500
1500
1500
2948
2948
2948
2948
2948
1500
1500
1500
1500
1500
1500
1500
1500
1500
1500
1500
1500
1500
1500
1500
2948
2948
1500
1500
1500
1500
1500
1500
1500
2948
2948
2948
2948
1500
1500
1500
1500
1500
1500
1500
1500
1500
1500
1500
1500
1500
1500
1500
1500
1500
1500
1500
1500
1500
1500
1500
1500
1500
1500
2948
2587
1500
2948
2948
1500
1500
1500
1500
1500
1500
1500
1500
1500
1500
1500
1500
1500
1500
1500
1500
1500
15980
1500
1500
1500
2948
1500
5844
16436
16436
16436
16436
16436
16436
16436
16436
16436
16436
16436
1500
1500
1500
1500
1500
1500
1500
1500
1500
1500
1500
1500
1500
1500
1500
1500
1500
1500
1500
1500
1500
1500
1500
1500
1500
1500
1500
1500
1500
1500
1500
1500
1500
1500
1500
1500
1500
1500
1500
16436
6836
8331
16436
5388
-1099
-462
16101
-459
2948
2948
1500
1500
1500
1500
1500
1500
1500
1500
1500
1500
1500
1500
2948
1500
1164
-462
1500
1500
2948
1500
1500
2948
1500
1500
1500
2948
2948
4396
1143
2948
1545
-459
16436
1500
1500
1500
1500
16436
2948
1500
1500
16436
1500
2948
1500
16436
16436
16436
1500
1500
2948
2948
2948
1500
1500
1500
287
1500
1500
7292
1500
1500
1500
1500
1500
1500
1500
1500
1500
1500
1500
2948
1500
1500
1500
1500
2948
1500
1500
2948
1500
1500
1500
2948
2948
764
-462
16436
16436
16436
16436
16436
16436
1500
1500
1500
1500
1500
1500
1500
1500
1500
878
-459
1500
2948
2948
2948
1500
1500
945
-459
1500
2948
2948
2948
16436
16436
1500
1500
16436
1500
1632
-462
16436
16436
16436
1500
1500
2948
1500
1500
1500
1500
652
-462
1500
1500
1500
1500
1500
1500
1500
1500
2948
1039
-459
1500
1500
2062
-462
1500
1500
1500
1500
1500
1500
16436
1500
1500
1500
1500
1500
1500
16436
2948
1500
1500
1500
1500
16436
16436
1500
16436
1500
1500
1500
16436
1693
-462
1500
1500
1500
1500
1500
1500
1500
1500
1374
-462
2948
4396
4396
1500
1500
1500
1500
1500
1000
-459
1500
1500
1500
1500
2948
2948
1500
1500
2948
2948
1500
1500
1500
1500
1500
2948
1500
1500
1500
2948
2948
1168
-459
1500
1500
1500
4396
4396
1500
2948
2948
4396
1500
208
-459
1500
2948
1500
1500
1500
1500
1500
2948
2948
2142
-459
1694
-462
1500
1500
1500
2948
1500
2948
2948
1500
2948
1500
1500
1500
1500
1561
-462
1500
2948
16436
2948
2948
1500
16436
1500
740
-459
16436
16436
1500
1500
1500
16436
2948
1500
1500
1500
1500
16436
2948
1500
1500
1500
2948
2948
4396
749
-462
1116
-462
1500
1500
1500
1512
-459
1500
1500
1500
1500
1500
1500
1500
1500
1500
1500
1500
2948
1500
1500
1500
2948
1500
2948
1500
1500
2948
1500
2948
1500
1040
-459
1024
-462
1500
1500
1500
1500
1500
1500
1500
2552
-459
1500
1500
1500
2948
2948
1500
2948
2948
1500
2948
1500
1500
1500
2948
1500
1500
1500
1500
1500
2948
1889
2948
2948
3581
1500
1500
2948
1500
1500
1500
1500
1500
1500
1500
792
1500
1500
2948
1500
1500
1500
1500
2584
16436
3940
4531
792
16436
16436
16436
16436
16436
16436
-456
1500
2948
1500
1500
1500
1500
1500
1500
1500
1500
1500
1500
1500
1500
1085
-559
1500
2948
2948
1500
1500
1500
1500
1500
1500
1500
1500
1500
1500
1500
1500
1500
1500
1500
1500
1500
1500
1500
1500
1500
1500
1500
1500
723
-562
1500
1500
1500
1500
1500
1500
2948
1500
1500
1500
1500
1500
1500
1500
1500
1500
1500
1500
1500
1500
1500
1500
1500
723
-576
2948
7292
2948
751
4396
-564
1500
1500
2948
1500
1500
1500
1500
1500
1500
1500
1500
1500
2948
1500
2948
1500
2948
1500
1168
-569
1500
1500
1500
1500
1500
1500
925
-564
1500
1500
1500
2948
1500
1500
1500
1500
2948
2948
2948
1500
2948
1500
1500
2948
1500
1500
1500
2948
1500
2948
2948
893
-565
2948
1500
1500
1083
-564
4396
4396
2948
1768
-572
1500
2948
1500
2948
2948
1500
1500
1500
2948
1500
1255
2516
2948
2948
1500
1500
1500
1425
2948
1500
2948
2948
1500
1500
1500
16436
16436
16436
16436
16436
16436
16436
1500
5844
1500
16436
16436
16436
16436
1500
1500
1500
1500
16436
2948
2948
16436
2492
13084
1500
1500
1500
1500
1500
1500
1500
1500
1500
2948
1500
1500
1500
1500
1500
1500
1500
1500
1500
1500
1500
1500
1500
1500
1500
1500
1500
1500
1618
2948
1500
1500
1500
1500
1500
1500
2948
2948
1500
1500
1500
389
7292
8740
7292
2948
8740
5844
16436
49204
16436
16436
16436
16436
16436
16436
16436
16436
16436
32820
16436
32820
2868
3316
-584
16436
13172
16436
16436
16436
13620
16436
16436
16436
32820
16436
49204
32820
16436
32820
16436
16436
16436
16436
16436
16436
16436
16436
16436
16436
16436
16436
16436
16436
16436
1500
16436
16436
16436
16436
16436
16436
16436
16436
16436
16436
16436
16436
16436
16436
16436
16436
15720
16436
16436
16436
16436
16436
16436
1016
16436
16436
16436
16436
16436
16436
16436
16436
16436
16436
16436
16436
16436
-250
16436
16436
16436
16436
16436
16436
16436
16436
16436
16436
16436
16436
16436
16436
16436
16436
15763
111
-185
403
-89
-196
