-423
1093
1670
1493
620
1476
1353
280
1078
922
-527
440
1838
1159
1500
1500
1500
1500
1500
1500
-512
1500
1500
1500
1500
1500
1500
1500
1500
1500
1500
1500
1500
1500
1500
1500
1500
1500
1500
1500
1500
1500
1500
1500
1500
1500
1500
1500
1500
1500
1500
1201
16436
3910
-491
640
-535
1500
1500
1500
1500
-539
1500
1500
2948
1500
1500
1500
1500
871
2948
1500
1500
-539
1500
1500
1500
2948
1500
1500
1559
-496
-599
-602
-614
1500
1500
1500
1500
1500
1500
1500
1500
1500
1287
619
2948
1500
1500
-485
-617
-612
957
1500
1500
2948
2948
1500
1500
1500
1500
1500
1500
1500
735
1154
2590
495
1500
2948
1500
1500
1500
1500
1500
1500
1500
1500
1500
-538
-610
1500
1500
2948
1500
1500
1500
1500
1500
1500
1500
1500
1500
1500
1500
1500
8740
-608
1500
1500
2948
1500
1500
1500
1500
1500
1500
-609
1500
1500
1500
2948
1500
1500
1500
1500
1500
1500
1500
1500
1500
1500
1500
1500
1500
1500
1500
1500
1500
1500
1500
1500
1500
1500
1500
1500
1500
1500
501
1500
1500
1500
1500
1500
1500
1500
1500
1500
1500
1500
1500
1500
1860
1500
1500
1500
862
16436
5388
3355
1500
1500
1500
1500
2948
1500
1500
1500
1500
1500
1500
-609
-614
-228
1500
1500
2948
1500
1500
1500
1500
1500
1500
1500
509
1500
1500
1500
1500
1500
1500
1500
1500
1500
1500
1117
1500
1500
1500
1432
2948
2948
1500
1500
1500
1500
1500
1500
1500
1500
1500
1500
1500
1500
1500
1500
1500
1500
1130
-234
1460
989
1500
2700
-250
318
-569
1278
-89
609
-584
1500
1016
-250
-223
1470
1470
953
318
-592
827
-590
405
1183
376
-174
-185
294
-539
712
382
-89
-196
