-452
1500
4396
1500
1500
1500
1500
1500
1500
954
-503
1500
1500
2948
1500
1500
1500
1500
1500
1500
-510
1500
1500
1500
1500
2948
1500
1500
1500
1468
-518
1500
1773
1500
1777
-464
1122
-582
-532
1500
1500
1500
1500
1500
1500
1531
-599
-553
-577
-565
-573
-532
367
504
1500
1500
1500
1313
1500
1500
2948
1500
1500
1500
1500
1500
1500
1500
1500
-563
5174
1500
1500
1500
1500
1500
1500
1500
2948
1500
1500
2948
1500
405
16436
2492
-580
1500
1500
1980
565
-530
1552
2604
1431
2948
2948
1500
1500
1691
-530
-532
-532
-532
-519
-519
-519
-529
1500
1500
1500
1500
1500
2948
1500
1500
1500
1500
-529
1500
1500
1500
1500
1500
1500
1500
1500
1500
1500
1500
1500
1588
1500
2948
1500
1500
1500
2948
1500
1500
1500
1500
1500
1500
1500
1500
1500
1657
1500
1500
1500
1500
2948
1079
1500
1500
2943
-524
7292
1500
1512
1512
2972
1500
1500
1500
1500
1500
1500
1500
1500
1500
1500
1500
1500
1500
2044
1512
1512
1512
1729
10188
-529
1500
1500
1500
1500
1500
1500
1500
2532
1704
-529
1565
1512
1512
1512
1512
1512
1512
1512
1512
1512
1512
1552
1500
1155
1520
1512
1512
-561
-519
-519
-524
-524
-529
-519
-529
-529
1500
1500
1500
1500
1500
1500
1500
1970
-519
1500
1500
1500
1500
1500
1500
1500
1500
1500
1500
1207
2948
1500
1500
1054
1194
2768
1500
1500
2948
1500
1500
1500
1998
1534
-519
1564
-519
1500
1500
1500
1619
-519
1500
1500
1500
1500
1511
-570
2948
1500
1500
2948
1500
2948
1500
2222
1500
2948
1500
2948
1631
-582
1500
1500
1500
1500
1500
1500
1500
1500
1500
1500
2948
2948
1500
1500
1500
1500
1500
455
1500
1500
1500
1500
1500
1170
11636
-601
-572
-532
1010
-571
357
-518
1500
1500
1500
1500
1500
1249
-518
2948
2115
-580
1500
1811
2948
1500
2557
-578
1500
1500
1157
-579
469
-519
1512
1512
2972
1512
1512
1512
1512
2972
1512
1500
1025
-523
1512
1512
1512
1512
1500
1512
1500
2948
1500
2618
-578
1500
2948
2948
2948
1500
2948
3431
-589
1500
1512
1500
983
465
1500
1769
-580
1014
1500
1500
1500
1500
1500
2948
2948
1500
2948
1500
2948
1500
1500
1500
1500
1500
2948
1500
1873
1500
2948
1500
1500
1500
2948
1500
1500
1500
1500
2948
1500
1500
2948
1500
1822
1500
1500
1500
1500
1500
1500
1927
1500
2948
1500
1500
1500
1500
2948
1500
1500
1500
1500
7292
1500
1500
1452
5892
1512
4432
5892
2972
1512
688
1500
1500
2948
1500
1500
1500
1500
2948
1500
2948
1500
1500
1500
-597
957
2948
2948
1500
1500
1500
1500
1500
7292
5844
2948
1500
1500
2948
1500
1500
1500
1500
1500
1901
-228
-433
1500
2948
1500
1123
389
-605
1500
1016
-250
111
-185
403
-89
-196
