-424
2868
1420
1420
1420
1420
1420
1420
1420
1420
1420
944
-432
554
-438
1500
1329
-449
1500
1500
2948
1500
1500
1500
1500
1500
1500
-450
1500
1280
1500
1873
-461
1500
2255
-466
1142
-459
846
-526
1500
1500
2948
1500
1500
1065
-530
1500
1500
2948
1500
1500
1500
1500
1500
1500
1500
1500
659
-520
1500
1500
2948
1500
1500
1500
-479
1500
1368
-526
1500
1500
2948
1500
1500
1500
1500
553
1500
-493
-544
-541
-534
-491
-538
1500
-527
1500
-513
1500
515
1500
1500
1500
1500
1500
626
1472
1567
1500
1500
1500
2948
1500
1500
1500
1500
1500
776
1500
-447
-512
-514
-521
1500
1500
1262
1500
3182
-504
1500
1500
1500
1500
1500
1500
1500
1191
-492
1500
1500
1500
1760
-483
1500
1500
1500
1500
1500
1500
1500
1500
1540
1500
1500
1500
1500
1500
1500
1500
1500
1500
1500
1500
757
2948
1500
2948
1500
1500
2948
1500
1500
1500
1500
1500
1500
1500
1500
1500
1500
1500
1500
811
-533
2948
1500
1500
1500
1500
1492
-494
1500
1500
1500
1500
1500
1500
1500
1500
1500
1500
723
-518
1500
2014
-502
1651
-521
1083
-511
1500
1500
1500
1500
1500
1500
1500
1500
1500
1500
1500
757
2948
1500
1500
1500
1500
1500
1500
1500
682
-507
1500
1500
2948
1500
1500
1500
1500
1500
1500
1500
757
1500
2948
1500
1500
1500
1500
1500
1500
1500
1500
1500
1500
892
1500
1500
1500
1500
1500
1500
1500
1500
1500
1500
1500
1500
1500
1500
1500
1500
1500
1500
1500
1500
1500
1500
759
2948
1500
1500
1500
1500
1746
-482
1500
1500
1527
-508
1500
1500
1500
1500
1500
1500
1500
1500
1500
1500
1500
1500
1166
2948
1500
1500
1500
1500
1500
1500
1500
1500
1500
1500
1500
1500
1500
1500
1500
1500
1500
1500
1500
1500
1500
1500
1500
1500
1500
1500
1500
1500
1500
1500
1500
1500
1500
1500
1500
1500
1500
1500
472
-522
2948
1500
1500
1500
1500
1500
1500
1500
1500
1500
758
2483
-505
1500
583
-482
1500
2948
1500
1500
1500
1500
1500
1500
1500
1500
1500
1500
1500
1500
1500
1500
1500
1500
1500
1500
1500
1500
1500
1500
1500
1500
1500
1500
1500
1500
1500
1500
1500
1500
1500
1500
1500
1500
1500
1500
1500
1500
1500
1500
1500
1500
1500
1500
1500
1500
1500
1500
1500
1500
1500
1500
1500
1500
1500
1500
1500
1500
1500
1500
1500
657
2948
1500
1500
1500
1500
1500
1500
1500
1500
1500
1500
1500
1500
1500
1500
1500
1500
1500
1500
1500
1500
1500
1500
1500
1500
1500
1500
1500
1500
733
1500
2948
1500
1500
1500
1500
1500
1500
1500
1500
1500
1500
1500
1500
1500
1500
1500
1500
1500
1500
1500
1500
1500
1500
1500
1500
1500
1500
1500
1500
1500
1500
1500
1500
1500
1500
1500
1500
1500
1500
1500
1500
1500
1500
1500
1500
1500
1500
1500
1500
1500
1500
1500
1500
1500
1500
1500
1500
1500
1500
1500
1500
1500
1500
1500
1500
1500
1500
1500
1500
1500
1500
1500
1500
1500
1500
1500
1500
1500
1500
1500
1500
1500
1500
1500
1500
1500
1500
1500
1500
1500
1500
1500
1500
1500
1500
1500
1500
1500
1500
1500
1500
1500
1500
1500
16436
3940
2948
1500
8753
-517
1500
1500
1500
2948
1500
1500
1500
1500
1500
1500
1500
1500
1500
1500
1500
1500
1500
1500
1500
1500
1500
1500
1500
1500
1500
1500
1500
1500
1500
694
-509
16436
1500
16436
1500
1500
1500
1500
1500
1500
1500
1500
1500
1500
1500
16436
1500
1496
4396
1500
16436
2948
1500
1500
1500
1500
1500
16436
7452
1500
1836
1500
1500
1500
1500
1500
1500
1500
1500
1500
1500
1500
1500
1500
1500
1500
1500
1500
1500
1500
1500
1500
1500
1500
1500
1500
16436
5388
16436
2948
1500
1500
1500
1500
1500
1500
1500
1500
1500
1500
1500
1500
1500
1500
1500
1500
1500
1500
1500
1500
1500
1500
1500
16436
5388
32820
32820
10380
16436
5564
1281
1500
1500
1500
1500
16436
16436
2948
1500
1500
1500
1500
1500
1500
1500
1500
1500
1500
1500
1500
1500
1500
620
2948
1500
1500
1500
1500
1500
1500
1500
1500
1500
1500
1500
1500
1500
1500
16436
1500
1500
1500
1500
1500
1500
1500
16436
16436
2036
1500
1500
1500
1500
1500
1500
2948
1500
1500
1500
1500
1500
1500
1500
1500
1500
1500
1500
1500
1500
1500
1500
1500
1500
1500
1500
7292
5844
8740
5844
4396
1500
1500
1500
1500
1500
1500
1500
1500
1500
1500
1500
1500
1500
1500
1500
1500
1500
1500
1500
1500
1500
1500
1500
1500
1500
1500
1500
1500
1500
1500
1500
1500
49204
49204
4396
1500
1500
1500
1500
1500
16436
16436
1196
16436
2492
16436
3460
-228
1500
1500
1252
609
-399
-584
1685
1500
1016
-250
318
-185
345
-89
89
-196
