-427
1500
1500
1256
1500
1500
1500
1500
1500
1500
1500
1839
-573
-448
1500
1500
2948
1500
1500
1500
1500
1500
1500
-472
1500
1500
1500
1500
1500
1500
1500
1500
1500
1500
1500
2849
1438
-464
1500
813
-471
1916
-477
1500
2704
1500
1445
-469
1512
-622
-468
-474
-471
-462
-460
-489
1896
-511
1500
1500
1500
1500
1500
1500
1500
1164
-514
1500
1500
1500
1500
1708
-502
1500
1500
1500
1876
-489
1500
1500
1500
1500
1500
1500
364
-509
1521
-460
1718
-490
1500
1500
1500
1500
1500
1500
1500
1500
1500
1500
1839
-505
1500
1500
1500
1500
1500
1500
1500
1500
1500
1500
1500
1500
1500
1500
1730
1500
1500
1500
1691
1500
1500
1500
1500
1500
1500
1500
1500
1500
1159
2779
1268
3261
1500
1500
1500
1500
1500
1500
1500
1500
1500
1500
722
-480
581
460
-548
800
-553
424
-228
1500
1500
1252
609
-584
1500
1016
-250
318
-185
382
-89
-196
