-419
1500
1500
1500
1500
2948
1500
1500
1500
1500
1500
1500
1500
1500
1500
1500
1500
2948
1500
1500
1500
1500
1500
1500
1500
1500
1500
1500
1500
1500
1500
1500
1500
1500
2948
1500
1500
759
-689
786
-631
1500
1500
1500
1500
1500
1500
1500
1500
1500
1500
-456
1500
1500
1500
1500
1500
1500
1500
1500
1500
1500
1500
1500
724
2948
-492
2948
1500
1500
1500
1500
824
1500
2948
1500
1500
740
-555
-481
1500
1500
1500
1500
1500
1500
1870
-528
1258
-474
708
-481
2948
1500
1500
1500
1500
1500
1500
1500
1500
1500
1500
1500
1500
-473
2948
1500
1500
2948
1500
1500
1500
1500
1500
1500
1500
1500
1500
1500
1500
1500
1500
1500
1500
1500
1500
1500
1500
1500
1500
1500
2921
1500
1500
1500
1500
7292
-473
1500
1500
2948
1500
1500
1500
1500
2948
1500
1500
2948
1500
1500
1500
1500
1500
1500
1500
2948
1500
902
2948
1500
1500
11636
-473
13084
1500
1500
1500
2948
1500
1500
1500
1500
1500
1500
731
-472
2948
1500
1500
16436
16436
1500
1500
1500
888
1500
1500
4396
1500
1500
3126
1652
-473
2948
1500
1500
2248
-473
-474
-467
-474
-487
-478
-473
-218
1834
1512
1512
1500
543
1500
771
-567
-473
2948
2948
1500
1500
1500
1550
-472
1500
2948
4396
1500
-473
1500
1500
2948
3904
-473
1500
1500
4396
2948
1500
1582
-473
1500
1500
2948
1568
-472
1500
1500
2948
1500
1500
1500
1500
1500
2138
-472
1500
2442
-473
2948
953
-473
4283
-473
5844
4385
-473
1500
1500
5844
1838
-466
709
2948
3780
-422
1500
1500
1500
1257
2948
2948
782
2948
2948
2948
1500
2948
4396
4396
2948
2948
1156
746
2447
1665
-516
-522
7292
2948
1500
1500
1500
1500
1500
1500
2948
1500
1500
1500
1500
1500
1500
1500
1500
1500
1500
1500
1500
1500
4396
10188
-515
1500
4396
1500
1500
1500
2948
1500
1500
1500
2948
1500
1500
1500
1500
1500
1500
1500
1500
1500
2948
1500
1500
2948
1500
1500
1500
1500
1500
16436
3940
-528
2948
646
1500
2948
1500
1500
1500
2948
2031
1500
2948
2948
2948
4396
7292
4396
907
617
-529
-694
-701
-711
-711
-704
1500
1500
1500
1520
1459
1360
2948
1500
1500
1500
1058
1500
1500
-525
5844
4396
1500
1500
1500
1500
2948
1070
1500
1956
-512
849
-512
-512
664
-703
-512
-512
-692
-703
1500
1500
1812
1500
1500
1500
1500
1500
1500
1500
1500
1500
1500
1408
2948
-512
851
1500
1500
1500
1500
1500
1500
1500
1500
1500
2948
2948
1500
1500
1075
2948
1500
1500
1500
2948
1500
1500
1500
1500
1500
1500
1500
1500
1500
1500
662
1500
1500
1500
1500
2948
1500
2948
1500
1500
1500
2948
1500
1500
1500
1500
1259
-702
4396
4396
4396
1500
1500
880
-491
-702
1500
4396
1500
1500
1500
1500
1500
2076
2948
2948
1500
1500
2948
4396
2948
1500
904
1500
2948
4396
1500
2948
2948
2948
1500
2948
1500
-693
2948
1500
1500
1500
1500
4396
1500
-697
1500
1500
2948
2948
2948
1500
1500
2948
1500
1500
1500
2948
1500
1500
1500
1573
-697
14836
16436
16436
1500
1500
1500
1500
2948
1500
1500
1500
1500
1500
1500
1500
1500
1500
1500
1500
1500
1500
3777
1500
1500
1500
1500
5844
1956
1500
1500
1500
1500
1500
1500
1500
1500
1500
2948
1396
4396
1633
-518
16436
16436
16436
16436
1470
1470
1470
1470
1470
1470
1470
1470
2888
1470
1470
1470
1470
1470
2888
724
1190
1500
2948
1500
1500
1500
1500
1500
1500
1500
1500
2948
1500
2948
5844
1500
880
1500
2948
2948
2948
1500
1500
1500
1956
1500
1500
1500
1500
2948
4396
1500
1500
2784
4396
5844
1500
2948
4396
1500
2948
4396
1071
416
2388
-519
2888
2888
1470
1470
1470
1470
1470
1470
1470
1470
1470
1470
1470
1470
2888
1470
1470
1902
-594
405
1908
-645
783
14100
16436
16436
16436
16436
16436
16436
16436
16436
16436
16436
6452
-366
-228
290
-634
1500
1500
2948
2948
2948
1500
1500
1500
1065
1500
1500
1500
1500
1500
1500
1500
2948
1500
1500
1497
1500
1500
1252
10036
16436
16436
16436
16436
16436
16436
16436
16436
16436
16436
16436
16436
16436
609
16436
16436
16436
16436
-524
16436
16436
16436
516
16436
1512
16436
4432
1427
16436
16436
16436
12789
-584
1500
1016
-250
318
-185
382
-89
-196
660
