-444
1462
1462
1599
-454
1462
1462
1462
1462
-450
-457
1462
1711
475
575
-461
-480
1644
-473
1450
1450
-480
1462
1462
1462
1462
868
2872
-446
5692
1462
1462
2872
1462
1462
1450
1450
1450
1450
2872
1462
1462
1462
1462
1462
1462
1462
1462
1462
1462
1462
1462
1462
1462
1549
11332
-503
-654
-712
-717
1462
1462
1462
1462
1462
2872
1462
1462
1049
1450
1450
1450
1450
1450
-491
714
436
709
476
1450
560
-228
1450
1450
2848
1450
1450
2848
1450
1500
1500
1252
-575
609
1450
1450
1450
1450
1450
1450
2848
1450
1450
1450
1450
1103
-605
494
2464
-250
318
-185
345
-89
89
-196
