-420
1501
1500
1500
-501
1500
1500
1500
2948
1500
1500
-520
2948
1500
820
1500
2948
1500
1500
1500
1791
-480
1500
1500
1500
1500
1500
1500
-517
1500
1500
1500
1500
1500
526
399
1500
1500
2185
-517
-517
1500
1500
1500
2948
1500
1500
-517
1500
1500
1500
1500
2119
1500
-518
2948
1500
1500
2948
1500
1500
1500
1500
1500
1057
-517
-517
-547
-517
-517
1500
1500
1500
1500
-518
1500
1500
1500
1500
1500
2948
1500
1500
1500
1500
1500
1500
-517
1500
1500
2948
1500
1500
1500
1500
1500
1500
1500
1500
574
1500
1500
2034
-517
3754
1500
2057
1500
1500
-517
1500
1500
1500
1500
1500
1500
1500
2948
1500
1500
1500
1500
1500
-517
1500
1500
1500
1500
2040
1500
1500
2948
1500
1500
1500
1500
1509
-517
1500
1500
1246
1500
1500
1500
1500
-517
1500
1500
1500
1500
1500
1923
-517
1500
1500
1500
2948
1500
1500
1500
623
-518
-519
1500
1500
1500
93
-517
1500
1500
1500
2948
1500
1500
-517
1543
1500
1500
1500
2948
1500
1500
1500
-517
1500
1500
2252
1500
-517
1500
1500
1500
1500
2948
1500
-518
1500
1500
1500
1500
1500
1500
1500
1500
1500
1500
1500
1500
1500
1500
-517
1500
1500
1005
219
2948
1500
1500
1500
1500
1197
1500
1500
1500
1500
1500
-517
1500
1500
1500
1500
1500
2948
1500
1500
1500
1500
1500
1500
1500
1500
1500
1500
1500
1500
-517
1370
1500
1500
1500
1500
1225
2948
1500
1500
1161
1500
1500
1500
1500
2948
1500
1500
1500
-517
1500
1500
1517
1500
2948
1500
1500
1500
1500
1500
1500
-517
1500
1500
2948
1082
1500
2948
1500
1500
1500
1500
1500
1500
-517
1500
1500
3518
1500
1500
1500
1500
1500
1500
1500
1500
1500
-517
1666
2948
1500
1500
1500
1500
1500
-517
-518
-517
-543
-517
-518
-543
-517
1446
1500
1500
1500
1500
1500
1500
1500
1500
-543
1500
1500
2948
1500
1500
1500
1500
1500
1500
1500
1500
1500
1831
1500
1500
1500
1500
1500
1500
1500
1500
1500
1500
1500
1500
1500
1500
1500
1500
1500
1116
-545
2948
1500
2948
1500
1500
1500
1500
1500
1500
1500
1500
1500
1500
1500
1500
1500
1500
1500
1500
1500
663
11636
-548
1500
2948
1500
1500
1500
1500
1500
1500
1500
1500
1500
1500
1500
607
1500
1500
1500
2948
1500
1500
1500
1500
1500
1500
1500
1500
1500
1500
1500
1500
1500
1500
1500
1500
1487
1500
1500
1500
1500
1500
1500
1500
1500
1500
1500
1500
-517
1981
1500
2948
1500
1201
1500
1500
1500
1500
1500
1500
1500
1500
1500
1500
1500
250
1500
-517
1500
1500
1500
2948
1500
1500
1500
1500
1500
1500
1500
1500
1500
1500
1500
1500
15980
-517
1500
1500
1500
1487
1500
1500
1500
1500
1500
1500
1500
1500
1500
1500
1500
1500
-517
1500
1500
1500
1500
1500
1500
1500
1500
1500
1500
1500
1500
1218
2948
1500
1500
1500
1500
1288
1757
1500
1500
1500
-517
1500
1500
1500
1500
1500
1500
1500
621
1500
-543
1500
1500
1500
1500
1500
2948
2948
2948
-543
1500
2085
1039
2948
1500
-553
1500
2250
1500
112
-547
-517
1500
1500
-542
1500
-545
-543
-545
-552
1500
2948
1500
1500
1500
2948
1500
2291
2257
2841
2948
2632
1500
-517
1500
1317
1278
1500
1432
1500
2948
-517
1500
1500
1500
1500
1676
-543
1500
1500
1500
1500
1500
1500
1500
1500
-543
1500
1261
1500
2948
1500
1500
1500
1500
1500
1500
1500
1500
-543
1500
1384
1500
1500
1500
1500
1500
1500
1500
1500
983
1500
1500
-543
326
2948
1500
1500
1500
691
2948
1500
1500
1500
1500
1500
-228
1500
1500
1500
2948
1119
1500
2948
389
1500
1500
1500
1500
1500
1500
1500
1500
1500
1500
1500
1500
1500
1500
-543
-543
-549
-553
-550
-546
-548
-544
1782
1500
1500
1500
1500
1066
1372
1306
2041
-544
-521
1618
1328
1424
1500
1500
1500
2948
1500
1500
1500
1500
1500
820
1500
2113
1500
-584
1500
1500
1500
1016
1500
1500
2948
-547
1500
1500
2948
1500
1250
1720
1500
2948
1500
1500
1500
-250
111
1500
1500
-550
2948
1806
2948
1500
1071
-185
403
-89
-196
1500
1500
1500
1500
1500
1500
1500
1500
2948
1500
1500
1500
1500
1500
1500
6050
1229
1106
1500
1500
1500
1500
1500
1500
1500
1500
1500
1500
2234
1500
1500
1500
1500
1500
1500
1500
2948
1500
1249
1500
1500
1500
1500
1500
1500
1500
1500
1500
1500
1500
1805
1500
1500
1500
2948
2948
1500
1500
1421
