-444
1500
1500
1500
1500
2948
2948
2948
1500
1500
1500
1500
2948
1500
1500
1500
1500
1500
1500
1500
1500
1500
1500
2948
1500
2948
1183
-497
1500
1500
1500
1500
1500
1500
1500
1500
1500
1500
1500
1500
-528
2948
1500
1500
1500
1500
1500
2948
1500
1500
1500
1500
1500
1500
1500
1500
1432
16436
1044
-516
5844
2948
2948
1500
1500
1500
1500
1500
1500
1500
1500
1500
1500
1500
16436
3940
-528
16436
1180
4454
1500
1500
1500
1500
2948
1500
1500
1500
1500
1500
1500
1500
1500
1144
2948
1346
-528
1500
1203
-528
-505
1500
-528
1500
876
1500
1733
1500
1742
-528
1500
2116
-528
-533
-503
-507
-528
-528
-528
-528
1500
1500
2584
2948
1500
1500
1899
1500
1267
1500
2948
1075
2711
1500
2948
1500
1500
1500
1500
1500
1513
4396
2948
1500
-528
1500
1185
1787
-505
3036
1500
1903
-504
1500
1500
1627
-511
1500
1500
1500
1500
1160
-504
1500
1500
2500
-504
1500
1500
1252
-514
1500
1500
1927
-502
1500
1500
2759
-528
1500
1500
1179
-506
1500
1500
2431
-533
1500
1500
2521
-512
1500
1500
1518
-528
1500
1260
-528
-528
-528
-542
-528
-528
-503
-528
-528
-528
-528
-502
-499
-506
2296
-528
-502
1500
1137
1500
1500
1500
1500
-528
1450
1715
-528
-528
1500
1500
1514
2861
1500
1598
2949
-528
-502
-510
-499
1500
3210
-512
1500
1500
1889
1500
-519
3022
-499
1824
3392
1558
1664
-502
1500
1500
2948
1500
4396
1500
1500
1500
866
2948
1500
1500
862
1500
1544
-451
-507
758
1500
1500
1172
-528
-520
-228
1500
865
-518
2948
1500
1500
1892
2948
1500
2948
2948
1500
1500
861
1500
1500
1500
1500
1500
1500
1500
1500
1500
1500
1500
1500
2948
749
-512
2948
1898
-499
2948
2438
3219
4396
5844
2948
1500
5844
1500
2948
1500
1500
2464
2753
-531
2948
1500
2948
1500
1500
1500
2915
-528
1162
-596
1878
-528
2948
1744
1500
1500
2948
2948
2948
1500
1500
1500
1500
1675
-586
1500
1500
2948
1153
3521
-508
5844
5844
5844
4396
1500
1500
1500
1500
1789
-516
2248
150
4396
1500
1500
2948
2700
1500
835
-583
4396
2948
1500
2948
1500
1500
2948
1671
2948
5844
1500
1500
1500
1500
1500
1500
948
2192
1960
321
-586
1500
1500
2948
2948
1500
2948
1500
1500
5844
1500
1500
4396
1500
1500
1500
2948
1500
1500
1500
1500
1500
1500
1500
1629
1500
2365
-585
734
-598
1500
1584
-593
1500
1500
2948
2756
-591
1766
-604
1500
4396
4396
1500
790
-594
1468
-602
1500
308
1500
1500
2948
2948
1500
1500
1500
1500
1500
2948
2948
2948
1500
1500
907
-594
2948
1500
2948
1500
1335
-594
2948
1500
2948
8105
1500
2948
2948
1500
1500
1697
-592
201
1500
1500
1500
2948
1500
2948
646
-588
525
-596
2948
5844
1500
1500
4396
4919
-579
1500
2494
-597
1500
1500
1500
764
-603
1135
-592
1500
3234
-585
1500
1500
1500
2948
1500
1436
-591
1500
1500
2948
1500
2948
1500
1500
2948
1500
1500
1500
1658
-588
1500
2948
1500
1500
1500
1687
1500
1500
1500
1500
1500
2948
2948
1500
2948
1500
1500
840
4396
1500
1500
1651
3215
1500
1500
1500
1500
1500
1500
1500
1500
1500
1500
1675
983
609
-605
2464
-250
318
-185
-495
1500
1500
1341
-499
382
1500
2623
-501
1500
1500
2948
2948
1500
1257
-497
-492
1500
1500
1483
1500
1500
1500
1500
-502
-488
-89
860
-196
2948
1500
3385
2948
2633
