-452
171
-455
1512
1512
2972
-470
1512
1512
2972
2545
1512
1512
1512
1512
-455
1512
1512
1512
1512
1512
1512
1507
1512
1512
2972
1512
-525
2972
2972
1512
2972
1512
1512
1512
1512
1512
1512
1512
1512
1512
1512
7352
-495
1512
1512
1512
1512
1512
1512
1512
2972
1512
1512
1512
1512
1512
1512
1512
1512
1512
1512
1879
1512
1512
11732
-489
1512
1512
1512
2972
1512
1512
1512
1512
1512
1512
1512
1512
1512
1512
1512
1512
1512
1512
1512
2972
1512
1512
16436
1188
-495
-496
2972
1512
1512
1512
1512
1512
1512
1512
1325
2972
1512
1512
1512
1512
1512
1512
987
382
1512
1512
1512
1512
2972
1512
1512
1512
1512
1512
1512
1512
1512
1512
1512
1512
1512
1512
1512
1512
1512
1315
1708
-516
-527
-520
-516
1379
-519
-496
-519
1512
2972
1512
1512
1512
1499
482
-496
1512
1512
1512
1512
1512
1512
862
-494
1512
1512
1512
1512
1512
1512
1512
1512
1512
1512
1512
1512
1512
1512
1512
1512
1512
1512
1512
1512
1512
1512
1512
1512
1512
1512
2972
1512
1512
2972
1512
1512
2972
1512
2972
1512
2972
1512
2972
1512
1512
1512
1512
1512
2972
1512
1290
4432
1512
1512
1512
2972
969
1512
2972
1512
1512
-514
1512
1512
1512
1512
1512
1512
984
1512
1512
2972
1512
1946
1512
1512
1512
1512
1512
1512
820
1512
1512
1512
2972
2972
1512
1512
425
-228
1500
1500
1837
-605
1500
1016
-250
111
-185
403
-89
-196
