-420
1500
1500
2948
2948
1500
2948
1384
-433
1512
1512
1449
-444
1512
1512
2972
1512
1512
1512
1512
1512
1512
1512
1512
1512
1512
1512
1512
-448
1512
1512
1512
2972
1512
1512
1512
1512
1512
1512
1516
1532
-448
1526
-446
-443
-490
-458
-461
-460
1512
2281
630
2053
2343
1382
-474
1512
1512
2722
-474
1512
2443
300
-474
1512
1512
2972
345
-477
1835
-474
-474
-474
-457
-458
-460
-474
-418
-474
-474
1512
-489
1893
-474
-487
2457
1512
1523
2972
1901
-474
1512
1512
975
-474
2972
1632
-474
1512
1512
1517
2061
-474
2972
1512
1512
2972
1512
1512
1512
1512
863
2972
1512
1591
-474
1804
1512
913
-474
1512
1512
1655
-486
-476
2972
1512
1512
1512
1512
2972
1512
1512
1899
1512
1840
-474
1512
2058
-474
1512
2548
-474
1512
1512
-486
1952
-474
676
1512
2972
1512
1663
1610
-474
-474
1512
1968
-474
1512
1512
656
-474
1512
1512
1016
1512
2062
-474
2972
1253
-474
1512
2972
633
-474
1512
1512
1512
2018
-474
1512
1512
733
-476
1512
1512
778
-474
1512
1512
1512
1281
-474
1512
1512
2099
-476
1512
1512
701
-474
1512
1512
1512
1512
1501
-474
1512
1510
1512
1512
1512
777
2972
1506
1512
1512
1535
1512
1512
568
-490
1512
1512
1512
1512
1625
-492
1512
1512
1512
1512
2972
1512
1381
1512
1512
2205
-228
2948
1500
389
-584
2464
-250
111
-185
403
-89
-196
-419
1500
1500
1500
-462
-465
-460
1500
1500
2948
2948
-465
-463
1500
1500
2185
-464
1500
2948
1500
1500
1500
1500
1500
-475
2204
1500
750
-468
1500
-477
2360
1500
1500
2948
1500
1840
-472
1500
2027
2948
-473
-489
2948
1119
-471
-485
-489
-489
-487
1500
4801
537
1853
1285
1500
1244
1500
2948
1500
