-418
1500
1500
1537
1500
1500
1500
1500
1500
1500
-447
1500
1574
1500
1500
1500
1500
1500
1500
1500
1500
1500
1500
1500
1308
-456
1500
1389
2948
1500
1759
1500
1500
1500
1500
1500
1500
1500
1352
1500
1500
1500
10336
-463
1500
1500
1537
1500
1500
1500
1500
1500
1500
1500
1500
1500
1500
1500
1500
1500
1500
1500
1500
1004
9434
1613
2948
1500
1500
-465
1500
1500
1500
1500
1500
1500
1500
1500
1500
1500
1500
1500
1500
1500
1500
1500
1500
1500
1500
1758
6506
1500
1574
1500
1500
1500
1500
1500
1500
1500
1500
1500
1500
-471
1500
1500
1500
2948
1500
1500
1500
1500
1500
1500
1500
1500
1500
1500
1500
1500
1500
1500
1500
974
1500
1389
1500
1500
1500
1685
1500
1473
1500
1500
1537
-434
1282
-478
1416
334
-449
1500
1051
1563
-447
-448
1490
-228
1500
1817
1500
1500
1252
-449
609
1160
-449
323
-509
1500
1500
1537
-506
-510
965
1500
1829
1776
-520
-505
1193
307
-506
-584
1500
1016
-250
319
318
-185
345
-89
89
-196
