-442
1500
1500
1500
-469
6702
1500
2948
-496
-475
1500
1500
1500
7329
310
-451
-499
481
1500
1500
1500
-499
-506
1500
1500
1500
298
385
14532
-501
1500
1500
1500
-228
1500
1500
1500
1500
1500
1252
1500
1500
1537
609
11673
1500
1463
1500
2653
2948
4396
4396
11673
1500
1463
1500
1500
1500
-495
-496
1500
1500
1500
1205
2948
1500
1574
1500
1500
1500
1500
1500
1500
1500
1500
1500
1500
1500
1500
1500
1500
1500
1463
1500
1500
1500
1500
1537
1500
1500
1500
-495
1500
1500
1500
1500
1205
1500
1500
1500
1500
1500
1500
1500
1648
1500
1500
1500
1500
1500
1500
1500
1500
1324
1500
1500
1463
1500
1500
1500
939
1500
1500
1500
1463
1500
1500
2948
1500
-496
1500
1500
1500
1500
1500
1500
1500
1205
1500
1500
1500
1463
1500
1500
1500
1500
1500
1500
1463
1500
1320
-501
1500
1500
1500
965
1500
1500
1500
1500
1468
-501
-502
-499
-534
-506
-501
-499
-502
1500
1500
1500
2985
1500
1500
1500
1500
1500
1500
1500
1500
1500
1500
1500
1500
1205
1500
1500
1500
1500
1500
1500
1500
1500
1500
1629
1500
1500
1500
1500
1500
2911
-574
1500
1500
2948
1500
1500
1463
1500
1500
1966
1500
-605
-493
3021
1500
1016
-250
88
318
-185
1500
1500
1500
2903
1500
1500
2948
1500
1500
2440
-493
2948
1537
1500
1500
1500
1465
-494
1500
1500
2800
2948
-494
2948
1500
1500
1500
1500
382
-89
-196
1500
1500
845
3035
1500
1500
1500
1500
1500
1500
2948
1500
2948
1500
1500
1500
2948
1500
1500
846
-494
1500
1500
1500
1500
2948
1311
-494
3880
1500
2948
1500
1500
1500
1500
1500
1500
1500
2903
3022
1500
1581
2948
1500
2176
-493
2948
1500
1500
1500
1862
-494
7538
323
-493
1500
1500
1500
1500
883
-493
1500
1500
1500
1500
1500
2702
1500
1500
1500
1500
1500
1500
2416
-493
138
-493
1500
1500
1500
1500
1500
1500
1027
-494
464
-493
1500
2948
1500
1500
1500
1500
2049
-494
1500
1500
1500
196
-493
1500
1500
1500
1500
1500
2703
-493
4463
-494
1500
1500
99
-494
1500
1500
1500
1500
3298
-493
1500
1500
1500
1500
1500
1500
1500
1500
857
-494
1500
1500
1586
3600
-492
2948
1500
2948
1500
1500
1145
-494
396
-493
283
-504
1500
2948
1500
1500
2948
1010
-506
3451
-506
1500
2948
1445
-503
1500
1500
1500
1500
1500
1500
1500
706
-502
1500
1500
1500
1500
1122
-501
1456
1500
771
966
1081
1500
1500
1500
1500
1500
2948
848
1426
-446
1500
1500
