-421
1500
1500
1537
1500
2948
1599
-448
7292
4766
-475
-454
1500
1500
1500
310
-478
2948
1500
-485
2948
1500
-480
298
-478
1500
1500
1500
14532
11673
1500
1463
1500
1500
1500
-474
1500
1500
1500
1500
1500
1500
11673
1500
1463
333
-474
1500
1500
1463
1500
1500
1500
1500
1463
2948
11673
2911
1500
1500
1500
333
1500
-475
1500
1500
2911
1500
1500
1500
1500
1463
1500
1500
2948
1500
1500
1500
1463
1500
1500
333
1500
-475
1500
1500
1500
1500
1500
1283
1500
2948
1500
1468
2948
1463
1500
1500
7255
1500
333
-480
1500
1500
4359
1500
1500
1500
1500
1500
1463
1500
1500
333
-480
-481
-478
-513
-485
-480
5844
4359
1500
1500
246
-478
-228
1500
2948
389
4396
4396
2948
1463
1795
1500
1500
1500
1500
1500
1500
1500
1500
1500
2948
845
333
1500
2948
5844
1463
1500
1500
2948
5807
1500
1500
2913
-481
1500
2948
1500
2948
1500
1344
-473
1500
1500
1500
1500
1500
1500
1500
1500
1500
1500
2440
-473
1500
1500
1500
4396
2948
1463
1500
2090
1500
1500
1500
1500
2948
1500
1500
1500
1500
2948
2948
4396
2948
1500
1240
-472
1500
1500
1500
927
-472
7538
2948
1500
1198
-472
-584
1500
1500
1500
1500
2948
1298
-473
2464
1500
1254
218
-473
1500
-250
1500
1500
1500
2948
830
-472
111
118
-472
1500
1500
1500
4396
-185
403
-89
1500
1500
1500
2948
2948
1500
704
-472
1500
-472
-196
660
2948
1500
1500
1500
1500
1500
1500
273
-472
99
-472
1500
1500
1500
3435
-471
1500
2948
1335
-472
196
-483
1500
1500
1500
1445
-485
1500
1500
1500
1282
-485
4617
2948
1500
1500
1500
1500
2175
-482
1500
1297
-481
1456
-480
1500
1500
848
-430
1046
5050
1081
2948
1500
1335
481
139
1500
1591
