-421
1500
1500
1537
2948
1500
1457
-448
1500
1500
1537
-475
1500
1500
1500
1500
1833
-454
1500
1500
1537
310
261
-430
-513
-478
-481
1500
1500
1795
1500
1500
1500
1500
1500
1783
481
2948
1500
-478
1500
2293
1500
1500
1500
1500
1500
1500
1500
1500
2948
1500
1500
1500
1500
1500
1500
1500
1500
-485
1500
1500
1537
1500
1500
642
2948
1500
1500
1500
1500
1500
1500
1500
1500
1500
1500
618
2948
2411
1500
1500
1537
1500
1500
1500
1500
1500
1500
-480
1500
1500
1500
1500
1500
2680
2948
1500
1500
1500
1500
1500
1500
1500
1500
1500
1500
1500
616
1500
1500
2948
1500
1500
1500
1574
1500
1500
1500
1500
1500
1500
1500
2948
1500
1500
1500
1537
-474
1500
1574
1500
1500
1500
1500
1500
1500
1500
2948
1500
1500
1500
1500
1500
1500
1648
1500
1500
1500
1500
1500
1500
950
333
1500
1500
-475
1500
1500
1500
1500
1500
1500
1500
1648
1500
1500
1500
1500
1135
-474
333
1500
1574
2948
1500
1500
1500
1500
1500
1500
1500
1500
333
-475
1500
1500
2948
1500
1648
1500
1500
1500
1500
1500
1500
1500
1500
1324
333
-480
333
-480
-478
-485
-480
-478
-481
-473
-228
1500
1500
1252
333
609
1500
1500
1500
1500
2948
1500
1500
1500
1500
1428
2948
1500
1500
1500
1500
1500
1500
1500
1476
-584
-473
-472
1500
1500
2948
1500
1500
2948
1500
1629
-472
1500
1500
1966
1500
1500
1500
1500
1500
1500
1500
1500
1500
1500
2948
1500
2403
-472
1500
1500
1500
1566
-473
1500
1016
-250
318
-185
1500
1500
2948
1500
2688
1500
2948
-473
1198
-472
1500
1500
2948
2948
1298
-472
1500
1500
1500
1500
1500
1500
382
1500
-89
4396
2278
-472
1500
1500
4396
1721
-472
-196
1500
1500
1500
1500
1500
1335
-472
1500
1500
2152
-472
1500
2948
1500
1987
-471
1500
2432
1597
-472
1500
1500
1644
-483
1500
1500
1500
1282
-485
1500
1500
1500
1500
1500
1808
-485
1500
1500
1500
1046
-482
1500
1500
1500
1500
1500
1500
1297
-481
1500
1500
2175
-480
1445
2948
1500
2948
706
1500
1500
1500
848
1456
1081
1500
1500
1500
2948
1426
-425
1500
1500
1500
1500
1500
1500
1500
1500
1500
-450
1500
2035
2948
1500
1500
1500
1339
2948
-451
-461
5844
1401
997
-455
866
1132
-460
623
-455
876
-455
1120
-455
953
-466
1500
578
-466
-466
896
-463
-461
-460
-455
-465
-459
-461
-462
-460
-461
1457
806
577
597
-459
686
1500
1500
1500
1500
911
698
804
768
927
1500
2948
1500
2948
1500
1500
1500
1500
1500
1500
1500
1500
2948
1500
1500
3343
761
