-225
1500
1500
1252
1821
-601
1500
591
-174
290
-453
1500
1500
1500
1500
1500
1500
2948
1500
1500
1500
1500
729
-228
-228
1500
2700
1821
1500
1500
1252
-174
1821
306
-564
1500
1500
1500
1500
1500
1500
1500
1500
1500
1500
1500
1500
1500
1500
1500
1500
1500
1500
1665
-218
1512
2003
-174
306
-594
405
1183
777
-366
-599
-452
-219
-219
-219
-219
-219
-219
-220
-224
-218
-218
290
-514
-426
-426
-426
-228
1512
2003
1512
2003
1512
2003
1512
2003
1512
2003
516
-366
2972
1231
1500
2948
1500
-508
290
-366
515
-526
857
-526
687
-366
515
881
290
516
290
1108
1500
-594
2700
2948
1500
840
-594
840
-366
-534
-514
-526
-534
2948
1252
1500
1500
1252
1500
-366
2700
1500
1500
1252
1500
2700
516
2282
516
516
-366
1512
1512
1512
1512
1427
185
1098
857
516
389
2972
1512
1512
1427
1500
2700
-525
322
-609
290
-511
-505
1500
1500
1581
-534
1038
290
515
2972
1512
791
516
1829
515
979
1500
1242
1821
1821
1821
1821
1821
1821
1213
-584
1500
1016
-250
-626
-529
-174
-174
111
515
1512
-174
2972
1512
1768
-185
-526
-174
-174
403
-174
-89
515
1049
-539
-196
-506
516
1512
1512
1517
516
1512
1512
1512
1354
1500
1500
1307
290
290
290
-584
290
290
290
2464
-174
290
-475
-605
-225
-471
-645
-549
-487
1512
1512
1228
1512
-529
746
-594
840
-366
1500
1139
-557
290
2948
2021
-563
1500
1500
1500
1500
1500
1500
1500
1500
979
-569
1512
1512
1512
1512
1512
1512
1512
1512
1512
1512
1500
1500
1500
1500
1500
1500
1500
872
-553
1500
1500
1500
1500
1500
1500
1500
1500
1500
1500
1512
1512
1512
1512
1512
1512
1512
1512
1512
1500
1500
1500
1512
1512
1512
1500
1500
1500
1500
1500
1512
1512
1512
1500
1500
1500
1500
913
-581
1512
1512
1512
1512
1512
1512
2972
1512
1512
1512
1512
1512
1512
1591
2948
1500
1500
1500
541
-538
1500
1500
1500
1500
1500
1500
1500
1500
978
2948
1500
1500
1500
1500
1500
1500
1500
1500
1500
1500
1500
1500
1500
1500
1500
1500
1500
1500
1500
1500
1500
1500
1500
1042
4396
2948
1500
1500
1500
1500
1500
1500
1500
1500
4396
2948
1500
1500
1500
1500
1500
1500
1500
1500
1500
1500
1500
1895
1500
1500
1500
2948
1500
1500
1500
1500
1500
1500
1500
1500
1500
1500
2948
1500
1500
2948
1500
1500
1500
2948
2948
1500
1500
1500
1500
1500
1500
1500
1500
1500
1500
1500
2948
1500
1500
1500
2948
1500
1500
1500
2948
1500
1500
1500
1500
1500
1500
1500
1268
1500
2948
1500
1500
1500
1500
1500
1500
1500
1500
1500
1500
1500
1500
1500
1500
1500
1500
1500
1500
1500
1500
1500
1500
1500
1500
1500
1500
1500
1500
1500
1500
1500
1500
1500
1500
1500
1500
1500
1500
1500
1500
1500
1500
1500
1500
1500
1500
1500
1584
1500
1500
1500
1500
1500
1500
1500
1500
1500
1500
1500
1500
1500
1500
2948
1500
1500
1500
1500
1500
1500
1500
1500
1500
1500
1500
1500
1500
1500
1500
1500
1500
1500
1500
1500
1500
1500
1500
1500
1500
1500
1500
1500
1500
2948
2948
1500
1500
2948
1500
1500
1500
1500
1500
1500
1500
1500
1500
1500
1500
1500
1500
7292
8740
1500
2948
1500
1500
1500
1500
1500
1500
1500
1500
1500
1500
1500
1500
1500
1500
2948
1500
1500
1500
1500
1500
1500
1500
1500
1500
1500
1500
1049
-487
1500
1500
1703
