-424
1512
1512
1512
1512
1512
942
1512
1512
1512
1512
622
1512
1512
1512
1512
1512
-228
1500
1500
1252
1512
2972
1512
1512
1512
1512
1512
1888
609
-444
-450
1183
-467
1512
1512
1512
-465
1512
1512
1512
1512
1512
1512
1450
1512
1422
1512
1512
1512
1512
1512
1512
1512
1512
1512
-465
1512
1512
1512
1512
1512
1512
1512
1512
1512
1512
1512
1512
1512
1512
1512
1512
612
14652
-459
-460
1512
1512
1512
1512
1512
1512
1512
1512
1512
1512
1512
1512
1512
1512
1512
1512
1512
1512
1512
1512
1512
1512
1512
1512
1371
16436
4108
11732
-472
1512
1512
1512
1512
1512
1512
1512
1512
1512
1512
1512
1512
1512
952
2972
1512
1512
1512
1512
2972
1512
1512
1512
1512
16436
16436
112
1512
1512
1512
1512
1512
1512
1512
1512
1512
1512
1267
1512
-472
373
1512
1512
1512
1512
1512
1512
1512
1512
1512
1512
1512
1512
1512
1512
1268
1512
2972
1512
749
1512
1512
1512
1512
1512
1512
1512
1512
1512
1512
1512
1512
1512
1512
1512
1512
1512
1512
1512
1512
1512
1512
1512
1512
1512
1512
1512
1512
1512
4540
-472
-472
1512
1512
1267
1512
-472
1512
1512
2972
1512
2972
1512
1512
1512
1512
1512
1512
1512
1512
1512
-472
1512
1512
1512
1512
1512
1512
1512
1512
1512
1512
1512
1512
1512
1512
1512
2086
1512
2972
1512
1512
1512
1512
1512
1512
1512
1512
1512
1512
2728
1512
-462
1512
1512
1512
1512
1512
1512
1512
1512
2972
1512
1512
1512
1512
2286
1512
1512
1512
1512
1512
1512
1512
1512
1512
1512
1512
1512
1512
1512
2729
-479
1512
1512
1512
1512
1512
1512
1512
1512
1512
1512
1512
1512
1512
1512
1512
1512
1546
1512
2972
1381
-479
1512
1512
2727
1512
1512
1512
1512
1512
1512
1512
1512
2972
1512
1512
1512
1512
1512
1512
1512
1512
1512
1512
1512
1512
8812
1512
1512
1512
1512
1512
4729
-250
1512
2727
1512
318
2972
1512
1512
1512
1512
1512
1512
1512
1512
1512
1512
1512
2972
1512
1512
1512
1512
1512
1512
1512
1512
1512
1512
1512
1512
1512
1512
1512
10272
-479
-479
-185
1617
345
89
1512
1512
1512
1266
1512
1512
1267
1512
-479
-461
-497
-499
-498
-495
-498
-472
-472
-472
-472
-479
-472
-479
-479
-89
-196
1512
830
-495
1512
1512
1512
1512
1512
1512
952
1512
1512
1512
1512
1567
1512
1512
-495
1512
1512
1512
1512
1512
1512
1512
1512
1512
2972
1512
1512
1512
1512
1512
1512
1512
1512
1512
1512
1512
1512
1512
1512
1267
1512
2728
2972
1981
-472
1512
1512
1512
1512
2444
1512
1512
1512
2688
2728
1512
1512
2688
1512
1512
2688
2972
1512
1766
-472
1512
2688
1512
2972
1512
3902
2786
-457
1512
1512
4187
1512
2857
-479
1512
1512
1268
2972
1268
1512
1512
2688
2688
1512
1512
1418
-472
611
-472
1512
4188
2688
1512
2688
1512
2688
1512
4148
2688
1512
1512
1718
-497
1512
1512
1512
1512
1512
1512
1512
1512
1512
1512
1512
1512
1512
639
-501
1512
1512
1512
664
-497
1512
1512
1512
1512
1512
1200
1512
1512
1512
1512
1512
1512
1512
1512
1512
1512
1512
1512
1512
1512
1512
1512
1512
1512
1512
1512
1512
1512
1512
1512
1512
1512
1512
1512
1017
1512
1435
3428
1512
1512
1512
1512
1512
1512
1512
1512
1512
1512
1512
1512
1512
1512
1512
1512
1512
1512
1512
1512
1512
1512
1512
1512
1512
1512
1512
1512
1512
1512
1512
1512
1512
1512
1512
1512
1512
1512
1512
1512
1512
1512
1512
1512
1471
1512
1512
1512
1512
1269
1512
1512
1516
1512
1512
1512
1512
2442
1512
1512
1228
1512
2972
2657
4535
1512
1512
12923
1512
1512
1512
1512
1512
2062
1095
1512
1512
1512
1512
1269
1512
2221
8934
-465
1512
1512
1512
1512
2972
886
1512
1512
1512
1512
1512
1512
1512
1658
1512
1029
-465
1512
1512
1512
1512
-464
1512
1669
1512
2469
1512
1512
16436
8853
1512
1512
1512
1512
-465
1512
1512
1512
1512
1512
1512
1512
1512
1512
1512
1512
3904
1447
-464
1512
1512
1268
1512
-463
-456
-479
-479
-495
-495
-495
1512
2972
1512
1951
1512
1512
1512
1512
952
1512
1512
1512
1441
2972
1512
1512
1512
1512
1297
1512
1512
2148
1512
1268
1512
1512
1570
1512
1512
2383
1512
1512
1247
1585
1512
1512
1512
1512
2438
1512
1512
1512
1512
2688
1512
1512
1228
1512
2452
1512
1512
1512
1512
1512
1512
1512
2404
1228
1512
1228
1512
1512
1512
1512
2404
1512
2706
1512
1943
1512
1512
1512
1512
2444
1512
1512
2688
1512
2688
2688
1512
2972
2688
2972
1512
1512
1512
1512
1512
1615
1512
1512
1512
1512
931
-522
-465
-479
-479
-479
-504
1512
1512
2972
1512
1512
1512
1512
1512
1512
1512
1512
1177
-472
1512
2972
1512
1512
2728
1512
1512
2972
2972
2972
1512
5822
8277
-479
1512
1512
1512
2972
1512
1512
1512
1512
1512
1512
2972
2972
1512
1512
1512
2972
2972
2972
2972
2972
2972
2972
2972
2972
1512
1512
1074
1512
1512
2972
1512
1512
1512
1512
2727
1512
1621
-455
1512
1512
1512
1512
1512
1512
1426
-457
2972
1512
1512
2421
1512
1512
2220
1512
1512
1512
2972
1512
984
2972
1512
1512
2404
1512
1512
1228
1512
1512
2688
761
1512
1512
1512
1512
1512
1512
1512
1512
1512
1512
1512
1512
1512
1512
2729
1512
4432
1512
2404
1512
2972
2404
1512
1512
1228
1512
2972
1512
1123
1512
1512
1512
1512
1512
1512
2972
2972
1512
1512
1512
2972
2972
2747
-490
4432
2972
1293
-457
1512
1512
1512
1268
1512
1512
1512
2404
2972
1512
2688
1512
1512
1512
1512
2404
1512
2728
1512
2688
1512
1512
1512
1512
1512
1512
1512
1512
1512
2104
-479
1512
1512
1512
1512
1512
1512
1512
1512
1512
1512
1512
1512
1512
1512
1512
1512
1512
1512
1512
1512
1512
1512
1512
1512
1512
1512
1512
2113
-479
1512
1512
1512
1512
1512
1512
1512
1512
1512
1512
1512
1512
695
1512
1269
1512
1512
1512
2467
1512
1268
1512
1512
1512
1904
1512
2972
2559
1512
1512
1512
2413
-457
1512
1512
1512
1512
2440
1512
1512
1512
1512
1512
1512
2972
1512
1512
1512
1512
1512
3669
-456
2297
-457
1512
1512
1512
1512
1512
1512
1512
1512
1512
3732
1571
-456
1512
1512
1512
1512
2442
1512
2688
1512
1512
2972
3864
1363
-479
1512
1512
1512
1512
2972
1512
1512
1512
1512
1512
1512
1512
1512
1512
1512
2914
1512
7139
1512
1512
2726
4148
4148
1512
4148
2688
4148
2972
1512
1512
1512
3903
1512
2972
1228
2688
1512
4148
2972
1512
1512
1512
1512
1267
1512
2688
1512
2688
1512
1512
1228
1512
2688
1512
2688
1512
1512
1512
1512
1277
2972
1228
2972
1228
1512
1512
2688
2688
2972
1512
2688
1512
1512
2727
1512
4432
2404
2972
3952
-479
1512
1512
1512
2972
1512
2972
1512
1512
1512
1512
2972
1512
1512
2972
2972
4432
2972
1661
-479
1512
1512
2972
2972
4432
5892
7352
5892
2972
1934
-479
1512
1512
2972
1512
2972
1512
1512
1512
1512
1512
1512
1512
1512
1512
1512
2972
2972
2972
1512
2972
1512
1512
1512
1512
1512
688
-457
1512
1512
2972
1512
1512
1512
1512
1512
1512
1512
1512
1512
1512
1512
1512
1512
1512
1512
1512
1512
1512
1512
1512
1512
1512
1512
1512
1512
1893
-457
4432
2972
1419
-456
1512
1512
2468
-457
1268
1416
-456
2972
1512
1512
2399
-457
1512
1512
2728
2972
1512
2404
1138
-479
1512
1512
1512
1512
1698
-479
1512
1512
1512
2284
-457
1512
1512
1512
1512
1512
1512
2443
2688
1512
2688
1512
2689
-456
1512
2727
2972
2688
1512
2688
1512
1512
1512
1228
1952
-455
1512
1512
2972
1512
1512
1512
2972
700
2972
1676
-455
1512
2972
1512
1512
2444
1512
2688
1512
1512
1512
2404
1512
1512
1228
1512
1512
1512
2728
1512
1512
2972
2404
1512
1512
1512
1512
1512
1512
1471
1512
-456
1512
1512
1512
1512
2972
2972
1512
1512
1512
1512
1255
1512
1512
1512
1268
2972
1512
1512
1512
944
1512
1228
1512
2688
1512
1512
2732
-457
1512
2728
4148
4148
3445
-457
1512
2728
2972
2688
1512
2688
2688
1512
2688
1512
1512
1512
1512
1228
1512
2972
1512
1512
2972
1512
2972
1512
3430
-479
1512
1512
2972
2972
1512
2972
1512
1512
1512
1077
-479
1512
2729
1512
2972
2679
-479
313
1512
1512
1012
1512
1512
1512
1512
2444
923
-479
1512
1512
1512
1512
2444
1512
2111
-479
1512
1512
1512
1512
1512
1742
-479
1512
1512
1512
1512
2443
1512
2972
1228
1512
2688
1512
1228
2972
1512
2688
1512
1512
4187
2972
1512
2972
1512
1512
1512
1512
1512
2972
1512
1512
1512
2972
1512
2972
2972
1512
1512
2728
1512
2688
2972
1512
1512
2404
1512
1512
2972
2972
2972
1512
2972
1512
2445
1916
-479
1512
1512
1053
2110
-479
1512
1512
2316
-479
1512
1512
2972
2972
1512
1512
1512
2972
1512
1512
1512
1512
1512
2972
1512
1512
2972
1512
4432
1377
-479
7352
4432
1512
3719
-479
1512
1512
2972
1238
-479
1512
2728
1512
1512
2688
2688
1512
1497
-479
1512
1717
-479
2006
-479
1512
1512
2725
1512
2688
2688
2304
-479
1512
1512
1512
1512
1512
2442
1512
1512
2241
-479
1512
2972
1512
1512
2453
1512
1512
1512
1512
1512
1512
1512
1512
1512
1512
1512
1512
1512
1512
1512
2729
1512
1512
1512
2404
1512
1512
1512
1512
1512
1409
-479
1512
1512
1267
1512
2688
1512
2688
1512
2688
1979
-479
1512
1512
2727
2972
1512
3864
2688
2584
-479
1512
1512
1512
1512
1268
2972
1512
3864
1512
1512
1512
1512
1512
2106
-479
1512
2727
1512
2688
1512
2688
1512
2972
1512
1512
1512
2972
1512
1512
1512
1512
1512
1512
2972
2972
2972
1512
1512
2972
2972
1512
1942
-479
1512
1512
1512
1512
1512
1512
1512
2972
1228
1512
1512
2404
1512
2688
1512
1512
2972
1512
1512
1512
1267
2688
2688
2728
1512
2688
1512
1512
2688
2972
1228
2972
1512
3864
1512
1512
1512
2972
2972
2972
2972
1512
1512
2728
1512
1512
1512
1512
1512
944
2972
1228
2972
1512
1603
-479
1512
1512
1512
1512
1512
1512
1512
1936
-479
1512
1512
2728
2688
1512
1512
1228
2972
1228
2972
1512
1512
1512
1512
1512
1512
1999
-479
1512
1512
2972
1512
2972
2972
1512
1512
1512
1512
1512
1808
-479
1512
1512
1512
2972
1512
1512
2386
-479
1512
1512
1512
1512
2443
1512
1512
1512
1228
1512
2688
1512
2688
1512
1512
2688
1512
1512
2972
2442
1512
1512
2688
1512
1512
1512
2404
1512
2688
1512
1512
2350
-479
1512
2728
1512
1512
2972
2404
3670
-479
1512
1512
1512
3904
2494
-479
1512
1512
1512
1512
1512
1512
2230
1512
1512
1512
1512
1512
1512
1512
1512
1512
1512
1512
1512
1512
1512
1512
1512
1512
1512
1512
1512
1512
1512
1512
1512
1407
1512
1512
2972
2972
1512
1512
1512
1512
1512
1512
1512
1512
1512
1512
1512
1512
1512
1512
1512
1512
1512
1512
1512
1512
1512
1512
1512
1721
1512
1512
2728
1512
4148
2489
1512
2728
1512
4148
2688
4148
1512
2688
1512
1512
1512
2380
1512
1512
1384
-405
1512
2972
1512
1512
602
