1512
1512
-441
1512
1512
1512
1512
1558
-719
-719
627
-722
628
-719
401
-719
621
-719
627
-742
623
1500
1500
1537
-746
1904
-739
1500
1500
626
-739
1819
-737
1500
1032
-734
-719
-719
-719
-719
-719
-719
1500
1500
1537
1500
2948
2365
623
629
618
627
729
2481
1500
1500
1679
621
2178
627
2149
-456
-719
-719
-719
-719
-719
-719
-228
-788
-784
-785
-786
-791
-790
1500
1500
1500
389
630
624
622
-719
1849
-715
-725
-722
628
-715
452
-790
646
-780
621
-682
693
-796
472
-785
1247
-774
1090
-791
575
-605
-555
1500
1016
632
455
444
2972
1190
909
519
967
-787
-788
724
-789
1415
2149
515
-788
-250
485
111
-185
403
-89
716
471
674
1500
2948
1500
-196
5844
2431
436
138
