-443
1647
1412
1412
1412
1412
1412
1177
3007
1412
1412
2772
1412
1412
1412
1412
1412
1412
1412
1412
1412
1412
1177
1412
1412
1412
1412
1647
1412
1412
1412
1412
1412
1412
1412
1412
1412
2772
1412
1412
1412
1412
1412
1412
1412
1216
-490
1500
1500
1500
1500
1500
1500
1500
1500
1500
1500
1500
1500
-492
2948
2948
1500
1500
1500
1500
2948
1500
1500
1500
1500
1489
1500
1500
1500
1500
-492
1500
1500
2948
2453
2948
1500
1500
-488
1500
1500
1500
2948
1500
1500
1200
374
-500
1095
-499
-507
-504
-503
-520
-505
1500
977
-493
575
-499
2393
-517
1500
1500
2133
-510
1153
-528
1500
1500
1476
-537
1500
808
-528
1500
1500
1233
1500
1500
1792
1500
4396
1500
1500
1500
1500
1500
1500
1500
1500
1500
1500
1500
1500
1411
-478
1500
1500
2948
1500
1500
1762
1500
1500
1500
1500
1500
1500
1500
849
2514
-481
2948
1500
1500
1500
1500
1500
1500
1500
1500
1500
1500
1500
1500
1500
1500
1500
1500
1500
1500
1500
5844
1500
1500
-485
1500
2948
1500
1500
1173
1500
1500
2948
1500
1500
1500
1500
1500
1500
1500
1500
-478
2948
2948
2948
2948
1500
1500
1500
1926
1500
1500
1500
1500
2948
1500
1500
1500
1500
1500
1500
1500
1500
1500
1500
-482
1500
1500
2948
1500
1500
1500
1500
1500
1500
1500
1500
1500
1500
1500
1500
1500
1500
1500
1500
1500
1500
1500
1500
1500
1500
1500
1500
1500
1500
1500
1500
1500
1500
8740
-481
1500
1500
2948
1500
2948
2948
1500
1500
1500
1500
1500
1500
1500
1500
1500
1500
1164
2948
1500
1500
1500
1500
1500
1500
1500
1500
1500
1500
1500
1500
1500
1500
16436
1044
14532
-497
1500
1500
2948
1500
1500
1676
1500
1500
1500
1500
1500
1500
529
1500
1500
1500
1500
1500
1500
1500
1500
1500
1500
1500
1500
-498
1500
1500
1848
1500
1500
1500
1500
2948
1500
907
1500
1675
-498
1500
1500
1486
-497
1500
1500
2948
1380
-498
-509
-505
-478
-505
-484
-505
-488
-505
-485
-498
-485
-498
-498
-498
1500
724
1500
1015
1500
460
2948
462
3166
1500
1500
1500
1500
1500
1500
1500
1500
1500
1500
1500
798
1090
1500
2948
1500
2948
1500
1500
1500
1500
1500
797
2948
1500
2948
1500
1264
2927
1572
1057
968
3061
-497
-475
1500
-475
-482
-475
-491
-475
-478
-475
-475
-501
1513
2503
-484
2948
-498
-498
-498
1474
5385
-498
-497
1500
952
1500
1091
1453
756
1500
1035
1566
1759
1500
791
1500
2948
1500
2948
2948
1500
1500
1500
798
2948
2948
1500
1500
1500
1500
1500
1500
1500
796
1500
2948
1500
2948
1500
1500
-488
-476
-493
-478
-503
-477
-498
1500
3730
-497
2609
-498
4396
3206
-495
-498
8740
7791
4396
3681
-497
1500
2378
-497
3030
8739
-476
288
-476
1500
1500
2948
4396
2948
1500
1500
1500
1500
1500
2948
2948
2948
2948
1500
1500
2948
1500
2149
2293
2387
2948
2948
1500
1500
2948
2948
2948
1913
-478
1500
1500
1500
1500
2948
1500
1500
1500
826
4396
5141
2948
3615
962
1500
1500
1317
1500
1500
1500
1500
2948
1500
1500
2050
4396
1500
1500
1500
2948
1500
1500
1500
1500
2948
1500
1500
1500
1500
446
2948
1500
1500
1500
1500
1500
1500
2948
1500
2948
1312
1500
1500
1500
2948
2948
1500
1500
1500
1500
1500
1500
1500
1500
1500
6196
-579
-494
-457
1500
1517
1500
1500
1801
1824
1500
1500
1500
1500
1500
1500
1500
921
1500
1500
1567
-485
1500
1500
704
1500
1394
2948
1500
1500
-528
1500
1500
1500
1500
797
1500
1929
731
353
-557
-556
1500
2948
2948
1500
2948
1500
1500
1500
1500
1500
1500
1500
1500
651
5844
2948
1500
1500
-560
1500
1500
1500
1985
1500
1500
1500
1500
1500
1500
807
-565
1500
-555
1500
1500
692
798
1500
-553
770
1500
-557
924
2204
-561
-563
1695
-549
-564
-564
804
3017
2930
1396
-557
-557
775
-549
-555
917
1500
948
-554
788
-565
1304
-557
591
-558
1044
-557
1500
2948
2948
2948
1500
1500
1500
1500
865
1500
2948
1500
1500
1500
-558
1500
1500
1500
1500
1500
1500
1500
1500
2948
1589
456
457
-645
1212
-609
685
-651
825
-787
-228
1428
-579
424
1500
2700
-835
1174
-805
-704
684
-730
609
732
424
-605
-908
1500
708
1016
-754
-250
424
318
-185
382
-89
-196
