-439
2948
1500
1606
-471
362
1500
-468
1500
1500
1500
1500
359
1500
-458
-510
1500
2948
1500
1500
1500
1500
1500
2051
363
1202
1810
1500
2948
-504
1500
1500
1500
4396
2948
4396
2948
1500
1500
1500
1500
1277
1500
1500
1500
1500
1500
1500
362
10188
-505
4396
1500
1500
1500
1500
1500
1500
1500
1500
1500
1500
1500
1500
1500
1500
1500
1500
1500
1500
1583
1500
1500
2948
361
1500
-542
-541
-540
-543
-533
1500
841
-540
361
1500
1500
361
1500
2948
1500
1466
361
1500
-534
360
1500
1500
1500
894
-542
360
1558
-551
362
2948
1500
1500
1500
998
-535
1500
1500
1500
1500
361
1168
-535
1500
1500
1500
1753
-544
362
1500
2948
2948
1500
1500
1500
1500
1500
2948
1500
1500
1500
1500
1500
808
-545
362
1500
1500
2948
1500
1500
1500
1500
1500
1500
358
276
363
1500
-540
1500
2948
1500
362
2948
2948
1176
-543
359
538
1500
2948
1500
1500
1500
1500
2948
2948
3290
1500
1500
2948
1500
1500
1500
1500
2948
1500
359
513
360
1405
1500
1500
2186
-228
1500
1500
1500
1583
-491
1500
1500
1500
389
1500
1500
1063
-605
1500
1016
-250
111
-185
366
-89
89
-196
