-442
2948
1500
1500
1500
1500
-457
1500
1500
1500
1500
1500
1500
-475
1500
1500
1500
1500
1500
1500
1500
1500
1500
1500
726
-460
1799
1500
1500
1500
1500
410
-423
-531
-496
-494
1500
1500
2948
1589
1500
1718
1500
1500
1500
1500
1500
1500
1500
-464
1500
1500
1500
1500
1500
1500
1500
1500
1325
1500
1500
2948
1500
1500
-483
822
2948
1500
1500
1500
1500
1500
938
807
-484
1051
1055
-482
1050
-459
-228
1500
1500
1500
389
-497
-488
1500
2305
1500
2948
1500
-520
1500
1298
1500
1500
1500
-490
1081
1500
1500
1603
-487
1500
1500
1586
654
-497
-497
-517
-476
-472
-501
-533
2948
1698
1500
1500
1500
1500
1338
1729
2463
1500
1500
1500
1500
2948
1500
1123
276
1500
1972
1500
1500
1500
1500
1468
-616
1500
1500
1500
1500
1500
2948
2028
-613
1102
2948
2418
846
-613
-605
-513
-511
-501
-487
-503
-509
-501
1620
2633
2464
-250
111
-185
403
-89
1456
-196
-497
1500
1500
1500
1500
1500
1500
1500
1500
1500
1500
1500
1500
1500
1500
1500
1500
4396
2948
2948
2948
1500
1500
1500
2948
1500
2948
1500
1490
1500
1500
1144
-502
1500
1500
1500
1500
1500
1500
1500
1500
868
1500
1500
1500
577
2613
1500
1500
1500
1500
1500
1500
1500
1500
1912
1500
1500
1500
1500
1500
1261
1500
1500
1500
2948
1500
1500
1500
1500
1500
1500
1500
1411
-521
1500
1500
1500
-537
-548
2948
1500
1500
1500
1500
1277
1500
2948
1500
1500
1500
1500
1500
2948
1500
1500
1500
-571
1500
2948
1500
1500
1500
1500
1500
1500
1500
2948
1500
1500
1500
2948
1500
1500
1500
2948
1510
1500
1824
-538
1500
1500
1500
1140
-574
530
340
