-462
1512
1512
1512
2972
942
1512
2972
1512
1512
1512
1512
890
-514
-512
348
1512
1512
-528
346
1512
1512
1512
519
1512
-540
1512
1512
1512
1512
1512
347
1512
1512
1512
-537
1110
1512
647
325
1512
742
325
1512
-456
1050
328
1202
-535
-547
-537
-548
-547
-542
324
328
325
1512
325
1512
1512
894
326
324
-531
1512
1512
1512
1512
1512
1512
1512
1237
-545
1498
-531
1512
1512
1512
1512
1512
1512
1512
1512
325
1512
1512
1512
1512
1512
1512
1512
1512
326
1512
1512
1512
1512
1512
1512
1512
1512
325
1512
1512
1512
1512
1512
1512
1512
884
1512
2972
1512
1512
1512
1512
1512
1512
1512
1512
1512
1512
1512
1512
1512
1512
1512
1512
1512
1512
1512
1512
1512
1512
1512
1512
1512
1512
1512
1512
1512
444
812
1512
1512
1512
2972
1512
1805
1512
1512
1512
1512
1512
1512
1512
1512
1512
1512
1409
1512
2972
1512
1512
1512
1512
1512
1512
1512
1512
1512
1512
1512
1512
1512
1512
1512
1512
1512
1512
1512
1512
1512
1512
1512
1512
1512
1512
1512
1512
1512
1512
1512
1512
1512
1512
1512
1512
1512
2972
1512
1512
1512
1512
1512
2972
1512
1512
1512
1512
1512
1512
1512
1512
1512
1512
1512
1512
1512
1512
1512
1512
1512
2972
1512
1512
1512
1512
1512
1512
1512
1512
1512
1512
1512
1512
1512
1512
1512
1512
1512
1512
1512
1512
1512
1512
1512
1512
1512
1512
1512
1512
2972
1512
5892
5892
1512
1512
1512
1512
1512
1512
1512
1512
1512
13192
-228
1512
1512
1512
1512
1512
1512
1512
1512
1512
1512
1512
1512
1512
1512
1512
1512
1512
1512
1512
1512
1512
1512
1512
1512
1512
1512
1512
1512
1512
1512
1512
1500
1500
1500
1512
1512
1512
1512
1512
1512
1512
1512
1512
1512
1512
1512
1512
1512
1512
1512
1512
1512
1512
1512
1512
1512
1512
1512
1512
1512
582
389
-584
1500
1016
-250
111
-185
366
-89
89
-196
