-462
1512
1512
1512
1512
1512
1512
1512
1512
1512
1512
1834
1512
1458
-514
-456
348
1512
1512
1512
1512
1512
-512
1512
1512
2972
1512
1512
1512
328
1512
1512
346
2107
-528
1202
519
347
1110
-540
325
1512
742
-537
-535
-547
-537
-548
-547
324
325
325
328
1512
325
1512
326
1512
1512
1512
1512
894
1050
-542
-531
1512
1512
1237
-545
1498
-531
1512
1512
1512
1512
1512
1512
1512
324
325
1512
1512
1512
2972
1512
1512
1512
1512
1512
326
1512
1512
325
1512
1512
1512
1512
1512
884
1512
1512
1512
1512
1512
1512
2972
1512
1512
1512
1512
1512
1512
1512
1512
1512
1512
1512
1512
1512
1512
2972
1512
5892
1512
2972
1512
1512
1512
1512
4432
1512
1512
1512
1512
1512
1512
1512
1512
1512
1512
1512
1512
1512
1512
1512
1512
1512
1512
1512
1512
1512
1512
1512
1805
1512
1512
1512
1512
812
2972
1512
1512
1409
1512
1512
2972
1512
1512
1512
1512
1512
1512
1512
1512
1512
1512
1512
1512
1512
444
2972
1512
1512
1512
1512
1512
1512
1512
1512
1512
1512
1512
1512
1512
1512
1512
1512
1512
1512
1512
1512
1512
1512
1512
1512
1512
1512
1512
1512
1512
1512
1512
1512
1512
1512
1512
1512
1512
1512
2972
1512
1512
1512
1512
1512
1512
1512
1512
1512
1512
1512
1512
1512
1512
1512
1512
1512
1512
2972
1512
1512
1512
2972
2972
1512
1512
1512
1512
1512
1512
1512
1512
1512
1512
1512
1512
1512
1512
1512
1512
1512
1512
1512
1512
1512
1512
1512
1512
2972
2972
1512
1512
1512
1512
1512
1512
1512
1512
1512
1512
1512
1512
1512
1512
1512
1512
1512
1512
1512
1512
1512
1512
1512
1512
1512
1512
1512
1512
1512
1512
1512
1512
1512
1512
1512
1512
1512
1512
1512
1512
1512
1512
1512
1512
1512
1512
1512
1512
1512
1512
1512
1512
1512
1512
1512
1512
582
-228
1500
1500
1837
-584
1500
1016
-250
111
-185
403
-89
-196
