-462
2972
1512
1512
1512
942
1512
1512
1512
2972
1512
1512
890
-514
348
1512
1512
1512
1512
1512
-512
1512
2972
1512
1512
1512
-528
1512
1512
2972
647
346
519
1405
-540
325
1512
-537
742
-456
-535
-547
-537
-548
325
1512
324
1050
328
-547
325
328
325
1512
1512
1512
894
-542
1512
1512
1202
-531
1237
-545
326
2972
1512
1512
1512
324
2972
1512
1512
325
1512
1512
1512
2972
1512
326
1512
1512
1512
1512
1512
1512
1512
884
-531
1512
1512
1512
1512
1512
1512
1512
1512
1512
1512
1512
1498
1512
1512
1512
1512
325
1512
1512
1512
1512
1512
1512
1512
1512
1512
1512
1512
1512
1512
1512
1512
1512
1512
1512
1512
1512
1512
1512
1512
1512
1512
1512
1512
2972
2972
1512
1512
1512
1512
1512
1512
2972
1512
812
2972
1512
1512
1512
1512
1512
1512
1512
1512
1512
1512
1512
1512
1512
1512
1904
1512
1512
1512
1512
1512
2972
1512
1512
1512
1512
1512
1512
1512
1512
1512
1512
1512
1512
1805
1512
1512
1512
1512
1409
1512
1512
2972
1512
1512
1512
1512
1512
1512
1512
1512
1512
1512
1512
1512
1512
1512
1512
1512
1512
1512
1512
1512
1512
1512
1512
1512
1512
1512
1512
1512
1512
1512
1512
1512
1512
1512
1512
1512
2972
1512
1512
1512
1512
1512
1512
1512
1512
1512
1512
1512
2972
1512
1512
1512
1512
1512
1512
2972
2972
1512
2972
2972
1512
1512
1512
1512
1512
1512
1512
1512
1512
1512
2972
1512
1512
1512
1512
1512
1512
1512
1512
1512
1512
1512
1512
1512
1512
1512
1512
1512
1512
1512
1512
1512
1512
1512
1512
1512
1512
1512
1512
1512
1512
1512
1512
1512
1512
1512
1512
1512
1512
1512
1512
1512
1512
1512
2972
1512
1512
1512
2972
1512
1512
1512
1512
1512
1512
1512
1512
1512
1512
1512
1512
1512
1512
2972
1512
1512
582
-228
1500
1500
1500
389
-584
1500
1016
-250
111
-185
366
-89
89
-196
