-431
2313
-431
338
1500
577
-446
339
1500
-449
507
-451
341
1500
339
1500
1500
1500
1500
1500
1500
732
1500
1500
1500
1500
2948
1500
1500
1500
1500
1500
1500
1500
1500
1500
1500
1500
1500
1500
1500
1500
1500
1500
1500
1500
1500
1500
1500
1500
1500
1500
1500
1500
1500
1500
1500
1500
1500
1500
1500
1500
1500
1500
1500
1500
1500
1500
1500
1500
1500
1500
1500
1500
1500
1500
1500
1500
1500
1500
1500
1500
1500
1500
1500
1500
1500
1500
1500
1500
1500
1500
1500
1500
1500
1500
1500
1500
2948
1500
2948
2948
1500
2948
2948
2948
1500
1500
1500
2948
1500
1916
1500
2948
2948
1500
1500
1500
1084
1916
1500
1500
1500
1500
2932
2932
1500
1500
1548
1500
2932
2948
1500
2948
2532
919
-407
342
1202
-228
1500
1500
1500
389
-584
1500
1016
-250
111
-185
403
-89
-196
-420
