-431
1500
865
-431
338
2025
-446
339
1500
-449
507
341
1500
-451
1500
1500
1500
1500
339
1500
1500
1500
1500
2948
1500
1500
1500
1500
732
1500
1500
1500
1500
1500
1500
1500
1500
1500
1500
1500
1500
2948
1500
1500
1500
1500
1500
1500
1500
1500
1500
1500
1500
1500
1500
1500
2948
1500
1500
1500
1500
1500
1500
2948
1500
1500
1500
2948
1500
1500
1500
1500
1500
1500
1500
1500
1500
1500
1500
1500
1500
2948
1500
1500
1500
1500
1500
1500
1500
1500
1500
1500
1500
1500
1500
1500
1500
1500
1500
2948
1500
4396
1500
1500
2948
2948
1500
1500
1916
1500
1500
2948
1500
1500
1500
1500
2532
1500
1900
1500
2932
1500
1500
1500
2948
1500
2948
2948
1500
1500
1500
1500
2564
919
-407
342
1202
-228
1500
1500
1252
609
-584
1500
1016
-250
318
-185
345
-89
89
-196
-420
1500
3257
-420
