-444
491
1500
2948
1500
1500
1500
1500
677
-463
535
628
-475
-478
465
1500
1500
1500
1500
1500
1004
1500
2045
2554
-475
1191
-481
539
1788
537
844
-494
540
760
-474
539
710
-499
-488
-488
-488
-488
-488
-488
464
925
1368
465
1500
1500
2948
1500
943
1309
1283
1302
395
1500
2948
-517
1500
1500
1500
1500
1500
1500
1500
2948
1500
350
2009
2948
-515
2948
1500
1500
1500
1500
1500
1500
1500
1500
1500
1500
1500
1500
1500
1500
1500
2948
1500
1500
1500
1500
1500
1500
350
1068
-511
2100
1453
-514
352
1761
-512
352
1500
1132
352
1500
652
775
-504
-471
-488
-490
-488
-486
-487
-471
-508
-508
-513
-515
-516
-513
526
488
1500
1500
1500
2948
2948
1500
1500
1913
2948
1500
2468
-529
464
466
1354
-531
4396
1500
2948
1500
1500
1500
1500
1500
2948
2948
1500
1500
2948
1500
2948
1500
1500
1028
-511
489
1500
1500
2948
2948
1500
1500
2948
2948
1663
-535
489
2948
2948
2948
625
-547
1500
1245
-524
490
2948
2948
2948
4396
487
1500
1500
1500
1500
1500
1500
1500
2948
2948
2948
2948
2948
2948
1500
1500
1500
2948
4396
2948
2948
1500
1500
1500
1500
2948
487
459
-546
4396
4396
4396
2948
1500
1500
1500
1500
1500
1500
1500
1500
1500
1500
1500
352
352
2100
1500
1171
-508
480
-509
351
351
1387
-529
2134
-507
1500
652
1371
-501
352
1815
-506
4396
4396
699
-527
1500
1500
2948
1500
2948
2948
2948
4396
2948
350
2100
351
558
-507
1500
1257
-503
352
1895
-507
465
465
1500
2597
-538
1500
1500
1500
1500
1500
1500
1500
1500
1500
1500
1500
1500
1500
1500
1500
1500
1500
1500
2948
1500
464
1422
1500
3381
1500
1983
1500
1500
1500
16436
9607
-493
-547
-548
-524
-522
465
1500
465
1500
1693
-525
1964
-522
463
1500
1500
464
1500
2948
1500
2452
1292
-515
351
2948
4396
3052
354
893
-501
4396
6157
-506
515
1051
-447
464
462
1941
1874
352
1500
350
930
-518
2948
3006
-519
488
1500
2948
1500
1500
1500
1500
1500
1500
1500
467
1200
1500
2948
1500
1500
1500
1500
1500
1500
1500
1500
1500
1500
1500
1500
1500
1500
2948
1500
1500
1500
1500
1500
1500
1500
2948
2948
2948
1500
1500
1500
1500
1500
1500
1500
1500
2948
1500
1500
1500
1500
1500
1500
1500
1500
1500
1500
2948
1500
1500
1500
1500
1500
1500
1500
1500
1500
1500
1500
1500
1500
1500
1500
1500
1500
1500
1500
353
1500
1500
1500
2948
1004
2047
-522
352
2151
-505
350
2042
-520
355
2100
527
-513
16436
5388
16436
463
2670
350
2100
634
-505
352
2050
-506
352
2631
-509
352
1500
652
886
-513
432
1500
1500
1252
1500
652
749
354
2948
2948
2948
1500
2948
1500
1956
2679
-515
356
2360
-518
352
2100
977
-502
16436
16436
16436
1059
318
-505
1500
2948
1500
1500
1004
16436
353
1014
-512
2948
2948
2452
1770
-507
16436
16436
16436
16436
16436
16436
16436
16436
16436
352
1532
351
-504
1755
-504
353
1500
1500
2948
2948
1500
1500
1500
354
2100
1262
351
1500
1500
2948
1757
1800
1500
1593
350
352
2948
3060
2948
1252
2964
1500
1500
1500
1242
16436
16436
16436
16436
16436
16436
352
1500
2948
1500
352
2334
1500
1500
1501
351
2482
16436
7886
1500
2700
609
-605
1500
1016
-250
318
-185
345
-89
89
-196
