-424
2972
2972
285
-480
-476
2972
2972
1512
1512
1512
1512
1512
1512
1694
-504
872
-500
1512
1512
1512
1512
1512
1512
1512
-496
4432
1512
1512
1512
1512
2972
1512
1512
1512
1512
1512
1512
1512
1512
1512
1512
1512
1512
1512
1512
1512
1512
1512
1512
660
1512
2972
1512
-500
5892
4432
4432
2972
1512
1512
2972
1512
1512
1512
1512
1512
1512
1512
1512
1512
1512
1512
1512
1512
1512
1512
1512
1512
1512
10272
-455
2972
1512
4432
1512
2972
2972
1512
1512
1512
1512
1512
1512
1512
1512
1512
1512
1512
1512
1512
1512
1512
1512
1512
1512
1512
1512
1512
1512
1512
1512
1512
2972
1512
1512
1512
1512
1512
1512
1512
1512
1512
1512
1512
1512
1512
2972
1512
1512
2972
2972
1512
2972
9385
5892
-476
2126
-458
-499
-503
-505
-500
1512
1512
1512
1512
1512
1512
1512
1512
2972
1512
1512
1512
1512
2972
2972
1512
1512
1512
1512
2972
1512
1512
1512
2972
2972
1512
1512
1512
1512
2972
2972
1512
1512
1512
1512
1512
1512
1512
1512
2972
4432
4432
2972
1512
2619
526
2972
2972
1512
1512
1512
1512
1512
1512
1512
1512
2972
1512
1512
1512
1512
1512
1512
1512
1512
2972
2972
1512
2972
1512
2972
2972
1512
1512
2972
2972
1512
2972
5892
4432
1512
1512
1512
2972
1512
4432
1512
2972
1512
1512
1512
2972
1512
1512
1512
1069
2972
2972
1512
1512
1512
2972
1512
1512
1512
1512
1512
1512
1512
1512
1512
1512
2972
4432
5593
1512
1512
1512
1512
1512
1512
1512
1512
1512
1512
1512
1512
2972
1512
1512
1512
1512
1512
1512
1512
1512
1512
1512
1512
1512
1512
1512
1512
1512
1512
1512
1512
1512
1512
1512
2972
1512
2972
1512
1512
1512
1512
1512
1512
1512
2972
1512
1512
1512
1512
2972
4432
1512
3014
-501
5892
1512
1512
1512
3071
-496
1728
-507
1512
1512
2972
1512
1512
2972
1512
2972
2088
-421
1512
1512
2972
1512
2972
1512
1512
1512
1512
1512
2972
1512
1512
2972
2972
1512
1512
1512
1512
1512
1512
2972
2972
2972
1512
2972
1512
1512
2972
2972
1512
2972
4432
1512
4432
5892
1512
1512
2972
4432
5892
7352
7352
2972
1534
1512
1512
2972
1512
1512
1525
1512
1512
1512
1512
1512
1512
1512
1512
1512
1512
1431
1512
2972
2972
1512
2972
1512
2972
2457
-228
4396
389
-511
-515
-569
-566
-569
-569
-567
-570
1512
2963
1512
1512
1512
1512
1512
2972
1512
1512
1512
1512
1512
1512
1512
1512
1512
1512
1512
1512
1512
1512
2972
1512
1512
2972
1512
1512
1512
1512
1512
2972
1512
1512
4432
1512
1512
1512
1512
1512
2972
4432
2972
1512
5892
5892
2972
2972
4432
1512
2972
1512
1512
1512
1512
1512
2972
337
2972
1512
1774
-570
1512
1512
1512
1512
1512
1512
2972
2972
4432
2972
1512
1512
1512
1512
1512
1512
2972
7352
7352
2972
1512
5892
1512
1512
1512
1512
1512
1512
1512
2972
2972
1512
1512
1512
1512
1512
1512
1512
2972
1512
2972
2972
2972
2972
1512
1512
1512
1512
2972
2972
2972
1512
1512
1512
1512
1512
1512
1512
1512
1512
2972
2972
1512
1512
1512
1512
2972
1512
1512
1512
1512
1512
1512
1512
1512
2972
1512
1512
1512
1512
1512
1512
1512
1512
1512
1512
1512
1512
1512
1512
1512
1512
1512
1512
1512
1512
1512
1512
1512
1512
2972
1512
2972
2972
2972
1512
2972
1512
1512
1512
2972
1512
1512
1512
1512
1512
1512
1512
1512
1512
1512
1512
1512
1512
1512
1512
2972
1512
2972
1512
1512
5892
1512
1512
1512
2972
2972
2972
1512
1512
1512
1600
-570
2972
4432
1512
1512
1512
1512
1512
1512
1512
1512
1512
2972
2972
1512
1512
1512
1512
1512
1512
1512
1512
1512
2972
1512
1512
1512
1512
1512
1512
1512
1512
1512
1512
1512
1512
1512
1512
1512
1512
1512
1512
1512
1512
1512
1512
1512
1512
1512
1512
1512
1512
1512
1512
1512
1512
1512
1512
1512
1512
1512
1512
1512
1512
1512
1512
1512
1512
1512
1512
1512
1512
2972
4432
4432
2972
1512
1512
1512
1512
1512
4432
1512
1512
1512
1512
2972
1512
1512
1326
1512
2972
1512
2972
2972
1512
2972
2972
1512
1512
11732
1512
1512
1512
1512
1512
1512
1512
1512
1512
1512
1512
1512
1512
1512
1512
1512
1512
1512
1512
1512
1512
1512
1512
1162
14652
7352
2972
2972
2972
1512
2972
1512
2972
1512
1512
1512
1512
2972
1512
1512
1512
4432
2972
1512
1512
1512
1512
1512
1512
1512
1512
1512
1512
1512
1512
1512
1512
1512
1512
1512
1512
2972
2972
2972
4432
1512
1709
2972
1512
1460
1512
1512
1512
1512
2972
1512
2972
1512
1512
1512
1512
1512
1512
1512
1512
1512
1512
1512
1512
1512
1512
1512
1512
2972
1512
1512
1512
1512
1512
1512
1512
1512
1512
2972
2972
1512
1512
2972
2972
2972
1512
4432
2972
1512
4432
1512
1512
1512
1512
1512
1512
1512
1512
1512
1512
1512
1512
1512
1512
1512
1512
1512
1512
1512
2972
1512
1512
1512
1512
1512
1512
1512
1512
1512
2972
1512
1512
2972
1512
1512
1512
1512
1512
1512
1512
1512
1512
1512
1512
1512
1512
2972
1512
1512
1512
1512
1512
1512
1512
1512
1512
2972
4432
1512
1512
1512
1512
1512
1512
14652
1512
1512
1512
2972
1512
1512
1512
1512
1512
1512
1512
1512
1512
1512
1512
1827
2804
-584
2464
-570
-567
1512
1512
2972
1512
1512
1512
1512
1512
1512
13684
16436
16436
16436
16436
1512
4432
1512
2972
1512
1512
1512
16436
11999
15028
16436
16436
16436
16436
-570
1512
1512
1512
1512
1512
1512
1512
1512
1512
1512
1512
1512
1512
1512
1512
1512
1512
4432
-570
1512
1512
1512
1512
1512
1512
1512
1512
1512
1512
1512
1512
2972
1512
1512
1512
2972
1512
-250
1512
1512
1512
1512
1512
4432
1512
1512
1512
1512
1512
1512
1512
1512
1512
1512
1512
1512
1512
1512
1512
1512
1512
1512
1512
1512
1512
1512
1512
1512
2972
2972
4432
1512
2972
1512
1512
2972
2972
2972
1512
1512
1512
111
1512
2972
1512
1512
1512
1512
1512
1512
1577
-567
1512
1512
1512
1512
2972
4432
5892
5892
1512
1512
1512
1512
1512
1512
2972
2972
1512
1512
1512
1512
1512
1512
1512
1512
2972
1512
1512
1512
1512
2972
1512
2972
1512
1512
1512
2972
2972
1512
2972
1512
1743
1512
-570
5892
4432
1512
2972
1512
2972
1512
1512
1512
2972
1512
2972
4432
1512
1512
1512
1512
1512
1512
1512
1512
1512
1512
2972
1512
2972
1512
1512
1512
1512
2972
1512
2972
2972
4432
1512
1512
2972
2972
1512
11316
1512
1512
1512
1512
1512
1512
1512
1512
1512
1512
2972
1512
1512
1512
1512
2972
2972
1512
2972
4432
1512
-570
1512
1512
2972
1512
1512
1512
1512
1512
1512
1512
1512
1512
5172
1512
4693
1512
1512
1512
2972
2972
1512
2972
2972
1512
1512
1512
1512
1512
1512
2972
1512
1512
1512
1512
4432
1512
1512
1512
1512
2972
1512
1512
1512
1512
1512
2972
1512
1512
2972
1512
5892
4432
2972
-570
2972
1512
1512
1512
537
-572
1512
1512
1512
1512
1512
1512
1512
1512
1512
1512
1512
1512
1512
1512
1512
1512
1512
1512
1512
1512
2972
1512
1512
1512
1512
1512
2972
-185
1512
1512
1512
1512
1512
1512
1512
1512
1512
1512
2972
1512
2972
1512
1512
1512
1512
1512
1512
1512
1512
1512
1512
1512
2972
1512
1512
1512
1512
1512
1512
1512
1512
2972
1512
1512
1512
1512
1512
2972
1512
1512
1512
1512
1512
1512
1512
1512
1512
2972
1512
1512
1512
1512
1512
2972
1512
1512
4432
1512
1512
1512
1512
1512
1512
2972
4432
4432
1512
1512
1512
1512
1512
2972
4432
1512
1512
2972
1512
403
-89
2863
-567
2972
2972
1512
1512
1512
1512
1512
1512
1512
1512
2972
1512
1512
1512
1512
1512
1512
1512
1512
1512
1512
1512
1512
1512
4432
1512
2699
-553
1512
1512
2972
1512
1512
1512
1512
1512
1512
1512
2972
2972
2193
2972
1512
1512
1512
1512
1512
1512
1512
1512
1512
1512
1512
1512
1512
1512
1512
1512
1512
1512
1512
1512
1512
1512
1512
1512
1512
1512
1512
1512
1512
1512
1512
1512
1512
1512
1512
1512
1512
1512
1512
1512
1512
1512
1512
1512
1512
1512
1512
1512
1512
1512
2972
1512
1512
1512
1512
1512
1512
1512
1512
1512
1512
1512
1512
1512
1512
2972
1512
1512
1512
1512
1512
1512
1512
1512
1512
4432
2372
2972
2972
1512
1512
1512
1512
1512
1512
1512
1512
1512
1512
1512
1512
1512
1512
1512
1512
1512
1512
1512
1171
2972
2972
2972
1512
1512
2972
2972
1512
11732
2972
1512
4432
2972
1512
1512
1512
2972
1512
1512
1512
1512
1512
1512
1512
1512
1512
1708
16436
2317
1512
2972
1512
1512
1512
1512
1512
1512
1512
1512
1512
1512
1512
1512
1512
1512
1512
1512
1512
1512
1512
1512
1512
1512
1512
1512
1512
1512
1512
1512
1512
1512
1512
1512
1512
1512
1512
1512
1512
1512
1512
1512
1512
1512
1512
1512
1512
1512
1512
1512
1512
1512
1512
1512
1512
1512
1512
1512
11732
1512
1512
1512
2972
1512
1512
1512
1512
1512
1512
1512
1512
1512
-196
660
7210
