-424
4432
1512
285
-480
1512
1512
1512
-476
1512
1512
1512
1512
1512
1512
1512
1694
872
-504
-500
1512
1512
1512
1512
1512
1512
1512
1512
1512
1512
-496
4432
2972
1512
1512
2972
1512
1512
1512
1512
1512
1512
1512
1512
1512
1512
1512
1512
1512
1512
1512
1512
1512
1512
1512
1512
1512
9420
-500
4432
1512
1512
1512
1512
1512
1512
1512
1512
1512
1512
1512
1512
1512
1512
1512
1512
1512
1512
1512
1512
1512
1512
1512
1512
1512
1512
1512
1512
1512
1512
1512
1512
1512
5892
-455
1512
1512
1512
2972
1512
2972
1512
1512
1512
1512
1512
1512
2972
1512
2972
1512
1512
1512
1512
1512
1512
1512
1512
1512
1512
1512
1512
1512
1512
1512
1512
1512
1512
1512
1512
1512
1512
1512
1512
1512
1512
1512
2972
1512
666
4432
2972
1512
1512
1512
-476
1512
1512
1512
1512
1512
625
1512
1512
1512
1512
1512
1512
1512
1512
1512
1512
1512
1512
1512
1512
1512
1512
1512
1512
1512
1512
1512
1512
1512
1512
1512
1512
1512
1512
1512
1512
1512
1512
1512
1512
1512
1512
1512
4432
-458
-499
-503
-505
-511
-500
1512
1512
1159
2972
1512
1512
1512
1512
1512
1512
1512
1512
1512
1512
1512
1512
1512
1512
1512
1512
1512
1512
1512
1512
1512
1512
1512
1512
1512
1512
1512
1512
1512
1512
1512
1512
1512
1512
526
2972
1512
1512
2972
1512
1512
1512
1512
1512
1512
1512
1512
1512
1512
4432
-515
1512
7352
4432
1512
1512
1512
1512
1512
1512
1512
1512
1512
1512
1512
1512
1512
1512
1512
1512
1512
1512
1512
1512
1512
1512
1512
1512
1512
1071
1512
1512
1512
1512
1512
1512
1512
1512
1512
1512
1512
1512
1512
1212
1512
1512
1512
1512
1512
1512
1512
1512
1512
1512
1512
1512
1512
1512
1512
1512
1512
1512
1512
1512
1512
1512
1512
1512
1512
1512
1512
1512
4648
-501
-496
-507
-228
1512
1512
1512
1512
1512
1512
1512
1512
1512
1512
1512
1512
1512
1512
628
-569
1512
1512
1512
2972
1512
1512
1512
1512
1512
1512
1512
1512
1512
1512
1512
1512
1512
1512
1512
1512
1512
2972
2972
2972
1512
1512
2972
1512
1512
1512
1512
2972
1512
1512
1512
1512
1512
1512
1512
2972
2972
1512
2972
2972
4432
1512
1512
1512
2972
1512
2972
1512
2972
1512
2972
1512
1512
1512
1512
1512
1774
-566
1500
1500
1252
1512
1512
1512
2972
2972
1512
2972
2972
1512
1512
1512
997
-569
1512
1512
1512
1512
1512
1512
1512
1512
2972
1512
1512
1512
1512
2972
1512
1512
1512
1525
-569
1512
1512
2972
2972
1512
2972
1512
1430
-567
1512
1512
4432
1512
2972
1512
1512
1512
1512
1512
1512
1512
2972
1512
1512
2972
1512
1503
1512
1512
2972
1512
1512
1512
1512
1512
1512
1512
1512
1512
2972
1512
2972
1512
1512
2972
1512
1512
1512
1512
1512
1512
1512
1512
1512
1512
1512
2972
2972
1512
2972
2972
1512
2972
1512
1512
1512
1512
4432
4432
1512
1512
2972
2972
1512
1512
2972
4432
4432
609
1512
2972
1512
1512
2972
1512
1512
1512
1512
1512
1512
1512
1512
1512
1512
2972
1512
1512
1512
1512
1512
-584
1512
1512
1512
2972
1512
1512
1512
1512
1512
1512
1512
1512
1512
2972
1512
1512
1512
2972
2972
2972
1512
1512
1512
1512
1512
2972
1512
1512
1512
1512
1512
1512
1512
1512
1512
1512
1512
1512
1512
2972
2972
1512
2972
1512
1512
1512
1512
2972
2972
2972
1512
1512
2972
2972
2972
2972
2464
2972
2972
4432
1512
2972
4432
1512
1512
1512
-250
1512
1512
1512
1512
1512
1512
1512
1512
1512
1512
1512
1512
1512
2972
1512
1512
1512
1512
1512
1512
1512
1512
1512
1512
2972
1512
1512
1512
1512
1512
1512
1512
1512
1512
1512
1512
1512
1512
1512
1512
1512
1512
1512
1512
1512
1512
1512
1512
1512
1512
1512
1512
2972
1512
1512
1512
1512
1512
1512
1512
1512
1512
2972
1512
1599
-570
1512
1512
1512
1512
2972
1512
2972
1512
1512
1512
1512
1512
2972
5892
4432
2972
1512
2972
1512
5892
7352
1610
-570
2972
1512
1512
2972
1512
1512
1512
1512
1512
1512
1512
1512
2972
1512
1512
1512
1512
1512
1326
-570
1512
1512
1512
1512
1512
2972
1512
1512
1512
1512
1512
1512
1512
1512
1512
2972
1512
1512
1512
2972
1512
1512
2972
1512
1512
2972
1512
1512
318
1512
1512
1512
1512
2972
1162
-570
1512
1512
2972
1512
-185
1512
2972
1512
1512
1512
1512
1512
1512
2972
1512
1512
1512
2972
1512
2972
1512
2972
2972
2972
2972
1512
2972
1512
1512
1512
1512
1512
1512
1512
1512
1512
1512
1512
1512
1512
1512
1512
1512
1512
1512
1512
1512
1512
1512
1512
1512
1512
1512
1512
1512
1512
1512
1512
1512
1512
1512
1512
1512
1512
1512
1512
1512
1512
1512
1512
1512
1512
2972
1512
1512
1512
1512
1512
1512
1512
1512
1512
1512
1512
1512
1512
1512
2972
1512
1512
1512
2972
1512
1512
1512
1512
1512
1512
1512
1512
1512
1512
2972
2972
2972
1512
1512
1512
1512
1512
1512
1554
-567
1512
1512
2972
2972
2972
1512
1512
1512
1512
1512
1512
1512
1512
1512
1512
1512
2972
1512
2972
382
-89
1512
1512
2972
1512
1512
-196
2972
7352
1512
2972
2972
4432
1512
1512
1512
2972
2972
1512
1512
1512
1512
1512
2972
1512
1512
2972
1512
1512
1512
1512
1512
1512
1512
1512
1512
1512
1512
7352
5892
1512
2972
1512
4432
1512
1512
1512
1512
1512
1512
1512
1512
1512
1512
1512
1512
2972
1512
1512
1512
1512
1512
1512
1512
1512
1512
1512
1512
1512
1512
1512
1512
1512
1512
1512
1512
1512
1512
1512
1512
1512
1512
1512
1512
1512
1512
1512
1512
1512
1512
1512
1512
1512
1512
2972
1512
1512
1512
1512
1512
1512
1512
1512
2972
1512
1512
1512
1512
1512
1512
1512
1512
2972
2972
1512
1512
1512
1512
1512
1512
1512
1512
1512
1512
1512
1512
1512
1512
1512
1512
1512
1512
1512
1512
1512
1512
1512
1512
1512
1512
1512
1512
1512
1512
1512
2972
1512
2972
1512
2972
2972
1512
1512
2972
1512
2972
1512
1512
2972
1512
1512
1512
1512
1512
1512
1512
1512
2972
2972
2972
1512
1512
1512
1512
1512
2972
1512
1512
1512
1512
1512
1512
1512
1512
1512
1512
1512
1512
2972
1512
1512
1512
1512
2972
1512
1512
1512
1512
1512
1512
2972
1512
1512
2972
1512
1512
1512
1512
1826
-570
1512
1512
1512
1512
1512
1512
1512
1512
1512
1512
1512
1512
1512
1512
1512
1512
1512
1512
1512
1512
1512
1512
2972
2972
2972
1512
1512
1512
2972
4432
1742
-570
1512
1512
1512
1576
-567
1512
1512
1512
1512
1512
1512
1512
1512
1512
1512
1512
1512
1512
1512
1512
1512
1512
1512
2972
802
-570
1512
1512
7352
7352
7352
5892
1512
1512
2972
1512
2972
4432
2972
1512
2972
2972
1512
1512
2972
2972
2972
1512
1512
2972
2972
2972
1512
1512
1512
1512
1512
1512
2972
1512
2972
1512
1512
1512
1512
1512
1512
1512
2972
1512
732
-572
2972
1512
2972
1512
2972
1512
1512
1512
2972
2972
2972
1512
1512
1512
1512
2972
1512
1512
1512
2972
2972
2972
2972
2972
1512
1512
4432
4432
4432
2972
1512
1512
1512
1512
2972
2972
2972
1512
2972
2972
4432
2972
1512
1512
1512
2972
2972
1512
1512
1512
1512
1512
1512
1512
1512
1512
2972
1512
1512
1512
1512
1512
1512
2972
1512
1512
2972
1512
1512
1512
1512
1512
2972
2972
1512
1512
1512
1512
1512
1512
1512
2972
2972
1512
2972
2972
1512
1512
1512
2972
1512
1402
-567
1512
1512
1512
2972
1512
1512
1512
1707
-553
1512
1512
1512
1512
1512
1512
1512
1512
1512
2972
1512
2972
1512
2972
1512
1512
1512
1512
1512
2972
1512
2972
1512
2972
1512
2972
2972
2972
1512
1512
1512
1512
1512
1512
1512
1512
1512
1512
1512
2972
1512
1512
1512
1512
1512
1512
1512
1512
2972
1512
1512
1512
1512
2972
1512
1512
1512
2972
1512
2972
1512
1512
1512
2972
1512
2972
1512
1708
-421
1512
1512
1512
1512
912
1512
1170
2972
2972
1512
1512
1512
1512
1512
1512
1512
2972
1512
1512
1512
1512
2972
1512
1512
1512
2972
1512
1512
1512
2697
2972
1512
2972
1512
1512
1512
1512
1512
1512
1512
1512
1512
1512
1512
2972
1512
1512
1512
1512
1512
1512
1512
1512
1512
1512
1512
2972
1512
1512
2972
1512
1512
2972
1512
1534
2972
1512
1179
1512
2972
1512
1512
1512
1512
1512
2972
1512
1512
1512
1512
2972
1512
1512
1512
1512
1512
1512
2972
1512
1512
1512
1512
1512
1512
1512
1512
1512
1512
1512
1512
1512
1512
1512
1512
2972
1512
2972
1512
2972
1512
1512
1369
1512
4432
1512
1512
1512
1512
1512
1512
1512
2972
1512
1512
1512
1797
-422
