-148
100
-452
1500
92
1500
92
1500
92
1500
92
1500
92
1500
92
1500
92
1500
92
1500
92
1500
92
1500
92
1500
92
1500
92
1500
92
1500
92
1500
92
-148
1500
92
1500
92
1500
92
1500
92
1500
92
1500
92
1500
92
1500
92
1500
92
1500
92
1500
92
1500
92
1500
92
1500
92
1500
92
1500
92
1500
92
1500
92
1500
92
1500
92
1500
92
1236
100
-500
1500
92
1500
92
1500
92
1500
92
1500
92
1500
92
1500
92
1500
92
1500
92
1500
92
1500
92
1500
92
1500
92
1500
92
1500
92
1500
92
1500
92
1500
92
1500
92
1500
92
1500
92
1500
92
1500
92
1500
92
1500
92
948
-644
-148
100
-500
1500
-148
92
1500
1500
132
1500
92
1500
92
1500
92
1500
92
1500
92
1500
92
1500
92
1500
92
1500
92
1500
92
1500
92
1500
92
1500
92
1500
92
1500
92
1500
92
1500
92
1500
92
1500
348
100
-468
1500
-148
92
1500
92
-500
1500
-148
92
1268
-548
1500
92
1500
92
1124
-484
-1500
-380
1412
-148
1500
92
1500
92
1500
92
1500
92
1500
92
1500
92
1500
92
1500
92
1500
92
1500
92
1500
92
1500
92
1500
92
1500
92
1500
92
1500
92
1500
92
1500
92
1500
492
1500
92
1500
92
1500
92
1500
92
1500
92
1500
92
1500
92
1500
140
-1500
-412
-148
740
1500
1148
1500
92
1500
1500
132
1500
92
1500
92
1500
92
1500
92
1500
92
1500
92
1500
92
1500
92
1500
92
1500
92
1500
92
1500
92
1500
92
-100
1500
92
1500
92
1500
92
1500
92
1500
92
1500
92
1500
92
1500
92
1500
92
1500
92
1500
92
1500
92
1500
92
1500
92
1500
92
1500
92
1500
92
1500
92
1500
92
1500
92
1500
92
1500
92
1500
92
1500
140
1500
92
-484
1500
-116
92
1500
124
1500
1500
132
1500
92
1500
92
1500
92
1500
92
1500
92
1500
92
1500
92
1500
1500
1500
172
1500
92
1500
92
1500
92
1500
92
1500
92
1500
92
1500
92
1500
92
1500
92
1500
92
1500
92
1500
92
-148
1500
92
1500
92
1500
92
1500
92
1500
92
1500
92
1500
92
1500
92
1500
92
1500
92
1500
92
1500
92
1500
92
1500
460
1500
92
1500
92
1500
92
1500
92
1500
92
1500
92
1500
92
1500
92
1500
92
1500
92
1500
92
1500
92
1500
92
1500
92
1500
92
1500
92
1500
92
1500
92
1500
92
1500
92
1500
92
1500
92
1500
92
1500
92
1500
92
1500
92
1500
92
1500
92
1500
92
1500
92
1500
92
1500
92
1500
92
1500
92
1500
92
1500
92
1500
92
1500
92
1500
92
1500
92
1500
92
1500
92
1500
92
1500
92
1500
92
1500
92
1500
92
1500
92
1500
92
1500
92
1500
92
1500
92
1500
92
1500
92
1500
92
1500
92
1500
92
1500
92
1500
92
1500
92
1500
92
1500
92
1500
92
1500
92
1500
92
1500
92
1500
92
1500
92
1500
92
1500
92
1500
92
1500
188
1500
92
1500
92
1500
92
1500
92
1500
92
1500
92
1500
92
-100
1500
92
1500
92
1500
92
1500
92
1500
92
1500
92
1500
92
1500
92
1500
92
1500
92
1500
92
468
1500
92
1500
1500
132
1500
92
1500
92
1500
92
1500
92
1500
92
1500
92
1500
92
1500
92
1500
92
1500
92
1500
92
1500
92
1500
92
1500
92
1500
92
1500
92
1500
92
1500
92
1500
92
1500
92
1500
92
1500
92
1500
92
1500
92
1500
92
1500
92
1500
92
1500
92
1500
92
1500
92
1500
92
1500
92
1500
92
1500
92
1500
92
1500
92
1500
92
1500
92
1500
92
1500
92
1500
396
100
-1500
-236
1500
92
1500
92
1500
92
1500
92
1500
92
1500
92
1500
92
1500
92
1500
92
1500
92
1500
92
1500
92
1500
92
1500
92
1500
92
788
1500
92
1500
92
1500
92
1500
1500
132
1500
92
1500
92
1500
92
1500
92
1500
92
1500
92
1500
92
1076
1500
236
1500
1500
132
180
-628
1428
-436
-116
1500
92
1500
1500
452
1500
188
-1500
-956
-1156
1500
92
1500
92
1500
92
1500
92
1500
92
1500
92
1500
92
1500
92
1500
92
1500
92
1500
92
1500
92
1500
92
1500
92
1500
92
1500
92
1500
92
1500
92
1500
92
1500
92
1500
92
1500
92
1500
92
1500
92
1500
92
1500
92
-100
1500
92
1500
92
1500
92
1500
92
1500
92
1500
92
1500
92
1500
92
1500
92
1500
92
1500
92
1500
268
1500
92
1500
92
1500
92
1500
92
1500
92
1500
92
1500
92
1500
92
1500
92
1500
92
1500
92
1500
92
1500
92
1500
284
-148
100
-756
548
-148
100
-612
-500
1500
92
1500
92
1500
92
-452
1500
92
1500
92
1500
92
1500
92
1500
92
1140
1348
-116
-148
100
-820
-148
1044
132
-1500
-124
564
-116
-148
100
-612
1316
-148
100
-612
-148
100
-772
1500
92
1500
92
1500
92
1500
92
1500
92
1500
348
1332
-772
1500
-148
92
1500
92
1500
1500
132
1500
92
1500
412
100
-612
-1500
-956
-1500
-764
1500
92
1500
92
1500
92
1500
92
1500
92
1500
92
1500
92
1500
92
1500
92
1500
92
1500
92
1500
92
1500
92
1500
92
1500
92
1500
92
1500
92
1500
92
1500
92
1500
92
1500
92
1500
92
1500
92
1500
92
1500
92
1500
92
1500
92
1500
92
1500
92
1500
92
1500
92
1500
92
1500
92
1500
92
1500
92
1500
92
1500
92
1500
92
1500
1500
92
1500
92
1500
92
1500
92
1500
92
1500
92
1500
92
1500
92
1500
92
1500
92
1500
92
1500
92
1500
92
1500
92
1500
92
1500
92
1500
92
1500
92
1500
92
1500
92
1500
92
-100
1500
92
1500
92
1500
92
1500
92
1500
92
1500
92
1500
92
1500
92
772
1500
1500
132
1500
92
1500
92
1500
92
1500
92
1500
92
1500
92
1500
92
1500
92
1500
92
1500
92
1500
92
1500
92
1500
92
1500
92
1500
92
1500
92
1500
92
1500
92
1500
92
1500
92
1500
92
1500
92
1500
92
1500
92
1500
92
1500
92
1500
92
1500
92
1500
92
1500
92
1500
92
1500
92
1500
92
1500
92
1500
92
-100
1500
92
1500
92
1500
92
1500
92
1500
92
1500
92
1500
92
1500
92
1500
92
1500
92
1500
92
1500
92
1500
92
1500
92
1500
92
1500
92
1500
92
1500
92
1500
92
1500
92
1500
92
1500
92
1500
92
1500
92
1500
92
1500
92
1500
92
1500
92
1500
92
1500
92
1500
92
1500
92
1500
92
1500
92
1500
92
1500
92
1500
92
1500
92
1500
92
1500
92
1500
92
1500
92
1500
92
1500
92
1500
92
1500
92
1500
92
1500
92
1500
92
1500
92
1500
92
1500
92
1500
92
1500
92
1500
92
1500
92
1500
92
1500
92
1500
92
1500
92
1500
92
1300
1332
-116
-724
1500
-148
92
1500
92
1500
1500
132
1500
92
1500
140
100
-612
-484
1500
92
1500
92
1500
252
1332
-148
100
-612
-148
100
-564
724
-660
404
1332
-116
-1476
-148
100
-612
852
1332
-116
-148
100
-612
1332
-148
100
-612
1332
-148
100
-612
1332
-148
100
-612
1332
-148
100
-612
1332
-148
100
-612
1332
-148
100
-612
1332
-148
100
-612
1332
-148
100
-612
1332
-148
100
-612
1332
-148
100
-612
1332
-148
100
-612
1332
-148
100
-612
1332
-148
100
-612
1332
-148
100
-612
1332
-148
100
-612
1332
-148
100
-612
1332
-148
100
-612
1332
-148
100
-612
1332
-148
100
-612
1332
-148
100
-612
1332
-148
100
-612
1332
-148
100
-612
1332
-148
100
-612
1332
-148
100
-612
1332
-148
100
-612
1332
-148
100
-612
1316
-148
100
-612
1332
-148
100
-612
1332
-148
100
-612
1332
-148
100
-612
1332
-148
100
-612
1332
-148
100
-612
1332
-148
100
-612
1332
-148
100
-612
1332
-148
100
-612
1332
-148
100
-612
1332
-148
100
-612
1332
-116
-148
100
-612
1332
-148
100
-612
1332
-148
100
-612
1332
-116
-148
100
-612
1332
-116
-148
100
-612
1332
-148
100
-612
-436
244
1332
-116
-148
100
-612
1332
-148
100
-612
1332
-148
100
-612
1316
-148
100
-612
1332
-148
100
-612
1332
-148
100
-612
1332
-148
100
-612
1332
-148
100
-612
1332
-148
100
-612
1332
-148
100
-612
1332
-148
100
-612
1332
-148
100
-612
1332
-148
100
-612
1332
-148
100
-612
1332
-148
100
-612
1332
-148
100
-612
1332
-148
100
-612
1332
-148
100
-612
1332
-148
100
-612
1332
-148
100
-612
1332
-148
100
-612
1332
-148
100
-612
1332
-148
100
-612
1332
-148
100
-612
1316
-148
100
-612
1332
-148
100
-612
1332
-148
100
-612
1332
-148
100
-612
1316
-148
100
-612
1332
-148
100
-612
1332
-148
100
-612
1332
-148
100
-612
1332
-148
100
-612
1332
-148
100
-612
1332
-148
100
-612
1332
-148
100
-612
1316
-148
100
-612
1332
-148
100
-612
1332
-148
100
-612
1332
-148
100
-612
1332
-148
100
-612
1332
-148
100
-612
1332
-148
100
-612
1332
-148
100
-612
1332
-148
100
-612
1332
-148
100
-612
1332
-148
100
-612
1332
-148
100
-612
1332
-148
100
-612
1332
-148
100
-612
1316
-148
100
-612
1332
-148
100
-612
1332
-148
100
-612
1332
-148
100
-612
-116
1332
-116
-148
100
-612
1332
-148
100
-612
1332
-148
100
-612
1332
-148
100
-612
1332
-148
100
-612
1332
-148
100
-612
1332
-148
100
-612
1332
-148
100
-612
1332
-148
100
-612
1332
-148
100
-612
1332
-148
100
-612
1332
-148
100
-612
1332
-148
100
-612
1332
-148
100
-612
1332
-148
100
-612
1332
-148
100
-612
1332
-148
100
-612
1316
-148
100
-612
1332
-148
100
-612
1332
-148
100
-612
1332
-148
100
-612
1332
-148
100
-612
1332
-148
100
-612
1332
-148
100
-612
1332
-148
100
-612
1316
-148
100
-612
1332
-148
100
-612
1332
-148
100
-612
1332
-148
100
-612
1332
-148
100
-612
1332
-148
100
-612
1332
-148
100
-612
1316
-148
100
-612
1332
-148
100
-612
1332
-148
100
-612
1332
-148
100
-612
1316
-148
100
-612
1332
-148
100
-612
1332
-148
100
-612
1332
-148
100
-612
1332
-148
100
-612
1332
-148
100
-612
1332
-148
100
-612
1332
-148
100
-612
1332
-148
100
-612
1332
-148
100
-612
1332
-148
100
-612
1332
-148
100
-612
1332
-148
100
-612
1316
-148
100
-612
1332
-148
100
-612
1332
-148
100
-612
1332
-148
100
-612
1332
-148
100
-612
1332
-148
100
-612
1332
-148
100
-612
1332
-148
100
-612
1332
-148
100
-612
1332
-148
100
-612
1316
-148
100
-612
1332
-148
100
-612
1332
-148
100
-612
1332
-148
100
-612
1332
-148
100
-612
1332
-148
100
-612
1332
-148
100
-612
1332
-148
100
-612
1332
-148
100
-612
1332
-148
100
-612
1332
-148
100
-612
1332
-148
100
-612
1332
-148
100
-612
1332
-148
100
-612
1332
-148
100
-612
1332
-148
100
-612
1332
-148
100
-612
1332
-148
100
-612
1332
-148
100
-612
1332
-148
100
-612
1332
-148
100
-612
1332
-148
100
-612
1332
-148
100
-612
1332
-148
100
-612
1332
-148
100
-612
1332
-148
100
-612
1332
-148
100
-612
1332
-148
100
-612
1332
-148
100
-612
1332
-148
100
-612
1332
-148
100
-612
1332
-148
100
-612
1316
-148
100
-612
1316
-148
100
-612
1332
-148
100
-612
1332
-148
100
-612
1332
-148
100
-612
1332
-148
100
-612
1332
-148
100
-612
1332
-148
100
-612
1332
-148
100
-612
1332
-148
100
-612
1332
-148
100
-612
1332
-148
100
-612
1332
-148
100
-612
1332
-148
100
-612
1332
-148
100
-612
1332
-148
100
-612
1332
-148
100
-612
1332
-148
100
-612
1332
-148
100
-612
1332
-148
100
-612
1332
-148
100
-612
1332
-148
100
-612
1316
-148
100
-612
1332
-148
100
-612
1332
-148
100
-612
1316
-148
100
-612
1332
-148
100
-612
1332
-148
100
-612
1332
-148
100
-612
1332
-148
100
-612
1332
-148
100
-612
1332
-148
100
-612
1316
-148
100
-612
1332
-148
100
-612
1332
-148
100
-612
1332
-148
100
-612
1332
-148
100
-612
1332
-148
100
-612
1332
-148
100
-612
1332
-148
100
-612
1332
-148
100
-612
1332
-148
100
-612
1332
-148
100
-612
1332
-148
100
-612
1332
-148
100
-612
1332
-148
100
-612
1332
-148
100
-612
1332
-148
100
-612
1332
-148
100
-612
1332
-148
100
-612
1332
-148
100
-612
1332
-148
100
-612
1332
-148
100
-612
1332
-148
100
-612
1332
-148
100
-612
1332
-148
100
-612
1332
-148
100
-612
1332
-148
100
-612
1332
-148
100
-612
1332
-148
100
-612
1332
-148
100
-612
1332
-148
100
-612
1332
-148
100
-612
1332
-148
100
-612
1332
-148
100
-612
1332
-148
100
-612
1332
-148
100
-612
1332
-148
100
-612
1332
-148
100
-612
1332
-148
100
-612
1332
-148
100
-612
1332
-148
100
-612
1332
-148
100
-612
1332
-148
100
-612
1332
-148
100
-612
1332
-148
100
-612
1332
-148
100
-612
1332
-148
100
-612
1332
-148
100
-612
1332
-148
100
-612
1332
-148
100
-612
1332
-148
100
-612
1332
-148
100
-612
1332
-148
100
-612
1332
-148
100
-612
1332
-148
100
-612
1332
-148
100
-612
1332
-148
100
-612
1332
-148
100
-612
1332
-148
100
-612
1332
-148
100
-612
1332
-148
100
-612
1332
-148
100
-612
1332
-148
100
-612
1332
-148
100
-612
1332
-148
100
-612
1332
-148
100
-612
1332
-148
100
-612
1316
-148
100
-612
1332
-148
100
-612
1332
-148
100
-612
1332
-148
100
-612
1332
-148
100
-612
1332
-148
100
-612
1332
-148
100
-612
1332
-148
100
-612
1332
-148
100
-612
1332
-148
100
-612
1332
-148
100
-612
1332
-148
100
-612
1332
-148
100
-612
1316
-148
100
-612
1332
-148
100
-612
1332
-148
100
-612
1332
-148
100
-612
1332
-148
100
-612
1332
-148
100
-612
1332
-148
100
-612
1332
-148
100
-612
1332
-148
100
-612
1332
-148
100
-612
1332
-148
100
-612
1332
-148
100
-612
1332
-148
100
-612
1332
-148
100
-612
1332
-148
100
-612
1332
-148
100
-612
1332
-148
100
-612
1316
-148
100
-612
1332
-148
100
-612
1332
-148
100
-612
1332
-148
100
-612
1332
-148
100
-612
1332
-148
100
-612
1332
-148
100
-612
1332
-148
100
-612
1332
-148
100
-612
1332
-148
100
-612
1332
-148
100
-612
1332
-148
100
-612
1316
-148
100
-612
1332
-148
100
-612
1332
-148
100
-612
1332
-148
100
-612
1332
-148
100
-612
1332
-148
100
-612
1316
-148
100
-612
1332
-148
100
-612
1332
-148
100
-612
