-432
1500
1500
2948
1500
1778
-448
1500
1500
1500
1500
1500
1500
1500
1500
1500
1500
1500
1500
1500
1500
1500
1500
1500
1500
1500
1500
1500
1500
1500
1500
1500
1500
2948
-464
1500
1500
2948
1500
1500
1500
1500
1500
1500
1500
1500
1061
1500
-467
2651
1500
1895
-469
1500
2361
-469
-462
-461
-463
-469
1500
928
2948
781
2948
478
2948
1500
1500
1500
1500
1500
1500
1500
1500
5844
4396
1500
1500
1500
1500
2948
5844
-484
1500
1500
1500
1500
1500
1500
1500
1500
1500
1447
2948
1500
2948
1500
1500
1500
1500
1500
1500
1500
-488
563
1500
1500
1500
1500
1500
1500
1500
1500
1500
1500
1500
1500
1500
1500
1500
1500
1500
1494
-483
4396
1500
1500
2948
1500
1500
1500
1500
1500
624
1027
-479
1500
2948
1500
1500
2948
1500
1500
1500
614
-482
1500
1500
750
-482
-466
-465
-468
-469
-459
-461
1500
1500
2948
1102
-463
2948
1821
-478
1500
1500
2285
-475
1500
1423
4261
2948
1500
1500
1447
2948
783
2948
1500
2948
1500
1500
1500
1500
1500
1500
876
2948
1500
2948
1500
1266
4396
1238
2948
1500
1500
1500
2948
2948
1500
2948
1447
2948
2948
4396
1500
1500
1500
2948
1500
1500
1500
1500
1500
1500
1500
1500
1500
2948
1500
2948
2948
1500
2948
2948
1500
4396
2948
1500
2948
1469
1500
1500
2948
2948
2948
1500
639
-403
1500
1500
4396
2948
466
-228
2948
1252
609
-584
1500
1016
-250
318
-185
382
-89
-196
