-428
528
1512
1512
2972
1512
1512
1512
1512
1512
1512
1512
-448
468
723
2972
1512
1512
1512
1512
1512
1512
1512
1512
-438
1512
1512
2972
1512
1512
1512
1512
1512
1512
1512
1512
1512
1512
1512
1512
1512
1512
2972
468
427
1512
2972
1512
1512
1512
1512
1512
1512
1512
-450
2972
1512
1512
1512
1512
1512
1512
1512
1512
1512
1512
1512
1512
1512
1512
1512
1512
1512
1512
1512
-436
1512
1512
1512
1512
1512
1512
1512
1512
1512
1512
1512
1512
1512
1512
1512
1512
1512
1512
469
1512
470
1512
14652
-464
-444
-462
32820
6704
120
-438
2972
2972
470
1512
1512
665
-484
7352
16436
1512
465
-508
469
1512
1512
1512
1512
2972
2972
1512
4432
1512
1532
-514
470
1512
1512
887
-541
3002
-508
231
-508
470
445
-508
2972
1512
470
502
-508
743
-508
5597
-502
976
-496
470
348
4850
912
1346
3340
6340
465
2754
10148
16436
11036
-499
-508
-501
-508
-508
545
470
2972
1512
894
-545
568
1930
4119
-462
-566
-504
471
1512
1512
1512
472
2972
1512
981
469
1401
471
1665
709
1228
-563
-475
-503
-526
-498
-501
469
372
470
1512
2972
1512
-501
2071
-507
472
1512
1512
1512
1512
1512
1512
469
469
2972
2972
1512
596
471
1512
1512
2972
1512
1512
1512
1512
468
659
2972
2972
1512
1512
1512
1512
3032
1512
1512
1512
1512
1512
1512
2275
1512
2972
2972
1512
2972
1512
2972
1512
1512
1512
909
1859
-596
1087
-228
-500
-553
472
-555
1353
-661
2948
1252
-616
469
1360
749
-661
471
471
357
1417
-553
471
1512
2579
609
471
1512
1512
1512
1193
1512
1512
1512
1512
1512
1512
1512
1512
1512
-658
567
-586
439
1571
1512
1512
1512
1512
1512
1512
1512
1512
1512
1512
1512
1512
1512
1512
1512
1512
1512
1512
1512
1512
-584
-558
-531
-560
-536
-536
1500
1016
473
656
3390
3676
469
1073
-556
-559
-558
-555
669
4850
2011
-557
-545
474
1512
1512
1243
471
-558
1512
470
2972
1512
1425
-600
1076
-555
470
1512
1512
2972
1293
1512
1512
1571
470
1512
2972
1512
1512
1169
-650
-640
-556
469
659
1932
1512
2972
1093
-556
474
2972
1512
1512
688
-661
472
-661
1512
1512
1512
1512
1081
3391
2972
850
470
1512
2972
469
1036
1413
1149
472
1016
-557
470
1512
1512
1512
1512
1512
947
-605
-606
-596
-555
-608
-609
471
1512
743
-600
625
-601
756
-599
545
-602
549
-603
537
-568
467
266
364
2100
1011
581
563
539
526
-250
-456
318
-185
239
484
382
-89
-196
660
