-428
529
1512
2972
2972
1512
1512
1512
1512
1512
1512
1512
1512
1512
1512
1512
1512
1512
2972
1512
2160
1512
1512
1512
2972
1512
2972
1512
1512
1512
1512
1512
1512
1512
1512
1512
1512
2972
1512
1512
1512
1512
1512
2972
2972
2972
2972
2972
2972
1512
1512
1512
2972
1512
1512
1348
1512
1512
1512
1512
1512
1512
1512
1512
1512
1512
1512
1512
1512
1512
1512
1512
1512
1512
1512
1512
1512
13840
16436
4580
11908
16436
16436
16436
16436
4380
-448
472
723
-438
468
427
-450
469
1580
-436
-444
-462
-438
-464
470
1512
468
1512
2972
1512
1512
249
469
470
1512
-484
1691
1512
-462
1512
1512
1512
1512
1512
1512
1512
1512
1512
7352
2992
-508
1512
466
-514
1512
1512
1542
-541
470
1512
1512
1512
1512
1512
1512
1512
469
1401
887
1512
863
1217
465
2754
-563
-508
-508
-508
-508
-508
-502
470
2972
1512
1346
470
470
470
470
325
348
494
502
-496
-499
-508
-501
-508
-508
-228
471
1512
1512
2688
470
471
-545
546
567
472
2972
1512
-566
-504
1512
1199
3814
2920
-475
-503
-526
472
1512
1512
471
2441
471
708
469
470
-498
-501
1512
1512
1512
205
1512
1512
2071
-501
-507
372
2972
2972
1512
1512
1512
-506
4432
2106
-479
4396
470
3392
596
2972
1512
1512
1512
7352
468
4492
1933
470
4432
-484
7352
659
7352
2972
2160
-484
469
656
2972
1512
-504
2216
-507
389
469
261
-506
6809
-503
669
-505
1073
-500
6370
-553
469
659
-555
471
469
470
470
1512
1353
-661
2972
1425
-616
1930
1512
2972
1512
1512
1512
1512
1293
-661
1512
1243
4432
1512
-553
2972
5892
5892
1512
1512
2972
2160
749
-596
1512
1512
1512
1512
2972
2972
2972
470
1360
2972
779
1512
1512
4432
1512
1512
2972
1512
1512
1512
2972
1512
2972
470
2972
1417
1512
2972
4432
4432
2972
471
1512
469
2579
670
1512
1512
1348
2972
1512
1512
1512
1512
1512
1512
1512
1512
1512
1512
14652
32820
16436
12100
1863
-556
-661
-661
470
1512
1512
472
2496
1413
467
1016
-545
-558
473
659
-600
-555
470
1512
1512
1512
1512
1512
1169
472
1512
1512
4013
-650
470
2972
1512
1512
688
-640
-556
471
1512
1512
1512
1512
850
1932
1512
4069
-557
1081
470
1512
4432
2407
-605
-606
-596
-555
-608
468
209
-609
467
130
756
470
2203
-600
-601
-599
468
541
549
165
467
-602
-603
148
682
526
540
-658
567
-584
1500
1016
-586
438
1571
-568
363
1500
652
1011
-250
111
-456
239
484
-185
403
-89
-196
660
