-421
4396
1500
1500
1500
1500
1500
2122
-505
2948
2948
-505
4396
2948
1500
1500
2948
1500
-527
4396
1584
1500
960
2948
831
-508
4396
1500
-508
1500
2948
2948
1500
1500
1500
1500
1500
1500
1500
1500
1500
2948
-508
-508
-508
-521
-233
1500
1500
1500
1500
1500
1857
-228
1500
1500
1500
2948
1500
1500
1500
1500
1500
1500
1500
1500
1500
1500
1500
1500
1500
4396
1500
2948
2948
1500
1500
1500
1500
1500
1500
1500
1500
1500
1500
1500
1500
1500
1500
1500
2948
2948
1150
2948
1500
1500
2948
1500
2948
1500
1500
1358
2948
389
2948
880
1500
1500
1500
2948
1500
638
-640
-518
-518
-518
-518
1500
1500
1500
2102
-518
1500
1500
1500
1500
1500
1500
1500
1500
1500
1500
1500
1500
2948
1500
1500
1500
1500
1500
958
2711
1500
1497
1350
-518
-518
-518
-518
3000
1155
1719
1500
1576
-518
2298
-518
1500
976
-518
2658
-518
2062
-518
1500
1098
-518
1500
955
-518
1876
-518
1500
1323
-518
1500
1571
-518
2636
-518
1770
1500
981
2377
-584
-518
-518
-518
2221
-521
1500
611
-552
1500
1016
2741
-648
-555
1014
-250
1500
2948
3772
-559
1500
1500
2948
1500
1500
1500
1500
1500
2933
1500
1500
-486
2948
2948
1017
3838
2948
4396
1500
2948
1500
1500
1500
2948
1500
1500
1500
2948
1500
111
613
-594
840
1254
1445
1500
1500
2948
2948
1500
1500
1500
1500
1500
1406
-594
840
-234
-185
302
-490
366
-89
89
602
-196
660
