-424
2972
1512
1512
1211
-484
2972
1512
1512
1512
-478
4577
-455
1512
1512
1512
1512
1512
1512
1512
1512
-459
1567
1512
1512
958
1772
-505
1483
-521
2972
-446
-498
-500
-502
-516
-228
1512
1512
1512
1512
1512
2972
1725
1512
-502
2972
1512
1512
1512
967
-501
1512
1512
1512
1512
1512
1337
-543
1500
1500
1252
2972
1512
1512
1512
1512
1512
1512
2972
1512
1512
1512
1512
1512
1512
2972
1473
-539
1512
2972
2972
2970
-534
609
721
-501
4432
1512
1512
1512
1512
2972
1512
1512
1512
2972
2972
1512
1512
1512
1512
1512
695
-508
1512
1512
819
-509
1512
4432
1512
1512
2972
1512
4432
1512
2972
1512
2972
1512
954
-501
1512
2972
1512
4432
1512
1512
5098
-505
7352
2355
-509
4432
520
-533
1512
1512
2972
1512
1512
1512
4432
1512
1512
2972
2972
1512
1512
1512
1512
1512
1512
1512
1512
1512
2972
1512
2972
1512
2972
1512
2972
4432
5892
2972
2972
1512
1512
1512
1512
4432
1512
1512
1512
1512
1512
2972
1930
-533
2754
-536
1512
2972
1512
1512
1512
1512
1512
1512
1512
1512
1512
1512
1512
1512
1512
1512
1512
1512
1512
4432
1512
1512
1512
1512
1512
2972
4432
1512
1512
1512
1512
1512
1512
1512
1512
1512
2972
1512
1512
1512
1512
1512
2972
1512
1512
1512
1512
1512
1512
1512
1572
545
1512
1512
1512
1512
1512
1512
1512
1512
1512
1512
1512
1512
1512
1512
1512
1512
1512
1512
1512
1512
1512
1512
1512
1512
1512
1512
1512
2972
1512
1512
1512
1512
2972
2972
1512
2972
1512
1512
1512
1512
5892
4432
1512
1512
1512
1512
1512
2972
1512
1512
1512
1512
1512
1512
2972
1512
1512
1512
1512
1512
1512
1512
1512
2972
1512
1512
1512
1512
4432
1512
2972
2972
1512
1512
1512
2972
1512
2972
1512
1512
1512
1512
1512
1512
1512
4432
1512
1512
2972
1512
1512
1512
1512
1512
1512
1512
1512
1512
1512
1512
1512
1512
1512
2972
1512
1512
1512
1512
1512
1512
1512
1512
2972
4432
1512
1512
1512
1512
1512
1512
1512
2972
1512
1512
1512
1512
1512
1512
1512
1512
2972
1512
1512
1512
1512
2972
1512
1512
1512
1512
2972
1512
1512
1512
1512
1512
1512
1512
1512
1512
1512
1512
1512
1512
2972
2972
1512
1512
1512
1512
1512
1512
2972
1512
1512
1512
1512
2972
1512
2972
1512
1512
1512
1512
1512
1512
1512
1512
1512
1512
1512
1512
1512
1512
1512
1512
1512
1512
1512
1512
1512
1512
1512
1512
1512
1512
1512
1512
1512
1512
1512
1512
1512
1512
1512
1512
1512
1512
1512
1512
1512
1512
1512
1512
1512
1512
1512
10272
1512
1512
1512
1512
1512
1512
1512
14652
1512
1512
1512
1512
1512
1512
1512
2972
1512
1512
2972
2972
1512
1512
1512
1512
1512
1512
1512
1512
1512
1512
1512
1512
1512
1512
13192
1512
2972
1512
13192
16436
4772
1524
14452
2180
-584
2036
16436
16436
16436
16436
16436
14964
16436
16436
16436
16436
16436
16436
16436
11716
16436
1500
1016
16436
16436
16436
16436
7564
14308
16436
16436
16436
16436
16436
16436
11316
6132
5172
16436
16436
16436
13539
10356
16436
16436
16436
2603
2388
14100
-250
16436
16436
16436
16436
8679
318
-185
382
-89
-196
660
