-443
1500
1500
1500
-450
1500
1500
2948
1500
1500
1500
1500
1500
1500
1500
1500
1500
1500
-450
2948
1500
1500
1500
1500
2948
1500
1500
1500
1500
1500
1500
1500
1500
682
2948
1500
1500
-450
1500
1500
2948
1500
1500
1500
1500
1500
1500
1227
2948
1500
1500
1500
-475
1500
1500
2948
1500
1733
1500
1500
1500
1500
1500
1500
1500
1500
1500
1500
1500
1500
-458
1500
1500
2665
864
-438
1500
1500
2948
1978
1500
1500
1500
1500
1500
1500
1500
1500
1500
1500
1500
1500
1500
1500
1500
1500
2059
-489
-488
-472
-484
-469
-507
1500
1942
1616
1116
2948
1500
1903
-482
2251
951
-487
1500
1713
588
-488
1500
2050
-465
-507
1500
1500
2948
1500
1500
805
2948
1500
1500
1500
1500
1500
1500
1500
1500
1500
1500
16436
5388
16436
2492
1500
1500
1500
1500
5851
-531
1500
754
-532
-537
1500
1422
-542
1500
901
1500
1500
-548
1500
1500
1500
1500
1500
1500
-563
-504
1500
1500
1500
640
1500
1500
1500
1500
1500
1416
1500
1500
1500
1500
-482
1500
1500
1500
1500
2948
2948
1500
1500
1500
1500
1500
1500
-480
1602
4396
1500
2948
5128
2948
-488
2948
1500
1500
1555
4396
1500
1500
1500
-483
1500
1500
1743
1500
1500
1500
1500
694
-478
1500
1500
1500
1500
1500
1500
-491
-465
-502
-503
-501
-498
-503
-500
-515
-470
1187
426
1319
1500
126
1820
1460
1500
2008
1966
1819
1844
-495
1500
1500
2948
1500
1500
1500
1500
581
-487
458
1500
1500
1500
1500
1500
1500
1500
1500
2948
1500
1500
1500
1500
1756
1500
1500
1500
1500
4396
1500
1500
1500
4396
2948
1500
1500
1500
1500
2948
1500
1500
1500
1223
2948
1500
1500
1500
1500
1500
1500
1500
1500
1500
1500
1500
1500
690
918
1500
-481
1237
1042
624
1269
794
2948
1500
1500
617
2948
1500
1500
1500
1500
1500
1500
1500
1500
1500
2948
1500
2948
8740
-483
1500
1500
1500
2948
2948
1500
1500
1500
1500
1500
1500
1500
1500
1500
2948
1500
1024
-478
1500
1500
1500
1500
1629
1500
1500
-495
576
1500
2105
1500
1500
-491
-502
-506
-493
-524
-533
-506
-524
-531
-502
1281
1076
1500
1500
1500
2948
2818
1327
1576
1500
1500
550
1647
2948
509
1500
1534
1500
1500
2948
-482
-502
2948
1568
1500
769
771
1500
1500
-547
-506
-552
-515
-486
-515
-515
-509
1824
1786
1751
1500
1500
2097
1500
362
2948
1038
1826
2948
1500
1500
1500
1500
1587
1500
1500
1398
2840
1817
1851
-466
1500
1500
2948
1500
1500
1500
1500
1500
1500
1500
348
1003
-501
-228
1618
2948
1500
1161
1500
2948
611
1500
1500
1500
1007
389
-605
1500
1016
-250
111
-185
403
-89
-196
