-422
1512
1512
1244
1512
-228
2948
1500
389
1512
1512
1512
1512
1512
1512
1512
1512
1512
1512
1512
1512
-452
1512
2972
4432
1512
1512
1512
4432
703
1301
-452
-451
1512
1925
1512
1512
1512
1512
-463
1502
1512
1512
1512
1512
-463
1512
1512
1512
1512
1512
1512
1512
2972
1512
1512
1512
-466
1512
1512
1512
1512
1512
4432
1512
1512
1512
1512
1512
1512
1512
1512
1512
1512
1512
1512
1512
1512
1512
2972
1512
1512
2972
-463
2972
1512
1512
1512
1512
2972
2972
1512
1512
1512
1512
1512
1512
1512
1512
1512
1512
1512
1512
1512
1512
1512
1580
14652
16436
1188
1512
1512
1512
1512
1512
1512
1512
1396
15092
16436
16436
16436
16436
16436
1512
1512
1512
1512
2388
2972
1512
1512
1512
2972
1512
1512
1512
1512
1512
-457
1512
1512
1262
1512
-435
1512
1512
1512
1512
1512
1512
1512
1512
1512
1512
1854
1512
1512
1266
1512
1512
2972
1512
1512
1512
1512
1512
1512
1512
2972
1500
1500
-439
1512
1512
1512
1512
1512
1512
1512
1512
1512
1512
1512
1512
1512
1512
1512
1512
1512
1512
1512
1512
1512
1512
1512
2972
1512
1512
1512
1512
1512
1512
1512
4432
1512
1512
1512
1512
1500
1500
642
2357
1512
1512
1512
1512
1512
1512
1512
1512
1512
1512
2972
2051
1512
1512
1512
1512
1512
1512
1512
1512
1512
1512
1512
-250
111
9412
2972
1512
1512
4432
1512
1512
2972
1512
1512
1512
1512
1512
1512
2972
1512
1512
1512
1512
1512
1512
1512
1512
1512
1512
1512
1512
2972
1512
1512
1512
1512
1512
1512
1512
1512
1512
1512
2972
1652
14836
16436
16436
16436
16436
-185
366
89
11316
