-416
2948
1500
1500
1500
1500
1500
1500
1500
1500
1500
1500
1500
1274
-468
-450
1256
-483
1500
1500
1500
1500
-471
1500
1500
1869
1500
1500
2948
1500
1500
1500
2948
1500
1500
1500
1500
-464
1695
451
-475
1500
1500
1500
1500
-480
4396
1500
1500
1500
1500
3129
2948
1500
1500
1500
1500
1500
1500
1500
1500
1500
1500
1500
1500
1500
1500
-480
1500
2078
1500
1500
1500
1500
1500
1500
1500
1500
1500
1500
1500
1500
1500
1500
1500
1500
1500
1500
1500
1500
1500
10188
-492
1500
1500
1500
1500
1500
1500
1500
1500
1500
1500
1500
1500
1500
1500
1500
1500
1500
1500
1500
1500
2948
2948
1500
1500
1146
1500
8179
2948
-492
-481
-480
-481
1500
1500
1500
2948
1500
566
2948
1500
2190
-481
1500
1500
1500
1500
1500
1500
1500
1500
826
1500
2948
1853
-492
566
1500
1500
1500
1500
1500
1500
-481
1500
1500
1500
2948
1500
1500
1327
1500
1500
1500
1500
1500
1500
-480
1500
1500
1500
1500
-492
1500
2948
1500
1500
1500
1500
1500
1500
1512
1500
1500
1500
2948
2466
566
1500
1500
1500
-481
1500
1500
2948
1500
1500
-492
1500
1500
1492
566
1500
1500
1500
-492
1500
2948
1500
1500
1500
1500
1500
1500
-500
1500
1635
1500
2948
1500
1500
1500
-499
1500
1500
3852
-500
-499
-445
474
1067
-444
474
474
1199
-445
474
-448
657
338
-444
-440
1331
-480
-505
-505
-506
-505
-506
-505
-480
-441
-445
-442
-444
1500
1500
1500
2948
1500
1500
1500
1500
1500
1500
1500
1500
1500
1486
-505
1500
1000
2580
2193
1500
395
1500
1804
1500
2576
2948
1200
702
-441
1500
1380
424
704
338
634
-440
-439
-441
607
-448
338
-445
1500
2700
609
732
-440
-584
1470
-442
1231
338
666
2464
-250
547
338
318
-185
1024
382
-89
-196
-422
1500
1500
1500
1500
1500
2948
2948
-463
614
-450
1500
1500
2948
5844
2948
7292
3011
-477
1500
1500
1500
1273
1500
1500
1500
-473
2948
1500
2948
2948
1500
1500
1500
1053
-451
-556
390
361
1270
-1138
-466
1500
1252
-470
914
-476
1500
1500
1500
1500
1500
