-442
1500
1500
1883
-459
1500
1500
2948
1500
1500
-457
-451
1670
1500
1500
2948
1500
1500
1458
258
-423
-503
-513
1509
-517
2948
1500
1500
1500
2948
1500
1500
1500
1500
1500
1500
1500
1500
1500
4396
-509
4396
2948
1500
1500
1500
2948
1500
1500
1500
1500
1500
1500
1500
1500
1500
1500
1500
1500
1500
1500
1500
1500
1500
1500
1500
14532
-521
2948
4396
1500
2858
1500
1500
1500
1500
2948
1500
5844
1500
2895
1500
1500
1500
1500
1500
1500
1500
1500
-507
-506
1500
1500
1500
1500
1500
1500
1500
1500
1500
1500
700
2948
2948
2442
2948
2948
1500
1500
1500
1500
787
1699
1439
-228
1500
1500
1500
389
-605
1500
1016
-250
111
-185
366
-89
89
-196
