-428
2972
1512
1512
1512
1512
1651
-555
1512
1512
2972
1512
1512
1512
1512
1512
1512
-534
1512
1512
2972
1512
1512
1512
1512
1512
1512
1512
1512
1512
1512
1512
1512
5892
-470
615
-563
1512
1800
361
1512
1512
2972
1512
1512
1512
1512
1512
2972
1512
1512
1512
1512
1512
1512
1512
1512
1512
1512
1512
1512
2972
1512
2972
1512
1512
1512
1512
1512
1512
1512
1512
1512
1512
1512
1512
5892
4432
7352
-482
2972
1512
1512
1512
1512
1512
1512
1512
1512
1512
1196
-228
2948
1252
609
-584
1500
1016
-250
318
-185
345
-89
89
-196
