-443
321
2948
1500
774
-464
346
1500
1500
1500
1500
1500
1500
902
-440
-474
339
1858
337
255
-475
339
2948
1500
-476
1500
839
339
1500
1891
-481
339
1734
-454
340
2948
1500
-470
-477
-477
-470
-475
-472
1500
1500
1500
1500
1500
1500
1500
1500
1500
1500
339
339
1635
-477
1714
339
-472
1500
1500
1500
1500
2187
339
-473
339
1412
1500
-473
2368
-477
1500
1500
1500
2948
1500
1902
-485
727
339
2829
-482
340
1500
1500
1500
1500
588
339
-470
1500
1500
1500
1500
1122
339
1500
-473
4125
-471
339
1500
1110
-479
340
1500
1500
2948
1500
1500
2948
1564
-529
339
1500
1361
340
-514
1500
1500
1500
1500
1500
1500
1500
1500
1500
340
1500
1500
1500
1500
1500
1500
1500
1500
1500
1500
339
2948
1500
1804
-519
339
1500
579
-509
341
1500
1500
2948
1500
1500
1500
1500
1500
1500
1500
1500
1500
1500
1500
1500
1500
-557
338
157
-523
2948
1500
1500
1500
1500
1500
1500
1500
1500
1500
1500
1500
662
-515
339
2561
-513
340
1500
1500
2948
1500
1500
1500
1500
1500
1500
1500
1500
1500
1500
1500
2089
-513
1500
1500
1500
1500
1500
1500
1500
1500
1500
1500
339
2948
768
-511
2606
-530
459
1500
-534
1500
338
2948
266
-527
4396
2529
-519
338
272
-431
339
2948
1500
1293
3235
741
339
2948
908
341
1500
2948
1500
1500
1500
1500
1500
1500
340
2948
1500
1500
1314
342
1500
959
2948
1500
1500
1500
2948
1500
1500
1500
2948
1886
1500
2948
1500
1500
2948
1500
1500
1500
1500
1500
1500
1500
598
-228
1500
1500
1252
609
-605
1500
1016
-250
318
-185
345
-89
89
-196
