-448
1500
1441
2948
1500
1500
1500
1500
1500
1500
1500
1500
1500
1500
1500
1500
1500
1500
1500
742
-491
1500
1441
1500
1500
1500
1500
1500
1500
1500
1500
1500
1500
1500
1500
1500
1500
1500
1500
1564
-510
709
-492
2948
-492
-497
753
4396
1500
1500
1500
-492
1500
1500
1500
1500
1500
1500
1152
1500
1500
2948
1500
1500
-492
1500
1500
1117
1500
1500
2948
1697
1500
1500
-492
1500
1500
1500
836
2948
-492
1500
1500
1500
1500
1500
1500
-492
1500
1344
1500
1500
1500
1143
1500
-492
1500
1500
1812
1500
1500
-492
2948
1500
1500
-492
1500
1500
1829
-492
1500
1500
1500
3037
1500
1500
1500
1500
1500
1500
-492
-546
1500
1500
2948
1500
1500
1500
1500
1500
1500
1500
-557
1500
1500
1500
1500
1500
1500
1500
1500
1500
1500
1500
1500
1500
1500
1500
1500
10188
-551
2948
1500
1500
479
1500
1500
1500
1916
737
-554
1500
612
1500
2948
481
1500
1500
957
-492
1500
1748
1420
1420
-492
1420
1420
1420
1420
1420
1420
-492
1420
2788
1420
1420
2788
890
1420
1420
1335
2788
-492
1420
2788
955
1420
1420
-492
1420
1420
1420
1420
1420
1420
-492
1144
3953
1420
1420
-517
1420
1420
1420
1420
1420
1420
-503
-489
618
-500
516
1500
1500
1500
1500
-490
1500
1500
2948
1500
1500
1500
1500
1500
1500
1500
1058
2948
1500
1500
-500
1423
2948
1500
1500
-499
-549
-491
-492
-492
-492
-492
-492
1500
1500
1500
1500
1500
1500
2948
2948
882
474
-556
546
1412
494
2948
1500
1500
1500
1442
3006
-586
361
1500
1500
1500
1500
1500
1500
1500
1500
1500
1500
1500
1500
1500
1500
1500
1500
1500
2948
2948
1500
1500
618
1500
2948
2948
-626
-550
-551
-553
-557
-552
7292
1500
1500
1500
4396
1500
2414
-552
1500
2440
602
970
1500
2948
1500
1500
584
501
1500
2948
1500
1500
1500
999
2890
1500
1500
1500
1500
1558
1142
1420
2788
312
758
1420
1420
801
-492
-551
-228
431
228
2948
-750
1500
2948
3067
1500
1500
1500
1500
1500
1500
1500
1500
1812
1500
1500
1500
1500
2475
2948
2948
1500
1500
1500
1500
1500
1500
2698
2948
1500
1500
1500
3494
2788
1420
1420
1701
1420
2788
1420
4156
865
1837
1420
1238
1420
1420
2788
1420
-648
1189
1500
2464
329
1500
1500
1456
700
201
1500
1500
1815
1500
1500
1500
1718
1312
424
1420
1420
519
1572
-605
-492
-492
-492
-491
-492
-492
2464
-250
1413
111
-185
403
-89
1500
1500
4396
2948
-196
2386
2948
2948
2948
1500
1500
1500
1500
1568
2948
1886
1500
1500
1954
1500
1500
1500
4396
2948
1247
4396
2494
1420
1080
2788
2788
2788
4156
1260
-492
1500
1500
1500
1187
148
426
1420
1420
1420
1420
1420
1612
2948
1656
1500
1500
2948
1500
1023
1500
2975
1500
1500
1500
1231
4396
2948
1500
1500
1500
-492
-492
1500
1926
2948
2757
2948
1500
1500
943
-429
1500
1500
1500
1500
1500
1442
1500
2948
1500
1133
