-445
1512
1512
1512
1512
1512
1512
1520
1512
1512
2996
1512
1536
1512
1512
1472
1512
1512
1536
1740
-482
1500
1500
2948
1500
1500
1500
1500
2948
1500
-470
1500
1500
1500
1500
1500
1500
1500
1500
1500
1500
1500
1500
1500
1500
1500
1500
1500
1500
1500
1500
1500
1500
1500
1500
1397
6122
-492
1500
1500
2948
1500
1500
1491
-496
1500
1056
-506
-488
1500
1500
1500
1500
1500
1500
407
1500
1500
1500
1500
1500
1500
-464
-547
1500
1500
2948
-551
1500
1500
1602
1451
1500
1500
2948
1500
1500
2948
1500
1500
2948
2049
2948
1500
8740
5844
4396
808
4396
2948
1500
1500
1500
1500
2948
2948
2948
2948
2580
-228
1500
1500
1252
609
-605
1500
1016
-250
318
-185
345
-89
89
-196
