-419
1500
1500
2948
1500
1500
1500
1500
1500
1500
1500
1500
1500
1500
1500
1500
1500
1500
1500
1500
913
-476
-490
1500
1500
2948
1500
5844
7292
5844
-445
5844
2948
2948
1500
2016
1500
1849
-470
1470
2006
3383
-445
683
-505
1500
1500
2411
-521
1500
1500
2407
-504
-438
1487
2948
2948
-527
1500
1500
1500
1500
1460
1341
-531
-531
-535
1598
952
1275
-533
1318
-531
874
-472
1470
1470
1470
1470
1470
1470
1470
2888
1470
1470
1470
1470
1470
1470
1470
1470
1470
1470
1470
884
-400
708
-228
1500
1500
1252
609
-584
1500
1016
-250
318
-185
382
-89
-196
