-422
2948
1500
1500
1500
1500
1500
1500
1500
1500
1500
1500
1500
1500
1500
1500
3043
-449
1500
1500
1500
1500
1500
-450
1500
-990
1500
1500
1500
1500
2948
1500
1500
1500
1500
1500
1500
982
2934
-951
-463
-478
697
1838
-459
1113
1500
1500
1500
1500
1500
-457
687
1500
1500
1500
1500
1500
1236
1267
-455
1277
-453
987
-987
1500
1500
1500
-984
2007
419
-982
419
-984
419
-982
422
-927
1089
-926
1161
-927
792
-932
1500
1500
1500
1500
1500
1500
-932
-986
-459
-480
-480
-479
-446
-479
1500
1500
1500
2608
1500
1500
1500
1500
1500
1500
999
1020
1500
2948
1500
1500
1500
1500
1500
1500
1500
1500
1500
1541
1500
1500
1500
1500
-226
1500
1500
1500
1500
1500
1500
1500
1500
1500
1500
1500
1500
1500
1500
1500
1500
1500
1500
1500
1500
1500
1500
1500
1077
2948
1500
1500
1500
1500
1500
1162
2948
1500
1500
1600
1500
1500
1500
1500
1035
2948
1500
1500
549
1500
2948
1500
1500
1225
-994
-993
-993
-996
-935
-479
-479
-479
-480
-480
-480
1244
1500
1500
1500
1500
1484
1500
1500
1500
1500
1500
1500
1500
1500
1500
1500
2595
-477
1500
1500
1500
1500
1500
1500
1500
1500
1500
1500
1500
1500
1125
-477
1500
1948
-477
1500
905
457
-477
4396
1500
1500
874
1500
1448
1500
1500
2948
1500
1500
1500
1500
1500
1500
1500
1500
1500
1500
1500
1516
1500
1500
1500
1500
1500
1500
1500
1500
1500
1500
1500
1500
1500
1500
1500
1500
1500
2948
1500
1500
1500
1500
1500
1219
2948
1500
1500
1500
1500
1500
1500
1500
1792
2461
-516
-475
-476
-511
-506
464
1500
1500
1500
1470
1995
1500
1833
2948
1500
1500
1500
1500
1500
1500
1500
1500
1539
1500
1500
1500
1500
1500
1500
1500
-940
1500
1388
1512
1512
2972
1512
-948
1512
2972
1512
1512
1512
1512
1512
732
-964
-505
-504
-506
-505
1058
1004
718
1786
-618
-504
-506
-504
-513
1500
717
2972
1512
1512
1512
1500
1500
1500
1500
1500
1500
376
1560
385
1038
2972
1512
1512
787
-506
-508
-507
-509
386
-507
955
-511
421
-507
1406
-509
356
-509
-378
-226
-226
1518
-504
-228
420
385
1500
-509
-508
1500
780
111
2610
-507
-378
1500
2866
-508
1500
1500
1518
1500
1500
-510
1500
733
2610
-510
1500
1039
317
1312
1707
406
-969
111
-378
-969
1500
1500
1500
111
1500
2948
1500
1500
-969
1500
1500
1500
1500
1500
1500
1500
1500
1500
1500
1500
1500
566
1500
1500
1500
1500
1500
1500
1500
1500
1500
1500
1252
905
2948
1500
1500
1500
1500
806
1512
1512
609
1512
1512
1512
1512
1512
1512
1512
1512
1512
1512
1512
-584
575
2464
-250
1500
992
318
-185
345
-89
89
-196
