-425
1512
1512
1512
1512
2367
-569
-541
-589
1512
1512
1512
1512
-582
1512
1512
1512
1512
1512
1512
1512
1512
1849
2972
1512
1512
2972
1512
1512
1512
1512
1512
1512
1512
1512
1512
1512
1512
1512
1512
1512
1512
1512
1512
1512
-582
7352
1512
2972
1512
1512
1512
1512
1512
1512
1512
1512
1512
1512
1512
1512
1512
1512
1512
1512
1512
923
1512
1512
1512
1512
1512
2972
1512
1512
1512
1512
1512
1512
1512
1512
1512
1512
1512
1512
1512
1512
1512
1512
1512
1512
1512
1512
1512
1512
1512
14652
-582
5892
-459
2972
1512
1512
-582
-584
-228
526
1512
1512
1512
1512
1512
1512
1512
1512
1512
1512
1512
1512
1512
1512
1512
1295
2972
1512
1512
1512
1512
1512
1512
1512
1512
1512
1512
1512
1512
1512
1512
1512
1512
1512
1512
1512
1512
1057
1512
2972
1512
1512
1512
1512
1512
1512
1512
1512
1512
1512
1512
1512
1512
1512
1512
3722
-482
-584
-585
1512
1512
1512
1512
2972
1512
1512
1512
1512
1512
1512
1512
1512
1512
2972
1512
1512
1512
1512
1512
1512
1512
1512
1512
1512
1512
1512
1512
1512
1512
1512
1512
1512
1512
1512
1512
1512
1512
1512
1512
1512
1512
1512
1512
1512
1512
1512
1512
1512
1512
1512
1512
1512
4432
1512
2972
1512
1512
1512
1512
1512
1512
1512
1512
4432
1512
4432
1512
1512
1512
1512
1512
1512
1512
1512
4432
1512
1512
2972
1512
1308
-584
1512
4432
1512
1512
2972
4432
1512
1512
2972
4432
1512
4432
2777
-584
1512
2972
4432
2972
1512
1512
1512
2972
1512
1512
1512
1512
1512
2308
-584
4432
4432
4432
4432
4432
1847
-584
1512
1512
2972
2972
1512
1512
2972
1512
2972
2972
1512
1512
2972
1512
1512
1512
1512
1512
1512
1512
1512
2972
1512
2972
1512
1512
1512
1512
1512
1512
1512
737
-584
1512
4432
1512
2972
1512
1512
1512
1512
1512
1512
1512
2972
1512
1512
1512
1512
1512
1512
1512
2972
2972
1512
1512
2972
1512
1512
1512
1512
1512
2972
1512
1512
1512
1512
2972
1512
1512
1512
1512
2972
1512
1512
1512
2972
2972
4432
2694
-585
1512
4432
1512
4432
2972
2972
2972
4432
4432
1512
2972
2972
1512
1512
1512
2972
1512
2972
1512
1512
1512
1512
1512
2972
1512
2972
1512
1512
1512
2972
1512
2972
1512
1512
2106
-585
5892
5892
4432
3242
-585
1512
4432
4432
1512
1512
2972
1512
2972
1512
1512
2972
2972
4432
2972
2972
2434
-585
7352
7352
8812
1456
-584
2972
2972
1512
4432
5892
1512
4432
1512
1512
1512
1512
1512
1512
1512
1512
1512
1512
1512
1512
1512
4432
5892
5892
4432
5892
4432
1627
-585
2972
3084
-585
4320
1512
1512
1512
1512
1512
5892
4432
1512
1512
5892
3849
-585
1512
1512
1512
1512
1512
1512
1512
1512
2972
1512
1512
2972
1512
1512
1064
-585
1512
1512
1512
4432
1512
2972
1512
1512
1512
1512
1512
1512
2972
1512
1512
2972
2972
1512
1976
-585
1512
7352
5892
4432
1512
1512
1512
4432
1512
2972
1512
1512
1512
1512
2972
2972
1512
1512
2972
1512
1512
1512
4432
4432
1512
1512
1512
1512
4432
1512
1512
2972
1512
1512
1512
2972
1512
1072
-601
1512
1512
1512
1512
2972
2972
1512
1512
1512
2972
2972
1512
1512
1375
-601
1512
1512
2972
1512
1512
1512
1512
1512
1512
1512
1512
1512
1512
1512
2972
2972
1512
2972
2225
2972
2972
1512
2972
1512
1512
2972
2972
1512
1512
4432
1348
2972
1512
2972
1512
1512
1512
1512
2972
1512
1512
1512
1512
1512
1512
2972
1512
2972
2972
2972
4432
4432
1512
1512
1512
1512
1512
1512
1512
1512
4432
1512
1512
1512
1512
1512
1512
1512
1512
1512
1512
1512
1512
2972
2972
1512
1512
1512
4432
2694
1512
2007
887
1512
1512
1512
1512
4432
1512
1512
1512
1512
1512
1512
1512
1512
1512
1512
1512
1512
1512
1512
2972
1512
1512
1512
1512
4432
1512
2972
1512
1512
1512
1512
1512
1512
1512
1512
1512
1512
1512
14652
16112
1512
1512
1512
2972
1512
1512
1790
-228
2948
1500
389
-584
1500
1016
-250
111
-185
403
-89
-196
660
