-429
1500
1500
2948
1500
1500
1500
2948
1500
1500
1500
1500
1500
1500
1500
1500
1500
1500
1500
1500
1500
1500
1500
2948
1500
1500
1500
1062
-1228
1500
1500
1500
1500
2948
1500
1500
1500
1500
1500
832
2534
1500
2948
1500
2948
2948
1500
1500
1500
1500
1500
2948
1500
2948
1500
1500
1500
2948
1500
5844
2948
1500
1500
1500
2948
4396
2948
1164
-475
1500
822
-471
455
-457
-481
-487
1500
2948
1500
1500
1500
1500
1500
1500
971
2948
1500
1500
1500
-456
1500
1500
1500
1500
2948
1500
1500
1500
1500
1500
1500
1500
2948
1500
1500
1827
1500
966
1500
1500
2948
-460
1936
1500
1500
2948
1500
1500
1500
1500
1500
1500
1500
-465
1500
1500
1228
1500
1500
1500
1500
1500
1500
1500
1500
1224
-638
-475
-474
-465
1500
1500
2948
1500
1972
-544
-466
-473
-461
1500
-463
1071
-461
2948
2948
2948
761
-473
1500
1500
958
-470
3279
-465
1500
1500
1500
1353
1500
-482
1500
1500
1500
1500
1500
1500
1791
-464
1500
1500
1500
2024
-463
2948
1500
1414
-467
2948
1500
2175
-467
1500
1500
1500
1500
934
-466
2948
1500
1500
1500
1500
3205
-463
1500
1500
1500
1500
723
-471
2931
-473
1500
1500
2216
1500
2948
1500
1842
-457
1500
1996
-466
1500
1709
-471
1500
1061
-468
1500
1500
1062
-462
1500
1500
1637
-468
1500
1500
928
-469
1500
1500
1500
1500
1500
1500
1500
1500
1500
1500
1500
1500
1500
1500
875
-462
2948
3169
-472
1500
1500
1500
3139
-466
1500
615
-468
1500
1500
1500
2086
-467
1500
2948
1500
1500
1500
2948
1500
1500
2050
-467
1500
1500
1500
1500
1275
-467
2386
-467
2630
-458
1500
1500
572
-460
1500
1992
-463
1500
1500
638
-476
1500
1752
-469
1500
1500
524
-469
1500
1905
-467
1500
2948
1500
1500
849
-471
1810
-471
1500
1500
1358
-457
1500
2861
-471
1500
1663
-466
1500
659
-469
2932
-463
1500
1500
571
-462
1500
2948
2948
1565
-466
1500
1500
1500
1500
1500
1500
752
-467
2948
2948
1500
1421
-458
2948
1803
-482
1750
-463
1500
2478
-468
1500
798
-467
1500
1029
-468
1500
1762
-481
1500
1582
-491
1500
1605
-466
1500
1500
549
-478
1500
2280
-472
1500
1500
991
-478
2901
-464
1500
1517
-464
1500
1182
-466
1500
1500
1500
1500
1500
1500
739
-466
1500
1500
1500
610
-474
1500
1500
1500
1500
1500
1182
-470
3425
-469
2948
1817
-468
4396
2948
2612
-474
1500
2948
797
-463
1500
951
-465
1500
1500
1500
1150
-466
1500
1500
1500
1848
1500
-470
1500
1095
-469
1500
1500
967
-473
1500
1500
1500
1500
2948
1500
1500
1500
1500
1500
1500
1500
2156
-476
2011
-470
1500
1500
1500
1500
1730
-469
1500
2045
-460
1500
1500
2336
-467
2948
2925
-467
1500
3101
-466
1500
1500
1464
-465
1500
1020
-470
1500
1054
-463
1500
1500
1509
-460
1500
1861
-470
1500
1884
-467
1500
2061
-476
1500
1355
-463
1500
1177
-466
2938
3966
-469
-465
1500
1500
1500
1286
-470
2391
-481
2948
1500
1500
1500
1403
1551
-477
-469
1500
1206
-479
2873
-457
1500
1500
2375
-455
1500
1500
1500
1500
1500
1097
-455
1500
1500
1500
1500
1500
1500
1500
1500
1500
2948
1500
1500
1500
1633
-455
1500
2948
2948
1500
1500
1500
2948
1500
2138
1500
-454
2948
1500
1500
2948
2948
1500
1500
1500
1500
1036
2948
1500
1500
1500
1500
1500
1952
-462
1500
1500
1500
2948
1500
1500
1500
1500
1500
1500
1500
1500
1500
772
-462
2948
1500
2948
1500
2948
1500
1500
2948
1500
1500
1500
1500
1500
1500
1500
1560
-483
1500
1500
1500
1500
1500
1500
1500
2948
1500
1500
1500
1500
1500
1500
1500
1500
1500
2948
2948
2948
1500
1500
1500
1500
1908
-455
1500
1500
2948
2948
1500
1500
1500
1500
1500
1500
1500
1500
1500
2948
1500
2948
1377
-462
1500
1500
1500
2948
1500
1500
1500
1500
1500
1500
1500
2948
2948
2948
2948
1500
1500
1500
1500
1500
1500
1500
1500
1500
1500
1151
-455
2948
1500
2948
1500
2948
2948
1500
1500
1500
1500
1500
1500
1500
1500
1500
2948
2948
2948
1500
1500
1500
1500
1500
1500
1500
1500
1500
1500
1500
1500
1500
1500
2948
1500
2948
1500
1500
1500
1500
16436
2492
2948
1500
1500
1500
1500
1500
1500
1500
1500
2948
1500
1500
2948
1500
1500
1500
1500
1500
1500
1500
1500
1500
16436
5388
4396
1500
1500
1500
4396
16436
1500
16436
16436
-489
1500
1500
1500
913
-487
5844
1500
8740
3606
2948
-465
16436
16436
7828
1500
2948
1500
1500
1500
1500
1500
1500
1500
2948
2948
2948
2209
2948
2948
1500
1500
1500
1500
2948
2948
1500
2948
1990
-479
1500
1500
2948
2948
1500
1500
1500
1500
2209
2948
770
-465
839
1589
-460
1500
2948
2948
2948
1500
2948
1500
761
1500
2948
1500
1500
1500
1500
1500
1500
2948
1500
2948
1500
2948
1071
-468
1949
-465
8740
1500
1500
1500
7860
113
-465
1500
2948
1500
1500
1500
1500
1500
1500
1500
2948
1500
1500
1282
-469
6452
1500
1500
2948
1500
1500
1500
1367
-462
1500
1500
1500
2948
1500
1500
1500
1500
1500
1500
1500
3318
-482
1500
2948
2948
1500
1500
1500
2948
1500
1500
1500
1742
-465
1500
1500
2948
1500
2948
1500
1500
1500
1500
1500
1500
1500
1500
1500
1500
1500
2283
-469
1500
1500
2948
638
-480
1500
1500
1500
1500
2948
2948
1500
1528
-478
1500
1500
1500
2948
1500
2948
1480
-476
1500
1500
1500
2948
1500
1500
1889
-474
104
15220
2948
1500
1500
1500
1156
4396
2948
1500
915
-462
1500
2352
-455
1500
1500
1621
-462
1471
-485
1500
1388
-471
1500
1500
1500
2316
-455
1500
1500
1500
1437
-462
1500
1500
1500
1500
1107
-455
1500
1392
-455
1500
1500
1500
1500
1500
1720
-455
1500
1950
-475
1500
1500
1500
1500
2209
1500
1500
1500
1623
-471
1500
1500
1500
776
-475
4396
799
-477
1500
1820
-471
1500
2948
1765
-470
1500
1500
2283
-474
1500
1500
1500
903
-473
1500
1500
2831
-470
1799
-479
1500
2948
1356
-481
1500
1500
2960
-470
3192
1500
1500
1500
1434
-466
1500
2948
1476
-477
1500
1500
2785
-466
1500
1530
-473
1500
1500
1500
491
-470
1500
1147
-467
1500
2948
1690
-469
1500
1500
1970
-466
1500
1500
1500
1872
-473
1500
1180
-467
1500
1500
1136
-472
1500
2540
-469
1500
1723
-466
1500
1500
999
-479
1268
16436
1500
1500
1734
1500
-452
2948
2948
2948
2948
1500
1500
1500
1500
1500
1500
16436
1500
1500
1500
1500
1500
1500
1500
1500
520
-475
2948
2948
1500
1500
1500
2948
1500
2948
1500
1500
16436
16436
16436
16436
1994
-1242
1410
-470
1500
1500
1500
2948
1500
2948
1500
1500
1500
578
-477
16436
16436
1500
1524
-464
2948
2948
1500
4396
2948
4396
2948
4396
2948
2209
1500
1205
-468
1500
2948
1500
1500
1500
1500
1500
1500
1500
1500
1500
1500
1500
1500
1500
1500
1500
1500
1500
1500
1500
1500
1500
1500
1500
1500
1500
1500
1500
1500
2948
1500
1500
1500
1500
1500
2191
-427
1500
1500
1500
1500
1500
1500
1500
1500
1500
1500
1500
1500
2948
1500
1456
10036
2948
1500
1879
1500
1500
1500
1500
1500
3036
16436
16436
16436
16436
16436
8628
16436
16436
16436
16436
16436
6132
-605
11316
11316
470
-656
1500
983
-651
-663
1500
1510
-656
2475
1500
1880
-656
1500
1280
-662
-663
-657
-663
-657
-661
1454
1446
1500
1780
2862
1500
1534
2523
1500
1641
-228
10356
16436
16436
16436
16436
16436
1500
1500
1252
5172
609
16436
16436
16436
16436
16436
16436
16436
16436
16436
16436
16436
5172
16436
16436
16436
16436
16436
5812
10676
16436
16436
16436
16436
16436
-490
1640
318
-1263
1500
1711
16436
16436
16436
16436
16436
16436
16436
16436
16436
16436
16436
2297
-185
16436
16436
16436
16436
16436
16436
382
-89
16436
16436
16436
16436
16436
16436
-196
16436
8276
