-421
2948
2948
2948
2948
1500
1500
1500
1268
-432
-560
1500
2948
1500
1500
1381
-434
739
-469
1500
1500
2135
1500
1500
-468
2948
1500
1500
2948
2948
1500
1500
1500
1500
1500
1500
-469
1500
1500
1981
-469
2948
1500
1500
2065
-468
2948
1500
1230
1500
1500
2939
1500
1500
1500
1500
-469
-469
-453
1064
-469
-453
-469
-470
-469
1500
1500
1500
2560
1500
1220
2948
1500
1500
1200
1500
2948
1643
776
906
2948
1500
787
1500
1500
2859
-456
1500
1500
2948
1500
1551
-452
1500
1500
2948
1500
1737
-458
662
-441
894
-465
1500
1500
2948
1483
-465
1500
1500
1500
1500
-465
1321
1500
1500
1500
1089
-465
4396
1402
-465
1500
1500
2948
1921
-465
-453
-469
-469
-469
-453
-468
-469
-453
-469
-453
-456
-457
-465
1500
1500
2495
1500
1500
1980
1500
1500
1500
1500
1500
1500
835
798
2948
1500
1725
1500
2948
1500
2948
2515
2948
1500
1059
941
1169
928
863
882
1164
-616
4396
1500
1500
2948
1500
1500
1500
1500
1500
1484
-616
934
-616
928
-476
938
1512
1719
-476
-448
-469
-469
-469
-464
-469
-469
-463
-469
-471
-472
-473
1500
1500
2067
1500
-468
2948
1130
-469
2948
3060
-468
1500
1500
1500
1622
-469
1500
1500
2037
1500
-469
1500
2635
-469
2948
1443
-469
1500
1500
2124
-469
1500
1518
-470
2948
1500
770
2768
-470
679
-466
1500
755
3572
1500
1500
-471
-469
1500
188
2853
-475
-468
1500
4396
1647
-470
1500
1500
1500
1816
-470
490
-467
490
-477
1500
1500
1889
-469
1500
1914
1500
1500
-470
2811
-469
1500
1500
2948
839
-469
1500
2948
1500
1123
-481
1872
-469
2948
2261
-469
925
-484
1500
1500
1500
1500
1500
2948
2604
-478
2948
3006
-469
1500
2156
-483
2948
1778
-469
2948
853
2948
2771
596
-485
2151
-471
1500
1500
3380
1500
3038
1500
634
-476
531
-474
1500
1500
1500
849
449
-478
1500
2008
-464
631
-400
1500
1500
1697
2948
2948
1500
872
2775
2948
2153
576
768
1500
2588
-654
1500
1500
2948
1500
1500
-651
1500
1500
1278
1500
1500
2948
2948
1500
1646
-228
-654
1500
1500
1500
2700
2948
1500
1500
1500
1500
1500
580
609
-584
2464
-250
318
-185
382
-89
-196
