-440
1432
1432
1432
1432
1432
1432
-548
1432
1266
-502
1432
1432
673
-479
1500
1500
1791
1432
-446
3508
1604
-492
1500
955
-491
-493
1500
1500
1500
1500
1500
1500
1500
1500
1500
1500
1500
1500
1500
1500
-473
1500
934
1500
1500
1500
1500
2948
1500
1500
1500
1500
1500
1500
1500
1500
1500
1500
1500
1500
16436
3940
-613
-490
-483
-494
16436
16436
10724
8740
6801
633
869
526
1098
2948
1500
1500
1500
1500
1500
1500
1500
1500
1500
2948
1500
1500
1500
1500
1500
1500
1500
1500
1500
2948
1500
1500
1500
1500
1500
2948
1500
1500
-664
1500
1500
1500
1500
1500
1500
1500
1500
1500
1500
1500
2948
1500
1500
1500
1500
1500
2948
1734
1002
-228
1500
1500
1500
389
-605
1500
1016
-250
111
-185
366
-89
89
-196
