-443
2948
2948
-478
1500
1500
2948
1500
1500
1500
1500
1500
1500
1500
1500
1500
-478
1500
1500
1500
1500
1500
1580
1500
1500
1500
1500
1500
1500
1500
1500
1500
1500
-480
1500
1500
2948
1500
1500
1500
1500
1500
1500
1500
1500
1500
1500
1500
1500
1500
1500
1500
1500
1500
1500
1500
1500
1500
1500
1500
1500
1238
-481
1500
1061
-573
-477
-507
1500
1500
1625
1500
1500
2948
1500
-479
1435
1500
1500
1500
-477
1500
1500
2948
1500
1500
1500
1500
1500
1500
1500
1500
1500
490
2948
968
1500
1500
1500
1500
1500
2004
2948
1500
1500
-510
1500
1500
4198
1500
1500
1500
1500
1500
508
-494
378
1171
1500
-494
1500
1500
1500
2948
1500
1500
1500
1500
701
1819
-494
1500
1500
-494
1500
2382
1500
1500
-494
1508
-494
1500
1500
-550
1500
1500
2015
1064
-517
1500
731
1430
-526
1500
1500
-491
1500
1500
1500
1500
1500
1500
1500
1500
1500
1248
-491
1429
1500
1500
-494
1500
1500
1826
1500
1500
1500
1500
1512
-503
-505
-485
-490
-478
-493
-494
-494
322
1500
-901
1500
1500
1500
2948
1500
1500
1500
1177
1500
1500
1500
1500
1825
241
2948
1500
1500
1500
2291
-228
1500
524
2334
2948
1500
1500
-563
1500
1500
4396
2144
-501
-533
-519
1500
-535
1223
2799
472
1837
-519
453
1500
1500
-516
1500
1500
-516
1236
1500
1500
2948
1500
1500
1500
1500
1500
1500
1500
1500
-584
1500
1500
1500
1500
1500
1016
1500
1500
2948
1500
1500
1500
1500
1500
1500
747
1500
1500
2948
1956
1500
1500
1500
1500
-250
1500
1500
1500
1500
1500
1500
1500
1500
1500
1500
1500
1500
1500
1500
1500
1500
1500
1500
1500
1936
1500
1500
1500
671
111
2948
1500
1500
1500
1500
1500
3132
-523
-185
403
-89
750
-196
-508
-508
474
-538
-623
1637
-655
455
264
1500
-746
2948
1500
1500
1500
1500
1500
1500
1500
1500
1500
1500
1500
1500
1500
1500
1500
1500
1500
1500
-604
1500
1500
2948
1500
496
1500
2948
2948
2948
1737
1465
1647
-608
-610
1500
1229
1500
-598
1500
1500
1500
1500
1252
378
-594
1500
1500
647
-594
1500
1500
-594
1500
1500
2948
1500
1500
1500
1500
1500
1500
-594
1500
1500
1500
1500
2948
1500
1500
1500
1500
1500
1500
1500
1500
1500
1500
-594
1500
1500
1500
1500
1500
1453
1500
1500
2948
1500
1500
1647
-594
1500
1500
2948
1500
1500
1500
1500
-594
-575
-575
1500
1500
2948
1500
1500
1500
1500
1500
1500
1500
1500
1500
1500
1500
1500
1500
2948
2948
2948
1500
1500
1500
1956
1500
1500
1500
1500
1956
1500
2948
2948
2948
1500
1500
3404
5844
1956
2948
1500
1500
2948
1500
1500
1500
1500
1500
1500
1500
1500
1500
1500
698
-575
2948
1500
1855
-575
1500
1500
1799
-575
2948
1437
-575
1500
1500
1500
1500
1500
1500
1500
1500
1500
1500
1685
-575
1500
4396
4396
1500
1500
3404
2948
2948
4396
2948
1500
1500
1500
1500
1500
1500
1500
1500
1500
1500
1500
2948
1500
1757
-575
1500
1500
1500
2948
2948
1500
2948
1500
1500
2948
1500
1500
4396
4852
1500
1814
1500
5844
4396
2948
1500
508
2948
1500
1500
1500
1294
2948
2948
2948
2948
1500
1500
1956
2948
1500
1500
1500
570
2948
1500
1923
1500
874
1500
2948
2948
1500
2948
1500
3404
1734
