-421
2948
1500
1500
1500
1500
2948
1500
1500
1500
1500
1500
1500
1500
1500
3252
-696
1500
1500
2948
1500
1449
-698
1500
1500
713
-698
1409
-696
1500
1500
2948
1500
1500
1500
778
-683
603
-662
-705
-710
-691
-695
-693
1500
1892
-710
-705
1500
2327
-694
2948
1007
-702
1500
1567
-697
1500
1500
1500
1500
1500
1500
1500
1500
1500
1500
1365
-700
1500
1500
1500
1500
1500
1500
1500
1500
1500
1500
1500
1500
1500
1500
1500
1500
1500
775
1500
-695
1500
1500
1500
1500
1500
982
-704
1500
2948
1500
1464
1500
1500
1500
1500
1500
1500
1500
1500
1500
1311
2948
1500
1500
1500
1500
1500
1500
1500
1500
1500
1500
1500
1500
1500
1500
1500
974
-703
-708
1500
1500
2948
2948
1500
2592
-709
1500
1500
1500
1500
1500
1500
1500
1500
2716
2201
1500
2085
1500
1500
1500
1500
1500
1500
1500
1500
1500
1500
1500
1500
1500
1500
1030
2948
1500
1500
857
819
-474
-619
-709
-709
-710
-710
-710
-709
1251
1500
1500
2948
1500
1500
1500
1500
1500
1500
1500
1500
1500
1500
2948
1500
1500
2948
1500
2948
2869
-709
2948
2948
2948
2948
4396
1500
1500
957
-704
1500
1500
1500
1500
2948
2948
1500
1500
1500
1500
1500
1500
1500
1500
1500
1500
2948
1500
2948
1500
2948
2948
1500
2948
2948
1500
1500
1500
1500
823
4396
1310
-664
1500
2948
1500
1500
1500
1500
1500
1500
2948
1500
2948
2948
2948
1500
2948
1500
2948
1500
1500
1500
1500
1500
2452
-710
4396
4396
4396
2948
4396
2948
2948
1500
2948
4396
4396
2948
1500
1500
1500
1500
1500
1500
1500
1500
1500
1500
1500
1500
1500
1500
1500
1500
1500
1500
1500
1500
1500
1500
1500
1500
1500
1500
1500
1500
1500
2948
1500
1500
1500
2948
1500
2948
1500
1500
1500
2948
1500
1500
1500
1500
810
-701
1500
1500
2948
399
-697
849
-694
1500
1500
1500
1500
1500
1500
2948
1500
2948
2948
1500
1303
-687
595
-694
1470
-697
1500
1500
1500
1500
2948
1500
1500
16436
1044
2948
2948
2948
1500
1500
1500
1500
1500
1500
1500
1500
1500
1500
1500
1500
2948
1500
2948
2948
2858
2948
4396
4396
1500
1500
1198
956
2948
2948
1500
4396
5844
1500
2948
2948
2948
4396
4396
2948
1500
4396
1500
2801
1500
1500
1500
1500
1500
2948
1500
2948
1500
1500
1500
1500
1500
1500
2948
1500
1500
1500
1500
1500
2948
1500
1500
1500
1500
2948
1500
1576
1500
1500
1500
2948
2948
2948
2948
1500
1871
-551
1128
-485
722
-649
-582
1002
645
-228
-645
757
-674
776
-630
682
1500
2700
609
-584
1500
1016
-250
318
-185
345
-89
89
-196
