-444
464
1420
1420
1054
-534
-552
-551
1280
1692
-552
496
1420
1420
1692
1420
-561
1420
1202
-557
493
1420
1420
-560
-552
-554
-553
-228
1500
1500
1252
609
496
1420
1420
1420
1420
1420
1420
1420
497
1420
1420
1420
-478
496
1734
496
-553
1420
1420
798
-565
-605
2464
-250
318
-185
1420
1420
1420
1420
1744
-566
1420
1420
1420
1420
1420
1420
1420
1420
1420
1420
382
-89
-196
1420
1420
1420
1420
1420
1420
1420
260
1420
1307
-550
1197
-552
1420
1420
1420
1420
1420
1420
1420
1420
2444
-532
1420
1420
1420
1420
1420
1420
1420
1420
1420
4156
1420
1420
1420
1420
1420
494
1910
-536
1420
923
1420
-546
1420
1420
1420
1420
1205
1420
1156
-534
947
-490
1048
1542
1503
1253
512
1420
1420
1090
1098
