-421
1512
1512
1512
1512
2972
1512
1512
1512
1512
1512
1156
-420
1512
1512
2972
1512
1512
1006
-436
1512
1512
2972
1491
-438
1512
1512
2972
1512
856
-440
1512
1512
2972
949
-438
-438
-435
-437
-438
1512
1512
1512
1512
1512
1512
620
1512
2972
1512
1512
1512
1512
735
1512
2972
1512
1512
816
1512
2972
1512
1512
1071
-444
-441
-434
-438
-442
4432
1512
1512
1631
-436
1512
1512
1512
1512
1512
1512
1512
541
-441
2972
1512
1512
1810
-440
1512
2972
1512
1512
1757
-437
1512
1512
1512
1512
1512
737
-435
1512
2972
1512
1512
1512
1512
1512
1406
-439
1512
2972
2972
1602
-439
2972
2972
1512
1793
-437
2972
1512
1113
-436
1512
1904
-437
1512
1512
2972
1368
-441
1512
2972
2972
851
-442
1512
1512
1512
1512
1512
1512
683
-444
1512
1512
2972
1512
896
-396
1512
2972
1512
888
1512
2972
1512
1512
1012
2972
1512
1512
1199
2972
2972
1512
2972
1512
2972
1512
1512
1512
1512
1512
1512
1512
1512
1512
1512
694
1612
2972
1512
1512
1512
1512
1512
1512
1512
1512
1512
1512
1512
1512
1512
1512
2972
2972
1512
2972
2972
1512
1512
1512
1512
1512
1512
1512
1512
563
-530
511
-501
1512
2972
1512
1512
1512
2972
1512
1512
1512
1512
1512
764
-228
-445
-445
-445
-445
-445
-445
1512
1512
1512
2972
1512
1512
1512
1512
1512
1512
1512
1512
1512
1512
1512
1512
1512
1512
1512
1512
1308
-445
2972
1512
1512
1512
642
-444
2972
1512
1512
1501
-445
1512
1512
1512
1512
1512
1512
1512
1512
1512
1512
1512
1512
1512
1512
1512
1512
1512
1512
1512
1512
1512
1512
1512
1512
1249
-445
2972
1512
1512
1512
1512
1512
1512
1512
1512
1512
1512
1512
820
-445
2972
1512
1512
1512
1512
1512
1512
1512
1512
1512
1512
1512
1512
1512
1512
1512
1512
1512
1512
1512
1455
-445
1512
1512
1512
1512
1512
1512
1512
1512
1512
1512
1512
1512
1482
-447
1512
1512
1512
1512
1512
1512
1225
-445
1512
1155
-449
1512
1512
1512
1512
1512
718
-445
1512
1419
-445
1512
1512
1512
1512
1512
1512
1512
648
-445
1512
1512
1512
1512
1512
1512
1512
1512
1512
1512
1512
1084
-447
2972
1512
1512
1512
1512
1514
-445
1512
1512
1539
-445
1512
1512
1512
1512
1512
1512
1512
1512
1512
1512
1512
1512
1512
1512
1512
1512
1512
1512
1512
1512
1512
1512
1512
1512
1512
1512
922
-445
2972
1512
1512
1512
1512
1512
1512
1512
1512
1512
1512
1512
1512
1512
1512
1512
1512
1512
1512
1028
-445
1500
2972
1512
1512
1512
1397
-445
2972
1512
1512
1512
1512
1512
1512
1512
1512
1512
640
2972
1512
1512
927
2948
389
-584
1500
1016
1512
1512
1512
1512
1512
1512
1512
1512
-250
1512
1512
1512
1512
1512
1512
1512
834
1512
1512
1512
1512
1512
1512
1512
1339
1512
1512
1512
1512
526
1512
1512
1512
111
-185
1512
1512
1512
1512
1512
1512
1512
1512
1512
1512
1512
1512
1512
1512
1512
1512
1512
1512
1512
1512
1512
1512
1512
1512
1512
1729
1512
1584
1512
1584
1512
1584
1512
1583
1512
1583
1512
1359
403
-89
-196
