-425
1512
1512
1512
1512
1512
1512
1512
1512
1512
1512
1512
1512
1512
1512
1512
1512
1512
1512
1512
1512
1512
1512
1512
1512
1512
1512
1512
1512
1512
1512
2972
2972
2972
2972
2972
2104
-438
1512
1512
1512
1512
1512
1512
1512
1512
1512
1512
1512
1512
1512
-465
7352
7352
8812
5892
2611
4021
-459
1863
-455
1953
-458
-461
1462
-680
1816
3000
1155
1484
-485
1512
1723
-480
-491
1512
1116
3436
-488
1512
911
-484
1512
913
-496
-457
-457
-477
-447
-459
-464
-482
-485
-484
-474
-619
2483
403
1512
1512
1512
2231
2753
2184
2616
1941
1512
1512
2972
1512
1512
1512
1512
1512
1512
1512
1512
1206
2816
1512
1512
1428
3296
-471
3000
1155
1500
1512
2815
2972
1818
809
1500
753
1512
1175
-471
1512
762
-471
-471
1512
727
2386
-471
2424
-471
1512
637
-494
-494
2613
2972
1512
1190
-494
2972
2117
-494
4432
1512
-494
494
2972
1512
1512
-494
2972
2972
1512
1920
-473
1574
2972
1512
1512
-469
2916
2972
1512
997
-468
-474
-462
-457
-452
-460
-474
-474
-471
-471
-475
-470
-466
-494
-684
1014
1512
1512
1512
1137
-647
732
612
1548
1936
1512
1047
1512
657
2733
1512
1512
1512
1512
1512
1512
1512
1512
1600
1512
1512
1512
1775
3333
1512
1512
1185
1373
1749
1933
-634
1775
2120
2461
2251
4302
1512
1512
-643
817
-648
1500
1169
2307
-648
1500
1500
1252
2903
-643
-464
-490
-478
-466
-474
-474
1206
1454
1752
1512
2972
1512
1512
1512
1512
1512
1512
1512
788
-472
609
1512
1512
1512
1512
1512
1512
1512
1500
2233
3180
1512
865
2407
2135
2407
1861
2614
1935
1964
2231
1512
1512
1512
1910
1512
2972
1512
1512
1512
1512
1551
-584
-466
-474
-451
-469
-462
-466
2972
2972
1512
4432
4432
2972
2464
613
-459
1512
1512
882
-458
2452
-457
2972
1512
1512
1512
1512
1512
1512
1030
2972
-474
2972
1512
1512
1512
1512
1547
-474
7352
2972
4432
1625
7352
7352
1512
-474
-457
-474
-458
-457
1512
1512
2972
1512
1512
4432
2972
2972
2972
4759
-466
318
-185
1512
1490
-455
1512
1772
-457
1512
1511
-456
1839
-474
4432
2972
2972
1512
1512
1512
1512
1512
1512
1512
1512
4432
4432
4369
-466
2972
4432
4432
2972
2263
-466
2175
-474
1512
1512
1512
2972
4432
2972
1391
-474
1826
-474
3122
-457
1195
-474
1512
1644
-473
1614
-476
1512
1512
2972
4432
4432
1512
2972
345
-89
89
1512
1094
-477
1512
1486
-475
1512
1642
-472
1512
1209
-474
2972
2972
-196
1512
1512
1512
1512
1512
1512
1512
1512
1512
964
-474
660
1512
2972
1512
1512
4432
2972
1512
1512
1512
1512
636
-474
1512
1027
-474
1512
1350
-471
1512
1365
-474
323
-466
1512
1512
1512
1512
1512
1512
1512
1512
1512
1512
1512
1512
1512
757
-481
1562
-487
404
-497
427
-479
1512
854
-474
2972
1512
1512
1512
7352
2751
-466
1512
746
-474
5892
2972
2972
1512
1512
1512
1512
1746
-466
1512
887
-474
2078
-475
1512
520
-490
1843
-475
2972
1512
1512
1512
1512
4432
1512
1512
1512
1512
1512
1512
1512
1512
1512
1512
1512
1512
2972
1512
1512
1512
1512
1512
1512
1512
4432
2972
1512
2972
2972
2972
1252
-480
5892
5892
1512
4432
1512
1512
2972
1512
1512
4432
1512
2972
1512
2972
2972
1512
1512
1512
4432
1512
1512
1512
2654
-474
1512
869
-475
2972
2972
2972
1512
1512
1512
1512
1512
1512
1512
1512
793
-475
2972
1512
1512
2972
1097
-491
1512
1512
1512
1512
1351
-487
1512
1512
1325
-488
1512
1512
1512
1512
1512
1512
4432
4432
2972
1512
1512
4432
5892
1512
1512
1512
1344
-485
1143
-479
4432
1512
2972
4432
4432
2081
-481
1521
-470
1512
1219
-466
1512
1512
1435
-486
1512
2972
2972
2972
1512
1512
1512
1512
1512
1512
1512
4432
1512
1512
4432
1512
1512
1512
4432
2972
2972
2972
1512
1512
1723
-487
1512
7352
4432
1926
-475
1383
-488
2499
-485
1512
1512
2972
2972
1512
1512
2972
2972
1512
1512
1512
1512
2972
1512
1512
1927
-485
1512
1512
4432
1512
1512
1512
1512
1512
1512
1512
1512
1551
-482
1512
1512
4432
1638
-488
7352
7352
4432
1512
2972
2972
2972
624
-485
1512
1512
1512
1512
4432
1512
1512
949
-483
952
-475
1512
4432
4432
3825
-466
1512
4432
4432
1512
1512
1512
2972
1512
1512
5892
1659
-489
1512
4432
6258
-488
1512
2972
4432
2091
-490
4432
2972
2972
1512
1512
1512
1512
2972
1512
1977
-475
1512
1512
1512
4432
1512
2382
1512
-473
2972
2972
1512
2972
1512
1512
1512
1512
1512
1512
1512
1512
1512
2972
1512
1512
2972
2972
2972
2972
1512
2972
5892
5892
2972
1512
2972
1512
2972
2972
2972
1512
1512
2972
4432
4432
1997
-475
1400
1512
1658
-406
1954
7352
4270
4432
2972
4432
1512
1512
1512
1512
1512
1512
1512
1512
1512
1055
2972
1512
1344
1512
1804
1512
1792
1512
1512
2972
2972
2972
2717
1782
1512
4432
4432
2972
2972
1512
1512
1716
1512
1512
1512
4432
4432
4432
1512
1512
1512
1512
1512
1810
-475
1512
1512
1773
1765
1512
829
1745
2241
1512
4432
1512
4432
1512
2972
1512
1512
1512
2972
1512
1512
1512
1512
4432
2972
1512
1512
2751
-475
1512
1512
1512
1512
1512
1512
4432
1512
1512
1512
1512
1512
1512
1512
1512
1512
751
2183
2160
2903
1512
1512
2427
1512
1512
1249
2972
1512
1512
1512
4432
2972
1512
1512
1512
2972
1512
4432
1512
4432
1512
1512
1512
1512
1512
1512
1512
1512
1512
1512
1512
1512
2972
1512
1512
1512
1512
4432
4432
1593
-469
1512
2972
3264
1512
1512
934
2363
1512
877
3078
1512
2599
1512
1512
2972
1512
2972
1512
1512
1512
1512
4432
1512
1512
1512
1950
-469
1512
746
1096
-469
1512
1512
490
1512
2972
4432
2972
1512
1512
1512
1512
1792
1782
1773
1765
1758
1512
1512
1104
2531
1859
-469
1512
1512
1512
1512
1512
1512
4432
1512
1512
1512
1512
1512
2972
1512
4432
4432
1512
790
1512
-469
1512
4432
1288
-469
1512
816
1512
781
1512
2211
723
2160
1512
1512
4432
1512
1512
1512
1512
2336
1512
1512
2972
2972
1512
2042
-469
1512
1512
1512
4432
2972
1512
1512
1512
1512
1512
1512
1512
1512
1512
1512
1512
1512
4432
1512
1512
1512
1512
1512
2903
2427
2394
2363
2337
2972
2972
1512
3124
1512
2814
-469
1512
1512
1512
1512
4432
1512
1512
1512
2972
2972
1512
1512
1512
1512
1512
4432
1454
-469
1512
1512
1512
1512
1512
1512
1512
1512
869
-469
1164
1804
1792
1782
1773
1765
1512
2972
4432
2972
1512
2190
1512
1512
1512
1512
4432
1512
1512
1512
1512
1512
1512
1512
1512
1512
1512
1512
1171
-469
4432
4432
1512
1512
1512
1512
1512
2972
1512
1512
1512
2972
4007
-469
1758
5925
2882
1512
1651
1512
1650
1512
1649
1512
1647
1512
1646
1512
1512
1512
1512
2972
1512
1512
2972
2972
1512
1512
1512
1512
1512
1512
1512
1512
1512
1512
1512
1512
1614
1512
1584
1512
1650
-469
1512
1512
1512
1512
1512
4432
2972
4432
1512
1512
946
1512
1386
2455
3372
1512
1907
1512
882
-469
1512
2972
1512
1011
-469
1512
4432
2972
2972
1512
1512
1512
1512
1512
1512
1512
1512
1512
1512
1408
-469
1512
1512
1512
1512
1512
1512
4432
1512
1512
1512
1512
739
1512
2972
4432
2972
1512
1512
2972
1512
1512
2972
1512
1512
1512
1913
-469
1512
1512
1512
2972
1512
1512
2972
1512
1512
1512
1512
1512
1512
1512
1512
1512
1629
1512
1628
1512
1627
1512
1626
1512
851
-469
1512
1512
1512
1512
1512
4432
1512
2972
1512
1891
1512
1512
1512
4432
1512
1512
1512
1512
1512
1512
1512
1512
1512
2972
1512
2972
1512
1512
1512
1512
1512
1410
1512
1512
1512
1512
1512
2519
1512
2972
1512
1512
1512
2972
1512
1512
1512
1512
1512
2972
1512
1688
1512
1512
1512
3047
1512
1615
1512
1615
3074
1582
1512
1512
2972
1512
1512
1512
1512
1512
1512
1512
1512
1512
4432
1512
1512
1512
1512
1512
1512
1512
1512
3664
1512
2972
1512
1512
2972
1512
1512
1512
1719
1512
1581
4500
1580
1512
1580
3040
3040
4500
1580
1512
1579
1512
1741
