-436
1589
389
-463
1501
-480
-486
1589
1512
1512
1670
-485
1512
2972
1435
2972
1589
1512
1512
1512
-489
1589
1857
1512
2972
1512
1512
1512
1512
1512
1512
1435
1512
2972
1512
1512
1512
1589
1512
1512
1512
1512
1512
1512
1589
452
1512
2124
-454
-498
-502
-500
-499
-499
2366
1589
1039
995
1589
455
3049
1512
1512
1512
1512
-503
1589
1602
-499
-502
-500
-501
-228
1500
1500
1500
389
-605
1500
1016
-250
111
-185
1589
1512
1512
366
-89
89
262
-196
1358
2350
1337
738
1512
1512
2895
1512
3049
1512
1512
1512
1512
1512
1512
1512
1512
1512
1512
1512
1512
1435
1512
1512
1512
2972
1512
1637
-447
1664
