-422
1500
1500
1500
1500
1500
1500
7292
1500
1500
1500
1500
1500
1500
1500
1500
1500
1500
1500
-453
1500
1500
2948
1500
2371
-443
1500
1500
-443
1110
1500
1500
1500
1500
1449
2948
2948
1500
2126
-430
431
-403
-457
-481
-494
-506
1500
1500
1500
1500
1500
1623
1267
556
1500
-449
4396
2948
1500
1500
-450
1500
1500
1500
2442
2948
7292
1500
2948
-444
4396
1500
2948
1500
1500
1500
1500
1500
1500
1500
1500
548
2737
1500
1500
1500
1500
1500
1500
-455
1500
1500
2095
1500
1500
820
2948
-444
834
-501
1500
1500
-453
1498
532
1500
1500
-455
1500
1500
2948
-455
2948
1500
1500
1500
1500
1500
1500
1500
-445
1500
2053
4396
1500
1500
1606
1752
1500
1500
-448
803
1500
-448
1500
-451
2556
2948
-455
1500
1500
1500
815
2948
1500
1500
-479
2948
1397
2948
1500
1500
1500
1500
1500
1500
-461
1500
1500
1500
742
2948
1500
1500
1500
1500
-450
624
1500
1644
1500
-446
1500
-228
1500
1500
1500
389
1500
1500
2347
2948
890
-451
-451
2948
-475
2539
2948
2948
1500
1500
-449
1581
1500
1500
1500
1433
-444
2948
1500
1111
2948
-460
-485
-475
-487
-447
-445
844
1500
1500
2407
1500
1500
1500
1500
1500
1500
2107
-477
1500
2948
2948
1500
572
1500
1562
1500
1500
1500
1500
1500
1500
1500
2948
1500
1500
1500
2948
1958
1500
1500
1500
3379
1500
1500
1500
2948
2948
1500
1500
2948
3914
1500
2350
2948
1500
1500
2522
4396
2948
1500
1500
1500
1500
4396
1500
1500
1162
2948
1500
1500
644
1500
1886
2948
2450
1500
1500
1500
1696
1500
1500
1500
414
1500
2948
1500
1500
1728
1669
807
717
-487
-458
-449
-470
-460
-497
-491
-469
1191
1500
1500
1500
2356
1500
1500
1889
1500
1500
1500
1443
2948
2948
1500
1500
1500
1500
1500
1500
4396
4396
1500
2395
1500
1500
2004
1500
1500
2224
1500
1500
1500
1500
1500
1500
1500
1482
-482
4396
685
2948
1500
1500
1500
2340
3790
3094
1500
2295
2861
747
2297
963
1500
2948
1500
1500
1500
1500
1535
-584
-483
2464
2948
2948
1500
1500
1500
1500
1758
1500
2948
1436
-250
1215
719
111
-185
2948
2948
1500
1500
1500
1642
403
-89
-196
660
