-427
1500
2948
1500
828
-636
1500
1500
2948
1500
1500
1500
1500
1500
1500
1500
1500
1500
-663
2948
1500
1500
2948
1500
1500
1500
1500
1500
1500
1500
1500
1500
1500
517
8544
-683
1070
-683
1077
-662
1500
656
-657
-674
-674
-642
-658
-667
1500
1806
-652
1070
1500
661
2109
870
1077
454
-688
1500
1500
1500
1500
1500
1500
1500
1500
1500
1500
1500
1500
1500
1500
1500
1500
-699
1500
1500
1500
1500
2948
1500
1500
1500
1500
1500
1500
1140
2948
1500
1500
-677
1500
1500
1500
1500
1500
1500
1500
1500
1500
1500
1500
1500
1500
1500
1500
1500
-680
1500
1253
1500
1500
1500
1500
1500
1500
2948
1500
2948
1500
-683
1500
1500
2948
2948
1500
2948
1500
2948
1500
973
2948
1500
1500
1500
1500
1500
1500
1500
1500
1500
1500
-706
-697
-678
-678
2948
1500
1500
1500
1576
-704
1500
1500
1500
1500
1500
1500
1500
1500
1500
1500
1500
1500
1500
1500
1500
1500
1500
1500
1500
1500
1500
1500
1500
1500
1500
1500
1500
1500
1500
1500
2010
-690
1500
1500
1500
1500
1500
1500
852
2948
1500
1500
1500
2948
1500
1500
2948
897
2948
1500
1500
1500
555
-685
2948
2948
1500
2948
1500
1500
1500
1500
850
2948
1500
1662
-675
2948
2948
2948
1500
1500
1500
1500
1500
1500
1500
1500
2948
1500
2948
1942
-705
1500
1500
1500
1500
1500
1500
1500
1500
1500
1500
1500
899
2948
2948
2948
2948
744
-621
1500
1500
1817
4396
1500
1500
2948
1500
1500
1500
2347
2948
2948
2948
2948
2948
1662
1500
1500
1500
1500
1500
1500
1500
1500
1500
1500
1500
852
2948
1500
1500
1500
1037
2948
2948
1500
1500
1500
1500
2948
2298
2948
2052
1226
1500
1500
2085
-687
-694
1155
1006
-693
1161
-228
1500
2700
609
-584
1500
1016
-250
318
-185
382
-89
-196
