-443
1377
2788
4396
2548
-495
1500
1500
1500
1500
1100
2948
1805
-498
-494
1500
2107
2948
1500
1500
-496
1500
1500
2948
1500
1500
1500
1500
1500
1500
1500
1500
1500
1500
1408
-493
2645
1500
668
1420
1420
1420
1420
1420
1420
-496
-479
-490
-497
-504
1500
1500
5444
1340
565
1500
2796
2948
1500
1500
1500
667
424
1500
-490
5844
3058
1500
1500
1500
1500
125
1500
1500
1500
1500
1500
1500
1824
-487
1500
1500
2948
1500
1500
1500
1500
1500
1500
1500
-493
1545
1884
-494
1825
-487
1500
1500
1500
1500
1500
1500
1500
1500
1500
1500
-493
-500
-505
-514
-487
638
555
-487
1500
657
2948
1500
1500
1500
1500
1500
1500
1500
1500
1500
827
1077
1167
1500
1500
1500
1500
-493
4396
4396
1500
2948
1500
1482
1500
1500
1500
1500
1500
1500
1500
1720
1712
-487
-493
-443
-513
-513
-498
-498
1247
786
1500
786
2360
1500
1752
1265
1500
2609
-487
1500
2737
-498
-480
-480
-480
-462
-499
-497
-499
-498
-490
-498
-498
1345
448
1065
1254
1500
1834
2006
2948
1062
1360
1500
1970
1387
1500
2264
2799
-498
1500
811
-480
1500
743
-495
1500
2039
-495
1500
1500
1647
-495
-498
-495
-495
-495
-495
-494
-487
-477
-493
-493
-507
-470
1902
624
1073
2948
1500
1500
1665
1500
558
1500
3140
1500
1500
1500
782
1500
1500
1500
2948
1500
1500
1145
2948
1259
1500
1500
1500
1500
840
-498
1500
818
1431
1500
1076
2948
843
2948
1080
1500
1652
-495
1500
2115
-495
1500
1500
2144
-493
1500
533
-478
-493
1500
1500
2948
1395
2042
-481
1500
1289
-476
1500
2149
-478
1500
1137
-465
410
-497
1604
-477
1120
-497
-495
-493
-562
-550
-552
1381
649
2137
2948
1500
1500
1500
1500
1500
1500
1500
1500
1500
1500
1500
1374
2948
1500
779
-535
1500
1845
-531
416
410
-554
-554
-554
-554
-553
-553
553
-553
1500
386
-553
1500
1246
640
438
-536
-548
-545
1500
2948
1500
1791
-545
1500
808
-545
409
635
1603
2857
-545
-536
-535
-546
691
-546
625
-546
465
-546
485
-534
1434
-534
1500
1227
-552
1002
-552
672
-541
535
-552
1689
-543
1565
1500
1500
928
749
410
593
416
-228
4148
609
-605
2464
-250
318
-185
382
-89
-196
