-422
1420
1420
1420
1420
1420
1420
1420
1420
1420
2788
1420
1420
1420
2013
-481
1420
1420
-484
1420
856
1420
-486
1420
1126
1420
-506
1420
500
1420
-466
-496
-500
1420
-499
-497
938
-498
712
-498
1420
1420
1510
-497
1420
1420
2716
-499
1420
1420
1201
-499
1420
1420
1420
1420
2788
2125
-497
1420
1420
1420
1390
-498
1420
1883
-498
1006
-504
1420
1482
-519
1544
-497
1420
1420
1165
-500
1420
1483
-530
1420
1420
616
-532
1420
678
-523
2072
-532
1167
-526
1341
-527
578
-520
1556
-531
2788
1420
1420
1420
2788
1420
1420
2788
1420
1420
1579
-525
1420
1420
2788
1420
1420
1420
1374
680
-521
-519
1420
1420
1420
2788
1420
1420
1420
1420
1420
1420
1420
1420
2788
1420
1420
2788
1420
1420
2788
1420
1420
2788
1420
1420
2788
4156
1420
1420
2851
-521
1139
-532
933
1420
1420
2788
1420
1420
2788
1420
1420
2788
1420
1420
2788
1420
1420
2788
2788
2788
1420
1420
2788
499
1420
5524
1420
1420
2788
2788
1420
1420
2788
2788
1420
2788
1420
1420
1420
2788
1420
1420
2788
1420
4156
1420
1420
1420
4156
1420
2788
465
1420
1420
2788
1420
1420
2788
1420
1420
1420
1420
2788
1420
1420
2788
2788
4156
2788
1420
2788
4156
2788
1420
1420
1420
3900
1420
1420
2788
1420
1420
1420
1420
2788
1420
1420
1420
1420
2788
1420
1420
2788
1420
1420
1420
1420
1420
1420
2788
1420
1420
2788
1420
1420
1420
1420
2788
1420
1420
2788
1420
1420
1420
1768
1420
2788
1420
1420
2788
1420
1420
2788
1420
1420
2788
1420
1420
2788
1420
1420
2788
442
4156
1205
4371
2788
1205
16436
16436
16436
16436
202
-228
1500
1500
1500
389
-584
1500
1016
-250
111
-185
366
-89
89
-196
