-449
1500
2948
1500
1500
1500
1500
1500
1500
1500
1500
1500
1500
-471
1500
604
1500
1500
1500
1500
-470
1500
1500
1500
1500
1500
1500
1500
1500
1500
-459
2948
1500
1500
1956
-480
1500
1500
2948
1500
1500
528
2948
1500
1500
1500
1500
1500
1832
1500
1500
1500
1500
-459
-508
-487
4396
2220
-482
1500
748
2066
2360
2436
2948
1500
1500
1500
1407
1500
1500
1473
-491
1500
1858
-483
-487
-530
-527
-532
-534
-520
526
1500
2948
2948
1500
1500
1500
1500
1500
1500
1500
1500
1500
1500
1500
1500
1500
1500
1500
1500
1500
1500
1500
1500
1500
1500
1500
1500
1500
1500
2948
748
-487
1500
2948
4396
2948
4396
4396
4396
1500
1500
2948
1500
2948
1500
1500
1500
1500
1500
1500
1500
1500
3100
-487
1500
1500
1500
1500
1500
2948
2948
1500
1500
1500
1500
1500
1500
1500
1500
1500
1500
1500
1500
1341
2948
1500
1350
1500
1500
7292
4396
1500
7292
792
4164
-484
-524
-529
-527
-228
1500
1500
800
1500
-492
1500
2948
2948
2948
1500
1500
1432
-485
389
1500
2178
1500
1500
1500
-493
1397
2948
1500
-493
2948
1500
1500
1500
1500
1500
1500
2948
1500
2948
1500
1500
2053
-494
1500
2458
1500
1980
1500
-605
-483
-486
5844
2245
-489
1500
1042
-487
1500
1500
969
-490
1500
1263
-495
1500
1016
-250
1500
1565
-480
1970
1500
568
-508
-482
1625
-492
1696
-541
1500
701
-486
111
-185
366
-89
89
1500
1500
3023
1500
-488
-196
1525
-489
1500
1500
1500
1500
1500
1500
1500
2948
1500
521
-491
1500
1806
-489
2948
1500
1500
1500
1500
1500
1500
1500
1500
2948
1500
2948
2995
-487
4396
2948
2314
-490
1500
1580
-495
1500
1500
1500
1500
1500
1500
1500
1500
1500
1500
1500
1888
1500
-533
1500
973
-533
1500
902
-485
1500
930
-513
1500
920
-511
1500
1500
549
-512
2948
1500
1500
1500
2948
1500
1500
1500
2948
2948
1500
1500
2948
1500
1500
1500
1500
1500
1500
1670
1500
1500
-510
1500
503
-505
450
-510
2948
1500
1500
641
1313
1500
1500
1500
1500
1500
1500
1500
1500
-516
1500
442
1500
1500
1500
3863
465
-430
636
2153
1810
