-148
100
-468
1500
108
1500
108
1500
108
1500
108
-148
1500
108
1500
108
1500
1500
1500
1500
276
1500
108
1500
108
708
100
-820
1500
92
-116
-148
100
-500
452
-148
100
-516
-148
100
-500
1500
-148
108
1500
108
1500
1500
164
372
1500
1500
212
1500
108
1500
108
-484
1500
108
1156
-148
1500
108
1500
108
1500
108
1500
156
-996
1500
108
1500
108
1500
108
1500
108
1500
108
1500
108
1500
108
1500
108
1500
108
1500
108
1500
108
1500
108
1500
108
1500
108
1500
108
1500
108
1500
108
1500
108
1500
108
1500
108
1500
108
1500
108
1500
108
1500
108
1500
108
1500
108
1500
108
1500
108
1500
108
1500
188
1500
108
1500
108
1500
108
1500
108
1500
108
1500
108
1500
108
1500
108
1500
108
1500
108
1500
108
1500
108
1500
108
1500
396
-148
1500
108
1500
108
1500
108
1500
108
1500
108
1500
108
1500
108
1500
108
1500
108
1500
108
1500
108
756
100
-516
-148
1500
108
1500
108
1500
108
1500
108
100
-516
1500
-148
108
1500
108
1500
1500
164
1364
100
1500
108
1500
108
-516
1500
108
-148
1500
108
1500
108
1500
108
1500
108
1500
156
-516
-148
1500
108
1500
108
1500
108
1364
1500
1500
164
1500
108
1500
108
1500
108
1500
108
964
1500
108
1500
108
1500
108
1500
108
1500
1500
212
1500
108
-516
1500
108
1500
-148
108
1500
412
1500
1500
212
1500
108
-532
1500
108
1500
-148
108
1500
108
1500
1500
164
1500
108
1500
108
1500
1500
108
1500
108
1316
100
-516
-148
1500
108
1500
108
1500
108
1500
108
1500
108
1500
108
1500
108
1500
108
1396
100
-516
-148
1500
108
1500
108
1500
108
1500
108
100
-516
1500
-148
108
1500
108
1500
508
1500
1500
164
1500
108
1500
108
100
-516
1500
-148
108
1500
108
1500
1500
164
1500
108
1500
108
1500
108
1500
108
1500
108
1500
108
1500
108
1500
108
1500
108
1500
108
1500
108
1500
108
1500
108
1500
108
-516
1500
-148
108
1500
1500
164
1500
108
1428
1500
108
1500
108
1500
1500
164
100
-516
1500
-148
108
1500
108
1500
1020
1500
108
1500
108
1500
1500
164
100
-516
1500
-148
108
1500
108
1500
1500
1500
108
1500
108
1500
108
1500
108
100
-516
1500
-148
108
1500
828
1500
108
1500
1500
164
100
-516
1500
-676
108
1500
108
1500
1500
164
1500
108
1500
108
676
1500
108
1500
108
1500
1500
164
100
-516
1500
-148
108
1500
108
1500
1500
1500
108
1500
108
1500
780
1500
108
1500
108
1500
108
1500
156
-516
1500
-148
108
1500
1500
164
1500
108
1500
108
1500
108
740
1500
1500
164
1500
108
1500
108
100
-516
1500
-148
108
1500
1500
1268
1500
108
1500
108
100
-516
1500
-148
108
1500
1500
164
1500
108
1412
1500
1500
164
1500
108
1500
108
100
-516
1500
-148
108
1500
108
1500
1388
1500
108
1500
1500
164
100
-516
-1500
-1420
1500
-148
108
1500
1500
164
1500
108
820
1500
1500
164
1500
108
1500
108
1500
108
772
1500
1500
164
1500
108
948
1500
1500
164
1500
108
1500
108
1500
108
1500
108
1500
108
1028
1500
108
1500
1500
164
1500
108
1500
108
1500
108
1500
108
1140
1500
1500
164
1500
108
1500
108
852
1500
108
1500
1500
164
1500
172
1500
108
1500
108
1500
108
1500
108
1500
108
1500
1388
100
-580
1500
-148
108
1500
108
1500
380
1500
1500
164
1500
108
1500
108
100
-580
1500
-148
108
1500
1500
164
1500
108
1500
588
1500
108
1500
108
788
100
-580
1500
-148
108
1500
108
1500
1500
164
1500
108
1500
108
1500
108
1500
108
1500
108
1500
156
1500
108
1500
108
1500
1500
164
-580
1500
108
1500
108
-148
1500
108
1500
108
1500
108
1500
412
532
100
-2948
-436
1500
108
1500
108
1500
108
1500
108
1500
108
1500
108
1500
108
1500
108
1500
108
1500
108
1500
108
1500
108
1500
108
1500
108
1500
108
1500
108
1500
108
1500
108
1500
108
1500
108
1500
108
868
1500
-516
1500
164
1500
108
1500
108
1500
108
1500
108
1500
108
1500
108
1500
108
1500
108
1500
108
1500
108
1500
108
1500
108
1500
1500
164
1500
108
1500
1500
164
1500
108
1500
1500
820
-516
1500
108
1500
108
1500
108
1500
108
1500
1500
164
1500
108
1500
108
1220
1500
1500
164
1500
108
1500
1500
1500
220
1500
108
676
1500
108
1500
124
1500
1500
100
1500
108
1500
108
1500
108
1500
108
1500
108
1500
108
1500
108
1500
108
1500
108
1500
108
1500
108
1500
108
676
1500
1484
1500
1500
164
1500
108
1500
108
1500
108
964
-484
1500
108
1500
108
1500
108
1500
108
1500
108
1500
108
1500
108
1500
108
1500
108
1500
108
1500
108
1500
108
1500
108
1500
108
1500
108
1500
108
1500
108
1500
108
1500
108
1500
108
1500
108
1500
108
1500
108
1500
108
1500
108
1500
108
1500
108
1500
108
1500
108
1500
1500
164
1500
108
1500
108
1500
108
1500
108
1500
108
1500
108
1500
108
1500
108
1500
108
1500
1500
164
-100
1500
108
1500
108
1500
108
1500
108
1500
108
1500
108
1500
108
1500
108
1500
108
1500
108
1500
108
1500
108
1500
108
1500
108
1500
108
1500
108
1500
108
1500
108
1500
108
1500
108
1500
108
1500
108
1500
108
1500
108
1500
108
1500
108
1500
108
1500
108
1500
108
1500
108
1500
108
1500
108
1500
108
1500
1500
164
1500
108
1500
108
1500
108
1500
1500
164
1500
108
1500
108
1500
108
1500
1500
164
1500
108
1500
108
1500
108
1500
108
1500
108
1500
108
1500
108
1500
108
1500
108
1500
108
1500
108
1500
108
1500
108
1500
1500
164
1500
108
1500
108
1500
108
1500
108
1500
108
1500
108
1500
1500
164
1500
1500
164
-100
1500
108
1500
108
1500
108
1500
108
1500
108
1500
1500
1500
220
1500
1500
164
1500
108
1500
1500
1500
220
1500
108
1500
108
1500
108
1500
108
1500
108
1500
108
1500
108
1500
108
1500
108
1500
108
1500
108
1500
108
1500
108
1500
108
1500
108
1500
108
1500
108
1500
108
1500
108
1500
108
1500
108
1500
108
1500
108
1500
108
1500
108
1500
108
1500
108
1500
108
1500
108
1500
108
1500
108
1500
108
1500
1500
164
1500
108
1500
108
1500
108
1500
1500
164
1500
108
1500
1500
164
1500
108
1500
108
1500
108
1500
1500
164
1500
108
1500
1500
1500
220
1500
108
1500
1500
164
1500
108
1500
332
-100
-148
116
100
-1108
-260
-148
116
564
1500
108
1500
108
1500
108
1500
108
1500
1500
164
1500
108
1500
108
1500
108
1500
108
1500
108
1500
108
1500
156
-932
1500
-180
108
1500
1500
1500
220
1500
1228
1500
204
1500
92
1500
92
-612
-580
1500
108
1500
108
1500
108
1500
108
1500
108
1500
108
1500
108
1500
108
1500
108
1500
108
1500
108
1500
108
1500
108
1500
108
1500
108
1500
108
1500
108
1500
108
1500
108
1500
108
1500
108
1500
108
1500
108
644
1500
588
1500
108
1500
1500
164
1500
108
1500
108
1500
108
1500
108
1500
108
1500
108
1500
108
1500
108
1500
108
1500
108
1500
108
1500
108
1500
108
1500
108
1500
108
1500
108
-148
1500
108
1500
108
1500
108
1500
108
1500
108
1500
108
1500
156
1500
108
1500
652
-628
452
-1060
1220
1500
1436
1500
1500
164
1500
108
1500
108
1500
108
1500
108
1500
108
-852
1500
108
1500
108
1500
108
1500
108
1500
108
1500
108
1500
108
1500
108
1500
108
1500
108
1500
108
1500
108
1500
108
1500
108
1500
108
1500
108
1500
108
1500
108
1500
108
1500
108
1500
108
1500
108
1500
108
1500
108
1500
108
1500
108
1500
108
1500
108
1500
108
1500
108
1500
108
-100
1500
108
1500
108
1500
108
1500
108
1236
1500
172
1500
1500
164
1500
108
1500
108
1500
108
1500
108
1500
108
1500
108
1500
108
1500
108
1500
108
1500
108
1500
108
1500
108
1500
108
1500
108
1500
108
1500
108
1500
108
1500
108
1500
108
1500
108
1500
108
1500
108
1500
108
1500
108
1500
1500
1500
1500
276
1500
108
1500
108
1500
108
1500
1500
164
1500
108
1500
1500
164
1500
108
1500
1500
164
1500
108
1500
108
1500
108
1500
108
1500
108
1500
108
1500
108
1500
108
1500
108
1500
108
1500
108
1500
108
1500
108
1500
108
1500
1500
164
1500
108
1500
1500
164
1500
108
1500
1500
1500
220
1500
108
1500
1500
164
1500
108
1500
1500
1500
220
1500
108
1500
-100
108
1500
1500
164
1500
108
1500
108
1500
108
1500
108
1500
108
1500
108
1500
1500
164
1500
108
1500
1500
1500
220
1500
108
1500
1500
164
1500
108
1500
1500
1500
220
1500
108
1500
1500
1500
220
1500
108
1500
1500
1500
1500
276
1500
108
1500
108
1500
108
1500
108
1500
108
1500
108
1500
108
1500
108
1500
108
1500
108
1500
108
1500
108
1500
108
1500
108
1500
108
1500
108
1500
108
1500
108
1500
108
1500
108
1500
108
1500
108
1500
108
1500
108
1500
108
1500
108
1500
108
1500
108
1500
1500
164
1500
108
1500
1500
164
1500
108
1500
108
-100
1500
108
1500
108
1500
1500
164
1500
108
1500
108
1500
108
1500
1500
164
1500
108
1500
108
1500
108
1500
108
1500
108
1500
108
1500
108
1500
108
1500
108
1500
1500
1500
220
1500
1500
164
1500
108
1500
1500
164
1500
108
1500
1500
164
1500
108
1500
108
1500
108
1500
108
1500
108
1500
1500
164
1500
1500
164
1500
108
1500
108
1500
1500
1500
220
1500
108
1500
1500
1500
220
1500
108
1500
108
1500
108
1500
1500
164
1500
108
1500
108
1500
108
1500
108
1500
108
1500
108
1500
108
1500
108
1500
108
1500
108
1500
108
1500
108
1500
108
1500
1500
164
1500
108
-100
1500
108
1500
108
1500
108
1500
108
1500
652
-148
100
-644
452
1500
572
-676
-500
-500
-148
372
1500
108
1500
108
1500
1500
164
1500
108
1500
108
1500
108
1500
108
1500
108
1500
108
1500
108
1500
108
1500
108
1500
108
1500
108
1500
108
1500
108
1500
108
1500
108
1500
108
1500
108
1500
108
1500
108
1500
108
1500
108
1500
108
1500
108
1500
108
1500
108
1500
316
-564
1500
-644
108
1500
1500
164
1500
108
1500
108
1500
108
1500
108
1500
108
1500
108
1500
108
1500
108
1500
108
1500
108
1500
316
116
1500
108
1500
108
1500
108
1500
108
116
100
-148
1500
108
1500
108
1500
108
1500
108
1500
108
1500
108
1500
108
1500
108
1500
108
1500
108
1500
108
1500
108
1500
108
1500
108
1500
108
1500
108
1500
108
1500
108
1500
108
1500
108
1500
108
1500
108
1500
108
1500
108
1500
108
1500
108
1500
108
1028
1500
92
1500
100
-500
-788
1500
108
1500
108
1500
108
1500
108
276
660
-116
-148
100
-1108
852
-148
100
-1500
-124
1268
-500
1092
-116
-500
1500
-1044
108
1500
1500
1500
220
1500
108
1500
1500
164
1500
108
1500
108
1500
108
1500
108
1500
108
1500
108
1500
108
1500
108
1500
108
1500
108
1500
108
1500
108
1500
108
1500
108
1500
108
1500
108
788
1500
108
1500
108
1500
1500
164
1044
1500
1500
1012
1500
108
1500
108
1500
108
-500
1500
108
1500
108
1500
396
1500
108
1500
108
1500
108
756
-500
1500
108
1500
108
1500
108
1500
108
1500
108
1500
108
1500
108
1500
108
1500
108
1500
108
772
-116
340
-1140
596
132
-132
-116
-116
116
116
-116
