-223
1500
1077
-589
405
1594
-366
290
-451
459
-486
390
-480
1500
1500
2948
1500
722
-1212
-431
1500
1500
1500
1500
2156
185
-225
1263
-366
290
-501
-991
-431
-431
-431
-433
-959
-431
-433
-433
-433
185
-560
185
-555
185
185
185
906
185
185
185
-1015
-1011
-1018
-223
-1055
-564
-492
-228
3038
1586
1500
1061
1724
1398
1500
1874
1155
1500
2948
1500
1500
1500
1500
1500
1500
1500
1500
1500
2948
1500
1500
1500
2948
1500
1500
1500
1045
441
-594
11636
16436
4902
4148
1500
1500
2948
2948
1500
1683
405
1908
-378
609
16436
16436
16436
15809
302
1500
1500
1500
1500
1500
1500
1500
1500
1500
1500
1500
533
1500
-584
16436
1500
1016
1498
-250
16436
15063
1149
-521
1500
1500
1500
1500
2948
1500
1500
1500
1500
1500
1981
1500
1500
1500
2948
1500
1500
1500
1500
1500
533
729
-632
1500
1500
1500
1500
1500
2948
1500
1500
1500
1500
533
7292
2948
2948
1500
1981
1149
318
5844
4396
2948
2948
533
1500
1500
2948
2948
1500
1500
2948
-185
1981
-221
-221
1500
2948
4882
1500
822
2270
-378
-378
302
302
-553
862
-505
-665
680
814
585
382
-89
-196
660
-220
1500
1728
-589
405
1183
463
-250
-230
302
-1017
617
2534
-601
405
1579
-362
95
-564
746
-608
635
-89
-89
