-435
1500
1500
2948
2948
1309
-538
-539
1500
990
1218
-542
939
-539
1775
-568
1705
-537
789
-522
-529
-529
-565
-567
-567
-576
-555
1500
1500
2948
1500
1500
1500
1500
1500
1500
-550
2948
2948
1500
1500
1500
1500
1500
1500
2948
1500
1500
2948
1500
16436
2492
-508
1500
1500
2948
1500
1500
1500
1500
1500
1500
1500
1500
1500
1795
1453
897
-497
663
864
1306
1255
495
806
1500
1500
1500
1500
1500
1728
1500
1500
2948
1500
1500
856
-484
-568
-599
-635
-581
-608
-614
1500
1500
2948
2948
1500
1500
1500
1073
-510
-572
-604
7292
3838
-618
1500
1500
2948
2948
1500
375
1500
2948
1500
1500
2948
1500
1500
1500
2948
2948
1500
1500
1500
2948
1500
1500
1500
1500
1500
1500
1500
1500
1239
-632
594
1500
1500
2948
2948
1500
1500
2948
1500
1500
1016
-615
1500
1500
1495
-636
1500
1500
1500
1500
1500
1005
2948
2948
1500
1500
2948
2948
2948
551
2948
1421
-569
-567
291
-582
1500
1500
1500
1500
4396
2948
2948
522
-567
2948
1500
2948
1005
1500
1500
1500
1500
1500
1500
1508
1500
2948
2948
1500
1500
1500
1500
1941
-577
1500
2948
1500
2948
1500
2948
1500
1500
1500
1500
2948
1500
1500
1500
2948
1500
1500
1500
1500
1500
1500
1500
1500
1500
1500
1500
2948
1500
1500
2948
1500
1500
2948
1500
1500
1500
1500
1500
1500
1500
1500
1500
1500
2948
1217
4396
4396
3405
1500
-589
1500
2948
2948
2948
4396
2948
2948
-580
-580
1500
1500
2948
1500
1500
1500
1500
1500
1500
1500
1500
1500
2948
1500
1500
1500
1500
1500
1500
1500
1524
1500
1500
1500
1500
1500
1500
1500
1500
1500
1500
1500
2948
1500
1500
2948
1500
1500
1500
2948
1500
1500
2948
1500
1500
1500
1500
2948
2948
2948
1500
1500
1500
1500
1500
1741
2948
1500
1500
1500
-580
2948
1500
1500
2948
2948
1500
2948
2948
1500
-578
1500
1500
1636
1500
1500
1500
1500
-577
-626
1500
1500
1500
2948
1500
1500
1500
1500
1500
1500
1500
1500
2948
1500
1500
1500
1500
1500
1500
1500
1500
1500
1500
1500
1500
1500
1500
1500
1500
1500
1500
1500
1500
1500
1500
2948
1500
1500
1500
1500
1500
1500
1500
1500
2948
1500
2294
-581
1500
16436
12628
2948
1500
1500
2948
2948
1500
1500
1500
1500
1500
1500
1500
1500
2948
1500
1500
1500
1500
1500
1500
1500
1500
2948
1500
1500
1500
1500
1500
1500
2948
1500
1500
1500
1500
1500
1500
1500
1500
1500
1500
1500
1500
2948
1500
2948
1500
2017
1500
1500
1500
1500
1500
1500
1500
1500
1500
1500
2948
1500
2948
1500
1500
1500
2948
2948
1500
1500
1500
2948
1500
1500
2948
1500
2948
1500
1500
1500
1500
1500
1500
1500
1500
1500
1500
1500
1500
1500
1500
1500
1500
1500
1500
1500
778
1500
1500
2948
1500
1500
2948
1500
1500
1500
1500
1500
1500
1500
1500
1500
1500
2948
1500
1500
1500
2948
1500
1500
2948
1500
1500
1500
1500
1500
1500
1500
2948
1500
1500
1500
1500
1500
1500
1500
1500
1500
1500
1500
2948
16436
2492
16436
13698
1500
2948
2948
1500
10188
2948
1500
1500
1500
1500
1500
2948
2948
2948
1500
2948
2948
1500
1500
1500
2948
1500
1500
1500
1500
1500
1500
1500
1500
16436
3940
16436
2948
2948
1500
1500
1500
1500
1500
1500
1500
1500
1500
1500
1500
1500
2948
1500
1500
2948
2948
1500
2948
1500
1500
16436
3940
16436
1500
1500
2948
1500
1500
1500
2909
16436
16436
1500
1500
1500
1500
2948
1500
1500
1500
1500
1500
16436
1500
1500
1500
1500
1500
1500
1500
1500
1500
1500
1500
16436
1500
1500
1500
1500
1500
1500
1500
1500
1500
1500
1500
1500
1500
1500
1500
16436
16436
1500
1500
1500
1500
16436
1791
1500
1500
1500
1500
1500
1500
1500
1500
1500
1500
569
1500
1500
1500
1500
1500
1500
1500
1500
1500
1500
1500
1500
1500
1500
1500
1500
1500
1500
7292
1500
1500
1500
2948
1500
1500
1500
1500
1500
2948
2948
16436
1500
2948
2948
1500
2948
2948
2948
1500
1500
1500
1500
1500
1500
1500
1500
1500
1500
1500
1500
1500
1500
1500
1500
1500
1500
2948
1500
1500
2948
1500
16436
1500
1500
1500
1500
2948
1500
1500
1500
16436
8189
11379
1500
1500
1500
1500
1500
1500
1500
1500
1500
1500
1500
1500
1500
1500
1500
1500
1500
1500
1500
2948
1500
1500
1500
2948
2948
1500
1500
1500
1500
1500
1500
1500
1500
1500
1500
1500
1500
1500
1500
2948
1500
2948
1500
1500
1500
1500
2948
1500
1500
1500
1500
2948
1500
1500
1500
1500
1500
1500
1500
1500
1500
1500
1278
-228
1500
1500
1500
389
-584
1500
1016
-250
111
-185
403
-89
-196
