-421
1500
1500
1500
-508
6791
1500
1500
1500
-503
-510
1500
1500
1500
-491
2948
1500
12931
1500
1500
1500
-475
11673
1500
1463
-501
-228
1500
1500
1252
11673
1500
1463
1385
1500
1500
1500
609
1500
1500
1500
1500
1500
11673
1500
1500
1500
1463
1500
672
-515
-474
1500
1500
1463
1500
1500
1500
1139
1500
1500
1500
-464
-502
1500
1500
1500
1463
1500
210
383
-552
380
-584
-502
-506
2464
311
-250
-233
1500
1500
1252
1606
-594
840
-594
840
-234
318
-185
302
-490
601
3555
1418
1500
1500
1500
1422
382
-89
-196
660
191
-565
-555
-564
-571
-552
7292
4240
2423
1377
-582
1500
575
4396
1267
1500
1500
1500
1500
1500
1500
1500
519
1500
1500
16436
16436
3172
1500
1500
1500
1500
1500
1500
1500
2948
1500
1500
167
2948
1086
370
