-448
2948
1500
1500
-217
1512
1512
552
-615
840
-615
840
1500
1500
2948
1500
1500
1500
1500
1500
1500
1045
-366
290
-574
-496
407
1512
2972
1512
1512
1512
1512
1512
1512
1512
1512
1512
1512
1512
1512
1470
2066
16436
3190
-482
-573
-229
-217
-217
-217
-217
-217
-217
1500
1872
1512
2012
1512
1512
2012
1512
-378
552
2972
552
2972
552
1512
2012
-366
111
-366
290
526
290
-562
1470
1470
1470
1470
1470
1470
1470
1470
1470
1470
1470
1470
1470
1470
1470
1470
1470
2888
1470
883
1184
-521
649
-699
-503
-503
-366
-366
369
-366
1512
1512
1512
1512
1512
1512
1512
1512
1512
370
1512
1512
1512
1512
1512
1512
1512
1512
1512
290
290
1512
1512
-366
2972
2972
1512
1512
1512
1512
1512
1512
1512
1512
2972
1512
1512
1512
1512
1512
1512
1512
1512
2972
1512
1512
1512
4432
1512
1512
1512
1512
290
-503
5999
1512
1512
290
1512
1512
1512
1512
1512
1512
1512
1512
2972
2972
4432
4432
4432
3072
1512
1512
1512
11539
4432
2806
4432
8812
7352
7352
8887
369
7352
4432
1512
1512
2972
1512
1512
2972
1512
1512
4432
-491
4432
4432
5892
7352
-617
8912
7352
7352
1512
5892
1512
2972
1512
1512
1512
1512
2972
1512
2972
1512
2972
1512
368
1386
2972
1512
1512
1512
1512
-503
49204
7840
7352
4432
-491
1512
8812
7352
8812
7352
4432
369
1512
1512
1512
1512
1512
1512
1512
1512
1512
4432
1512
1512
1512
16436
1512
1512
1512
1512
1512
-503
32820
13680
16112
4432
1512
4432
1512
5892
2972
1512
1512
1512
1512
1512
1512
2972
2972
1512
1512
14652
1512
369
2972
1512
1512
1512
2972
1512
1512
1512
1512
1512
1512
1512
1512
1512
1512
1512
1512
1512
-503
32820
2324
1512
1512
1512
1512
1512
1512
1512
1512
1512
1512
2972
8812
2972
2972
4432
5892
4432
4432
4432
1512
2972
1512
6334
5892
1830
2972
4432
7352
-493
1512
1512
1512
1512
-425
-425
-558
1512
-425
1512
1512
-425
2972
-425
1512
2972
2972
1512
1512
1512
-228
1512
1512
1512
1512
1512
1512
2972
1512
2972
1512
1512
1512
1512
1512
1512
1512
1512
2972
1512
2972
1512
1512
2972
4432
7352
4432
2972
4432
1512
1512
1512
2012
4432
369
3472
4432
3472
7352
-366
1512
1512
1512
1512
1512
1319
1512
1512
1512
1512
2972
290
1512
1512
1512
1512
7352
-366
1512
1512
1512
1512
1512
1512
1512
1512
1512
1512
1512
1512
1512
1512
290
2972
1512
1512
1512
1512
1512
-550
16436
4108
16436
2648
1512
2972
1512
1512
1512
1512
1512
1512
1512
1512
1512
1512
1512
2972
1512
2972
1512
440
16112
1512
2634
1512
2972
2972
1512
4432
5892
2972
2972
4432
1512
2705
1537
1512
2972
1512
1512
2972
2972
16112
1512
1512
1512
1512
2972
1512
2972
1512
2972
2972
1512
2972
2972
2972
1512
2972
1512
1512
1512
1512
1512
1512
1512
1512
1512
1512
1512
1512
1512
1512
1512
1512
1512
1500
1500
1500
1500
1512
1512
-540
1512
10272
1512
1512
1512
1512
1512
1512
11732
1512
1512
16436
16436
12544
1512
1512
1512
2972
1512
1512
1512
1512
1512
1512
1512
1512
2972
1512
1512
1512
1512
1512
1512
14434
1512
1512
1512
2972
1512
1512
1512
1512
1512
1512
1512
1512
1512
440
1512
1174
1512
2972
2972
1512
1512
1512
1500
1500
1252
4432
1512
1512
1512
7352
7352
5892
2972
2972
4432
7352
1512
2972
4432
2972
5892
7352
8812
2972
3644
1512
7352
7352
2972
5892
1512
5892
393
7352
2972
-366
5892
4432
1512
1619
2972
1512
4432
1512
2972
1512
2972
4432
1512
2972
1512
4432
5892
5892
1512
4432
4432
1512
3004
2972
5892
2972
-493
2972
2972
1512
1512
2972
290
4432
1512
4432
1512
4432
5892
4432
2972
2972
4432
2972
2972
5892
2972
1512
368
1877
1512
1512
-493
2972
2972
2972
8812
4432
1512
1734
1512
368
1512
1512
1512
1512
2972
-491
1512
2972
1512
1512
369
1512
1512
1512
1512
1512
1512
1512
1512
1512
1512
1512
1512
1512
1512
2972
368
1847
1512
1512
1512
1512
1512
1512
1512
49204
1512
1512
1512
1512
1512
1512
1512
1512
32820
2324
1500
1581
16436
609
441
1512
1512
552
1512
16436
1512
1512
1512
1512
2972
1512
552
16436
7028
-547
16436
16436
16436
16436
49204
16436
8980
2972
1512
2972
4432
1512
4432
1512
4432
4432
7352
8812
4432
4432
1512
7352
1900
4432
4432
2972
2972
1512
2972
1512
2972
1512
1512
1512
1512
1512
5892
-493
2972
2972
5892
1512
1512
1512
1729
-366
369
1512
16436
1512
16436
16436
4920
1512
1512
16436
8030
1512
1512
1512
1512
1512
1512
290
1512
1512
1512
1512
1512
1512
5892
16436
-546
16436
5568
32820
32820
16436
439
1512
16436
16436
1512
16436
32820
16436
1512
12548
1512
1512
1512
1512
1512
1512
1512
1512
1512
-493
1512
-493
1512
799
368
1927
368
1599
32820
-605
2464
-250
16436
8576
-491
16436
16436
2322
-366
368
1625
290
2972
1512
1512
-553
1512
1512
1512
2972
1512
1512
4432
1512
1512
1512
1512
440
2972
1512
4432
2972
1512
1512
2972
1512
4432
1512
2972
1512
1512
1512
1512
1512
1512
1512
1512
1512
1512
1512
1512
1512
1512
1512
1512
1512
1512
1512
1512
1512
1512
1512
2972
1512
1512
1512
1512
1512
1512
1512
1512
1512
4432
4432
2972
1512
1684
1512
1512
1512
1512
1512
1512
1512
1512
1512
2972
2972
2972
1512
1512
1512
1512
1512
1512
1512
1512
1512
1512
1512
4432
1512
1512
1512
1512
1512
2972
4432
2972
1512
4432
2972
1512
1512
1512
2972
1512
4432
1512
2972
1512
1512
318
2972
1512
1512
1512
1512
1512
1512
1512
1512
1512
1512
1512
1512
1512
1512
-185
2972
2972
4432
2972
5892
1512
2972
4432
1512
1512
1512
2972
1512
2972
1512
1512
1512
1512
2972
1512
1512
1512
1512
2972
2972
5892
5892
2972
1512
1512
1512
1512
1512
1512
2972
2972
1512
1512
1512
1512
1512
1512
1512
1512
1512
1512
2972
1512
1512
1512
1512
1512
1512
1512
1512
1512
1512
1512
1512
1512
1512
1512
1512
1512
1512
1512
1512
1512
1512
1512
1512
1512
1512
1512
1512
2972
2972
1512
1512
1512
1512
1512
1512
1512
2972
1512
1512
1512
1512
1512
1512
1512
2972
1512
2972
1512
1512
1512
2972
2972
2972
1512
2972
1512
1512
1512
1512
1512
1512
2972
2972
1512
2972
2972
2972
2972
2972
2972
1512
1512
1512
1512
1512
4432
1512
1512
2972
2972
1512
1512
2972
2972
1512
1512
1512
1512
1512
4432
4432
1512
1512
1512
4432
4432
2972
1512
1512
1512
1512
1512
2972
1512
1512
1512
1512
1512
2972
1512
1512
1512
1512
1512
1512
1512
1512
2972
2972
1512
2972
1512
2972
1512
2972
2972
4432
2972
1512
1512
1512
1512
1512
1512
1512
1512
1512
1512
1512
1512
1512
1512
2972
1512
4432
1512
2972
1512
4432
2972
1512
2972
2972
1512
1512
1512
1512
1512
1512
1512
1512
1512
2972
2972
2972
4432
1512
4432
1512
1512
1512
2972
4432
2972
1512
2972
1512
4432
2972
1512
2972
2972
2972
1512
1512
1512
1512
1512
2972
1512
1512
1512
2972
2972
1512
1512
1512
1512
2972
1512
1512
2972
2972
2972
1512
1512
1512
1512
1512
1512
1512
1512
1512
2972
1512
1512
1512
1512
2972
1512
1512
2972
2972
2972
5892
1512
1512
1512
4432
5892
2972
1512
1512
2972
1512
1512
1512
1512
1512
1512
1512
1512
2972
1512
2972
1512
2972
2972
2972
2972
2972
2972
2972
1512
1512
1512
1512
4432
1512
1512
5892
1512
1512
1512
1512
2972
4432
1512
1512
1512
1512
1512
2972
1512
2972
1512
2972
4432
2972
2972
1512
1512
1512
2972
2972
1512
1512
1512
1512
1512
382
-89
2972
1512
2972
1512
1512
2346
2972
1512
1512
1512
1512
5892
2972
1512
1512
1512
1512
1512
1512
1512
2972
4432
1512
1512
1512
1512
1512
1512
1512
5892
1512
1512
1512
2972
1512
1512
1512
-196
1512
7352
4432
2972
1512
1512
2972
4432
1512
1512
1512
1512
2972
2972
4432
2972
1512
1512
1512
2972
1512
1512
1512
1512
1512
1512
1512
1512
1512
1512
1512
1512
1512
1512
4432
1512
1512
1512
2972
1512
1512
1512
2972
1512
1512
1512
1512
1512
1512
1512
2972
1512
1512
1512
4432
1512
1512
1512
2972
1512
1512
1512
1512
1512
1512
1512
1512
1512
1512
1512
1512
1512
1512
1512
1512
1512
1512
4432
1512
1512
1512
1512
1512
1512
1512
1512
5892
1512
4432
1512
1512
1512
4432
1512
1512
1512
1512
1512
1512
1512
1512
1512
1512
1512
1512
1512
1512
1512
1512
1512
1512
1512
2972
2972
1512
1512
1512
1512
1512
1512
1512
1512
1512
1512
1512
1512
1512
2972
2972
5892
1512
1512
1512
2972
4432
2972
1512
2972
1512
1512
1512
1512
1512
1512
1512
1512
1512
1512
1512
1512
1512
1512
1512
1512
4432
1512
1512
1512
1512
2972
1512
1512
1512
1512
1512
1512
1512
1512
1512
1512
1512
1512
1512
1512
1512
4432
1512
2972
2972
1512
1512
1512
1512
4432
4432
2972
5892
2972
1512
1512
1512
1512
1512
1512
1512
1512
1512
1512
1512
2972
1512
7352
7352
8812
2972
1512
1512
1512
1512
1512
1512
1512
1512
1512
1512
1512
1512
1512
1512
1512
1512
1512
1512
1512
2972
1512
1512
1512
1512
1512
1512
1512
1512
1512
1512
1512
1512
1512
1512
1512
1512
1512
1512
1512
1512
1512
1512
1512
1512
1512
1512
1512
1512
1512
1512
1512
1512
1512
1512
1512
1512
1512
1512
1512
1512
1512
1512
1512
1512
1512
1512
1512
1512
1512
1512
1512
1512
1512
1512
1512
1512
1512
1512
1512
1512
2972
1512
1512
1512
1512
1512
1512
1512
1512
1512
1512
1512
1512
1512
1512
1512
1512
2972
1512
1512
1512
1512
2972
1512
1512
1512
1512
1512
1512
1512
1512
1512
1512
2972
1512
1512
1512
1512
1512
1512
1512
1512
1512
1512
1512
1512
1512
1512
1512
1512
1512
1512
1512
1512
1512
1512
1512
2972
1512
2972
1512
1512
1512
1512
1512
1512
1512
1512
1512
1512
1512
4432
2972
7352
8812
4432
2972
8812
2972
4432
8812
1512
1512
2972
2972
2972
4432
4432
4432
2972
2972
2972
2972
7352
2972
1512
1512
1512
1512
1719
7352
7352
1512
4432
4432
1512
1512
1512
1512
1512
1512
1512
1512
2972
4432
4432
1512
2972
4432
2972
1512
1512
2972
1512
1512
2972
2972
1512
2972
1512
1512
1512
1512
1512
1512
1512
1512
1512
1512
1512
2972
1512
4432
2972
4432
4432
1512
1512
1512
1512
1512
1512
1512
2972
1512
2972
1512
2972
7352
1512
1512
1512
2972
1512
2972
2972
1512
1512
1512
2972
2972
5892
1512
1512
2972
1512
2972
4432
1512
1512
1512
2972
2972
2972
4432
1512
2972
2972
2972
4432
1512
1512
1512
2972
1512
2972
1512
4432
1512
1512
2972
2972
2972
4432
1512
2972
4432
4432
4432
4432
1512
1512
1512
4432
1512
1512
1512
1512
1512
1512
1512
1512
1512
1512
4432
4432
5892
4432
1512
1512
1512
2972
1512
1512
1512
1512
5892
5892
4432
5892
1512
2972
1512
1512
1512
1512
1512
4432
1512
2972
1512
4432
2972
4432
4432
1512
1512
1512
1512
5892
2972
1512
1512
1512
1512
1512
5892
2972
2972
1512
1512
1512
1512
4432
5892
1512
1512
2972
1512
1512
2972
2972
1512
2972
2972
5892
1512
2972
2972
1512
1512
4432
1512
1512
1512
2972
1512
1512
1512
2972
7352
5892
4432
2972
2972
1512
1512
1512
1512
1512
2972
2972
1512
4432
1512
1512
1512
5892
4432
2972
1512
1512
2972
2972
1512
1512
2972
1512
2972
1512
4432
2972
2972
2972
2972
4432
1512
2972
1512
1512
1512
1512
1512
2972
1512
2972
2972
2972
2972
2972
1512
1512
1512
1512
1512
1512
1512
1512
1512
1512
1512
1512
1512
1512
1512
2972
1512
1512
1512
1848
-627
1519
