-421
2972
1218
-501
-510
1512
1358
-508
1003
1189
-523
4432
1512
-553
1512
1512
1512
1512
1512
1512
817
-529
1346
-528
1512
1512
1512
1512
1515
1512
1512
2972
1512
1512
-528
1512
1512
1512
1512
1512
1512
1512
1512
1512
2972
1512
1512
1512
1512
1512
1512
1512
1512
1512
2972
-479
1512
4432
811
1512
2972
1512
1512
1512
1512
1512
1512
1512
1512
1555
1776
-541
1512
2972
1512
-228
1512
2972
2972
1512
1512
1512
1512
777
-541
1500
1500
1252
1364
-542
609
1512
1512
1512
1512
1512
1512
1512
1512
1512
634
-547
-540
2972
1512
1512
-550
4432
1512
1512
2972
1512
1512
1512
1512
1512
1512
1512
1512
1512
1512
763
2972
1512
1123
-541
1512
1512
1512
2972
1512
1512
1512
1512
1512
1512
1512
1512
1512
1512
1512
1512
1512
2972
1512
1512
1512
1512
2972
1512
1512
1512
1512
1512
1512
1512
1512
1512
1512
1512
1512
1512
1512
4432
1512
1512
1512
1512
1512
1512
1512
1512
1512
2972
1512
1512
1512
1512
1512
1512
1512
1512
1512
2751
1512
1512
1512
1512
1512
2972
1512
1512
1512
492
-584
2464
-250
318
-185
345
89
-89
-196
660
