-423
1500
1500
1500
1500
1500
1500
1500
1500
1500
1500
1500
1500
1500
1500
1500
1500
1500
1500
1500
1500
1500
1500
2948
1500
1500
1500
1500
1500
1500
1500
1500
1500
2948
1500
1500
1500
1500
1500
1500
878
-543
1500
1500
2948
1500
1500
-510
1500
1500
2517
2948
-465
-496
1500
1500
2948
1500
1859
1278
2948
1500
1500
1500
1500
-478
1500
2948
1500
1500
1500
1500
1500
1500
1500
1724
1500
1500
1500
1500
-445
1834
453
-508
-510
-510
-500
-557
-557
1500
1772
-555
2948
1215
-555
2948
1500
2948
1500
1500
1500
1500
-555
1273
-488
1500
1123
-488
2249
750
-488
-488
2948
843
1500
2277
2948
787
1500
2251
1500
1500
2201
2218
-473
-488
-500
-500
-513
-516
-510
1500
1500
2948
1500
2948
1500
1500
1500
1500
1500
1500
1500
1500
1500
1500
1500
1500
1500
1500
1500
1500
1500
1500
1500
1500
1500
1500
1500
1500
2948
2948
791
2948
1500
726
2948
1500
1500
1500
2948
1500
1500
1500
1500
1500
1500
2948
1500
1500
1500
1500
1500
1500
1500
1500
1500
1500
1500
1500
2948
2948
2948
2948
1500
1500
1500
2948
2948
2139
1500
595
774
1500
1500
1500
1500
979
10142
-669
-503
-499
-517
-518
-516
-458
1500
1500
1500
2948
1500
1500
1500
1062
2948
1500
1500
1500
1500
1500
1500
1500
1500
1500
1500
1500
1500
1220
2948
1500
1500
1500
1500
1500
2948
1500
1500
1500
1500
1500
1500
1500
1500
1500
1500
1500
1500
1500
1500
1627
1500
1500
1500
1500
1500
1500
1500
1500
1500
1500
1500
1500
2948
1500
1500
1500
1500
1500
1500
1500
2948
2948
1500
919
1526
3105
-669
1552
1500
1155
1483
-730
1552
1500
1155
1481
-458
1552
2835
1293
460
-476
-465
-616
-606
-612
-616
-406
615
2948
1500
1500
1885
648
1811
1500
1500
1500
1500
1500
1500
1500
1500
1500
1500
1500
1500
1500
1500
1500
1500
1500
1500
1500
1500
1500
1500
1500
1500
1500
1500
1500
1500
2948
1500
1500
1500
2948
2948
2948
4396
2948
1500
1500
1500
2948
2948
1500
1500
2948
1500
1500
1500
2948
1500
1500
1500
1500
1500
1500
1500
1500
1500
2948
1500
1500
1500
1500
1500
1500
1500
1500
1500
1500
1500
1500
1500
1500
1500
526
16436
5388
16436
5388
-675
16436
10868
16436
16436
16436
16436
16436
9772
7292
8324
1071
-487
-558
16436
16436
16436
16436
16436
361
16436
289
32820
32820
32820
32820
16436
2617
-228
1500
2700
609
-584
1500
1016
-250
318
-185
382
-89
-196
