-417
-228
1500
2700
609
-584
1500
1016
-250
318
-185
1500
1500
382
1500
1500
-398
-89
1500
1985
1500
1500
-442
1500
1327
1366
-436
1500
1500
-196
-437
-437
-437
-435
1500
1500
1500
1500
1493
1500
1500
1070
1046
1500
1500
1500
1500
1500
1500
1500
1500
1500
1500
1500
1500
1500
1500
1500
1500
1500
1500
1500
1500
1500
1500
1500
1500
1500
1500
1500
1500
1500
1500
1500
1500
1500
1500
1500
1500
1500
1500
1500
1500
1500
1500
1500
1167
15491
-435
-426
-437
-435
-461
1447
583
1055
1413
1500
1500
1271
-526
1091
-449
-448
-450
1500
1500
1500
1500
1500
1500
1500
1500
-454
1553
2948
1500
1500
1500
1500
1500
1500
-449
1500
1500
1500
1500
2948
1500
1500
1500
1500
1500
1500
1500
1500
1500
-451
1500
3033
199
982
2948
2948
1500
1500
1500
1344
1500
4396
1500
1500
1500
2737
