-450
1512
1119
-462
1500
1500
2948
1500
1500
1500
1500
1500
1500
-476
1206
359
1500
2948
860
-474
361
1500
1500
1500
1500
-477
1500
1500
2948
1500
1500
1500
1500
1500
2948
1500
360
2777
2948
1500
1500
1500
-474
2948
2948
1500
2948
1500
1500
1500
1500
1500
1500
2948
1500
1500
1500
1500
360
2948
1113
16436
2492
-477
-477
-431
16436
4217
360
1500
2112
362
360
1202
2948
1473
-498
-492
358
352
-492
-506
359
-501
1500
1500
1500
1399
-503
359
2948
1500
2252
-494
359
1460
-496
546
359
1260
-495
358
-492
551
359
1907
-503
359
1955
-502
-498
359
1500
2218
3255
2948
570
359
2948
1703
359
2948
1158
-228
1500
1500
1837
-605
1500
1016
-250
111
-185
403
-89
-196
