-426
1500
1500
1500
1500
1500
2948
1500
1500
1500
505
-970
-898
395
978
1500
1500
-899
2948
1500
1500
1500
1500
2335
397
1500
-915
2948
1500
1500
2948
1500
1500
1500
1500
1500
1500
398
2948
1500
1500
1500
478
-916
1500
1500
1500
1500
1500
1500
1500
1703
398
2948
1500
-916
1500
1500
1500
1500
1500
1500
2948
1500
2006
398
2948
1500
-911
1500
1500
1500
1500
1500
2948
1500
1500
482
396
1500
1500
1633
-937
396
1500
1500
1500
1500
-937
1867
397
1500
-938
1500
2072
397
1500
-938
-911
-911
-916
-916
-916
-922
2291
396
1500
2547
396
-923
1500
1906
-923
396
396
1500
1500
639
-926
1500
1841
396
-916
1500
1500
1048
397
-1002
1500
1500
1144
397
1500
2948
1500
1500
1500
1500
1500
396
1500
1500
2948
1933
397
1500
-1014
2948
1500
1500
1500
1826
-914
397
1500
2948
1500
1500
1500
1500
1500
1500
1500
1500
1500
1500
1500
1500
1500
1500
1500
1500
1500
1500
1500
1500
1500
1500
1500
1500
1500
1500
1500
1500
1500
397
1500
1500
1500
2948
1500
1500
1500
1500
1500
399
1500
1500
1500
1500
1500
1500
1500
1500
1500
1500
1500
1500
1500
1500
1500
1500
1500
1500
1500
1500
1500
1500
397
1500
1500
1500
1500
1500
1500
1500
1500
1500
1500
1500
1500
1500
1500
397
1500
1500
1500
1500
1500
1500
1500
1500
1500
1500
1500
1500
1500
1500
1500
1500
1153
-1012
681
-915
1500
1500
1739
-915
1500
1500
1500
1500
1500
1500
1500
1500
1500
1500
1500
1500
1500
1500
1500
1500
1500
1500
1500
1500
1500
1500
1500
1500
1500
1500
1500
16436
16436
16436
4476
1500
1500
1500
1500
1500
1500
1500
1500
1500
2948
1500
1500
1500
1500
1500
1500
13984
1500
1500
1500
1500
1500
1500
1500
1500
1500
1500
1500
1500
1500
1500
1500
1500
1500
1500
1500
1500
1500
1500
1500
6712
-915
399
1500
-1003
1500
1500
1500
446
-1000
1500
1500
1500
396
1500
1500
1500
2094
-1000
1500
1500
1500
1500
1500
1500
1500
1500
1500
1500
1500
1500
397
1500
1500
1500
1707
-1013
1500
1500
1500
1500
1500
1500
1500
1500
1500
1500
1500
1500
1500
1500
1500
632
-1000
1500
1500
1500
1500
1500
1500
1500
1500
1500
1500
1500
1500
1500
1500
1500
1500
1500
1500
397
1500
1500
1500
1500
1500
1500
1500
1500
1500
1500
1500
1500
1500
1500
1500
1500
16436
2492
11474
13394
397
1500
1500
1500
1500
1500
1500
1500
1500
1500
1500
1500
1500
1500
1500
1500
398
1500
1500
1500
1500
1500
1500
1500
1500
1500
1500
1500
1500
398
1500
1500
1500
1500
1500
1500
1500
1500
1500
1500
1500
1500
1500
1500
1500
1500
1500
1500
16436
5388
902
16436
5388
16436
16436
10718
16436
5388
16436
-228
422
1202
395
1024
1500
1500
1500
1880
1500
1500
1252
609
-584
1500
1016
-250
318
-185
345
-89
89
-196
