-447
2948
1500
1500
1500
1500
1500
1500
2948
1042
-993
-921
395
978
2948
-922
5844
1500
1500
1500
887
397
1500
1500
-939
1500
1500
1500
2948
1500
1500
1500
1500
1500
1500
398
1500
1500
1500
1500
1926
-939
1500
1500
1500
2948
1500
1500
993
398
2948
1500
-939
1500
2948
1500
964
398
2948
1500
-934
1500
2948
1500
823
396
1500
-959
1906
-934
-934
-939
-939
-939
-945
396
1500
1500
1099
396
396
1844
1500
639
1500
1500
2496
1500
1500
590
396
3557
1844
1500
2948
1500
1448
397
1500
962
-960
397
1500
1500
1500
1500
-957
-946
-945
-949
-939
-1025
-1037
1469
397
2948
2948
2948
396
1500
2948
2948
1500
1099
4396
-937
3187
-1035
1845
7292
397
397
2948
4396
4396
2601
-947
2948
2948
1500
1500
1500
2948
2948
2948
2948
2948
1500
1845
4396
4396
396
1500
2948
2801
-938
1500
1500
1500
2948
1500
2948
2948
2948
1500
2948
5844
4396
7292
3295
4396
5844
1500
1500
1500
1500
1500
1500
1500
1500
4396
1500
1500
398
2210
1500
1500
1500
1500
1500
1500
1500
16436
16436
15068
1500
1500
1500
1500
1500
1500
1500
1500
1500
1500
1500
1500
1500
1500
1500
1500
722
-938
1500
1500
398
1500
2948
2948
1500
1500
1500
1500
1500
1500
1500
1500
1500
1500
1500
1500
2948
1500
1500
1500
1500
1500
1500
1500
2948
1500
2948
2948
2948
4396
2948
1500
7292
1500
1500
1500
2948
2948
1500
2948
1500
1500
2948
4390
-962
1500
1500
399
2948
5844
1500
4396
1500
1500
1500
1500
1500
2948
1500
2948
2948
2948
1500
1500
1500
2948
2948
1500
2948
2948
1500
1500
1500
1500
1500
1500
2948
1500
1500
1500
2948
1500
1500
1500
1500
1500
1500
1500
1500
1500
2948
2948
2948
1500
1500
1500
1500
1500
1500
2948
1500
1500
1500
1500
1500
1500
1500
1500
1500
1500
1500
1500
1500
1500
32820
2301
1500
1500
1500
1500
2368
-938
398
1500
1500
1500
1500
2948
1500
1500
1500
1500
1500
2948
1500
1500
1500
1500
2948
1500
1500
1500
1500
1500
1500
1500
1500
2948
1500
1500
2948
1500
1500
1500
1500
1500
1500
1500
1500
1500
1500
1500
2948
2948
2948
1500
1245
-938
398
397
1500
1500
399
1500
1500
2948
1500
1500
2948
1500
1500
2948
2948
2948
1500
2948
1500
1500
1500
1500
1500
1500
1500
2948
1500
1500
1500
1500
1500
1500
1500
1500
2948
2948
1500
1500
2948
2948
2948
1500
1500
1500
2948
16436
16436
2886
-1026
2948
1500
1500
1500
1500
1500
1500
2948
2948
2948
2948
2948
4706
394
104
-1023
2948
1500
1500
2948
396
2948
1500
1500
1500
1500
1500
1500
2948
1500
1500
646
-1023
1500
1500
1500
1500
1500
1500
1500
1500
1500
1500
1500
1500
1500
2948
1500
397
2948
1500
1500
1500
1500
1500
1500
1500
1500
1500
2948
2948
2948
1500
1500
1500
1500
1500
259
-1036
1500
1500
1500
1500
1500
1500
2948
1500
1500
995
-1023
395
397
289
-1028
2948
4396
1500
1500
1500
1500
1500
1500
1500
1500
1500
2948
1500
1500
1500
1500
2948
2948
2948
1500
1338
-888
395
1024
422
1202
1500
1500
1500
1500
1500
1500
1500
1500
1500
1500
1500
1500
1500
1500
1500
2948
1500
1500
1500
1500
1500
1500
1500
1500
1500
1500
1500
1500
1500
1500
1500
1500
1500
1500
1500
1500
1500
12016
1500
1500
2948
1500
1500
1500
1500
1500
1500
1500
1500
1500
1500
1500
1500
1500
1500
1500
1500
1500
1500
2948
1500
1500
1500
1500
1500
2948
1500
1500
1500
1500
1500
1500
1500
1500
1500
1500
1500
1500
1500
1500
1500
1500
1500
2400
-228
1500
1500
1252
609
-605
1500
1016
-250
318
-185
345
-89
89
-196
