-443
1500
1459
2948
1500
1500
1500
730
-485
1500
1500
1500
1500
1500
1500
1500
1500
1500
1500
1500
1500
-492
1500
1500
2948
1500
1500
1500
1447
-500
3214
1500
1194
-455
1131
-576
-593
-559
-547
-555
-545
504
1500
1500
2761
-562
367
405
565
-499
-499
-499
-499
-499
-499
1500
1500
1500
1500
1500
1500
1500
1500
1500
1500
1500
1500
1500
1500
1500
1072
-499
1500
4396
1500
1500
1500
1500
1500
1500
1500
1500
1629
-499
1500
1500
1500
1500
1500
2948
1634
-499
1500
1500
4396
1051
1500
1500
1500
1500
1500
1500
1500
1500
1500
1500
1500
1500
1500
1500
1500
1500
1500
1500
1500
1500
1500
-508
1500
1500
2948
2948
1500
1500
1511
1500
1500
1500
1017
2948
1047
1570
1500
2948
1500
1500
1500
1500
1074
-508
4396
4396
2948
1500
1500
1500
1500
2006
1500
1500
1228
1500
1552
1321
-507
4305
1603
-505
1797
-507
1500
1403
-505
-499
-506
-552
-564
-554
-514
-507
-553
-506
-505
357
-497
1500
1500
1486
1500
1724
1540
1569
1191
455
-497
4396
4396
2948
1500
1538
-562
1500
2948
4396
1500
1500
2948
2948
862
2948
1500
2948
1298
-560
1500
1500
1500
1500
1500
2948
1678
-561
2948
2115
-560
1500
1500
1500
2948
1500
1500
1500
1500
1500
1500
2948
1500
2948
1500
1500
1500
1552
2603
1844
1044
-571
5844
1500
2948
2948
1500
1538
3273
465
469
3217
2473
-552
-583
1014
-600
957
-608
1500
1011
1500
1500
1500
1500
1500
1500
1500
1500
1500
1500
1500
1500
1500
1500
1500
1500
1500
1500
1500
1500
1500
1500
1500
1500
1500
1500
16436
3940
1500
1500
1500
1500
1500
1500
1500
1500
116
1833
-424
1500
1123
