-444
1500
2069
1500
1500
1500
1500
1500
1500
1500
1500
1500
1500
1500
1500
1500
1500
1500
1500
1500
1500
1500
1500
1500
1500
1500
1500
1500
1500
1500
1500
1500
1500
1500
1500
1500
1500
2948
1500
1500
1500
1500
1500
1500
1500
1500
2948
1500
1500
2948
1500
1500
2948
1500
2948
1500
1500
1500
1500
1500
1500
1500
1500
1500
1500
1500
1500
1500
1500
1500
1500
1500
1500
1500
1500
1500
1500
1500
1500
16436
5388
16436
16436
16436
16436
16436
16436
3108
16436
1044
5844
1500
-476
1500
2948
1500
-486
1500
1500
2948
1500
1500
1500
1500
1500
1500
1500
1500
1500
1500
1695
1500
2948
-478
7292
7292
2309
2948
1500
1500
1500
1500
1500
1500
774
-478
1500
824
-485
-480
1500
1500
1005
2182
-589
721
-474
16436
16436
16436
16436
16436
16436
16436
16436
16436
16436
6542
1500
1500
1338
-515
1500
1500
2948
1500
1500
1500
1500
1500
1500
1500
1500
-513
1500
1500
1500
1500
2948
1500
1500
1500
1500
1500
1500
1500
1500
1500
1500
1500
1500
1500
16436
1044
-509
1500
1500
1500
2948
1500
1500
1500
1500
1500
1342
2948
1500
1500
1500
1500
1500
1500
1500
1500
1500
1500
1500
1500
1500
1500
-515
1500
1500
1500
2948
1265
1500
1263
1500
1500
1500
1500
-495
-483
-493
-491
-515
1903
-515
1500
1500
1500
1500
1500
1500
1500
944
-514
2948
1500
1500
1694
-515
1344
-515
1500
1500
1500
1745
-509
1500
1500
1500
571
1500
-509
1500
1500
1500
1500
1500
1500
1500
1500
1500
1500
1500
1500
1500
1500
1500
1500
1364
-515
2948
1500
1500
1500
1500
1500
1500
1500
1500
1500
1500
1500
1500
1500
1500
774
1500
1008
-515
2948
1500
1500
1500
1500
2948
1500
1500
1956
1500
1500
1500
1500
1201
-515
2948
1500
2948
1500
1500
1500
1500
1883
1500
1500
-515
1500
1500
1500
1500
1500
2948
1500
1500
1500
1500
1500
1500
774
2948
1500
1500
2948
1500
1500
1500
1500
1500
1500
1500
1500
1500
1500
1500
1500
1502
-507
1500
1500
1500
1531
-515
1500
1500
1500
2948
1332
-515
-505
1500
1500
1500
1500
1500
2948
1500
1500
1500
1500
774
1500
2948
1500
1500
1500
1500
2948
1500
1956
1525
4396
2948
1500
1500
1500
1500
1500
2948
1500
1500
1273
-515
1500
1500
1500
1539
-509
1500
1500
2948
1755
-515
1500
1500
1500
1500
1500
1500
1500
1500
1500
1500
1500
1500
1888
1500
1500
1500
1500
2948
2948
1500
2948
2948
1588
1500
1500
1500
2948
2948
2948
1500
1500
1500
1500
1500
2948
1500
2948
1044
-509
1500
1500
1500
1500
1203
-515
1500
1500
1500
1500
1500
1489
-515
1500
1500
1500
1883
-515
1500
1500
1500
1500
1203
-515
1500
1500
1500
1500
1500
1500
1500
1500
1500
1500
1500
1500
1500
335
1500
2948
1500
1500
2948
1500
1500
1500
1500
1500
1500
1588
1500
1500
1500
2948
2948
1500
1500
1500
1500
2948
1588
1500
2948
1500
1500
1500
1532
-515
1500
1500
1500
1745
-515
1500
1500
1500
1500
1500
1822
-515
1500
1500
1500
1500
1500
1500
1500
1500
1500
1500
2222
2948
1500
2948
2948
2948
3404
2939
-515
1500
1500
1500
980
-515
1500
2948
2335
-515
1500
1500
3649
-515
1500
1500
1500
1500
1500
1500
2126
-515
2948
2948
1500
934
-515
2948
2753
-515
1500
2948
2948
1500
1500
2948
1500
1500
1500
1500
2071
2948
2948
1500
1500
4396
1766
-515
1500
1500
1500
2948
1500
1500
1500
903
1500
-515
1500
1500
1500
1500
2948
1500
1500
2948
1500
1500
1500
1500
2948
1500
1500
1500
1500
2948
2948
1708
-515
4396
2948
2948
1500
2948
1500
774
2948
2948
1500
1500
2948
1500
1500
1956
2948
1500
1500
1500
2948
4396
7748
8797
-515
5844
2278
-515
4396
1777
-497
2948
1500
1500
1500
2948
4396
1500
1500
1500
774
1500
1500
1500
2948
1500
1500
1500
1500
1500
1500
508
2948
771
-509
2948
1500
1500
1500
1500
1500
1500
1500
848
-514
4396
1500
1500
1500
1500
2948
1500
1500
4396
4396
2948
2948
774
2948
2948
4396
2853
-515
1500
1500
2948
2948
1500
1500
1500
1500
2948
1500
1500
1500
1500
1500
1500
1500
1500
1500
2948
1946
2948
2948
971
3302
2948
1588
1500
2948
2494
-506
501
-502
-515
-515
-515
-515
-515
1500
2948
1500
1500
1500
-502
2948
1500
1500
3237
1500
1500
1500
1500
2070
1500
1500
1500
2948
1843
1500
1500
1500
1500
1500
1500
1140
1502
1500
1201
-497
-509
-515
-515
-515
2948
2485
-515
-509
1500
1500
1500
2948
2142
1500
-515
1500
1500
1500
1500
1500
1367
-515
2948
1500
1500
1500
1321
-515
1500
2948
2948
1500
1295
-514
2948
1500
1055
1500
2948
2948
1500
1500
1500
1500
930
2948
2948
1567
-509
1500
1500
1500
1500
1500
1500
1500
839
-515
2948
1500
1500
1500
1500
969
-515
1432
1500
-515
2948
2497
-509
1500
1500
2948
1500
1767
-515
1500
1500
1500
1500
1500
1500
1500
711
-509
1500
1500
2948
2221
-514
2948
2948
2948
2948
2948
2620
-515
2948
4396
2509
-515
1684
-515
1500
1500
1500
2948
1622
-515
1500
1500
1500
1500
1500
1500
1957
-515
1500
1500
1500
2948
2948
1409
-515
1500
1500
1500
2948
1500
1150
1500
-515
2948
1500
1500
1500
1035
-515
1500
1500
1500
1500
1636
-515
1500
1500
2948
2451
-515
2948
2948
2948
2021
-515
1500
1500
1500
2948
1500
951
-515
1500
2948
1500
1500
1185
-515
1500
1500
2948
1499
1500
-515
1500
2948
1500
949
-515
2948
1500
1500
1500
2016
-515
1500
1500
1500
2948
1925
-515
1500
2948
2948
1917
-514
1500
1500
1500
2948
1500
456
-515
1500
1500
1500
1500
1500
675
-515
1500
1500
1500
1500
1500
1407
-515
1500
1500
1500
1500
1500
994
-515
1500
1500
1500
1500
1500
759
-515
1500
1500
2948
1500
881
-515
1500
1500
2948
1414
-515
1500
2948
1500
1623
-514
1500
1500
1500
1500
3152
-515
1500
1500
1500
1500
1500
1439
-515
2948
2948
3831
-515
2948
2948
1500
2680
-515
2948
3532
-509
1500
2948
1500
1500
784
-515
1500
1500
1500
1500
1500
1500
711
-515
2948
1500
1500
1500
1500
1562
-509
1500
2948
1500
1959
-509
2948
1500
1500
1500
1500
2139
-514
2948
1500
1500
1500
1628
-515
1500
1500
2948
1500
1500
1137
-515
2948
2948
2971
-514
1500
1500
1500
2948
1240
-508
1500
1500
2948
1500
1876
-515
1500
1500
1500
1500
1083
-515
1500
1500
1500
1500
1500
1240
-509
2948
1500
1500
1848
-515
1500
1500
1500
1500
1500
1500
1761
-515
1500
1500
1500
1500
1683
-509
1500
1500
1500
1500
1500
1349
-515
1500
2948
2948
1734
-509
1500
2948
1500
1500
2575
-515
1500
1500
2948
1384
-515
2948
1500
1500
1500
1391
-509
1500
1500
1500
1500
1500
1119
-515
1500
1500
1500
1500
1500
1500
1718
-509
2948
1500
1500
1500
1792
-515
1500
1500
1500
1500
1500
1500
712
-515
2948
1500
1500
3311
-509
1500
1500
1500
1500
1500
853
-509
1500
1500
1500
1500
1500
1545
-515
1500
1500
1500
1500
1500
1500
1445
-515
1500
1500
1500
1500
1562
-515
2948
2948
3493
-515
1500
2948
2948
1500
908
-515
2948
1500
1500
1500
980
-515
2948
2948
1500
1500
1500
2948
2948
774
1500
1500
2948
1500
1500
2948
1500
2948
2948
2948
1500
1500
774
4396
1500
1500
1500
2948
2948
1956
2948
1500
1500
1500
1500
1500
1500
1500
1500
1500
774
2948
2948
2948
2948
2028
-515
1500
1500
1500
1500
2948
1500
1500
1500
904
-515
2948
2948
2948
2948
1500
1500
2948
4396
2881
-513
1500
1500
1500
2948
1500
1500
1500
1500
1500
1500
1500
1500
1500
1500
1500
1500
2948
1500
774
2948
2948
1500
1500
1500
1500
1500
2948
1500
1500
1602
-515
1500
1500
1500
1500
1500
1500
1500
1500
1500
1500
1500
2948
1500
1500
2222
762
-515
1500
1500
2948
1500
2948
2948
1500
2222
2948
2948
2948
1500
1500
1500
3404
1500
2948
2948
2948
2948
2948
1500
508
1500
1500
1500
1500
1500
1500
1500
1500
1500
1500
14130
-515
1500
1500
1500
1500
2948
1500
1500
1500
1500
1500
774
2948
1500
1500
2948
2948
1500
1500
1956
1500
1500
1500
2948
1500
1500
1500
1500
1500
1328
-515
1500
1500
1500
2948
1500
1500
1500
1500
1500
1500
774
1500
2948
1500
1500
1500
2948
2948
1956
1500
1500
1500
1500
1500
2948
1500
1500
1500
1500
1500
810
-514
1500
1500
1500
1500
1500
1500
1500
1500
1500
1500
1500
774
2948
1500
2948
2948
3157
-515
1500
1500
1500
1500
1500
1500
1500
1500
1500
1500
1500
1500
1500
1500
2948
2222
2948
2948
1500
1500
695
-515
1500
5844
1500
2828
-515
1500
1500
1500
1500
2948
1500
1500
1500
1500
1500
774
2948
1500
1500
1500
1500
1500
2948
1500
1956
2948
2948
1500
1500
1500
1500
730
-515
1500
1500
2948
1500
1500
1500
1500
1500
1500
2948
1500
1500
1500
1500
1500
1500
1389
1500
2948
1500
1500
1500
1500
1500
2948
2948
2948
1500
1500
1500
2948
1588
1500
1500
1500
1500
1500
1500
1500
1500
1500
1500
1500
788
-515
1500
1500
1500
1500
1500
1500
1500
1500
1500
1500
1500
1500
1500
1500
1500
2948
1676
-515
1500
1500
2948
2948
1343
-515
1500
1500
1500
1500
849
-515
1500
1500
2948
2948
1053
-515
1500
1500
1500
1500
1066
-493
1500
1500
1500
1500
1116
-502
1500
1254
2948
1500
1101
-514
-513
1500
2948
1500
1500
997
2272
-486
1500
1500
778
1555
1500
1500
1500
1500
1500
1500
1500
1500
1500
1500
1500
774
2948
1500
1500
1500
2948
2948
1500
1500
1500
1271
1500
1923
-497
1500
1710
-494
1500
1500
1352
-685
361
2948
1500
1500
1500
1500
1500
1500
1500
1589
-515
1500
1500
1500
1107
-514
-514
1500
1500
4396
-515
1500
1500
1500
-515
1500
1500
1500
1500
1500
1500
1500
1500
1500
1500
1500
-515
581
1500
1500
1500
1500
1809
1500
1500
1500
1500
1500
1500
-515
2948
1500
1500
1500
-514
1500
1500
2948
1500
1943
-515
-515
1500
2948
1500
2948
2948
2948
2948
4396
3670
4396
4396
4396
1500
1956
1159
-515
1500
1500
1500
2097
1500
1500
2948
1500
1500
915
1500
-515
1500
1500
1500
1522
1500
1500
1500
1500
1500
1500
1500
1500
845
2948
2948
1500
1500
1500
1500
1500
-515
2948
1500
1347
1500
1500
1500
1889
-515
1500
-514
1500
2948
2948
1500
4396
3670
2948
2948
-514
1500
1500
1500
2948
1500
1347
-515
1500
1500
1500
1500
1500
540
-515
1500
1500
1500
1500
1500
1500
1500
1500
1500
-515
1500
1500
1500
1500
1500
1500
1262
1500
2948
-515
1500
1500
2948
2948
1500
1500
1500
1500
1500
1500
720
-509
1500
1500
1500
1500
1500
1500
1500
1500
1500
1500
1500
1500
1500
1500
1500
2948
1500
1500
2948
2948
3104
-515
1500
1500
1500
748
-509
618
-515
1500
1500
1500
1500
1500
1500
1500
1500
1500
1500
1500
774
1500
2948
1500
1500
1500
1500
2948
1500
2948
1500
1500
936
-515
1500
1500
1910
1500
1500
1500
2948
2948
-515
2139
1500
1500
1500
866
-515
1500
1500
1500
745
-508
2948
2948
1500
1500
508
1500
-515
1500
1500
1500
1500
1500
1500
1500
1500
1500
2948
1500
1500
614
2948
1500
1500
1500
1500
1500
1500
1500
1500
2948
1500
1588
1500
1500
2948
1500
1500
2948
1500
7132
-514
2948
1500
2519
-515
1500
2948
1600
1500
1500
1500
1500
1500
2948
1500
1500
1500
1500
-515
1500
2948
2948
1500
2948
2948
2948
1500
1948
-515
1500
1500
1500
741
1500
1500
1757
-515
1500
-515
1500
1500
1500
1804
1500
4396
4396
2948
4881
2948
4396
2948
4396
3380
1500
1500
1500
2948
1500
1209
1500
1500
1500
1500
1500
1500
2948
1500
1500
1500
2948
2948
1500
1500
1500
1500
1500
2948
1500
1500
1500
1500
1500
1500
1500
1500
1500
1500
2948
1500
1500
1500
1500
1500
1500
1500
1500
2948
1500
1500
1500
1500
1500
1500
1500
1500
1500
1500
3332
1500
1500
1500
776
1500
2948
1500
1775
-515
1500
1500
2948
1500
773
-515
-515
1500
2948
2948
2948
1500
-515
1500
1500
1500
774
1500
1500
1500
2948
1500
1500
-515
1500
1500
2948
-515
1500
1423
2948
2948
4396
2948
2948
2948
1500
2948
2948
2166
-514
1500
2948
2948
1500
1500
1500
1500
745
2948
1500
967
-509
1210
1500
1500
1500
2948
2948
1500
1500
1500
1500
774
1500
-515
2948
2948
1500
1500
2948
1500
1956
1500
1500
1500
1500
1500
2019
2948
-515
2948
4396
2731
1500
1500
1500
1500
2948
1167
2948
2817
-228
1500
1500
1252
609
-515
2948
2948
2028
-515
-487
1500
2948
2948
2948
1500
1500
1500
2948
1500
1500
1500
1500
1500
1500
1500
1500
774
2948
1500
1500
1500
1500
1500
1886
16436
2492
1500
2948
1500
1500
1500
1500
1500
1500
1500
1500
1500
1500
1500
2045
-515
-515
1500
4396
3185
-513
-515
1500
4396
3061
2948
1500
1500
1446
-509
1500
2948
1500
1500
1500
797
-515
1500
2948
1500
1500
1120
-515
2948
1500
1500
1500
969
-509
1500
2948
2948
1500
1315
-515
1500
1500
1500
1500
1500
1500
1876
-515
1500
1500
1500
1500
1500
1500
1446
-515
2948
1500
2948
2503
-515
1500
1500
1500
1500
-515
2948
697
1500
1500
1500
1500
1500
1500
971
-515
-515
1500
1500
2948
1627
-513
1500
1500
1500
1500
1500
1500
676
-515
1500
1500
1500
2948
2075
1500
2948
2948
2118
-515
1500
1500
1500
1500
1500
1899
-515
-509
1500
1500
2948
2948
1314
-515
-515
1500
1500
2948
1500
1500
595
2948
1500
1500
1500
1500
1868
1500
1500
1500
1500
1500
2009
-515
1500
1500
1500
1500
1500
1791
-515
1500
1500
1500
1500
2017
-515
1500
1500
1500
1500
1500
1500
1245
-515
1500
1500
1500
1500
-515
1500
1269
1500
1500
1500
1500
1697
-515
1500
1500
1500
2948
1500
-515
1500
435
-515
1500
1500
2948
3512
2948
1500
1500
1500
1500
456
-515
-515
1500
1500
1500
2948
1500
1722
1500
1500
1500
1500
-515
2948
947
1500
1500
1500
1500
1500
1500
-515
1567
-515
1500
2948
1500
1967
2948
1500
2948
896
1500
1500
2948
2948
1413
-509
-515
1500
1500
-515
2948
1500
1113
-515
1500
1500
-515
1500
1500
1500
1500
1086
2948
1500
1500
2948
524
1500
2948
2948
757
-515
-515
1500
1500
2948
2385
-514
1500
1500
1500
1500
2948
597
-515
1500
1500
1500
1500
1500
1500
737
1500
2948
1500
1500
1143
-515
1500
1500
1500
1500
1500
1647
-515
1500
1500
1500
1500
1500
931
-514
1500
1500
2948
1236
-515
1500
1500
2948
1500
-515
1803
1500
1500
1500
1500
1500
3168
-515
1500
1500
1500
1500
1500
842
-515
1500
1500
1500
1500
1500
989
-514
1500
1500
2948
1500
976
-515
1500
2948
2916
-515
-515
1500
1500
1500
-514
1500
1500
1500
2206
2948
2948
3120
-515
1500
1500
1500
1500
1500
1500
1101
2948
1500
-515
1500
2948
454
1500
2948
-515
1500
1479
-515
-515
1500
2948
2948
1833
-515
1500
1500
1500
2948
1500
1133
2948
1500
1500
1500
1974
1500
1500
-509
2948
2948
984
1500
1500
1500
1500
1500
1500
1983
-515
1500
1500
2948
1500
1160
-515
1500
1500
1500
1500
1500
1668
-515
1500
1500
1500
1500
1500
1514
-514
1500
1500
1500
1500
1500
1556
-515
1500
1500
1500
1500
2948
957
-514
1500
1500
1500
1943
-515
1500
1500
1500
2948
1759
-509
1500
1500
2948
941
-515
1500
1500
1500
2948
1081
-515
1500
1500
2948
1500
2124
-515
1500
1500
1500
1500
1894
1500
1500
2948
2948
752
-515
-515
1500
2948
1500
2759
-515
-515
1500
2948
1500
1500
757
1500
1500
2948
-514
1500
1388
-515
1500
2948
2550
2948
4396
2850
2948
2948
2158
-584
2464
-515
-514
1500
1500
2948
1500
1571
-515
-515
1500
1500
2948
1500
2811
1500
2948
1500
1500
1751
-515
2948
2948
1500
1490
-515
2948
1500
1500
1500
1941
-514
2948
2948
2134
-515
1500
1500
2948
1500
2887
-515
1500
1500
1500
1500
2948
1729
-515
2948
1500
2948
2948
825
-515
1500
1500
2948
1500
1651
-509
2948
1500
1500
1500
2948
1737
-515
1500
1500
1500
3253
1500
1500
1500
1500
1500
1271
-515
-515
1500
-515
2948
1500
1500
1500
1500
1500
-515
1500
-515
1500
1500
1776
1500
1500
1500
1500
1500
1500
1500
1500
1500
1500
1500
774
2948
1500
1500
-515
1500
1500
1500
1500
2948
1956
1500
1500
1500
1500
1500
1500
1500
1500
556
1500
1500
-515
1500
1500
2948
2948
1500
1500
-515
2948
774
4396
1500
2948
1500
1500
1500
1500
1500
1500
1500
2948
1500
2948
2948
3670
2948
1500
1500
1500
1500
2948
2180
-515
2948
2948
1500
1500
1500
1829
-515
1500
1500
1500
1500
2948
2948
2948
1500
2948
1500
1500
1500
1500
1500
1500
1500
1500
774
1500
2948
1500
1500
1500
1500
1500
1500
1500
1956
1500
1500
1500
1500
1500
1500
1500
1500
1500
1500
1500
1500
1495
-515
2948
4396
2948
2948
2948
1500
1500
2948
2948
1500
774
2948
2948
2948
2948
2948
-503
1819
-512
1500
695
1500
1500
2948
1500
1500
1500
1500
1500
1500
1500
1500
1500
1500
1500
1500
1500
1602
-515
1500
642
-515
1500
1500
1500
1500
1500
1500
1500
1500
1500
1500
1500
774
1500
2948
1500
2948
2948
1500
2948
1500
1500
1500
1500
1500
1500
1500
852
-515
1500
1500
2948
1500
1500
1500
1500
2948
1500
2222
1500
1500
1500
1500
1500
1500
2948
2948
1500
1347
-515
3255
-515
1500
1500
1500
1500
2948
1500
1500
1500
1500
1500
1500
1500
1500
1500
1500
2948
2948
1500
958
-515
2948
1500
1500
1500
1500
1500
1500
1500
1500
1500
2948
1500
774
1500
2948
2948
2948
1500
1500
2948
1500
2948
1500
1500
2948
2948
1500
1500
1500
774
1500
2948
809
-515
1500
1500
1500
1500
1358
-515
1500
1500
1500
1500
1500
1500
1500
1500
1351
-515
1500
1500
1500
2948
1500
1500
7281
-515
1500
1500
1500
1500
1500
1614
-515
2948
1500
1500
1500
1500
1500
1500
1500
1500
1500
774
2948
2948
1500
1500
2948
1500
1500
1500
1500
2948
1500
1500
2948
1500
1500
1500
1025
-515
1500
1500
1500
1500
1500
1500
1500
1500
2948
1500
1500
2948
1500
1500
2654
-515
7292
4396
4396
7292
1428
-514
1500
1500
1500
1500
1500
1500
1500
1500
2948
2948
2948
2948
347
-515
1500
562
-515
2948
1500
1500
1500
2948
2948
1500
1500
1500
1500
1500
897
-515
1500
1500
1500
1500
1821
-515
1500
1500
1500
1500
1500
1500
1500
1500
1500
1378
-515
2948
1500
1500
1298
-515
2948
2948
2948
2948
1500
1500
1500
3280
-515
1500
1500
374
-515
1500
3040
-515
1695
1500
-515
2948
2612
-515
1500
2948
1732
-515
1500
1500
1500
1500
1588
1500
-515
1500
1500
704
-515
2948
1500
1500
1057
-514
2948
1500
1500
1258
-515
1500
1500
1500
1500
1263
2948
1500
1669
1500
2948
1500
2062
-509
1500
1500
1500
2948
1500
1653
1500
1500
1500
2948
2956
1500
-515
1500
1500
1500
1500
1500
1500
1500
1500
1500
1500
1500
375
-510
1500
1500
1500
2948
1500
1500
1500
1500
1500
1500
1117
1500
1500
-515
2948
1500
1500
1500
1500
951
1500
1500
2948
1500
1500
-515
1500
1500
1500
1500
1500
1500
1500
1500
1500
1500
1253
2948
1500
2948
2948
-515
1500
1500
1500
1500
2948
2948
1500
1500
679
-514
1500
2948
1500
2948
2067
-515
-514
1500
1500
2948
1461
1500
1500
1500
1500
1500
1500
1500
2948
1500
1500
774
-515
2948
2948
1500
1500
2948
1500
1500
1500
1500
1500
1500
1500
1039
1500
2948
-515
2948
1500
1545
1500
1500
2948
1500
1500
1500
1500
1500
1500
-509
1500
1500
1500
1500
1500
2948
2948
1500
1390
1500
1500
1500
1500
-515
1500
1406
1500
1500
2948
1500
1500
1500
1549
1500
1500
1500
2948
1009
-515
1500
1500
2948
1500
857
-515
1500
1500
1500
1500
1500
1808
-515
1500
1500
1500
1500
742
-515
1500
1500
2948
1500
714
-515
1500
1500
1500
1500
1500
1237
-515
-508
1500
1500
2948
1509
-514
1500
1500
1500
1500
2948
1500
609
2948
1500
1500
2120
2948
2948
1500
932
-476
-515
-513
-513
-514
-515
-515
1500
1500
2948
1500
1500
1500
1500
1500
1500
1500
1500
2948
7292
8014
8740
1500
2948
4396
1500
1500
2948
1500
2222
2948
1500
1500
1500
1500
1500
1500
1500
1500
1500
-496
2948
1500
2948
2948
2948
1500
1570
-515
2948
2948
4396
2948
2415
2948
-515
1500
1500
1500
1500
726
-515
1500
1500
1500
1500
1500
1500
1500
1500
-495
1500
2948
1500
1500
2948
4396
1500
1500
1500
1500
1500
2453
-515
1500
1500
1500
1500
1500
1500
1500
1500
1500
1500
1500
2054
1500
2948
1500
1500
1500
1500
1500
2948
1500
774
2948
2948
1500
1500
1500
1500
1500
1500
1500
1500
1500
1500
1500
1500
1500
1500
1500
1500
1500
1500
1500
1500
1500
2948
1500
2948
1500
1500
2948
1500
1500
1500
1500
774
2948
1500
2948
1500
1500
1500
1500
1500
1500
1500
1500
2948
1500
2948
1500
1500
1500
677
-515
1500
1500
2907
1500
1500
1500
1500
1500
1500
2948
2948
1500
1500
1500
2948
2948
1500
1500
1500
1500
1500
1500
1500
2948
1500
1500
1500
1500
1500
1500
-515
1500
2948
2948
1103
-515
1500
1500
1500
1500
1500
1500
2948
1500
2948
1500
1500
1500
1500
1500
2948
2948
1500
1500
774
1500
2948
2948
1500
1500
1500
1500
1500
1500
1500
1500
1500
2948
1500
2948
1500
1500
1500
1500
1500
697
-515
1500
858
-515
7292
7292
2222
2948
1500
1500
1500
1500
1500
2948
2948
774
1500
1500
2948
2948
1500
1500
1500
1500
1500
1500
1500
1500
1500
2948
1500
1057
-515
1500
1500
1500
1500
1500
1500
1500
1500
1500
920
-515
1500
1500
1500
1500
1500
1500
1500
1500
1500
1500
1500
774
1500
1500
1500
1500
2948
1500
1500
1500
1500
1500
774
2948
1500
1500
2948
2948
1500
1500
1500
1500
1500
1500
1500
1500
1500
1500
1500
1500
1500
1500
1899
1853
-515
-515
1500
1500
2948
1500
1500
1500
1500
1500
1500
1500
774
1500
1500
2948
1500
1500
1500
1500
1500
1500
1500
1500
2948
1500
774
2948
2948
1500
1500
1500
1500
1500
1500
1500
1500
1500
894
-487
1500
1500
1500
1500
1500
1500
1500
1500
1500
2948
1500
1500
1500
1908
-486
1500
1500
2948
1500
1500
1500
1500
1578
1429
1500
1500
1500
1500
754
1500
1500
1500
1500
1500
1500
1500
2948
2948
1500
1500
1500
1539
1500
1500
1500
2948
7292
8740
1500
1393
1500
1500
2948
2948
2222
1500
1500
1500
2948
4396
1500
1500
1500
1500
1500
1500
1500
1500
1500
1500
1500
1500
1500
2948
2948
2948
1500
1500
1500
1500
1500
2948
1500
1500
1500
1500
1500
1500
1500
1500
1500
2948
1500
1500
1500
1500
1500
1500
1500
1500
1500
1502
1500
1500
1500
1500
1656
609
-250
318
-185
-565
271
-408
382
-89
1500
1500
1500
1500
1654
-196
