-440
2972
1512
1512
1512
1512
1512
1512
1512
1512
2972
1512
1512
1512
1512
1512
1512
1512
1754
-458
-449
551
-444
1512
1676
-453
816
603
-668
-651
-513
1949
3000
1155
-488
1719
1680
-573
453
-548
3000
1156
1497
453
-513
679
-514
-527
679
-468
679
379
-485
337
962
-465
-803
-489
-411
-513
-510
1512
1512
1142
2092
1788
2948
1500
339
1500
1500
1500
1500
1500
337
844
-465
679
1145
338
2948
1301
1500
1500
1500
1500
1500
1500
1500
1500
1500
1500
1500
1500
1500
2948
2948
1331
-466
2849
1927
338
-477
1227
338
2006
-513
-514
1085
-513
679
679
-461
-472
338
1500
2948
1059
268
1500
1946
-477
-477
1500
1500
1500
1056
-477
1500
1500
1500
-477
1532
2948
2169
2948
1500
592
-477
-477
-475
-470
-478
-465
-233
2948
1252
1606
455
576
418
419
1271
-465
2948
1500
-474
-488
-493
-473
-716
-488
-492
-492
460
1882
339
852
-476
339
4396
841
3510
339
2948
1500
337
1500
264
1500
1500
4396
1500
1665
-657
-493
-487
-486
-486
-485
1014
1747
580
1512
1512
1500
2378
-485
339
2948
1500
2948
1014
-484
337
451
-497
337
337
337
448
-498
342
-463
350
-509
331
337
740
-509
464
-509
338
336
1786
2780
-509
96
-494
1133
-494
340
1500
1500
1500
2948
2948
1524
-491
339
4396
2948
604
-504
339
4396
1500
1974
-496
340
1500
4396
1500
3171
-496
338
4396
1500
1500
1607
-496
339
2948
2948
2948
2713
-496
338
1500
2429
-496
338
2948
4255
-496
339
1500
2548
-510
339
1500
1881
-510
339
1500
1869
-482
339
1500
2231
-509
339
1500
1906
-510
339
1500
2231
-483
-1116
339
1500
2948
1500
4185
-510
339
1500
2948
1500
1817
-509
337
269
-473
339
1500
1500
2820
-510
1787
1500
1749
-510
337
4683
269
-484
2098
-509
339
4396
1081
-509
337
1787
169
-509
6049
-509
1787
1500
2811
-510
4396
1500
-594
840
339
561
-509
6941
-509
4934
-510
339
2948
2842
-509
339
1500
2948
1723
-509
339
4396
1882
-509
339
1500
1500
3078
-510
1500
1500
2948
2948
902
339
339
5585
-509
4086
-509
339
1500
2312
-509
339
1500
2561
-510
339
2948
2948
496
-509
339
1500
1797
-509
1787
1500
1427
-510
339
1500
3978
-509
339
5561
-509
339
1500
1500
2448
-509
-594
339
1500
1500
1500
1206
-509
840
339
2948
3045
-509
339
1500
1884
-493
339
1500
1498
-493
339
1500
1911
-494
339
1500
1721
-494
-234
-228
339
1500
1500
1500
1500
1788
-494
302
339
2948
1497
-494
338
2948
2948
1325
-493
339
2948
1500
1500
1500
1500
2948
842
-494
338
1500
1500
1500
1148
-493
339
2948
1500
1500
1500
2948
2079
-493
379
-494
1500
1500
1252
339
2948
2948
2948
1500
1605
-494
-509
339
2948
2948
2948
2096
-494
601
3234
6165
-494
339
8740
338
1957
-494
5730
-494
339
1500
1500
1500
1500
609
338
5844
3591
-493
338
1500
2948
1500
2223
-494
338
2948
4396
2230
-494
1500
1500
1730
-494
338
1500
2948
339
2372
-494
2948
4396
3659
-494
338
2948
2948
1500
1607
-494
338
2948
2948
2569
-494
338
1500
2948
2647
-494
339
1500
1500
2948
2948
1500
2598
-494
338
1500
4396
1500
338
830
-494
5844
1005
-494
338
1500
1500
1500
1500
1500
1066
-494
338
1500
4396
1541
-494
338
5844
1500
1029
-494
338
1500
2948
1758
-494
338
2948
2948
1500
1500
1099
-493
339
1500
1500
2948
1500
1500
2948
1553
-493
338
1500
1500
1500
1500
1141
-494
338
1500
4396
1500
1540
-494
338
1500
1500
1500
1500
2370
-494
338
2948
1500
1500
2948
626
-494
339
1500
1500
2948
2948
1500
2732
-494
338
1500
1500
1500
1500
1245
-494
339
2948
4396
3977
-494
338
1500
4396
1500
1109
-494
338
1500
4396
1500
1500
1292
-494
338
1500
1500
2948
2874
-494
338
2948
2948
1500
1121
-494
338
2948
4396
1435
-494
338
1500
4396
1644
-494
338
1500
1500
2948
1336
-493
339
1500
1500
1500
1500
1500
1500
1500
948
338
2948
1500
-584
-493
2203
-493
1500
1016
338
5844
2093
-494
338
2948
2948
1500
1209
-494
1787
1500
2948
339
1500
1500
2948
2948
1500
2757
-494
-250
-922
339
1500
1500
1500
1500
2948
1500
2729
-493
435
4682
4828
-494
339
2948
4396
2948
2948
1500
2154
-494
1500
339
2948
1500
1500
1500
1500
1500
2948
2948
1737
-494
338
2948
1500
1500
1230
-494
339
2948
1500
1500
1500
1500
1391
-494
318
6130
1500
1933
-494
338
2948
1500
1500
1500
1742
1871
338
2948
1527
-493
339
1500
1500
2948
2948
1500
1203
-493
-185
338
1500
1500
1500
1500
1500
1500
969
-493
339
1500
1500
2948
1500
1500
1500
1500
918
-494
338
2948
1500
1500
338
783
2948
6130
984
-493
1817
-493
339
1500
1500
1500
1500
1500
2948
1755
-494
338
1500
4396
2849
-494
382
-89
339
-196
2948
660
10217
-485
339
2948
1500
1500
1500
2948
1500
338
539
-473
1500
1500
1500
1500
338
1500
1500
2948
1500
1838
338
-473
1500
1500
2104
-492
338
2948
1500
1500
1421
-493
1500
1500
340
1231
-493
4396
1500
1500
1500
1500
1500
1500
2948
337
729
445
338
-474
-474
4711
-490
338
1500
1500
2671
-476
338
1500
1500
2379
-490
1500
1500
2271
-490
338
1162
-490
338
1213
-490
340
1500
2948
1500
1500
1500
2948
337
3235
658
1500
1500
577
-488
-487
339
1500
1500
2675
-486
339
1500
1500
2948
881
339
2948
1500
1466
5844
1500
1500
1500
2135
585
499
337
297
