-423
1210
1500
835
1800
1500
1548
-574
-461
1500
1500
1500
1500
1525
1500
1500
1500
1500
967
1500
2948
1500
1500
1500
1500
1500
1500
1500
1500
1004
1500
1500
1500
1500
2948
1500
-461
1004
1500
1500
1500
1500
1500
1500
1500
1500
1500
1500
1500
1500
1500
1500
1500
1500
1500
1500
1500
1500
1500
1500
1500
1500
1500
1500
1500
1500
2948
1500
11170
-462
1500
1500
2948
1500
1500
1500
1606
1500
1500
1500
1500
1500
1500
-461
1500
1500
1500
1500
1500
1500
1500
1500
1500
1500
1500
1500
1500
1500
1500
1500
1500
1500
1500
1500
1500
1500
1500
1500
1500
1500
1500
1500
1500
2948
-463
1500
1500
2948
1500
1500
1500
1500
1500
1500
1500
1500
1500
1500
1500
1500
1363
1500
1500
1500
1500
2948
1500
1500
1500
1500
1500
1500
1500
1500
1500
1500
1500
1500
1500
1500
1500
10188
16436
994
-463
1500
1500
1500
1500
1500
1500
1500
1500
1500
1500
1500
1500
1500
1500
1500
1500
1500
1500
1500
1500
1500
1500
1500
1500
1500
1500
822
1500
2948
1500
1500
13084
1500
1500
-463
-463
-463
-526
1674
-463
1500
1500
1500
1500
1500
1500
1500
1500
1500
1500
1550
-460
1500
1500
1500
1500
1500
1500
1500
1500
1500
1500
1500
1500
1500
1500
1500
1500
1500
1500
1500
249
2948
1500
643
1500
1500
2948
1521
1500
1500
1232
1500
1500
2948
1500
1500
1500
1227
16436
675
-520
-466
-433
-529
1500
1500
2948
1500
1500
1500
1500
1500
1500
-528
1500
1159
1725
2948
1500
1500
1500
1500
1500
1500
1500
1500
1500
1500
987
2948
1500
1500
508
2948
1500
1500
1394
8284
-532
1500
1500
1500
1500
1500
1500
1500
1500
1500
1500
1500
1500
1500
1500
1500
1500
1500
1500
1500
1500
1500
1500
5025
2948
-525
1500
1500
1500
2948
1500
1500
1500
1500
1500
1500
1500
1500
1500
1500
1500
1500
1500
1500
1500
1500
1500
-518
-532
1500
-523
1500
1500
1500
2948
1500
1622
1500
1500
1500
1500
1500
1500
1500
1500
1500
1500
1500
1500
1500
1500
1500
1500
1500
1500
1500
1500
1500
1500
1500
1500
1488
1500
1500
1500
1500
1500
1500
1500
1500
1500
1500
549
2389
2948
1500
1500
1500
1500
1500
1500
1500
1500
1500
1500
1500
1500
1500
1500
1500
1500
1418
-574
1104
513
-228
1500
1500
1500
389
-584
1500
1016
-250
111
-185
403
-89
-196
