-433
1492
1609
1500
1500
-580
1500
1500
2948
1500
1500
1500
1500
1500
1500
1500
-554
4396
2948
1500
1500
1500
1500
1500
1500
2948
1500
1500
1500
1500
1500
1500
1500
1500
573
2948
1500
1500
16436
3940
-647
5844
2948
2948
1500
1500
1500
1500
1500
1500
641
1500
1500
1500
2948
1500
1500
1500
1500
1500
1376
-601
2948
1556
1500
1370
-599
-536
1500
1500
1812
1500
1500
1500
1500
220
-586
1500
1500
718
-599
1500
1500
1500
1500
1500
1500
1500
1500
1500
1500
1500
2948
957
-598
1500
1500
1500
2948
1500
1500
-597
1500
2948
2948
1500
1500
1500
1500
1500
-593
1500
1500
1500
1500
1500
1500
1500
1500
1500
1500
-597
1962
1500
1500
1500
1500
2948
1500
1500
1500
1500
1500
1500
1500
2948
1500
-598
1500
1500
2204
2948
2948
2948
2618
1500
2948
1500
-595
1500
1500
1500
1500
1500
1500
1500
1500
1500
-587
2948
1500
915
2948
2948
2948
-586
2204
2948
945
1935
-592
1070
1637
15908
-574
-629
-604
1500
2221
-638
1500
1500
1192
-596
446
-600
1500
1500
998
-596
1500
1500
1500
1500
1500
1500
1500
-602
1500
1500
1500
1500
1500
1582
1500
1500
1500
-603
1500
1500
1500
1500
1500
1500
1500
668
1500
2948
1500
1500
955
-593
-600
1273
1624
875
1500
1890
-694
-228
792
1500
2700
609
-584
1500
1016
-250
318
-185
382
-89
-196
