-223
1500
1261
-618
1500
577
-366
99
-451
1500
1500
1500
1500
1500
1500
1500
1500
1500
1500
1500
1500
1500
1500
1500
1500
1500
691
-784
1500
1500
2948
1500
1500
1500
1500
1500
1500
1500
1500
1500
1107
-255
-255
185
-815
-229
185
-808
-255
-255
-255
-233
1500
1500
185
185
185
1500
1500
-961
-811
-817
1500
1902
2948
1500
1500
-378
1500
517
2269
1470
2296
1500
1500
1500
1500
111
1500
1500
1500
2948
1500
1876
1500
1500
1500
1500
1500
1500
1500
1500
1500
1500
1500
1500
1500
1585
1500
1500
1500
1500
1500
1500
1500
1593
-592
827
-590
405
1507
-174
-827
-585
-844
-800
1500
1889
-803
-846
1500
1500
1500
1500
1428
294
2948
1500
1500
1500
1500
1500
1500
1500
1500
1500
1500
1245
1500
1500
1500
1500
816
1500
1500
1500
1500
903
1500
-514
1500
1500
1500
1500
1500
1500
1500
1500
1500
1500
1500
1500
1500
1500
1500
1500
1500
1500
1500
1500
1500
1500
1500
1500
1500
1500
1500
1500
1500
1500
1500
1500
1500
1500
1500
1500
1500
1500
1500
1500
1500
1500
1500
1500
1500
1500
1500
1500
1500
1500
1500
1500
1500
1500
1500
1500
1500
1500
1500
1500
1500
1500
1500
1500
1500
1500
1500
1500
1500
1500
1500
1500
1500
1500
1004
1500
2948
1500
1500
1500
1500
1500
1500
1500
1500
1500
1500
1500
1500
1500
1500
1500
1500
1500
1500
1500
1500
1500
1500
1500
1500
1500
1500
1500
1500
1500
1500
1500
1500
1500
1500
1500
1500
7292
1500
1500
1500
1500
1500
1500
1500
1500
1500
9930
521
-228
1500
1500
1500
389
-584
1500
1016
-250
-704
111
-185
1535
403
-89
-196
89
