-425
1500
1500
4396
1500
1500
1500
1500
1500
1500
2948
1500
505
2948
1500
1500
1500
1500
1485
-453
1500
1500
2948
-464
1500
1500
1500
1500
1500
1500
1500
1500
1500
1500
-454
1216
2948
1500
1500
1500
1500
1500
1500
1500
1500
1500
1500
1500
1500
286
2948
1500
1500
-483
1500
1500
1500
1500
1500
1500
1500
1500
1500
1500
1500
1500
1500
1500
1500
1500
1500
4345
1241
-472
688
-457
1500
1500
1500
-451
1906
514
-482
1500
1500
1500
1500
1500
2948
1500
1500
370
-441
-481
1458
1500
1500
1500
-462
1500
1561
1500
2948
1215
-474
1500
1500
1500
1500
1500
2948
1500
-481
1500
555
2948
1500
-474
1500
1500
1500
1500
1500
1500
708
1500
-510
1500
1258
732
-444
-490
585
-491
476
-487
2292
1500
1771
-517
1500
1500
1500
1500
2406
-518
1500
1500
1500
1500
1500
1500
1500
-523
2948
1500
1500
1500
1500
1500
1500
2948
1500
1500
1500
1500
1500
612
2948
1500
-514
1500
1500
1500
1500
1500
1500
1500
2948
1500
1500
1500
1500
1500
1500
2948
1667
462
-518
503
-522
704
-505
1394
-515
-516
765
1500
1500
1500
-523
1500
1430
1500
1500
1500
2948
-516
1500
1188
1500
1500
-518
1500
1493
1762
-513
1500
1500
1983
-634
824
-228
-560
424
1500
2700
609
-584
1500
1016
-250
318
-185
345
-89
89
-196
