-422
998
610
-557
1100
-635
-646
363
365
1410
-634
1075
-634
316
-629
-598
1500
1500
1500
1500
1500
588
-608
431
968
363
-610
363
1358
218
527
342
-608
-228
189
1500
2700
592
454
609
-584
1500
1016
-250
189
1270
318
-185
388
90
-606
345
-89
89
304
-637
-196
304
-613
363
-649
363
-618
363
-597
363
-597
363
-598
363
-642
1504
1500
1500
363
-636
304
-637
1500
1500
1500
1500
1500
1500
1500
1500
1500
1500
1500
1500
1500
1500
1500
1500
1500
1286
-637
304
-610
389
363
363
304
363
2973
1500
1478
1500
1500
1500
1500
1500
1500
1500
1500
1500
1500
1500
1500
1500
1500
1500
1500
1307
-557
359
