-443
1518
-578
730
1206
-656
342
745
-667
363
-655
-655
-650
316
1697
1194
1032
-619
514
1500
1500
1500
1500
2036
-629
363
-631
304
363
336
379
192
454
363
-629
-627
-658
-634
-228
363
-639
190
125
1500
1500
1252
363
-618
339
228
363
-618
363
-619
363
-692
304
-657
791
900
609
-658
363
-658
363
-605
-639
359
-634
359
-631
304
2464
-250
318
-185
363
345
89
-89
-196
1500
1503
1500
2948
1500
316
1500
1503
1500
1500
1500
1500
1500
2948
1500
1500
2948
1500
363
1500
1500
1500
1500
1500
2948
1500
1500
1500
1500
1500
1500
1287
1500
1500
1500
1500
1500
1500
1500
1307
-578
359
