-148
100
-452
1500
92
1500
92
1500
92
-148
100
-452
500
-148
1500
92
1500
92
1500
92
1500
92
100
-484
1500
-148
92
1500
92
1500
92
1500
92
1500
1500
132
1500
92
1500
92
1500
92
1500
92
1500
92
1500
92
1500
92
1500
92
1500
92
1500
92
1500
92
1500
140
-468
1500
92
1500
92
-148
1500
92
1500
92
516
1500
92
1500
1500
132
1500
92
1500
92
1500
92
1500
92
1500
92
1500
92
1500
92
1500
92
1500
92
1500
92
1500
92
1500
92
1500
92
1500
92
1500
92
1500
92
1500
92
1500
92
1500
92
1500
92
1500
92
1500
92
1500
92
1500
92
1428
1500
1500
132
1500
92
1500
92
148
1500
620
1500
1500
132
1500
1500
132
1500
92
-484
836
1500
-148
1500
132
1500
92
1500
92
1500
1500
404
516
1500
92
1500
124
100
-468
532
-148
1500
92
692
1500
156
100
-484
404
1500
732
612
-452
404
-148
132
100
-2948
-100
-148
404
1500
732
1500
924
1500
1404
1500
92
1500
92
1500
92
1500
1500
132
1428
1500
444
1500
92
1500
92
1500
1116
-484
404
-148
1500
92
1500
92
1500
92
1500
92
1500
92
1500
92
1500
92
1500
92
1500
92
1500
92
1500
92
1500
92
1028
1500
444
1500
1500
132
100
-484
1500
-148
92
1500
92
1500
1308
1500
92
1500
860
1500
1500
484
1500
92
100
-484
1500
-148
92
1500
92
1500
1500
1492
1500
92
100
-484
-1500
-476
1500
92
1500
92
1500
92
1500
92
1300
-532
404
1500
252
-532
404
1500
1500
132
1300
1500
732
1500
140
-532
1500
92
1500
92
1500
92
404
1500
204
-532
404
1500
92
1500
1020
-532
1500
444
1444
-484
1500
-468
92
1500
92
1500
572
1500
-436
668
404
1500
1500
132
1300
1500
364
1500
1084
1500
1212
1500
92
1500
1500
132
1500
92
1500
92
1500
92
1500
92
1500
92
404
1500
92
1500
1500
132
1500
92
1284
1140
-468
420
980
-148
100
-884
1060
-980
340
436
1500
92
1500
92
1500
92
1252
1500
92
1492
-148
100
-644
-148
260
100
-612
-148
100
-612
644
-724
532
-116
-308
180
-244
148
148
1500
92
1500
92
132
-116
-116
-116
-116
116
