-423
2948
2948
1500
1500
1500
1500
2948
1500
1500
1500
1500
1500
777
-501
1512
1512
2972
-512
1512
2972
1512
1512
1512
1512
1512
1512
1512
1512
1512
-480
1512
4432
1512
1512
1512
1512
1512
1512
1512
1512
1512
1512
1512
1512
1134
16436
6274
-483
16436
1512
1512
2972
1512
1512
1512
2972
1512
1512
2972
1512
1512
1512
1512
2972
1512
16436
16436
16436
16436
16436
-506
1512
1512
977
1512
2317
1512
-492
-480
-493
-498
4432
1512
1512
1512
1512
2972
1512
2972
2972
1512
1512
1512
1512
1512
16436
1512
1512
1512
1512
1263
1263
1512
1512
1512
1228
1512
1512
1512
1512
1512
1512
1512
2341
1512
1512
1512
2972
2972
2972
2972
2972
2972
2972
2972
2972
1512
1512
1512
1512
2972
1512
1228
2972
1512
1512
1512
1512
912
1512
1512
1263
2972
1228
2972
1228
1214
14652
16436
16436
11805
-558
16436
7539
-411
2972
1263
1512
2688
1512
2688
1512
2058
-482
1512
1512
1269
1512
3404
1512
1512
1228
2972
1176
-485
1512
2972
1262
1512
1512
1263
1512
1512
1512
1228
1512
2688
2972
1228
1484
1872
1512
1512
1512
-485
5892
2972
1512
1512
1269
4148
3037
-492
1512
2729
1512
2688
1512
1512
1228
1619
-486
-490
1512
2728
1512
2688
2972
1228
1512
1512
2688
1512
2972
1512
1512
1512
2972
1512
1512
2972
1512
1512
1512
1512
1512
1512
1512
1512
1512
1585
1512
-485
2972
2972
1512
7352
4432
2972
1512
1512
2972
16436
4740
1512
1512
1269
2972
1228
2972
2021
1512
1512
1269
1512
2688
1129
-465
-482
-507
-484
-481
1512
1512
1268
2972
1228
768
1512
2688
1512
2688
768
2972
1228
1512
3404
1512
1512
1228
2972
1228
2972
1512
1512
1512
1512
2972
1512
2972
1512
1512
1512
1268
1512
2688
768
1512
1512
1512
1512
1512
4432
1512
1512
1263
1512
7500
4864
2972
1774
-475
2972
2729
4148
4763
-489
1228
2972
1944
2972
1228
1512
2688
2228
2688
2972
1228
768
2972
2688
3404
16436
13513
-521
1512
1512
1269
2972
1228
3688
1228
2812
-478
1512
2729
1512
1845
-482
1512
2723
2972
1228
2972
1228
2419
-479
2972
1262
1512
1512
1944
2972
1228
1512
2688
2228
2688
2972
1228
1512
2688
2972
1228
2944
2688
2972
1228
768
2972
2688
3404
4148
2972
3404
762
1512
1512
1512
2728
1512
3404
2972
2688
1512
2972
1228
4189
5148
1652
-478
2972
2972
4432
2972
4432
4432
1512
2972
4183
1512
1228
1512
1512
2972
1269
2972
2972
2972
1512
1512
2688
2972
2303
-495
2972
1270
-572
1228
2064
-584
1512
2021
-574
1512
1512
1512
1512
2972
2972
1512
1512
1512
1512
1269
1708
-581
1512
1512
1268
1512
1512
2433
-573
1512
1512
1512
1512
590
806
-593
830
-581
602
567
1500
-482
615
-592
464
-577
478
-580
1500
1500
467
1512
549
1512
1263
2972
1228
2972
1228
2972
1228
2944
1512
1512
1512
1512
1512
2972
2972
2972
4432
1512
2972
1512
1512
2972
2621
-591
483
-595
1596
1500
1512
674
634
2340
-643
-593
-590
-580
1512
1512
1268
2972
1228
1418
1512
1512
1512
1262
1512
1262
198
2725
-510
1500
1500
2948
1500
1500
1500
1500
1500
1500
1500
1500
1500
-624
-574
2948
773
1500
2972
1512
2972
1512
1512
1512
1512
2972
-571
1512
1512
1512
2972
1512
1512
1095
2810
1315
2948
2948
1500
1500
1500
1500
2948
2948
4396
1500
1315
778
-228
1500
1500
1837
-584
1500
1016
-250
111
-185
403
-89
-196
