-421
1500
1500
1500
1500
1500
1500
1500
-511
1500
1500
1500
1500
1500
1500
1500
1500
-519
1500
1500
1500
1554
-587
1500
2948
1500
1500
1500
1500
1500
1500
1614
697
1500
1500
-588
4396
1500
1631
-228
692
1500
1500
1252
609
-528
-518
-517
1500
1500
861
1500
1500
1815
-538
1500
1500
1500
-538
1500
1500
2948
1500
1500
1500
1500
-505
1500
1500
2948
1500
1500
1500
1500
1500
1500
1500
1237
-511
1500
1500
2948
1500
362
860
1500
1201
-512
1500
1500
349
1500
1500
1500
1500
-510
1500
1500
1500
395
309
-583
464
-509
1745
652
294
-520
-584
1196
-486
-463
614
663
1420
1597
-455
-539
-533
526
-515
-541
-538
-574
399
1500
1500
605
-613
444
690
435
1500
1500
1500
1380
1380
379
-585
1500
1500
1500
1500
1114
1667
-586
-540
1645
-592
1500
1291
-624
-584
-555
-570
-570
-570
-570
-564
361
1500
2552
2464
1380
1380
899
724
620
609
399
743
348
-643
379
-250
1500
1500
1500
-645
-511
2948
2948
2948
1500
2284
-511
1500
1500
2948
318
2948
2043
-511
-185
1500
1500
2948
1500
1500
1500
1500
-490
-678
2121
1660
1500
1500
1500
1500
1500
1500
657
2948
1500
345
89
-89
-196
-639
1500
1500
2948
1500
1500
1500
1500
1500
1500
-624
1500
1500
1500
1500
1500
1500
1500
1500
1500
1500
1500
1500
1500
1500
1500
1500
1500
1500
1500
1500
1500
1500
1500
1500
1500
1500
1500
1500
1500
1500
1500
1500
1500
1500
2948
1500
1500
1500
1500
1500
1500
1500
887
2948
2948
2948
1500
1034
1500
1500
1500
1500
1500
1500
2948
1598
1500
1500
2948
1500
1500
1500
1500
1500
1500
1500
1500
1500
1500
2948
1500
1500
1500
1500
1500
1500
2948
2948
1500
1500
1500
2948
1500
1500
2948
1500
1500
1500
1500
1500
730
-515
781
