-421
149
-421
1512
2972
1512
1512
1512
1512
1512
1512
1512
1512
1512
1512
1512
1512
1512
-446
7352
7352
7991
188
-441
-431
-493
1825
647
915
-482
208
-483
-484
553
-482
553
-228
553
2948
1252
609
-616
-606
1390
2032
-588
1780
-588
-590
2495
1412
-588
1537
-449
-449
1512
1512
1512
1512
4432
1512
-449
-588
-588
-601
361
1512
2972
1512
961
4432
2335
2972
1512
1512
2972
2972
1512
1312
-482
1344
1512
1543
1512
1106
2972
1971
2972
1512
2245
2972
1512
1512
1025
553
-491
2972
2972
-512
-584
-587
-587
-590
-617
-603
-596
2464
-250
318
-185
1512
1512
1512
1512
2972
1512
1512
1512
1512
1512
1512
547
1762
-606
1383
-587
1385
-600
1759
-587
1657
-590
1512
1512
1887
-593
345
-89
89
-196
660
1512
1512
1512
1512
1512
1512
1512
1512
1512
1512
1512
1512
1512
1512
1512
2972
2972
1512
1744
-587
1446
-596
1512
1512
1618
-585
1415
-583
1512
1512
1596
-595
1473
-594
2972
1512
1512
1512
1512
1644
2972
1512
-591
2972
1512
1512
6768
1662
-602
1759
-586
1897
-618
6151
-588
1512
1346
-585
-525
1512
1512
927
-617
1512
1512
2236
-591
1855
-595
1512
561
-600
1920
-592
1512
570
-594
-529
-521
4432
1512
2972
1512
1512
1937
1512
924
2652
2543
1512
1278
1512
1494
525
511
-517
-597
-596
-602
8812
7352
4432
521
1512
1512
1512
1512
1512
2972
1512
1512
978
2972
1512
1512
1512
1512
1797
1512
11732
-536
1295
14652
1910
1512
2972
1902
2972
2972
1512
1512
1512
1512
1512
-521
1512
1512
1512
1512
1512
1512
1512
1512
2972
1512
1512
1512
1512
1512
1512
2972
1512
1512
2972
559
16112
525
2972
2972
1512
1512
1512
1512
1512
1512
1512
1512
2972
1512
1512
1512
1512
1944
