-422
1432
1263
1432
1344
1432
1432
1432
1432
1432
1432
1432
1432
1432
1432
1432
1432
1432
1432
1432
1432
1432
1432
1432
1432
1432
1432
1432
2812
1432
1432
1432
1432
1432
2812
2812
2812
1432
1432
1432
2812
1432
2812
2812
2812
1432
1432
1432
1432
1432
1432
1432
1432
1432
2812
1432
1432
1432
1432
1432
2812
1432
2812
1432
1432
1432
2812
1432
1432
1432
1432
1432
1432
2812
1432
1432
2812
1432
1432
2812
1432
1432
11498
-437
1432
1432
2812
1432
1432
1432
1432
1432
-450
1432
1432
1432
1432
1432
4192
1432
1432
1432
1432
1432
1432
1222
1763
-443
787
-447
-450
801
1320
-451
-450
-448
-475
-466
-473
1175
1432
771
2812
719
1432
1432
1432
987
1432
1432
2812
1432
-454
1432
1432
1432
1432
1432
1680
1432
2812
1432
1432
2812
1432
1432
1432
1432
-470
-471
-466
-480
-477
-228
278
1432
1432
1432
1432
1432
1432
1432
2812
1432
1432
1832
-468
1500
2700
1432
2812
1432
753
1432
-477
1432
1432
1432
1432
1432
1432
1432
1432
1432
1432
1432
1432
1432
1432
1432
1432
1050
763
-469
-474
1432
2812
1432
1432
4192
1529
609
2812
5572
1432
992
1432
1432
1432
1432
-476
1836
-467
1432
1432
1572
-466
1432
1432
1432
1432
1432
1432
1705
-468
1432
1607
-469
1432
2812
1432
1432
2812
1432
1432
1432
1432
1432
1432
1432
1432
2645
-457
1432
1432
1432
1533
-487
1432
1432
2812
1432
1432
1552
1432
1432
1762
-476
-480
1432
1432
2812
2876
-471
1432
1138
205
1432
1432
1432
1432
1432
4192
1432
1432
1089
1432
1432
865
2812
540
1432
1317
-465
-477
-485
-481
-475
-483
650
4673
-471
1432
1432
1432
1369
1432
-482
2042
-483
1432
1432
956
-476
1379
-474
4091
-469
1432
1432
1432
2590
-465
1432
1432
2812
1432
1432
1508
-476
1432
2812
1432
1432
1432
3241
-474
4192
1432
761
-473
1432
2812
1432
1432
1432
1432
2812
1432
1432
1432
1461
-488
1432
1432
2812
4192
1432
1432
1432
4192
1537
-485
2812
1432
2812
597
-479
1432
1432
3131
-464
1432
1432
1432
628
-467
2812
4192
4192
1432
1432
1432
1432
1432
2812
2812
1432
1432
1432
1432
4192
1432
1432
2812
2812
4192
1432
1432
-478
1811
-472
1432
1432
4192
2812
1432
691
-472
2812
973
-483
2812
2812
2262
-487
500
-491
1432
1432
2812
1432
1481
-503
1432
2812
659
-493
1432
1432
1432
1932
-461
1432
2812
1432
1812
-473
1432
1432
2812
2812
2812
755
-471
1432
1432
2812
1432
1432
1432
4192
2812
2507
-467
1432
4192
2854
-478
1432
1432
1432
2812
1432
1432
1432
1432
1432
1432
1432
5078
-469
1432
1432
1432
4192
1432
2812
4913
-470
1432
1432
2812
1432
2812
1432
2812
1432
1432
2812
1432
1432
4448
-475
1432
1432
2812
2812
3327
-470
1432
1818
-464
1432
1566
-476
1432
1563
-468
1432
1432
2812
1432
2003
-473
1432
2345
-472
1432
2300
-503
1432
1432
1432
1432
998
-482
2812
2812
4192
1432
1432
4192
1432
4192
725
-477
1432
1432
4192
1126
-496
2812
4192
1432
2880
-451
1432
1432
1432
1432
2812
736
-584
-451
4192
1432
1432
2812
1432
1432
1432
1432
1432
2812
1432
1432
1432
2812
2812
1432
1432
2812
2812
1060
-449
1500
1016
1432
4192
2812
2567
-449
638
-445
1432
1432
4192
1432
1432
1984
-447
1432
1432
3521
-472
539
-472
1432
894
-473
659
-473
421
-471
491
-474
422
-445
1432
1432
2812
1432
1432
2812
1432
1432
2812
562
-489
869
-449
568
-478
1432
1432
2812
1432
5572
2947
-447
1541
-445
1432
1432
1432
1432
1432
1432
1432
1432
1432
1432
2812
1432
1432
2812
590
-452
1432
4192
1432
1397
-449
538
843
-451
-444
1645
-482
1723
-475
498
-474
-250
820
-482
937
-483
601
-479
578
-479
1432
1432
2812
2812
477
-473
1432
1432
1432
1432
961
-472
318
598
857
-185
825
598
2143
1432
954
345
89
-89
-403
-196
660
1505
