-422
4023
1344
1432
1432
1432
1432
1432
1432
1432
1432
1432
1432
1432
1432
-437
1432
1432
1432
1432
1432
1432
1432
1432
2812
1432
1432
2812
1432
1432
1432
1432
1432
1432
1432
1432
1432
1432
-450
1432
1432
1432
1432
2812
1432
1432
1432
1432
2812
1432
1432
2812
1432
1432
1432
1432
16436
2988
1432
1432
1432
1432
1432
1432
1432
1432
1432
1432
1432
1432
1432
1763
-443
-451
1432
1432
1432
1432
1432
1432
1432
1432
1432
1432
1432
1432
1432
1432
1432
1432
1432
2812
16436
3673
1432
1432
1432
2812
1432
1432
1223
986
-447
787
801
-450
-450
-448
-475
-484
-479
1175
771
1432
1432
1432
1432
955
1432
2812
1432
1432
2812
1432
2812
-454
1432
1432
1432
1432
1320
-465
-470
-495
-479
-473
1432
1432
2812
1432
1432
1432
1432
1432
1432
1432
1432
1432
1432
1432
1432
1432
1432
1638
278
1432
1432
1432
1432
2812
-472
-228
651
1432
1432
1432
1432
1432
1432
1432
1432
1432
1432
1568
-473
1432
1432
1432
1616
-474
3392
-470
1432
1432
1432
2812
1432
1432
2812
1432
1432
1379
-481
1500
2948
1529
389
2812
1432
1432
1432
1432
1432
1432
663
1432
2812
1432
1432
1432
1432
1432
1432
1432
1432
2864
1511
6952
5021
1432
1432
1432
1432
1432
1432
1432
945
1432
1432
2812
1432
1432
1432
1214
-584
-467
-478
-471
-474
-472
1500
1016
-250
111
-185
1432
2812
1432
1432
1432
1432
1432
985
1432
-466
1432
1432
1432
1432
1432
1432
1432
1432
1432
1619
-488
1432
1079
1432
-480
1432
1432
1432
1432
1432
1432
1432
1432
1432
1432
1432
1906
1432
-482
1432
1898
-478
403
-89
-196
1432
1432
1432
1432
1432
2812
1432
1432
2812
898
-465
1432
1432
1432
1432
1432
1432
1432
1432
1432
1122
-472
2812
677
-469
1432
1643
-482
1432
1432
1067
-472
1432
1432
1432
1432
2812
1432
1432
1432
1432
1432
1432
1432
2812
780
-480
1432
1432
1010
-476
1432
1432
1885
-467
1432
1432
1135
-478
1432
1432
1432
772
-472
1432
1369
-478
1432
1432
2812
777
-465
1432
1432
1432
1432
1432
3860
-474
1432
1432
1432
1432
1432
1432
1432
1019
-473
1432
1432
1432
1432
1432
1432
1391
-476
1432
2812
1432
2812
1432
445
-477
1432
1432
1432
1432
1432
1432
3216
-480
1432
1432
2812
1432
1432
1432
1432
1432
2812
1432
1432
1432
1432
1432
1432
1432
1432
1432
1432
1432
1432
2659
-482
1432
1432
1432
2812
1248
-463
1432
1432
1432
1432
2812
920
-467
1432
1432
1432
4192
1432
1256
1432
1432
1432
-467
3267
-472
1432
1432
1811
-472
1432
1432
2812
1122
-481
1432
1432
1432
1432
1432
1432
1432
1819
-485
1432
1432
2812
1432
1432
1432
550
-486
1432
1432
2812
1432
1432
1432
1427
1432
-498
2812
2812
1932
659
-492
-458
1432
1432
2812
1432
1432
1432
1432
1432
844
1432
1432
-470
4192
2812
1432
1432
1405
1432
-472
1432
2812
1432
1432
1432
1432
892
-467
1432
1432
2812
1432
2812
1432
1432
1432
1432
1432
1432
1522
1432
-478
1432
1432
1432
1432
1432
1432
1432
1432
1283
-469
1432
1432
1432
1432
1432
1432
1432
1432
926
-470
2812
1432
1432
1432
1432
1432
1432
1432
1432
1432
1432
1432
2183
-471
1432
2812
2812
2812
2812
2812
1432
1432
1432
1250
-470
1432
1432
1432
1432
1688
-462
1818
-476
1432
623
-473
1432
1563
-468
1432
1812
-473
1432
1432
920
-485
1432
1432
2812
1432
1432
2812
1432
1432
2812
1432
2812
1432
1315
-485
1432
1432
2378
-479
1432
656
-479
1432
1432
1432
1432
986
-451
1432
2812
3020
-449
1432
1432
1432
1432
2812
1432
1432
2812
1432
1432
1432
1432
1432
4192
2812
1432
2812
1432
1432
1432
1432
1432
1432
1432
1432
1432
1432
1432
1432
1432
1432
1432
1656
-449
1432
1639
4192
-445
844
-447
539
-445
5572
1432
1432
894
-449
1432
4192
1432
1432
2812
1677
-447
659
-452
491
421
-445
-449
1541
-451
843
-444
1645
-472
498
-472
1723
-473
820
-473
601
-471
937
-474
422
-489
1432
2812
1432
1432
1432
2812
1432
562
2812
-478
2812
1432
1432
2812
2812
1432
869
-482
568
-475
1432
2812
1432
1432
1432
1432
1432
1432
1432
4192
1432
1397
1432
-474
2812
2812
1432
2812
590
-482
538
-483
578
-479
1432
4192
1432
1857
-479
1432
1567
-473
1432
1432
1432
857
2341
598
-472
825
598
1432
763
1432
954
-403
1505
