-427
1420
1420
1420
1420
2788
1529
-503
-549
1420
712
1420
-562
1420
1420
1420
1420
391
1420
-554
1629
1420
1420
1420
1420
390
-560
1420
1420
1420
1420
1420
1420
1420
2788
1420
1420
2788
392
1420
-501
1420
1420
1420
1420
1420
1420
1420
1420
2788
1420
1420
1420
1420
2788
1420
1420
2788
1420
1420
2788
1420
1420
2788
-707
403
1202
-467
612
1420
2788
1420
1420
1420
1420
1420
1420
1420
1420
1420
1420
1420
1420
1420
1420
2788
1420
1420
1420
1420
1420
1420
1420
1420
2788
1420
2788
1420
1420
4156
1420
1420
4156
1420
1420
1504
3079
-228
1420
1420
1420
1420
2788
1420
4156
1420
3773
1420
4156
1420
2788
2788
1420
2788
1420
4156
-493
-520
448
3546
1102
1420
1420
1420
1420
2788
1420
1420
1420
1420
1420
1420
1420
4156
1420
4156
1420
1420
1420
2788
1420
1420
1420
1420
1420
1420
1420
1420
2788
1420
1420
1420
2788
2788
1420
1420
2788
1420
1420
2788
1420
1420
1420
1420
2788
1420
2788
767
-599
-565
577
1420
1420
-577
-559
-568
1420
1420
2788
-567
1026
388
1420
1420
414
1420
1420
1420
2788
1420
1420
1420
903
-582
1420
1420
1420
1420
1420
1420
1420
1420
1420
1420
1420
1420
1420
2788
1420
1420
1420
1420
1420
1420
1420
424
1420
495
-568
1420
1420
1420
1420
2788
1420
1420
1420
1420
2788
1420
1420
1420
1420
1420
1289
2788
-563
-559
-564
-562
-561
809
-561
1420
425
-563
1420
1420
1420
1420
1420
1141
-568
1420
2788
4156
1420
2788
432
-567
1420
1420
1420
1420
1492
-567
1420
2336
-567
1420
1490
-567
1052
-567
1420
1369
-567
1420
683
-567
1420
1420
1420
1420
2788
1420
1420
1420
1420
4156
1420
1420
1420
1420
1420
1420
1420
2788
1420
1420
1420
2788
2788
1420
1420
5987
-567
1420
1420
4156
4156
1420
1420
2788
1420
1420
1420
1420
1420
1420
1420
1712
-566
4156
2788
1420
1420
2788
1420
1420
1420
1420
574
-561
6892
5524
1420
1420
1420
2788
1377
1420
1420
1420
1420
425
4156
1420
4156
1420
1420
1420
1420
1420
375
1010
2788
4156
2924
1688
-559
300
-849
413
-594
-613
840
1318
-661
-594
840
1242
-366
99
-586
-504
-228
1500
1500
1500
389
812
556
-580
820
-620
-636
-679
1192
1208
-627
510
-584
-598
1500
1016
621
-600
-250
634
657
111
-508
-501
-624
-502
-632
-185
681
1133
403
817
674
-625
-89
-601
435
1055
-661
704
782
-196
660
-630
-678
812
1101
-647
1146
