-426
1500
1455
1500
1500
1500
1500
2948
1500
1500
1500
1675
-1158
-1075
1500
1500
2948
1500
1500
1500
1500
1500
1500
1500
1500
1241
2948
1517
1500
1500
1500
-1080
1500
2404
-1121
-1072
1500
1500
1293
762
-1100
-1021
1500
1500
1500
1500
1500
1500
1500
1500
614
1500
2535
-1214
-1219
-228
1500
1500
1500
713
1500
2948
1500
1500
1500
555
-1198
-1074
1500
1500
1500
1500
1500
1500
2493
-1205
1500
1500
1500
1500
501
1500
2948
1500
4396
5844
1500
1500
1500
1500
1500
502
1500
290
389
-584
1500
1016
-250
111
-185
366
-89
89
-196
