-428
2948
1500
7292
-492
1500
1500
2948
1500
2948
1500
2022
-514
1500
1500
-450
1500
1500
640
706
-464
1500
1500
2830
-516
563
-509
1686
-509
1500
1500
3290
-514
839
-500
1128
-509
-484
2948
1500
1500
2948
1500
1500
1500
1209
2948
-496
2948
1500
1380
-514
1500
1500
-515
1500
1282
-514
2062
2713
-524
-524
425
1500
426
-509
579
1500
-535
4396
2465
1500
976
1500
1500
1500
1818
-549
371
-549
371
-508
-523
1500
1500
1500
1252
-513
1500
1824
2948
1500
930
609
-511
-524
426
1500
-524
1500
426
2202
-507
-513
2948
1500
1500
-513
1500
2948
1500
1500
-584
1500
2464
-513
680
-250
-513
1500
1500
1784
1500
3061
318
-513
-185
1500
1500
1500
1500
1904
-513
1500
1500
1500
949
8740
1500
382
-511
2948
1500
1500
2948
1500
1500
1500
-511
-89
-512
1500
1638
7292
1500
1677
-512
1756
2388
-513
1500
1500
-196
2295
1500
1377
-513
2948
1500
1500
2948
-513
1500
925
1500
1500
-513
5844
-513
-513
2948
749
-513
1500
-513
1500
1500
1500
-513
1500
509
1500
-517
4462
1500
1500
5844
1500
2948
1500
-512
1500
1500
4396
5844
1891
1500
2948
1500
1500
11636
835
1500
2642
1500
1083
2527
4396
8740
7292
1500
8740
1500
1500
1500
1500
4396
2948
4396
1500
7292
1500
1500
1500
1500
1500
1500
1500
1500
1500
1500
1500
4396
2131
2948
5844
5844
1500
5844
7292
1500
1500
1500
2948
1500
1500
1500
4396
10188
5844
8740
751
2948
1500
1500
1500
1500
1500
1500
2246
-455
1666
