-442
2948
1500
1500
1500
1500
1500
1500
1500
1500
1500
2948
1500
1500
1500
1500
1500
1526
-510
641
-479
1500
1500
1500
1500
1500
1500
1500
1500
1705
-479
1500
1500
2948
2948
1500
1159
-479
1500
1500
2948
1500
1500
1500
1891
-479
1500
1500
2948
-479
1500
1500
1500
1500
1827
-479
-479
-479
-475
-479
1500
1500
2948
2948
1500
2948
1727
-481
2948
1500
1500
1500
1500
941
-481
2948
1500
1500
1500
1545
2948
2948
-481
1500
1500
1500
1500
1500
1500
1500
1500
1203
-481
1500
1500
1500
1500
1500
1500
1500
1500
1500
1500
1072
2948
1500
1500
1500
1500
1500
1500
1500
978
1500
2948
1500
1612
1500
1500
1500
1492
1500
1500
1500
1500
1500
16436
5388
16436
16436
1754
-831
-481
-481
-481
-481
-481
1500
1500
2948
822
2948
1500
605
2948
1500
1046
1500
2948
1554
1500
1500
1500
1500
1104
1500
1500
1500
-831
1500
1500
1500
1500
2948
1500
1246
-831
-826
1500
1500
1500
1483
1500
1500
946
-821
-481
-481
-481
-481
-481
1500
1500
2948
1345
2948
1500
1500
678
1500
1500
1500
1500
1504
1500
1500
918
1500
1500
2289
1545
-476
1500
1500
2948
1500
1500
1500
1500
-477
1595
1052
-473
693
-481
932
-500
1500
1500
2948
1500
1500
1500
1500
1500
1500
1500
-490
-603
-481
1500
-481
-481
1500
-481
1500
1500
2948
1500
2948
1500
1500
1500
1500
1500
1500
1500
1500
2948
2948
1500
361
1500
1500
1500
1500
1500
1500
1500
1500
1500
1500
1046
1500
2807
1500
2948
1543
1500
1500
1500
1372
1500
2948
1500
1519
1500
1500
1500
1500
1500
1500
1500
1359
2948
1500
2948
1500
1500
1500
2948
1500
1500
1500
1500
1500
1500
1500
1500
1500
2948
1500
1500
2948
1500
1500
1500
3433
1259
-849
1500
1500
1500
2948
2948
1500
1500
1500
1943
2724
1500
1500
1500
1573
-790
-495
-481
-481
-481
-481
-481
-481
-534
1500
1500
1500
516
1500
1500
1500
1952
1500
1500
1500
915
2948
1500
1500
1500
1500
1500
1500
1500
1500
1500
1500
1500
1500
1500
1500
1500
1500
1500
1500
1500
1500
1500
1500
1500
1500
1500
1500
1500
1500
1500
1500
1500
1500
1258
961
1500
2948
1500
1500
1500
1500
1500
1811
1500
1500
1500
1500
1500
1500
1500
1500
1500
1500
1500
1500
1500
1500
1500
16436
3940
16436
1500
1500
1500
1500
1500
1500
1500
1210
16436
5388
4939
1500
1500
1500
1500
1500
1500
1500
1500
1500
1500
1500
1500
1500
1500
1500
16436
16436
16436
16436
16436
16436
8861
-228
-532
-527
-537
-481
-481
-481
-481
-481
-481
1500
7292
8740
5844
2948
2948
1734
-533
1500
1500
1500
1500
1500
1500
1500
1500
1500
1500
1500
1500
1500
1500
1500
1500
1500
1500
1500
2948
1500
1500
1500
1500
1500
1500
1500
1996
-481
4396
1500
1297
-528
2946
3254
-481
2948
2193
-481
2948
3116
-481
1075
-525
2948
1500
1500
1500
2948
1500
1500
2275
-481
1500
1500
706
-481
1500
1500
2948
1322
-481
872
-533
1500
1500
1500
830
-481
1500
2948
1500
1500
1500
1500
1500
1500
1500
1500
1500
1500
1500
1500
1500
1500
1500
1500
1500
1500
1500
837
1500
2948
1500
1500
1500
1500
1500
1500
1500
1284
-532
1500
2948
1500
1128
-481
1692
-527
1500
1500
1500
1306
-481
2948
1500
1500
1500
1500
1500
1500
1500
1500
1500
1500
2948
1500
1500
1500
1500
1228
-529
1500
1500
1500
1500
1500
1500
1500
1500
1500
1500
1500
1500
1500
1500
1500
1500
625
-481
1500
711
-528
717
-524
1500
1500
2948
1500
1500
1500
637
-534
1500
1500
1500
1500
2948
1500
1500
1500
1500
1500
765
-534
1500
1500
1500
1500
1500
1500
1500
1500
1500
1500
1500
1500
877
-530
1372
-532
1500
1500
1500
1119
-481
1500
1500
1500
877
-481
1500
2700
2948
1500
1428
-481
1500
1500
1500
1500
1500
1500
1500
1500
1500
1500
1500
1500
1500
1500
1500
1500
1500
1500
1500
1500
2948
1500
1500
1500
1500
1500
1500
423
-534
2948
1500
1713
-481
1500
1500
1500
1500
1500
1500
2948
2948
2948
2948
2948
2948
996
-527
1500
1500
1500
746
-481
1500
1500
1500
1500
1500
577
-481
1500
1500
1500
2948
1500
1500
1500
1500
1500
1500
1500
1500
1500
1500
1500
1500
2948
1500
1500
1500
834
2948
1389
-481
1500
1500
1500
1500
1500
1500
1208
-529
1500
1500
1050
-481
791
-526
1077
-527
1500
1500
1500
1070
-481
1500
1500
1500
1500
1042
-481
1500
1500
2948
1500
2948
1500
1500
1500
1500
1500
1500
1500
2948
2948
1500
1500
1500
1878
-529
1500
1500
1754
-481
2948
3428
983
2948
2988
1500
1500
2082
609
1500
1500
2948
3622
2326
1500
1500
2356
1500
1500
1500
1625
1500
2948
1500
1500
1500
1500
1500
1500
1500
1500
1500
1500
4396
2948
2948
1500
1500
1500
1500
1500
1500
1400
1500
1500
1500
1920
1500
1500
1500
1500
1500
1500
1500
1500
1500
1820
1500
1500
1500
2948
1500
1500
1500
1500
1820
754
-605
1500
1016
-250
894
318
-185
382
-89
-196
1136
