-420
1500
1500
2948
1500
1500
1500
1500
1500
1500
1500
1303
-482
495
1500
1500
1500
1500
1500
1383
1500
1842
-444
-443
-450
1500
1500
1500
1500
-430
1500
1500
1476
1500
1766
1500
1500
2948
1500
1500
1500
1500
-533
2195
1500
1500
1500
1500
2948
1500
1500
1500
1500
1500
1500
1500
1500
1470
1470
678
1500
1500
-465
1500
1500
1500
1500
1500
1500
1500
1500
1500
1500
1500
1500
1500
1500
1500
1500
1500
2948
-505
731
1500
1500
2948
1500
-528
1500
1500
1500
1500
1500
1500
1500
1500
1500
1500
1500
1500
1876
2948
1500
2948
1500
1500
1500
1500
1500
1500
1500
4396
1500
1500
1500
1500
4396
1500
2888
2888
1470
1470
1470
1470
1470
1470
1470
1470
1470
2888
1470
1470
1470
1470
2302
1500
1500
1500
1500
1500
1500
1500
1500
-628
2948
1500
1500
1500
1500
1500
1500
1500
1500
1500
1500
1500
1500
1500
1500
1500
1500
1500
1500
1500
1500
1500
1500
1500
1246
-478
-484
-487
825
1500
1500
1500
1500
1500
1500
776
1500
2948
1500
1500
945
2948
1500
1500
1500
1500
1500
1500
-556
424
2948
2948
1500
1500
1500
1500
1500
1500
1500
1500
1500
1500
1500
1500
1500
1500
1500
1500
1500
1500
1500
1500
1500
1500
1500
1500
5844
1500
1500
1500
1500
1500
1500
15980
15220
-228
-501
-503
-497
-495
-503
1500
1500
1500
1500
1500
1500
1500
1500
1500
1500
1252
-512
1471
-502
2907
-501
1601
-503
1673
-501
1500
1500
1826
-506
1556
-509
1500
1500
1500
2948
1500
1500
1500
1500
1500
1830
1500
513
609
1638
1500
2948
2948
2948
1500
2948
1500
1500
1500
1500
1134
1500
1500
1500
1500
1500
1500
1500
1500
1500
1500
1500
1500
1500
1500
1500
1500
1500
8740
-584
1500
1500
1500
4396
4396
1500
1500
1500
1500
1500
1500
1500
1500
1500
4396
2948
1500
1500
1500
1500
1500
1500
5844
1500
2464
-250
1500
1500
1500
1500
1500
1500
1500
1500
1500
1500
1500
1500
1500
1481
1492
318
-185
1500
1500
1500
1500
1500
1500
1500
1500
1500
1500
1500
1500
1500
1500
1500
1500
1500
1500
1500
1500
1500
1500
1500
1500
1500
1500
1500
1500
2948
2948
2948
2948
1500
1500
1500
1500
1500
1500
1500
1500
1500
1500
1500
1500
1500
1500
1500
1500
1637
345
-89
89
-196
