-444
528
1512
1512
1512
4432
2972
362
-486
423
1512
1512
1512
1512
1512
1512
1512
1512
-474
1512
1512
3080
420
1072
-488
-513
-504
421
1512
1512
1250
-508
377
1512
1512
1512
1512
1512
1512
1512
1512
2972
1512
1512
1512
377
1512
1512
1512
1512
378
1512
1512
-522
1512
1512
2972
1512
1512
1512
1512
1512
1512
1512
1512
1512
1512
1512
1512
1512
1512
1512
1512
1512
1512
1512
1512
1512
1512
1512
1512
1512
1512
1512
1512
1512
377
1512
1512
1512
-519
-504
1512
1512
1512
1512
716
-510
1512
1512
2972
1512
1512
1512
1512
1512
1512
1512
1512
1512
1512
539
2972
1512
1512
1512
1512
1512
1512
1512
1512
1512
1512
1512
1512
1512
1512
1512
2972
2972
1512
378
1512
378
1512
1512
1512
1512
1512
1512
1512
1512
1512
374
1512
1512
1512
-574
-468
1512
1512
1512
1512
1512
1512
1512
1512
1512
1512
1512
1512
1512
1512
1512
1512
1512
1512
1512
1512
1512
1512
1512
1512
1512
1512
1512
1512
1512
1512
1512
1512
1512
1512
1512
1512
1512
1512
1512
1512
1512
1512
1512
1512
1512
1512
1512
1512
340
2972
1512
1512
1512
1512
1512
1512
1512
1512
1512
1512
1166
2972
2972
2106
1512
2972
1512
1512
1512
1367
2972
1512
1512
1512
1512
1512
1512
1512
1512
1512
1512
1512
1512
1512
1512
1512
1512
1512
1512
1512
1512
1512
1512
1512
1512
1512
1512
1512
1512
1512
1512
1512
1512
1512
1512
1512
1512
1512
1512
1512
1512
1512
1512
1512
1512
1512
1512
1512
1512
1512
1512
1512
1512
1512
1512
1512
1512
1512
1512
1512
1512
1512
1512
1512
1512
1512
1512
1512
1512
1512
1512
1512
1512
1512
1512
1512
1512
1512
1512
1512
1512
1512
1512
1512
1512
1512
1512
1512
1512
1512
1604
1512
768
-553
-546
-550
373
-550
374
1512
1512
446
376
375
1512
1512
1512
1512
1512
1512
1512
1512
1512
1512
-554
1501
500
-559
376
-555
1512
1512
1512
1512
1512
1512
1512
1512
1512
1512
1512
1512
1512
1512
1512
1512
1512
2972
1512
-556
1512
1512
1512
1512
372
574
-557
372
625
-551
371
260
-560
371
374
2972
407
-557
413
-548
376
1512
1512
2972
1512
1512
1512
374
372
242
610
114
96
-549
-551
-557
-556
307
1080
-556
-553
373
372
373
374
1512
374
1512
1512
1399
-558
424
1834
1512
321
371
443
168
608
117
-221
1512
1947
-633
2013
-366
-228
290
-599
1500
1500
1500
404
579
389
-605
2464
-250
-589
111
444
2972
1512
2972
1512
1512
1512
1512
-185
1512
1512
1512
1512
1512
1512
1512
1512
1512
1512
1512
2972
1512
1512
1512
1512
1512
1512
1512
1512
1512
1512
1512
1270
1512
1711
403
-89
-196
