-447
1500
1500
1500
1500
1500
1500
1500
1500
1500
1500
1500
1500
1500
1500
1500
1500
1500
1590
-459
607
-459
1500
1500
2948
1500
1500
1500
1500
1500
1500
-527
2091
1500
1500
1500
1500
1500
1500
1500
1500
1500
516
-513
1500
1500
2948
1500
1500
1500
-510
1500
1500
636
-533
1500
1485
2948
1104
-539
1500
2310
-488
-506
-511
-513
-522
-503
-529
613
2948
1457
1500
2095
2948
1500
541
1553
2981
1500
1500
617
-467
-428
-538
-521
-513
-518
-508
-540
578
2736
-513
1500
2948
2948
1500
1500
1657
-535
1500
1500
1500
1500
1500
1500
1500
1449
-512
1500
2948
1500
708
-541
2948
1500
2948
1500
2252
-549
2948
2540
-513
1500
1500
2948
1500
2820
-538
1500
1500
1500
1500
1500
1500
1590
-515
1500
1500
2948
2948
1526
-512
2948
2948
2948
2107
-511
2948
2948
2948
2309
-520
1500
1500
2948
1500
2948
1500
1199
-511
2948
2366
-525
1500
1500
2948
1500
575
-511
1500
1500
1500
1500
725
-502
2948
1500
1939
-526
1500
1500
1500
1500
613
-510
1500
1500
1500
1500
1617
-510
1500
1500
1500
1500
1043
-525
1500
1500
1500
1500
836
-534
1500
1500
1500
1500
1500
1589
-520
1500
1500
1500
1500
1556
-512
1500
1500
1500
1500
651
-512
1500
1500
1500
1500
698
-547
1500
1500
1500
1500
1500
1722
-528
1500
1500
2948
1500
1500
1500
744
-512
2948
2136
-525
2948
1500
1500
778
-516
2948
1500
1918
-516
1500
2948
1500
596
-521
1500
1500
1500
1238
-510
1500
1500
1500
1500
551
-510
1500
1500
1500
1245
-509
2948
1872
-506
1500
1500
1500
1500
626
-506
1500
2948
2948
740
-519
2948
1045
-531
1500
2692
-536
1500
1500
927
-527
1500
1699
-539
1500
1500
1553
-522
1500
1761
-547
1500
731
-516
1500
1017
-514
1500
1464
-541
1500
1500
499
-524
1500
1936
-532
1500
1954
-530
1500
1428
-497
1500
1994
-497
1500
1709
-501
1500
1500
361
-495
1500
1605
-499
1500
1820
-499
828
2948
1500
1500
1500
1500
1500
1500
1500
1500
1500
478
816
-500
1500
1453
1302
-499
2948
1500
1500
1500
1500
1500
1500
673
501
1500
1500
2948
1500
1500
1500
1500
1500
1500
1500
1500
1500
1500
1500
1500
1500
1500
1500
1500
2948
1500
1500
1500
1500
1500
1500
1500
1500
1500
1500
1500
1500
1500
1500
891
2948
1500
1453
2948
1500
2948
1500
1500
1500
1500
1500
1855
1500
1500
1605
1500
1835
-580
361
-228
1500
1500
1252
609
-605
1500
1016
-250
318
-185
382
-89
-196
