-426
1500
1500
1457
1500
1500
1500
2948
1500
1500
1500
1500
1500
1500
2948
1500
1601
-438
607
-438
1500
1500
2948
1500
1500
1500
1500
1500
1500
-500
2117
1500
1500
2948
1500
1460
-510
1500
1500
2948
1500
1500
1500
1500
1500
1500
1500
1500
1500
1500
1500
1500
-492
1500
1500
2948
1500
1500
1500
1500
1500
1500
1500
1500
1500
1482
1500
1500
1250
-525
1500
2259
-517
1500
1692
-467
-508
-490
-482
-523
-497
-407
-509
578
1500
2095
2948
1450
2885
1500
1436
617
1500
1500
613
2873
-446
-494
-492
-497
-487
-520
-515
1500
2031
-492
1500
1500
1500
1500
708
-520
1500
2948
1500
1500
1500
1500
804
-522
1500
1500
2948
1500
1500
1500
679
-528
1500
1500
1500
1500
1500
1500
2780
-492
1500
2948
2948
1500
2107
-517
1500
1500
1500
1500
829
-508
1500
1500
1500
1500
2948
1461
-494
1500
1500
2948
2948
2474
-491
1500
1500
1500
2948
1500
1500
861
-490
2948
2948
2948
1500
1058
-499
2948
2948
1500
918
-490
2948
3483
-504
1500
1500
1500
2948
575
-490
1500
1500
1500
2077
-481
1500
1500
1500
1846
-491
1500
1500
1500
1500
720
-492
1500
1500
1500
1500
1617
-492
1500
2948
1500
1500
1500
1500
1500
941
739
-504
-513
1500
1500
1500
2948
1476
-491
1500
1500
1500
1500
1507
-491
1500
1500
2918
-526
1500
1500
1602
-491
1500
1500
1500
1500
1500
1722
-491
1500
1500
1500
1500
1500
1500
1500
744
-507
1500
2948
1500
778
-504
2948
2948
470
1500
-495
1500
1500
1500
596
-495
1500
1500
1500
2172
-500
1500
1500
1500
1999
-489
1500
2948
1238
-489
1500
2948
1130
-488
4396
299
-492
6316
-485
5844
1500
2089
-498
2398
-510
1500
2599
-515
1500
2278
-506
1500
1916
-518
2948
1553
-501
3110
-526
2083
-495
1500
1017
-493
1500
1464
-520
3395
-492
1500
1828
-494
1500
3307
-512
1428
-476
1500
1894
-476
1500
1618
-480
1500
2065
-474
3175
-478
827
1500
1949
-478
521
-479
1500
1500
1500
2948
2948
2948
3759
1500
2948
4396
7292
1302
-478
693
863
8740
562
7292
2306
5844
2948
1500
2948
2948
1500
2948
4396
2948
6033
1767
1500
1500
1500
1500
1500
1500
1500
1500
1500
1500
1500
863
2948
954
-563
361
-228
1500
1500
1252
609
-584
1500
1016
-250
318
-185
382
-89
-196
