-426
1450
3035
1263
1450
1450
1450
2848
613
-437
889
1450
1450
1450
1450
1450
671
-477
1450
1450
1637
1450
1450
1637
-509
1263
1450
1450
1450
1450
1450
613
6855
2011
-479
1450
1690
-488
889
1450
1381
495
889
1450
1450
1450
1450
1450
1450
1450
672
1450
1450
1637
-482
302
1450
1450
1637
584
-482
-482
1450
1450
1637
1450
1450
1637
-482
1263
1450
308
1263
1450
1766
1450
1450
1637
-482
1263
1450
1450
1450
1450
2011
1450
1450
1637
-478
-497
203
889
1450
1450
1450
1450
1450
1742
-533
-550
-550
-518
-478
-518
-478
1450
655
820
534
1450
1450
1450
3215
428
1402
644
-550
1450
1450
1574
1450
844
1450
966
1402
647
1231
-550
-478
-518
-518
-632
-518
-518
-488
-480
1238
1500
1500
1450
3035
1837
782
1012
885
407
652
708
431
-584
-479
-518
-518
2464
1263
1021
-250
582
917
898
-549
111
-185
403
-89
-196
1758
