-228
1500
2700
609
-584
1500
1016
-250
318
-185
345
-89
89
-196
-419
2948
1500
1500
1500
1500
1500
1500
1500
1500
1500
1500
1500
1500
1500
1500
-400
1500
1500
1500
1500
1500
1500
1500
1500
1500
1500
1500
1500
1500
1500
1500
1500
1500
1500
1500
1500
1514
-426
2948
1500
1500
1500
1500
1500
1500
1500
1500
1500
1500
1500
1500
1500
1500
1500
16436
2492
-425
1500
1500
1500
675
2948
1500
1500
1500
1500
1500
1500
1500
1500
1500
1500
1500
1500
1500
1500
1500
1500
1500
1500
1500
1500
1500
1500
1500
1500
1500
1500
1500
10359
-444
1500
1500
1500
1459
1500
1500
1500
1500
1500
1500
1500
1500
1500
1500
1500
1500
1500
1226
-444
1500
1500
1500
1439
1321
-442
-448
-447
-444
324
1644
1243
1500
1500
1500
634
-468
1512
1512
1512
1512
-472
1512
1512
1512
1512
1512
1512
2236
-476
1512
1512
1268
1512
1512
1512
1268
1512
-476
1512
1512
1512
2972
1512
1512
1512
1512
1512
1512
1512
1512
1512
1512
1512
1512
1512
1512
1512
1512
1512
1512
1512
1512
1512
1278
1512
1512
2972
1512
1512
1512
1512
1512
1512
-472
1512
1512
1512
1512
1512
1512
1512
1512
1512
1512
1512
1512
1914
1512
1512
1512
1512
1512
1512
1512
1512
1512
1512
1512
1512
1512
1512
1512
1512
1512
1512
1512
1512
1512
1512
1512
2972
1512
1512
1512
1512
2972
1512
16436
4108
-476
-468
-473
1500
1500
1500
1500
1500
1500
1500
1500
1500
1500
1500
1273
1512
2972
1512
1512
1512
1512
1512
1512
1512
1512
1512
1512
1512
1512
1512
1512
1512
1512
1512
1512
1512
1512
1512
1512
1512
2972
4432
2972
1512
1512
1512
1512
1268
16436
9948
16436
3294
13192
1512
1512
1512
1500
1500
1500
1500
660
1512
1512
1512
1512
1512
2972
1512
1512
1512
1512
1512
1512
1512
1512
1512
1512
1512
1512
2972
1512
1512
1512
1512
1512
1512
1512
1512
1512
1512
16436
9948
13192
-446
-472
-476
15951
-468
1512
1512
1512
1512
1512
1512
1512
1512
1512
1512
1512
1512
1512
1512
1512
1512
1512
1512
1512
1512
1512
1512
1512
1512
1512
1512
1512
1512
1512
1512
1512
1512
1512
1512
1512
1512
1512
1512
1512
1512
1512
2972
1512
2972
1512
1512
1512
1512
1512
1512
1512
1512
1512
1512
1512
1512
1512
2972
1512
1512
1512
1512
1512
1512
1512
2972
2972
1512
1512
1512
1512
1512
1512
1268
1512
2688
2972
1228
2728
2972
1512
2972
944
1512
4148
1512
1512
2972
2404
1512
1512
1512
1512
2404
1512
1512
1610
-468
1512
1512
2729
1512
1512
1512
1512
1512
1512
1512
1512
1512
1512
1512
1512
1512
1512
1512
1512
1512
1512
1512
1512
1512
1512
1512
1512
1512
1512
1512
1512
1512
1512
1512
1512
1512
1512
1512
2622
-468
1512
1512
1512
1512
1512
1512
1512
1512
1512
1512
1512
1512
1512
1512
1512
1512
1512
1512
1512
1512
1512
1512
1512
1512
1512
1512
1512
1512
1512
1512
1512
1512
1512
1512
1512
6410
-468
5892
4432
2972
1512
1512
1512
2972
1512
1512
1512
4432
980
1512
1512
3864
1512
1512
1512
1228
1512
2688
1512
1512
1512
1512
1512
1512
1512
1512
1512
2972
1512
2972
1512
1512
1512
1512
1512
1512
2972
2972
2972
2972
1512
1512
1512
1512
1512
1512
1512
1512
1512
1512
1512
1512
1512
1512
1512
1512
2728
1512
1512
1662
-467
1512
2728
1894
-468
2671
-468
1512
1512
1512
1512
1512
1512
1512
1512
1512
1512
729
-468
1512
2140
-472
1512
1512
1512
1836
1512
1228
1512
16436
3589
-476
1512
2729
1512
2972
1512
3148
-476
2972
1268
1512
3397
-472
1512
2972
1512
2444
4432
1401
-472
1512
1512
2730
2972
1512
1512
1512
1512
1512
2972
6216
2972
1512
2972
1268
1512
2972
2972
944
1512
2688
1512
1774
-468
1512
1512
1512
1512
1512
1512
1512
1512
1512
3732
1848
-464
1512
1512
2728
1512
1512
1512
1512
1512
2404
1512
1512
1512
944
1512
1924
-472
1512
2592
-472
1512
2972
2972
1512
1512
1512
1512
1512
1512
1512
1512
1512
1512
2729
2972
2688
4148
1512
1228
1512
1553
4432
2972
1512
1512
1512
1512
1512
2972
4432
1512
2599
2724
1512
2688
1512
4148
1512
1512
1512
1512
944
1512
4148
1512
1512
1512
1267
2972
1512
1512
1512
1512
1512
1512
1512
1560
1512
2728
1512
1512
1512
2688
1512
1228
2972
1512
2972
1512
1720
2972
1512
2972
1512
1512
1512
1512
1512
1512
1512
1512
1512
1512
1512
1512
1512
1512
1512
1512
1512
1512
1512
1512
1512
1512
1512
1512
1512
1512
1512
1137
1512
2724
2015
1512
2744
1512
1512
2972
1512
1512
1512
2972
1512
1512
1512
1512
335
