-148
100
-452
1500
92
1500
92
1500
92
1500
92
-148
1500
92
1500
92
1500
92
1500
92
1500
92
1500
92
1500
92
1500
92
1500
92
1500
92
1500
92
1044
100
-788
-148
100
-516
900
-148
100
-804
1500
-148
92
1500
92
1500
1500
132
1500
92
1500
92
1500
92
1500
140
-804
1500
92
1500
-116
92
1500
124
-148
1500
92
1500
92
1500
92
1500
92
1500
476
1500
92
1500
92
1500
92
1500
140
-804
1500
-148
268
1500
124
1500
1500
132
1500
92
1500
92
1500
92
692
1500
140
1500
92
1500
-788
1500
132
244
-148
756
100
-788
932
-948
1500
140
1500
92
-788
1500
92
-148
1500
92
1500
92
1500
92
1500
92
1500
92
1500
92
1500
92
1500
92
1500
92
1500
92
1500
92
1500
92
1500
92
1500
140
1500
92
-788
1500
-148
92
1500
92
1500
1500
132
1500
92
1500
92
1500
92
1500
92
1500
92
1500
92
1500
92
1500
92
1500
92
1500
92
1500
92
1500
92
1500
92
1500
92
1500
92
1500
92
1500
92
1500
92
692
1500
1500
132
1500
92
1500
92
1500
92
1500
92
1500
92
1500
92
1500
92
1500
92
1500
92
1500
268
100
-1236
1500
-148
92
1500
92
1500
1500
132
1500
92
1500
92
1500
92
1500
92
1500
92
1500
92
1500
92
1500
92
1500
92
1500
92
1500
92
-100
1500
92
1500
92
1500
92
1500
92
1500
92
1500
92
1500
92
1500
92
1500
92
1500
92
1500
92
1500
92
1500
92
1500
92
1500
92
1500
92
1500
92
1500
92
1500
92
1500
92
1500
92
1500
92
1500
92
1028
1500
972
1500
956
100
-500
1500
-148
92
1500
92
1500
1500
132
100
-500
1500
-148
92
1500
92
1500
92
1500
140
1500
92
1500
92
1500
92
1500
140
-500
1500
-148
92
1500
92
1500
1500
132
1500
92
1500
92
1428
1500
1500
132
1500
92
1500
92
1500
92
1500
140
900
-500
1500
-148
92
1500
92
1500
1500
132
1500
92
1396
100
-500
1500
-148
92
1500
92
1500
1500
132
100
-500
1500
-148
92
1500
1500
132
1500
92
1500
92
1500
316
1500
92
1500
92
1500
92
1500
92
100
-468
1500
-148
92
1500
1500
132
1500
92
1500
92
1500
92
1500
124
500
100
-644
1500
-148
1500
1500
1500
1500
1500
1500
1500
1500
1500
1500
1500
108
1500
-452
1500
1500
-516
1500
-1076
1500
1500
1500
1500
1500
1500
92
1500
1500
1500
1500
92
1500
92
1500
92
1500
92
1500
92
1500
92
1500
92
1500
92
1500
92
1500
1500
1500
1500
1500
1500
1500
1500
1500
1500
1500
92
1500
92
1500
92
1500
92
1500
92
1500
92
1012
1500
1036
1500
1500
1348
1500
-644
1500
-148
92
1500
92
1500
92
1500
540
1500
92
1500
1500
132
1500
92
1500
220
1500
1012
1500
1500
1500
1500
100
-644
1500
-148
1500
1500
1500
1500
1500
1500
1500
1500
1500
1500
1500
1500
1500
1500
1500
1500
1500
1500
1500
1500
1500
1500
1500
108
1500
1500
-676
1500
-148
1500
1500
1500
1500
1500
1500
1500
1500
1500
1500
1500
1500
1500
1500
1500
1500
1500
1500
1500
1500
1500
756
1500
1500
116
1500
1500
-644
1500
-148
1500
1500
1500
1500
1500
1500
1500
1500
1500
1500
1500
1500
1500
1500
1500
1500
1500
1500
1500
1500
1500
108
1500
1500
-612
1500
1500
1500
1500
1500
1484
1500
1500
1500
1500
1500
1316
1500
108
1500
1500
-596
1500
-148
1500
1500
1500
1500
868
1500
1500
1500
1500
1500
1500
1500
1500
1500
1500
1500
92
1500
92
1500
92
1500
92
1500
92
1500
92
756
1500
108
1500
-596
1500
1500
-148
1500
1500
1500
1500
1500
1500
1500
1500
1500
1500
1500
1500
92
1500
92
1500
92
1500
92
1476
1500
268
-612
1500
-148
1500
1500
1500
1500
836
708
-612
1268
-148
100
-612
1012
-148
100
-772
980
-148
100
-740
980
-148
100
-596
-1500
-812
-1500
-396
868
-212
1500
92
1500
92
1500
92
1500
92
1500
92
1500
92
1500
92
1500
92
1500
92
1500
92
1500
92
964
1500
92
1500
1500
132
1500
92
1500
92
1500
92
1396
116
244
-148
116
180
-116
244
-148
116
1140
1060
116
-532
180
-148
116
-116
116
116
116
116
1500
92
1500
92
1500
1500
196
1500
92
1500
92
1500
92
1500
92
1500
92
1500
92
1500
92
1500
92
1500
92
1500
92
1500
92
1500
92
1500
92
1500
92
1500
92
1500
92
1500
92
1500
92
1500
92
1500
92
100
-516
1500
-148
92
1500
92
1500
92
1500
92
1500
92
1500
1500
132
1500
92
1500
92
1500
92
1500
92
1500
92
1500
92
1500
92
1500
92
1500
92
1500
92
1500
92
1500
92
1500
92
1500
92
1428
1500
92
1500
1500
132
1500
92
1500
92
1500
92
1500
92
1500
92
1500
92
1500
92
1500
92
1500
92
1500
92
1500
92
1500
92
1300
1500
1500
180
1500
92
1500
92
-516
1500
-148
92
1500
92
1500
92
1500
92
1500
92
1500
92
1500
92
1500
92
1500
92
1500
92
1500
1500
132
1500
92
1500
92
1500
92
1500
92
1500
92
1500
92
1500
92
1500
92
1500
92
1500
92
1500
92
1500
92
1500
92
1500
92
1412
1500
1500
132
1500
92
1500
92
100
-516
1500
-148
92
1500
1500
132
1500
92
1500
92
1500
92
1500
92
852
1500
92
1500
92
1500
828
1500
1500
180
1500
92
1500
92
-500
1500
-148
92
1500
1500
132
1500
92
756
1500
92
1500
92
1500
92
1500
92
1500
140
1500
92
-500
1500
380
-148
100
-500
1500
-148
92
1500
92
1500
1500
132
1500
92
1500
92
1500
92
1500
92
1500
92
1500
92
1500
92
1500
140
-500
1500
-148
92
1500
1500
1204
1500
92
1500
92
1500
92
1500
92
1500
92
1500
92
1500
92
1500
92
1220
1500
1500
132
1500
92
1500
140
-500
1500
-148
92
1500
92
1500
220
1500
1500
132
1500
92
1500
92
100
-500
1500
-148
92
1500
92
1500
92
1500
92
1500
1500
1412
1500
92
1500
92
100
-500
1500
-148
92
1500
92
1500
92
1500
1500
132
1500
92
1460
1500
92
1500
1500
132
1500
92
100
-500
1500
-148
92
1500
1068
1500
92
1500
92
1500
1500
132
1156
100
-500
1500
-148
92
1500
92
1500
1500
132
1500
92
1500
92
1500
92
1460
100
-500
1500
-148
92
1500
92
1500
1500
132
1500
92
1188
-500
1500
-148
92
1500
92
1500
1500
132
1500
92
1500
92
1500
92
1364
-532
1500
-148
92
1500
92
1500
1500
132
1500
92
1500
92
1500
92
1500
92
1500
92
1500
92
1412
100
-500
-1500
-1500
-468
116
-660
116
-148
1500
1500
92
1500
92
1500
92
1500
892
1500
92
1500
92
1500
1500
132
1500
92
1500
92
1500
92
1500
92
1500
92
1500
92
100
-532
116
-148
1500
92
1500
92
1500
1500
132
1500
380
1500
92
756
1500
1500
1500
1356
-532
1500
-148
92
1500
92
1500
1500
132
1500
92
1500
92
1500
92
1500
92
1500
92
1500
92
1500
92
1500
92
1500
92
1500
284
1500
108
1500
108
1076
452
-532
1500
-148
108
1500
108
1500
92
-532
1500
-148
108
1500
748
100
-532
1500
-148
108
1500
108
1500
1500
164
612
100
-10188
-236
1500
108
1500
380
1500
108
1500
108
1500
108
1500
108
964
1500
1500
164
1444
1500
108
1500
1500
164
1500
108
1500
1500
108
1500
108
1500
108
868
1500
108
1500
1500
468
1500
92
1500
92
1500
92
1500
92
644
1500
92
1500
92
1500
1500
132
1044
1500
92
1500
140
1500
1084
1500
-500
1500
132
1500
-148
92
1500
124
1500
1500
132
1500
92
1500
92
868
1500
1500
132
1500
92
1500
220
1500
92
1500
92
1500
92
1500
92
948
1500
92
1500
1500
132
1076
1500
1036
1500
92
1396
1500
1500
132
1500
92
1500
92
1500
92
1500
92
1500
92
1500
92
1500
92
1500
92
1500
92
1500
92
1500
92
660
1500
140
1500
300
-500
1500
-148
92
1500
92
1500
1500
132
1500
92
1500
92
1500
92
1500
140
-532
1500
-148
92
1500
92
1500
1500
148
100
-4396
-876
1500
92
1500
92
1500
92
1500
92
1500
108
1500
108
1500
108
772
-532
1500
108
1500
108
1500
156
-532
1500
108
1012
1500
108
-532
1500
108
1500
172
1500
108
1500
108
-532
1500
108
1252
-532
1500
108
1500
108
1500
428
-532
1500
108
1500
108
1500
492
-532
1500
92
1500
92
1500
92
1500
92
692
-516
1500
92
1500
92
1500
92
1500
300
1500
108
1500
108
1028
1500
-532
92
1500
92
1500
300
1500
92
1500
92
1500
1500
108
1500
1500
356
1500
108
1500
108
-532
1500
108
628
1500
1500
1500
1500
1500
1500
1500
1500
1500
1500
1500
1500
1268
1500
108
1500
108
1500
764
1500
108
1500
396
1500
108
1500
108
1500
108
1092
1500
92
1500
1500
132
580
116
1500
92
-148
1500
92
1500
92
1500
92
1500
92
1500
92
1500
92
1500
92
1500
92
1500
92
1500
92
1500
92
1500
92
100
-436
1500
92
1500
92
1460
1500
1500
132
1500
92
1500
92
1500
92
1500
92
1500
92
-100
1500
92
1500
92
1500
92
1500
92
1500
92
1500
1500
1500
1500
420
1500
92
1500
92
1500
92
1500
92
1500
92
1500
1500
132
1500
92
1500
92
1500
92
1500
92
1500
92
1500
92
1500
92
1500
92
1500
92
1500
1500
1500
1500
1500
1500
1500
332
1500
92
1500
92
1500
92
1500
92
1500
92
1500
92
1500
92
1500
92
1500
92
1500
140
1500
92
1500
92
1500
92
1060
116
-212
100
116
-772
116
932
100
-628
-148
532
100
-628
532
-1028
500
-628
868
-148
100
-532
116
660
-756
932
-148
100
-660
-180
100
-644
116
660
-148
100
-500
564
660
-116
116
116
-180
100
-436
1500
-148
92
1500
92
1500
1500
132
1500
92
1500
92
1500
92
1500
92
1500
92
1500
140
-436
1500
92
1500
92
1500
92
-148
1500
92
1500
92
1500
92
1500
92
1500
92
1500
92
1500
92
1500
92
1500
92
1500
92
1500
92
1500
92
1500
92
1500
92
1500
92
1500
92
1500
92
1500
92
1500
92
1500
92
1500
92
1500
92
1500
92
1500
92
1500
140
1500
92
-436
1500
92
1500
108
1500
108
1500
108
1500
492
1500
108
1500
108
1500
108
1500
108
1500
108
1500
108
1500
108
1500
108
1500
108
1500
108
1500
108
1500
108
1500
108
1500
108
1500
396
1500
92
1500
92
1108
-532
1500
108
1500
108
1500
108
1500
108
1500
108
1500
108
1500
108
1500
108
1500
108
1500
108
1500
108
1500
108
1500
-148
108
1500
108
1500
1500
164
1500
108
1500
108
1500
572
116
100
-644
116
180
-116
308
-148
100
-532
1500
-148
92
1500
92
1500
1500
132
1500
92
1500
92
1500
252
100
-260
-148
100
-116
116
-372
116
1500
92
1500
492
1500
92
1500
92
1300
532
100
-148
100
-1500
-284
116
-180
100
-724
612
-148
116
100
-628
452
1500
540
-212
1500
348
-404
324
-548
1500
140
1500
92
1500
1244
1500
92
1500
92
1500
92
1500
92
1500
92
1500
92
1500
284
-116
116
-148
100
-996
1500
92
1500
92
1500
92
1500
92
1500
92
1500
92
1500
92
1500
92
1500
92
1500
92
1500
92
-148
1500
92
1500
92
1500
92
1500
92
1500
92
1500
92
1500
92
1500
92
1500
92
1500
92
1500
92
1500
92
1500
92
1500
92
1500
92
1500
92
1500
92
1500
92
1500
92
1500
92
1500
140
-932
1500
92
1412
996
340
-836
1044
116
692
-116
-1204
628
116
-372
116
116
116
116
116
116
116
116
116
116
116
