-420
1420
1420
1420
1420
2788
1420
4156
1420
4156
1420
1420
1420
1420
1420
1420
1420
1420
1420
1003
-597
-596
-427
1552
2603
1393
2948
1500
1500
5441
16436
-433
5844
1500
999
-444
441
-474
1808
1500
1500
2948
1500
1500
-465
1500
1500
1500
1500
1500
1500
1500
1500
1500
1500
1500
1500
1500
1500
1500
1500
1832
7292
1500
-477
1500
1500
1500
1500
1500
1500
1500
1500
1500
1500
1500
1500
1500
1500
1500
1500
1500
1500
1500
16436
3940
10188
1500
-474
1392
1500
1500
-597
-597
1500
-473
-480
-479
-475
1500
2948
1500
990
1500
2077
1951
1500
1500
1500
1500
1500
1500
1500
479
2948
1500
1445
1500
1500
1956
1500
2948
1500
1500
1500
16436
5388
15427
-596
3000
1155
1392
1552
2603
1396
-596
1552
1500
1155
1392
-597
1552
1500
1155
1392
-597
1552
1500
1156
1392
-527
799
1552
1500
1155
1393
-440
-475
-479
-480
-475
-480
-597
-636
1500
1072
1500
1535
1821
1560
1674
-228
828
1500
1500
-490
-606
-480
-460
-477
-477
-477
-477
1014
2948
1450
1500
1500
950
2948
1823
1500
418
1500
1753
1837
-530
-477
-477
-477
-452
1500
1300
-452
1552
1500
1155
1391
1500
1500
1500
1500
1500
1500
1500
1500
1500
1500
1500
1500
1500
1500
1483
1500
1500
1500
1500
1500
1500
1500
1816
1500
1500
1500
1500
1500
1500
2948
1500
1500
1847
1500
1500
1500
1500
1500
1500
971
424
5844
1500
856
-584
-452
-452
-451
-452
-452
2948
1500
1500
2948
1500
1614
-452
1552
1500
1155
1689
1500
1016
2948
1500
1500
2948
1500
1194
-452
2948
1500
1500
1500
1500
1500
1500
1500
811
-450
1500
1500
1500
1500
1500
1500
1500
1500
1500
1329
-457
1194
-484
1500
1500
2216
-470
1500
1500
2948
1500
1924
-486
1500
1500
1500
1737
-471
909
-473
553
-470
1500
1065
1500
2948
1500
1500
1500
1500
1500
1500
1500
1500
1500
1500
1500
1500
1500
1500
1500
1500
544
-250
1500
1500
1500
1500
1500
1500
1500
1500
1500
1500
1500
690
1500
2948
1500
1500
1500
1500
1500
1500
1500
508
2948
1500
1500
1500
1500
1500
1500
1500
1500
1500
1500
1500
1500
1500
1500
1500
1500
1500
1500
1500
1500
1358
111
1500
2948
1500
1500
1500
1500
1500
1500
1500
1500
1500
1500
1500
1500
1500
1504
-185
1500
1500
1500
1500
1500
1500
1500
1500
1500
1500
1500
1500
1640
403
-89
-196
