-418
1500
1500
1500
1500
2948
1500
1500
1500
1500
2948
1500
2948
1500
1500
1500
1500
1500
1500
1500
1500
1500
2948
1500
1500
1029
-462
1500
1500
2948
2948
2948
1500
1500
2689
-461
1500
1500
2948
-469
1500
1500
2948
1500
1500
1500
1500
1500
1500
1500
1500
979
1500
-454
4396
1500
1500
2948
1500
1500
1500
571
2948
1500
1500
-469
1500
1500
2673
1729
-470
1500
1500
2948
1555
-468
1500
1500
2948
705
-469
1500
1500
2133
-460
1500
1500
2948
1500
1500
1500
1500
1500
1500
1500
1500
1500
1500
1500
1500
-459
1500
1500
2948
1500
1500
1500
1464
1500
1500
1500
1500
-460
1500
2948
1500
2948
1500
1500
1500
1500
1500
1500
1500
1500
1500
1500
1500
1500
1500
1500
-459
2948
1500
1500
1500
1500
2948
1500
1500
1500
1500
1500
1500
1500
1500
1500
1500
1500
1500
1500
1500
1500
1500
1500
1500
1500
1500
1500
1500
1500
1500
1500
16436
3940
-460
4396
2948
1500
1500
2948
1500
2948
1500
1500
1500
1500
2948
1500
1500
1500
1500
1500
1500
1500
1118
1500
1500
665
1500
1500
1500
1500
16436
16436
16436
1580
-460
-465
-470
-469
5844
8740
2948
7292
1500
1500
1500
1500
1500
1500
1500
1500
1500
2948
2948
4396
2891
-460
1500
1739
-546
1606
-548
1500
1597
-426
1500
2146
2948
1500
664
1500
2948
2310
2948
1500
1500
1500
1500
1500
1500
1500
2948
1500
1500
1500
1500
1500
2948
4396
1500
1500
1500
4396
4396
2948
2948
1500
2948
1500
2948
1500
1500
1500
2948
1500
2948
2948
2948
1500
1500
2948
1500
1500
1500
620
2174
1500
1900
1500
1500
1123
-460
1500
2948
1500
2948
1500
2948
2948
1500
1500
2948
2948
2948
1825
1500
1500
1500
1500
1500
1500
16436
283
1500
1500
1500
1500
1500
1500
1500
1500
2948
2948
1500
1500
1500
1500
1500
1500
1500
1500
2948
1500
1500
1500
2948
2948
2948
2948
1500
1500
1500
1500
1500
1500
2948
2948
2948
2948
2948
1500
1500
2948
1500
-459
-460
2002
-460
1500
1500
2948
1500
1500
1500
1500
1500
1500
616
2948
1500
1500
1500
1500
2948
2948
2948
1500
2948
1500
1500
1500
1500
1075
-459
1500
1500
2948
2948
1957
-460
1500
2948
2948
2948
1500
1500
2948
2948
2948
4396
2948
1500
1500
1359
-460
1500
1500
1500
1500
1500
1500
1500
2948
2948
2657
-460
2948
2948
2948
2948
2948
2948
1500
1500
1500
1500
1500
1500
2948
2948
2948
1500
1500
1500
2948
2948
2948
1500
1500
1500
1500
1500
1500
1500
2728
-459
2948
2948
4396
1500
2948
2948
2948
2948
1500
1500
1500
1500
2948
1500
1500
1500
1500
1500
2948
2948
2948
1500
1500
1500
2948
1500
2948
2948
4396
4396
1500
2948
4396
2948
2948
1500
2948
1500
1500
1500
1500
1500
2948
1500
2948
2948
2707
-460
1500
2948
2948
1500
1500
2948
2948
2948
1500
2948
14392
-461
1500
1500
1500
1500
2948
2948
2948
14532
16436
1500
2948
1500
1500
1500
1500
16436
1044
1500
1500
1500
1500
1500
1500
1500
1500
1500
1500
1500
1500
1500
1500
1500
1500
1500
2948
1500
1500
1500
1500
1500
1500
1500
1500
1500
1500
1500
1500
2948
1500
1500
1500
1500
1500
7292
1487
-460
1500
1500
1500
1500
1500
2948
1500
1500
1500
1500
1500
1500
1500
1500
1500
1500
1500
1500
1500
1500
1500
1500
2948
1500
1500
1500
1500
1500
1500
1500
1500
1500
1500
1500
1500
1500
1500
1500
2948
1500
1500
1500
1500
1500
2948
4396
2948
8740
1500
1500
1500
1500
2046
-460
1500
1500
1500
2948
4396
4396
2948
1500
2948
8740
16436
3940
1500
1500
1500
1500
1500
2948
2948
2430
-459
8740
2948
1500
1500
1500
1500
1500
1500
2948
3805
-460
1500
1500
1500
1500
16436
2948
1500
1500
1500
1500
1500
1500
1500
1500
1500
1500
1500
1500
1500
2948
1500
1500
1500
1500
2948
1500
434
-461
1500
1500
1500
1500
2948
1500
1500
1500
1500
1500
1500
1500
1500
1500
1500
1500
1500
1500
1500
2948
1500
2948
1500
2948
1500
1500
1500
1500
1500
1500
1500
1500
1500
1500
2948
2948
1500
16436
16436
16436
16436
16436
16436
16436
16436
16436
16436
16436
1500
1500
16436
2948
1500
1500
1500
1500
1500
1500
1500
1500
1500
1500
1500
1500
1500
1500
1500
1500
1500
1500
1500
1500
1500
1500
1500
2948
2948
2948
2948
1500
1500
1500
1500
1500
1500
1500
1500
1500
1500
2948
1500
1500
1500
1500
2948
1500
1500
1500
1500
-554
361
2948
2948
1500
1500
1500
1500
1500
1500
2948
1547
-460
16436
3940
16436
1500
1500
1500
2948
2948
1500
2948
1500
1500
1500
1500
1500
1500
1500
689
-459
1500
1500
1500
2948
1500
1500
1500
1500
1500
1500
1477
-460
7292
2948
1500
1500
1500
4396
1500
1500
1500
2948
1500
1745
-459
1500
1500
1500
1500
1500
1500
1061
-461
2948
1500
1500
2948
2948
1500
1500
2948
1500
1500
1500
1500
1500
1500
1500
1500
1500
1500
1500
1500
1500
1500
1500
1500
1500
2948
1500
1500
1500
1500
1500
1500
1500
1500
1500
1500
1500
1500
1500
1500
1500
1500
1500
1500
2948
1500
6836
1500
1500
1500
1500
1500
1500
1500
1500
1500
1500
1500
1500
1500
2948
1500
2948
1500
1500
1500
1500
1500
1500
1500
1500
1500
1500
1500
1500
1500
1500
16436
5388
16436
1012
1500
1500
1500
1500
1500
1500
1500
1500
1500
2948
1500
1524
-460
1500
1500
1500
1500
1500
5364
1500
1500
1500
1500
2948
1500
1500
2948
1500
1500
1500
1500
1500
1500
2948
2948
1500
1500
1500
1500
1500
1500
1500
1500
1500
1500
1500
823
-461
1500
2948
4396
4396
2948
4396
4396
1500
1500
1500
1500
1500
1500
1500
1500
1500
2948
2948
1500
1500
2948
1500
1500
1500
1500
1500
1500
1500
1500
1500
1500
1500
1500
1500
2948
2948
2948
1500
1500
1500
1500
1500
1500
1500
1500
1500
1500
1500
1500
1500
1500
2948
1500
1500
1500
1500
1500
1500
1500
1500
1500
1500
1500
1500
1500
1500
16436
5388
16436
4596
9652
16436
16436
16436
16436
16436
2400
4596
-460
11124
16436
16436
1500
1500
1500
1500
1500
16436
2948
1500
1500
1500
1500
1500
1500
1500
16436
1500
1500
1500
1500
2948
2948
1500
1500
1500
1704
-460
16436
13653
1500
1500
1500
1500
1500
1500
1500
1500
1500
1500
1500
1500
1500
1500
1500
1500
1500
2948
2948
1500
2948
1500
2948
2948
2948
2948
2948
2948
2948
1500
1500
1500
2948
1500
1500
1500
1500
1500
1782
-459
16436
15476
16436
16436
16436
1500
1500
1500
2948
2948
1500
1239
-461
1500
1500
1500
2948
2948
1500
1500
1500
1500
1500
1500
1500
1500
1500
1500
7292
5844
4396
2948
4396
16436
49204
49204
49204
49204
194
-228
11892
16436
16436
16436
16436
16436
16436
16436
16436
16436
16436
16436
16436
11892
16436
16436
16436
11164
-460
1500
2700
4396
1500
1500
1500
2948
2948
1500
1500
2948
1500
1500
-459
2948
1500
2948
2948
2948
458
-459
1500
1500
2948
1500
1500
1500
1500
732
-459
1500
2948
1500
1500
1500
1500
2948
1500
1500
2948
1500
1500
16436
16436
16436
16436
16436
16436
1500
1500
1500
1500
2948
1500
1500
1500
2948
1724
-459
1500
1500
1500
1500
1500
2948
1500
1500
1500
1500
1500
1500
1500
1500
1500
1500
1500
1500
1500
1500
2948
1500
2050
1500
2948
1500
1500
1500
1500
1500
1500
1500
1500
1500
1500
1500
1500
1500
1500
1500
2948
1500
1500
1500
1500
1500
1500
1500
16436
1500
1500
1500
1500
1500
16436
1500
1500
1500
1500
16436
16436
16436
609
16436
32820
588
16436
16436
16436
16436
16436
16436
16436
16436
16436
-584
16436
16436
16436
2464
2948
2948
2948
1500
1500
4396
1500
1500
1500
16436
3940
1500
4656
16436
16436
16436
16436
16436
16436
16436
16436
16436
16436
16436
16436
16436
16436
16436
16436
16436
16436
16436
16436
16436
16436
16436
16436
-250
16436
16436
749
16436
16436
16436
16436
16436
16436
16436
16436
16436
16436
16436
16436
16436
16436
16436
16436
16436
16436
16436
16436
16436
16436
16436
16436
16436
16436
16436
16436
16436
16436
16436
16436
16436
16436
16436
16436
16436
16436
16436
16436
16436
16436
16436
16436
16436
16436
16436
16436
318
16436
16436
16436
16436
16436
16436
-185
16436
16436
16436
16436
16436
16436
16436
16436
16436
16436
16436
16436
16436
16436
16436
16436
16436
16436
16436
16436
16436
16436
16436
16436
16436
16436
16436
16436
16436
16436
16436
16436
16436
16436
16436
16436
16436
16436
16436
16436
16436
16436
16436
16436
16436
16436
16436
16436
16436
16436
16436
16436
16436
16436
16436
16436
16436
16436
16436
16436
16436
16436
16436
16436
16436
16436
16436
16436
16436
16436
16436
16436
16436
16436
16436
16436
16436
16436
16436
16436
16436
16436
16436
16436
16436
16436
16436
16436
16436
16436
16436
16436
16436
16436
16436
16436
16436
16436
16436
16436
16436
16436
16436
16436
16436
16436
16436
16436
16436
16436
16436
16436
16436
16436
16436
382
-89
16436
16436
16436
16436
16436
-196
16436
16436
16436
16436
16436
16436
32820
16436
16436
16436
16436
16436
2636
