-424
1500
1500
1500
1500
1500
1500
1500
1500
1500
1500
1500
1500
1500
1500
1500
1500
1500
1500
1500
1500
1500
813
-431
-472
-454
807
1500
1500
1500
-518
650
-509
614
1500
1500
1500
1500
1500
1500
-516
650
-509
650
-509
650
-509
2948
1500
1500
1500
1500
1500
1500
1500
1458
650
708
-496
2948
1500
-482
1500
1500
1500
1500
1500
1500
-486
1500
1500
1500
1500
1500
1500
1500
1500
1500
1500
1500
1500
1500
1500
1500
1500
2948
1435
2948
1500
-514
1500
2948
2948
1500
1500
1500
5844
2948
1500
1741
-498
2948
2948
1743
2948
1500
1500
1500
1500
-509
-510
-510
-509
-479
-518
-487
817
650
650
650
1500
1500
1500
1500
1500
1500
2948
1500
1500
1500
2948
2948
1410
2948
1500
1113
-545
2948
1500
1500
1500
1500
1500
1500
1500
1500
1500
1500
2197
1500
1500
1500
1166
-543
1500
968
2279
-574
1500
1500
1500
669
1239
-228
-551
-553
1500
1500
1252
1500
1500
2948
1500
1500
1500
1500
-551
7292
1500
7292
7292
5697
1500
2948
1500
7292
7292
8740
5844
-551
-529
-500
7292
2708
5184
609
4396
1500
5844
4396
1500
1500
1500
285
376
4216
2948
1500
4396
1500
1500
1500
1500
1500
4396
1500
1500
1500
-503
-524
-583
2888
2888
2888
2888
2888
1470
1470
1470
1470
1470
358
-508
1470
1470
1470
1470
1470
1470
1470
1470
1470
1470
397
1160
-478
1500
1500
2948
2948
1500
741
-480
210
-484
1500
2948
1500
3981
-484
1500
3133
-470
1500
5844
2431
-494
1500
1500
4396
1500
1500
1500
1500
1500
2948
1500
2948
2586
-507
4396
2948
2552
-525
1500
1500
1500
2948
1500
5844
2313
-475
4396
3742
-487
1500
2948
2948
2056
-494
2948
1500
1546
-492
1500
2948
2948
2948
1096
-469
2948
1500
1956
-487
1500
1552
1500
5844
5844
2948
1500
2948
1500
1673
-584
-471
1500
2892
-485
1500
1500
1016
2626
-492
5844
1013
-476
1500
2948
499
-508
438
-493
1500
2948
2948
1560
-467
1500
2948
4454
-456
1500
1500
2948
1846
-596
1500
1500
3232
-517
1500
2948
2948
2948
1500
1500
2948
5201
-491
-250
1500
1500
2948
1500
1500
1424
-497
1500
1500
1500
1500
1500
1500
1861
-499
1500
1500
4396
1500
1579
-486
1500
1500
3399
-481
2948
2479
-480
1500
2948
-475
1500
5844
2129
-480
318
5844
1036
-477
1500
1972
-480
5625
-414
1500
1795
516
2826
1500
2944
1500
1500
5844
1500
631
1351
-185
382
-89
-196
660
