-428
1512
1512
1512
1512
457
-443
-557
-466
417
614
3378
958
-482
4432
1512
-454
406
1512
2757
-454
1529
-447
1512
1213
-443
-920
-454
-460
-465
-466
-466
-459
-520
577
2972
1512
1512
1512
1512
1470
1470
740
2972
1512
1512
1312
1512
1187
2972
1512
1512
1512
2972
1512
1512
1512
1512
1512
1512
1512
1512
1512
1512
1512
1512
1512
859
1552
2603
1889
-466
4394
1512
1512
1512
1512
1512
1512
1512
1512
2972
1512
1512
1512
1512
1512
1512
1512
1512
1512
1512
1512
1512
939
-459
-459
-459
-544
-459
-459
-228
1500
1500
1500
1860
-507
1155
-921
-920
-461
389
1014
1470
4306
1470
1470
1470
1470
1470
1470
1470
1470
1470
1470
1470
1512
1369
-461
1512
1211
-461
1512
1132
-462
1470
1470
4306
884
2301
-465
2500
-465
436
2143
-465
1512
890
-465
1512
710
-483
1512
1154
-485
1512
1512
1512
2972
1512
2972
1512
1512
2972
1512
1512
1552
2603
1888
1512
2972
1512
1512
2972
3899
-489
1512
4432
1512
4432
1512
1512
1512
1512
1142
2972
1512
1512
2972
1512
1512
1512
1512
1512
572
1512
2972
1512
1512
1512
1512
2972
1512
-584
-489
-494
1512
879
-489
1500
1016
2665
-486
-920
-250
171
-488
2972
2972
2972
1512
1512
1512
1512
7352
7352
7352
1463
1512
2005
111
1243
1512
1512
2972
1512
1512
1512
1512
1512
2972
2972
1512
1512
1512
1512
636
1512
2972
3097
-185
1552
1500
1155
1889
403
-89
1512
1512
1512
1512
2972
1512
2972
1512
1860
-196
660
-405
1373
