-422
1512
1512
2972
1512
1512
850
-490
-493
-508
323
1500
1500
1828
-508
1512
1512
1512
1512
1512
1512
323
1500
2491
-508
322
1559
-508
323
1500
1209
524
-508
322
1500
1239
2972
-508
5892
1512
2972
1512
323
1500
2108
-529
-508
-508
-508
-508
-508
-508
322
1500
1251
322
1542
323
1500
1500
920
322
1419
322
2948
322
987
1500
2302
800
1512
1512
1512
1512
1512
1512
1512
1512
1512
1512
1512
1512
1512
1512
1512
1512
1512
1512
2084
-468
-508
-508
-508
-519
-519
-519
325
1500
2948
1500
1500
2948
322
1500
2840
-519
322
1500
1500
1062
-508
327
2948
1500
4396
322
1500
1500
1691
-508
3223
4396
4396
1500
4396
1500
1500
1500
2948
1500
1500
2948
5844
2948
7566
4396
2733
-508
7292
8740
7292
5844
1500
16436
16436
15068
7292
8740
1428
2948
2948
1500
1500
2948
1500
1500
2948
16436
16185
-508
2948
1500
1500
323
1500
2948
1439
-508
1500
1500
322
3658
-508
1500
1500
1500
323
2443
-508
1500
1500
1500
324
1500
2731
-508
1500
1500
323
1500
2082
-508
2948
1500
1500
322
2475
-508
971
2948
323
1500
2009
-508
2948
322
1833
-508
1500
1500
1500
321
1500
537
-508
1500
1500
322
1500
1332
-508
2948
323
2948
1550
-508
7292
1500
323
4477
-508
1500
1500
1500
1500
1500
324
1500
1500
1500
1500
1500
2948
1500
1500
1500
1500
1500
1500
1500
1500
1500
1500
1500
1500
1500
1391
2948
1500
1500
2948
1500
1500
1500
1500
1500
1500
1500
2948
1500
1778
322
1500
1835
1770
2357
1500
1500
1500
2948
1500
16436
16436
7828
1500
2948
1500
4396
2948
2948
2948
1500
2948
1500
1500
2948
1500
1500
1500
1500
1500
1500
2948
1621
-520
-524
-533
1512
671
1512
1512
745
-523
-525
-526
1512
1512
1512
1512
1077
956
1512
1512
1512
-529
1512
1512
1512
1512
1512
1825
1196
-521
1512
1512
-228
4396
-533
389
2086
508
424
-584
2464
-250
111
-185
403
-89
-196
660
