-425
1500
2948
1500
1500
1589
-435
1500
1500
1500
1500
1500
1500
1500
1500
1500
1500
1500
1500
1500
1500
1500
1500
-442
1500
1500
1500
1500
1500
1500
1500
1500
1500
1500
1500
1500
4396
1500
1500
1500
1500
1500
1500
1500
11636
9988
646
-439
393
314
-443
673
-446
681
-434
1604
-453
4396
465
-445
1386
1500
1190
-445
1386
1500
2948
-437
2948
1500
2948
1500
1500
1500
2948
1500
1500
1500
1500
1500
1500
1500
1500
1500
2948
1386
1500
2948
1500
-450
1500
1500
1500
1500
1500
1500
1194
2948
1500
1500
2948
1500
1500
532
-450
3152
532
-450
532
-467
-466
-467
-467
-472
1500
1500
1500
2948
531
1500
769
1500
878
1500
798
1480
-228
-406
1472
2948
1252
609
-584
1500
1016
-250
318
-185
382
-89
-196
660
