-426
1512
1512
1512
-478
2972
1512
1512
1512
1512
417
375
-432
1512
1512
1512
1512
1512
1512
1512
1512
1512
1512
2972
1512
1512
1512
-443
1512
1512
5892
1252
2972
2972
1512
1512
1270
-439
1512
1512
1512
1512
1512
2972
1512
1512
1512
1512
1512
1512
1512
-531
724
1512
1512
2972
1512
1512
1512
1512
1512
1512
1512
1512
1753
-480
1512
1512
1512
1512
1512
1512
644
2972
-461
2972
2972
1512
1512
2644
-440
-447
-447
621
575
704
706
-531
4432
-516
2972
1512
1512
1512
1512
-511
1512
1736
2972
1512
1512
1512
1512
1512
1512
1512
1512
1512
1512
1512
1972
-512
1512
1512
1512
1512
1512
1512
1512
1512
1512
1512
1512
790
1512
1789
-515
1512
1512
668
-516
-468
-476
-496
1512
977
1512
2193
1627
1512
1414
1512
2144
1512
2011
-475
2610
1512
1719
-473
1977
-464
1512
1512
1494
282
-464
282
-464
-464
282
282
-464
282
-464
-457
282
395
-479
4432
-479
1512
1512
1512
1512
1512
1512
-452
1512
1512
1512
1512
1512
1512
1512
1512
2972
1512
1512
1512
1512
1512
-455
310
1512
1512
1512
1512
2972
-228
1500
1500
1500
389
709
1512
1512
1512
2972
1512
1512
1512
1512
1512
853
-468
-468
-461
-456
-547
-512
-528
-486
1512
1512
1512
2972
1512
1512
1512
1512
1512
1512
1512
614
509
-533
1512
1187
2972
1512
1512
1512
1512
1512
2069
1512
1512
1512
1512
1845
1512
1512
1512
1512
716
576
576
1100
576
-534
1278
912
7352
1512
109
576
576
1100
576
-534
1512
1512
2972
1512
1512
1512
1512
1512
1043
329
576
576
1100
559
-526
576
1280
-503
-534
-472
-464
-465
-464
-464
2672
447
1100
946
576
1100
576
1100
1100
576
760
1100
1100
2148
553
282
282
676
282
540
282
282
1245
1512
1375
282
397
-552
436
-573
-560
429
361
337
-567
654
-570
-508
1308
-508
301
1512
1397
302
1512
1512
-508
320
1762
1512
-508
145
302
-508
2972
302
1512
1346
-508
-584
-533
-464
-467
-464
-464
-464
-464
2464
302
2563
1100
1624
504
302
1100
1100
1042
1512
1326
2148
906
1624
690
576
1100
3196
715
282
282
969
-508
1512
282
282
282
1728
282
1512
1261
1512
1512
1512
481
-250
111
301
1512
1354
869
-508
-508
-185
403
301
1512
1030
301
1512
1362
-508
-508
302
1512
1512
301
2371
118
-470
-602
-468
-533
-464
-464
-534
302
1512
1467
576
1100
858
576
1100
1030
1100
1624
867
1100
1100
1100
798
576
1624
935
2839
576
1100
1100
282
282
725
282
2862
301
3472
282
455
282
282
-508
1507
1815
1512
2972
2928
454
708
-508
301
660
2263
-464
302
2784
2762
302
1100
1100
1384
2972
1100
2241
1100
1100
1094
576
2148
1250
2148
979
1762
1803
576
1100
1008
301
3083
282
301
2498
530
301
1512
2331
469
684
390
618
3175
-517
-534
-533
-534
-534
-534
-534
576
576
2148
546
-534
1100
576
576
576
1100
587
-533
1100
884
-533
576
1100
796
576
1100
1100
287
706
1100
2148
-508
218
576
576
1489
576
1100
1085
1624
1624
1035
302
1512
1310
-433
1348
