-423
721
902
1512
2972
1512
1512
1512
1512
1512
1512
1512
1512
1512
1512
1512
1512
1512
1512
1512
1512
1512
1512
1512
1512
1512
1512
1565
-503
1512
1001
-503
1512
1888
-503
1512
938
-503
1512
1512
1231
-503
1512
1512
2972
1512
1512
1512
1512
1076
-503
1330
-466
1512
1512
2972
525
-502
1512
1512
1512
1512
1512
675
-502
1512
1512
1512
1512
1512
1512
1859
-521
1512
1512
1512
1512
1512
1512
1512
1512
1512
1512
1512
1512
1512
1512
1512
1512
-515
1512
1512
1512
2972
1512
1512
1512
1512
1512
1512
1512
1512
1512
1512
1512
1512
1512
1512
1512
1512
1512
8812
-507
1512
1512
1512
1512
1512
1742
1512
1512
1512
1512
1512
1512
1512
1512
1512
1512
1512
1512
1512
1512
1512
1512
-583
1512
1512
4432
1512
2972
1512
2972
1512
1512
2972
1448
2972
1293
2972
1512
1512
-559
-503
-491
-528
-517
-495
-500
-507
-504
1512
2972
2972
2972
4267
2972
1586
1512
2972
2972
1512
1512
1512
1512
1512
840
1512
2972
1559
1512
2688
2972
1512
1512
1512
1605
-537
1512
1512
1512
1512
1512
1512
1512
1512
1512
1512
1512
1512
1512
1512
1512
1512
1512
1512
2972
1512
511
1512
1793
2972
1512
1512
1512
1512
6849
2381
-549
1512
2089
-549
1512
2226
-548
1512
1978
-457
-546
-505
-501
-513
-514
-514
-538
-509
1512
1512
1512
1668
1512
1512
1512
561
1512
1512
2208
1512
1512
2382
1512
1512
1454
1512
1512
2174
1512
1512
1512
1512
659
2972
1512
883
526
-440
-464
616
476
-450
-541
-545
-510
-507
-514
-501
-505
-516
-559
1512
1512
1535
1512
1512
1512
1512
994
1512
2972
1512
1055
2972
1512
1411
1512
2394
361
2972
1512
1226
1512
2972
1299
593
-523
-500
-510
-508
-687
-509
-228
1512
1512
873
2972
1522
1512
1512
1512
1512
589
2972
1512
1548
2972
1512
1512
649
2972
936
2948
532
-731
-502
-518
-583
-576
-588
-589
1512
2972
1512
1512
1512
1512
1512
1512
1512
1648
-584
1451
2972
1512
1020
2269
1512
1512
1512
1512
1512
1512
609
2972
1512
2972
1512
1512
1512
1512
1512
1512
1512
1512
2972
1512
2972
1512
1542
1512
1512
1512
1512
1512
1235
1837
-584
1500
1016
-250
111
-185
403
-89
1801
-196
