-452
2948
2948
1500
1500
1500
1500
1500
1500
1500
1500
1500
1500
1500
1500
-499
1500
1500
1500
1500
1500
1846
1500
1500
1500
1500
-497
1500
1500
1491
1500
1500
1500
563
-500
1500
1500
1500
1500
-497
1500
628
-497
1500
1500
1500
1500
1500
1500
322
2597
-492
1500
1500
1500
1500
-493
1500
1500
1500
1500
1500
1500
1500
1500
637
-510
5844
1500
1500
1360
-510
5844
1500
2948
1500
1500
1500
1500
1500
1331
2948
1500
1500
-510
1500
1500
1500
1500
1500
1500
1500
1500
1500
1500
828
-510
5844
-220
1470
1470
1033
2948
1500
1500
1500
1500
1500
1500
1500
1500
1500
1500
1500
1500
1500
-676
-596
-498
-480
-499
-499
-503
-493
-488
-488
-488
-490
1512
1512
1512
1512
1512
1512
1512
2972
1512
1512
2972
1512
1512
1512
1500
1500
1500
1500
1500
1500
1500
1500
1500
1500
1500
1500
1500
1500
1500
1500
806
2972
-490
1997
1500
755
-490
1500
2948
1258
-490
1616
1129
1321
540
-497
-545
-530
-535
1878
-532
1500
1500
1975
-490
1500
1500
1500
1500
1500
1013
-486
1500
1500
1500
1500
1500
1500
1500
691
-486
1500
1265
-474
1512
2675
2948
1500
1541
1500
1500
1500
1724
-474
1512
1512
2972
1194
3000
1155
-474
1489
1857
2948
1500
1500
1500
1500
1500
1500
1500
1500
1520
1512
1512
1512
738
2271
2948
1500
1500
1500
1500
1500
710
1500
2948
-474
894
1889
1854
-474
1512
2301
1512
1512
1512
1124
-474
-486
1512
1512
2813
-474
1512
1512
1185
1500
1500
1500
1500
1500
-474
1088
1500
1500
1500
1500
1500
1500
1500
1500
1500
1500
1500
1500
1512
1512
1730
-474
1512
1512
1886
1927
-474
1512
1512
2972
537
-474
1500
1500
1500
1500
1500
1500
1500
1500
1500
1500
1500
1500
963
1512
1512
1570
-474
-486
-474
-485
1512
1512
1512
1042
2972
1422
1500
461
1840
-536
-474
-601
-474
-486
-481
-480
-474
-474
-474
-492
-492
-492
1512
1512
1512
1512
2163
1761
1512
1512
1512
1003
2972
1497
1512
1512
1669
-613
1500
1500
1500
1500
1500
1500
1500
1500
1500
1500
1500
1500
1500
912
1500
2948
1500
1500
1500
2948
1500
1500
1808
1500
1500
1500
1500
1792
1500
1500
1500
1500
1500
1500
1500
1500
1500
1500
827
933
2948
1500
985
-505
1500
2948
1500
1463
442
1303
1500
1500
848
-496
1500
2037
-497
1500
1928
-504
-492
-492
-492
-492
-492
-492
1500
1916
1500
1500
1081
2948
1500
1500
1500
1698
1468
1500
1500
1500
1658
1500
1500
519
625
-491
-491
1500
1500
1537
-491
1500
1500
1537
1500
1500
1500
1500
1500
1500
1500
1500
1500
1500
1500
1500
1500
1574
-491
1500
4396
1284
1500
1500
1537
3022
1500
1500
1500
1500
1500
1500
1500
1500
1500
1500
1500
1500
1500
2948
1500
-491
1500
1500
1537
1500
620
-498
-547
-488
-488
-488
5918
4396
1500
4396
1500
1500
1537
1500
1500
1500
1500
1500
1500
1500
1500
1500
1500
757
2948
1500
1500
1500
1500
1144
1500
2948
1500
1500
1500
1500
1500
2948
1500
1500
720
2948
1500
1500
1500
1500
1500
2948
1500
1500
1500
1500
2948
1500
1500
1500
821
2948
744
-563
4396
1500
1500
1500
1500
4470
1500
1500
1500
2948
696
1500
1500
1500
1500
1500
1500
1500
1500
1500
1500
1500
1500
1500
1500
1500
1500
1500
1500
1500
1500
1500
1500
1500
1500
1077
1500
246
465
3022
1500
1500
2948
5844
-611
-488
-488
-488
-488
1500
1234
1500
1500
2948
1500
1500
2948
1500
1500
1500
1500
1500
1500
1500
1500
1500
2948
1500
4786
1500
1500
1500
1500
1853
1500
4396
1298
2948
2948
2889
405
1507
3445
-609
-490
-490
-174
-228
278
-506
1500
1500
3139
1500
-490
1500
1500
1500
1500
1500
553
-490
2366
2948
-490
1500
1500
3037
1500
2948
1500
1500
-490
1500
726
-490
2948
1500
1500
337
1457
-490
1500
2948
920
389
1500
2948
2948
1500
1500
1500
1500
1500
1500
1500
1500
1500
1500
510
2948
1500
1500
1395
2948
1500
1500
711
2948
1500
913
2948
1500
1500
-605
-490
-490
-490
-490
1805
-490
1500
1016
-250
1500
1500
1500
1500
1500
1500
1500
1338
-490
111
-185
2948
1500
1482
1500
-490
3530
2948
-488
2914
1500
1500
-488
1500
1500
2604
1500
-488
1500
1910
-506
403
-89
-196
1500
4396
2111
-506
1500
1500
1500
2480
-488
1500
1500
1500
1500
1500
1500
1500
1500
1500
1500
1500
1500
1500
1500
1500
1500
1500
1500
1500
1952
-488
1500
1500
1500
1500
1500
1500
1500
2948
1500
1500
1500
1500
2948
1500
1500
2948
1500
1500
1500
2948
1500
1500
2948
2948
1500
1500
1500
1259
-488
1500
1500
1500
1500
1500
4396
4396
1500
1261
-488
2948
4396
2948
1500
2948
1500
2948
1500
1500
1500
1500
1500
1307
-488
1500
1500
1500
1500
2948
1500
1500
1500
1500
1500
2948
1500
1500
1500
1500
1500
1500
2948
1500
1500
1500
1500
1500
1500
1500
2948
2948
1500
1500
2948
1500
1500
1772
-488
1500
2948
2948
2948
2948
2948
2948
2948
2948
2948
1500
1500
1500
1500
2098
-488
1500
1500
1500
1500
2948
1500
1500
1500
842
-488
1500
1500
654
-488
1500
2948
1500
1500
4396
1637
-488
1500
1500
1500
2948
1500
2948
1500
1500
1317
-488
1500
1500
2948
2948
1500
2948
1155
-488
2948
2948
1500
1500
2948
1500
1500
1500
1241
-488
1500
1500
1500
2948
1500
1500
1500
1500
1500
653
-482
1500
1500
2948
2948
1500
1500
1500
1500
1500
1500
1500
1500
2555
-482
4396
2948
4396
2948
2079
-482
1500
1500
2948
4396
1500
2948
1500
1500
1500
1436
-482
1500
1500
4396
4396
4396
4396
2155
-482
1500
5844
2948
1500
2948
2948
1500
1500
1860
-482
1500
1500
2948
2948
2948
2948
2948
2922
-453
1500
1500
2948
1500
2948
1500
1500
1500
2948
2261
5844
2948
1500
1500
1082
2948
2948
1911
1500
1500
1500
2948
2948
2948
2948
1500
1973
1500
7292
1500
2781
585
