-215
1500
1500
1252
1752
-594
840
-594
840
-366
290
-443
1500
1500
1500
1500
1500
1500
1500
1500
1500
1500
1500
1500
1500
1500
1500
1500
1500
1500
1500
1500
1500
1500
1556
-234
1500
1500
1500
1358
-594
840
-234
-234
-234
-234
-234
-234
-225
1500
1500
1252
302
2948
-525
1252
1500
1500
1252
1500
2700
2948
1252
1606
1606
1606
1500
158
1606
1500
1500
2948
1500
-234
1500
1500
1500
922
-234
302
-529
-525
302
1500
1500
1505
-234
-531
-525
1500
1500
1500
1500
1500
1500
756
-234
302
1500
2948
851
2948
1500
1500
1500
-526
1917
-524
-530
302
2948
1500
1553
-523
1500
-534
1500
849
4396
-529
1530
-531
-523
1500
1500
2677
1500
2948
519
1500
1500
1500
2948
1500
1500
1500
1500
1500
-234
1500
-525
1500
-528
1500
872
2948
-531
1500
1651
-532
1500
1500
1500
1500
1500
1500
1500
1500
1500
1500
1500
1500
302
1500
1500
1480
1500
837
2948
1500
1500
1770
1500
1500
1500
1500
1500
1500
1500
1500
1500
1820
1649
1512
1512
1228
-524
-522
-521
-525
-540
1500
1500
2948
1500
686
1500
949
1500
1500
1500
1500
1500
1500
1500
1947
1500
2948
1500
1500
1500
1500
1500
1500
1500
1500
1895
1500
1500
1167
561
-594
840
-362
95
-474
568
-424
344
1500
1500
1525
1500
2948
1500
1500
1500
1500
1500
1500
1500
1500
1500
1500
1500
1500
1500
1500
1500
1500
1500
1500
1500
1500
1500
1500
1500
1500
1500
1500
1500
1500
4396
1500
2948
1500
2948
1500
1500
1500
1500
1500
1500
1500
1500
1500
720
-228
1500
1500
1500
389
-584
1500
1016
-250
111
-185
366
-89
89
-196
