-422
1500
1500
1500
1314
-480
2948
2948
-503
1104
2948
1500
-509
1280
2948
1120
-508
-515
3294
2948
1500
-505
-503
-506
2948
2948
1500
1500
1500
1500
2948
1500
1500
2948
1500
1500
2948
2948
1500
1500
1500
1500
1500
1500
1500
2948
1500
1500
1500
2948
2948
1846
1500
2948
1500
2948
2948
1500
2948
2948
1392
2948
1500
1500
2948
2948
1500
1500
1500
1500
1500
4396
2272
1500
1500
1500
1500
2192
-528
-530
-529
-532
-504
1500
1100
460
1500
492
525
550
-228
1500
1500
1500
389
-584
-447
2464
1500
230
-250
111
-185
403
-89
-196
660
