-148
100
-260
1540
1540
852
-148
100
-628
452
1500
108
-228
340
-484
1540
1500
92
1540
1540
1668
-148
100
-276
1540
-148
1540
1300
1500
252
-148
100
-148
100
-148
100
-148
100
-148
100
-628
884
-628
884
-276
340
-1172
1540
-516
1500
92
1540
1500
92
1300
1500
1340
1500
1340
1500
92
1500
1340
1500
1500
1500
1420
1796
1540
1500
92
1540
1540
1540
1540
1540
1540
1500
92
1540
1540
1796
1652
1540
1500
92
1540
1540
1540
1540
1500
92
1540
1540
1500
92
1540
1540
1500
92
-276
1540
1540
1540
1540
1540
1540
1540
1540
1540
1540
1500
92
1500
92
1908
-548
340
-276
660
340
-516
1572
-980
1500
92
1540
1540
1540
1540
1332
-276
1540
-532
1500
92
1500
92
1540
1500
92
1540
1540
1540
1540
1500
92
1940
1540
1540
1540
1540
1540
1268
1500
1500
132
1828
1500
92
1332
1500
92
1500
-276
1580
1500
92
1540
1540
1540
868
-532
340
-532
1540
-548
1500
92
1540
1540
1540
1500
92
1540
1540
1540
1540
1796
-100
1540
1540
1540
1540
1500
92
1540
1540
1540
1540
1540
1540
1500
92
1540
1540
1364
1500
1580
1316
-516
-1500
1540
1500
92
1540
1540
1268
1500
92
1500
92
1500
1580
1540
1540
1540
1540
740
1500
92
1500
268
-516
-1500
1540
1540
1188
2948
1540
820
-276
1540
1540
1364
-532
1540
-1492
1500
92
1940
-532
340
1500
1500
132
1540
692
1500
92
1500
1372
1500
92
1500
1500
132
1540
1540
1540
1500
1500
1500
1500
7292
4172
4516
1540
1540
1540
1540
1540
1500
1500
532
-516
1572
-1492
1500
92
1156
1500
1500
132
1540
1540
1500
92
1540
1500
92
1540
1540
1500
92
1540
1540
1540
1500
732
1540
1540
1540
1540
1188
1500
1580
1540
1540
1500
92
1540
1540
1500
92
1540
1540
948
-148
100
-260
1508
-612
1508
788
1500
1100
100
-148
100
-148
100
-628
868
-148
100
-628
452
1500
140
-212
-276
1540
1500
92
1300
-276
1652
-276
1540
1500
92
1300
-276
1652
340
-500
340
-276
1508
-644
1500
916
-628
340
1500
92
1500
1580
1540
1540
1540
1500
92
1540
1540
1540
1508
1500
1508
1508
1508
1508
1508
1508
1508
1540
1540
1540
1540
1540
1540
1540
1540
1540
1500
1500
1500
172
1500
1500
132
1540
1540
1540
1540
1540
1540
1540
1540
1500
92
1540
1540
1540
1500
92
1540
1540
1500
92
1540
1540
1540
1300
1500
1500
1508
1508
1508
1508
1508
1508
1508
1508
1508
1508
1508
868
1500
-212
1348
340
-644
1540
-516
1540
1500
92
1540
1500
92
1540
1500
1580
1540
1540
1540
1540
1540
1540
1540
1540
1540
1540
1540
1540
1540
1540
1540
1540
1500
92
1540
1540
1540
1540
1540
1540
1540
1500
92
1540
1500
92
1500
92
1540
1540
1540
1540
1540
1540
1540
1540
1540
1540
1540
1540
1540
1540
1540
1500
92
1500
92
740
1500
1580
1540
1540
1540
1540
1500
92
1500
92
1500
92
1540
1540
1540
1540
1540
1540
1540
1540
1500
92
1540
1540
1540
1540
1540
1500
92
1540
1540
1540
1540
1540
1540
1540
1540
1540
1540
1500
92
1540
1540
1540
1540
1540
1500
92
1540
1500
92
1500
92
1540
1500
92
1540
1540
1540
1540
1540
1540
1540
1668
-100
-468
1508
1508
1508
1500
1508
1500
1508
1508
1508
1508
1508
820
-516
1540
1540
1540
1500
92
1540
1540
1540
1500
92
1540
1540
1540
1540
1540
1540
1540
1540
1540
1540
1540
1500
92
1540
1540
1540
1540
1540
1540
1540
1540
1540
1540
1540
1540
1540
1540
1540
1540
1500
92
1540
1540
1540
1540
1540
1540
1540
1540
1500
92
1540
1540
1540
1540
1540
1540
1540
1540
1500
92
1500
92
1500
92
1500
92
1540
1540
1540
1540
-100
1540
1540
1540
1540
1500
92
1500
1500
1500
7292
4396
7292
5844
7292
5516
1540
1500
1500
132
1500
92
1500
92
1500
92
1500
1500
132
1540
1540
1500
92
1540
1540
1540
1540
1540
1500
92
1540
1540
1540
1540
1540
1540
1540
1540
1540
1540
1540
1540
1540
1540
1540
1540
1500
92
1500
92
1540
1540
-100
1500
92
1540
1540
1540
1540
1500
92
1540
1500
92
1588
-916
532
-1124
-148
676
100
-148
100
-468
-468
244
244
-868
-884
532
1500
1500
132
1540
1500
92
1540
1500
92
1540
1540
1540
1500
92
1540
1540
1540
1540
1540
1540
1540
1500
92
1540
1500
92
1500
92
1540
1540
1540
1540
1540
1540
1540
1500
92
1540
1540
1500
1500
1500
6124
1540
1500
92
1500
92
1540
1540
1500
92
1540
1500
92
1540
1540
1540
1500
92
1540
1500
92
1540
1540
1540
1540
1500
92
1540
1540
1540
1540
1540
1540
1540
1540
1540
1540
1500
92
1540
-100
1500
92
1540
1500
92
1540
1540
1540
1540
1540
1540
1540
1500
92
1540
1540
1540
1540
1540
1540
1540
1540
1540
1500
1500
1500
1500
212
1500
1500
1500
172
1540
1540
1540
1500
92
1540
1540
1500
92
1540
1540
1540
1540
1540
1540
1540
1540
1500
1500
132
1540
1540
1540
1540
1540
1540
1540
1540
1540
1540
1540
1540
1540
1540
1500
92
1540
1500
1500
1500
1500
1500
252
1500
1500
1500
1500
1500
1500
1780
1500
1500
1500
172
1500
1500
1500
1500
1500
1500
1500
1500
7292
572
1500
1500
1500
-100
1660
1500
1500
1500
1500
1500
1500
1500
1500
6324
1500
1500
1500
1500
1500
252
1500
1500
1500
1500
1500
1500
1500
1500
372
1500
1500
132
1540
1540
1540
1540
1540
1540
1540
1540
1540
1500
1500
1500
1500
212
1500
92
1500
1500
1500
1500
1500
1500
292
1540
1540
1540
1540
1540
1500
92
-100
1500
92
1540
1540
1540
1500
1500
1500
172
1500
92
1500
1580
1540
1540
1332
-116
116
116
116
116
116
116
116
116
-564
308
132
132
132
-244
148
-212
116
116
116
116
116
