-218
1500
1500
1207
-594
910
-595
910
-174
-228
290
1500
1500
1252
609
-446
-584
1500
1016
1500
1500
1500
1500
1500
-250
-221
1500
1570
-174
318
-185
-475
-429
-429
-429
-429
-429
-218
-218
-218
-218
-218
-218
185
185
185
185
1512
3463
1512
1512
543
2972
-520
-532
4396
1500
6074
-528
-491
1500
1548
1500
1500
1500
1500
1889
1500
1500
1500
1500
1404
2948
1500
1500
1558
-534
-458
1500
2948
1500
1500
1500
1500
1500
1500
1500
1500
1500
1500
1500
1500
1500
1500
901
2948
2948
1500
1500
1500
1500
1500
1500
1500
1500
1500
13084
382
14084
-594
405
1908
-366
-89
-598
-593
-604
-605
229
290
1500
719
927
1739
1709
-196
660
-518
-601
-608
-590
-616
-599
515
1512
1512
836
-539
886
1500
1984
-600
741
-527
-610
937
1500
1500
1500
1500
1500
1034
2948
-605
1500
1500
-606
1500
1500
1500
1500
1500
2948
2948
1034
516
1500
2948
1500
1500
1512
-366
2972
2887
1500
1500
1500
1500
-526
1500
2948
1500
1500
2948
1500
1500
1500
1275
4396
-366
-366
6826
3925
2948
672
672
8740
7292
-366
-527
290
290
290
515
984
290
-493
516
1512
1095
-498
-519
-497
515
1055
-527
-522
-501
515
796
516
2561
516
1512
2972
1512
1427
516
1512
2829
515
-527
1512
1512
1512
1512
807
1976
2972
1512
1427
