-428
-228
1500
1500
1252
609
-584
2464
-250
318
-185
382
-89
-196
1500
1500
1500
1500
1210
-439
-454
-450
1785
1500
1500
1500
1500
1500
1500
1500
1500
-434
326
1500
1500
1500
2030
1500
1500
-458
1639
801
-439
-441
-438
-438
-441
-436
1500
1500
1568
-442
1500
2204
769
-436
-438
1500
1500
1500
892
-453
286
-457
558
-469
1500
1500
1500
1500
1368
-468
1500
1500
1500
1500
-462
481
-413
677
1500
1500
1500
1500
186
2466
166
1500
2524
-473
-480
-472
-471
1787
-475
306
-475
1500
1500
1500
1500
1298
1301
-474
1301
1381
1380
1500
1500
1500
1500
1500
1500
1386
1500
1500
2948
1500
1500
480
