-213
1500
1500
1794
-595
911
-594
910
-366
306
-452
1500
1500
1315
-529
-437
1500
1500
1500
1500
1500
185
1500
2552
-543
-578
-437
-437
-437
-437
-228
1500
1500
1500
389
-584
1500
1500
1500
1500
1500
1500
1500
1500
1500
1500
1016
1500
1500
1500
1534
-250
-543
185
185
185
185
111
-582
-590
-590
-590
-185
1500
1500
1500
1500
1500
1500
1500
1500
1500
1500
1500
1500
1500
1500
403
-89
1500
1500
1500
-196
1500
2948
1115
-543
1500
1500
2948
1500
1500
1500
1500
1500
1500
1500
1500
1500
2948
1500
2948
1500
1500
1500
1500
1500
1500
1500
2948
1500
1500
2948
1500
1500
1500
1500
1500
1500
1500
2948
1500
1500
2948
1500
1191
-543
1500
1500
1500
1500
1500
1500
1500
1500
1500
1500
1500
1500
1500
1500
1500
1500
1500
1500
1500
1500
1500
1500
1500
1500
2948
2948
1500
2948
1500
1500
1500
1500
1500
1500
2948
1500
1500
1500
1500
1500
1500
1500
1500
1500
1500
1500
1500
1500
1500
1500
1500
1500
1500
1105
-556
1500
1500
1500
1500
1500
1500
1500
1500
1500
1500
1500
2948
1500
1500
1500
2948
1500
2948
1500
4396
1500
2948
1500
1500
2948
1500
1500
2948
1500
1500
2948
2948
7292
2948
1500
1500
1500
1500
1500
1500
1500
1500
1500
1500
2948
1500
1500
1500
2948
1500
1500
1500
1540
-553
1721
-549
1500
1500
1500
1500
1500
1500
1500
1500
1500
1500
1500
1500
1500
2126
1500
1500
1500
-555
1500
1500
1500
1500
1500
1500
1500
1500
1500
1500
2948
1500
1500
1500
1500
1500
1500
1500
1500
1500
1500
1500
1500
1500
1500
1500
1500
1500
1500
1500
1500
1500
1500
1500
1500
2948
1500
1500
1500
1500
1500
1500
1500
1500
2948
1500
1500
1500
1500
1500
1500
1500
1500
1500
1500
1500
1500
1500
1500
1500
1500
1500
1500
1500
1500
1500
1500
1500
2948
2948
2948
2948
1500
1500
1500
1483
-555
1500
2948
1500
1500
1500
1500
1500
1500
1500
1500
1500
1500
1500
802
2948
1500
1500
2948
5844
4877
7292
4396
1981
2948
1500
1500
1500
2948
1500
1500
1500
1500
5844
4396
2948
550
4396
1500
2948
2948
2008
634
2948
2948
2948
4396
1675
1500
2948
1500
1500
1500
1500
1500
1500
1500
1500
1500
1500
1500
1500
2948
1500
2948
1500
2948
1000
1500
1500
2631
-487
1498
