-213
1500
1500
1794
-595
911
-594
910
-366
306
-452
1500
2763
-529
-437
1500
1500
1500
2948
185
1500
2552
-543
-578
-437
-437
-437
-437
-228
1500
1500
1500
389
1500
1500
1500
1500
1500
1500
1500
1500
1500
-584
1500
1500
1500
1534
1500
1016
-250
-543
185
185
185
185
111
-590
-582
-590
-590
-185
1500
2948
1500
1500
1500
1500
1500
1500
2948
1500
2948
1500
1500
1500
1500
403
-89
1500
1500
1500
-196
1500
1500
1500
1500
1500
1500
1500
1115
-543
1500
1500
2948
1500
1500
1500
1500
1500
1500
1500
1500
1500
1500
1500
1500
1500
1500
1500
1500
1500
1500
1500
1500
1500
1500
1500
1500
1500
1500
1500
1500
1500
4396
2639
-543
1500
1500
1500
1500
1500
1500
1500
2948
1500
1500
2948
1500
1500
2948
1500
1500
1500
1500
1500
1500
1500
1500
1500
1500
1500
1500
1500
1500
1500
2948
2948
1500
1500
1500
1500
1500
1500
1500
1500
1500
1500
1500
1500
1500
1500
1500
1500
5844
2553
-556
1500
2948
1500
1500
2948
1500
1500
1500
1500
5844
4396
1500
2948
4396
1500
1500
1500
2948
1500
1500
1500
2948
2948
1500
1500
1500
1500
1500
1500
1500
1500
7292
2948
2948
2948
1500
1500
2948
2948
1500
1500
2948
2948
1500
1500
2948
4396
5844
1500
1540
-553
1721
-549
1500
1500
1500
1500
1500
2948
2948
5844
4396
1500
1500
1500
1500
1500
1500
1500
1500
1500
1500
1500
1500
1500
1500
2948
678
-555
1500
2948
2948
1500
1500
1500
1500
1500
1500
5844
1500
7292
7292
1500
1500
2948
1500
1500
4396
4396
1500
1500
1500
1500
1500
1500
1500
1500
4396
2948
1500
5844
4396
1675
-555
1500
2948
1500
2948
1500
1500
1500
1500
1500
1500
1500
2250
1500
1500
7292
7773
4396
1500
1500
2948
2948
1981
2948
4396
2948
1500
1500
1500
1500
1500
1500
1500
1500
1500
1500
1500
1500
1500
1500
1500
1500
1500
1500
2948
1500
1500
1500
2008
550
1500
1500
1483
634
1500
1500
1500
1500
1500
2948
2948
1500
1500
1500
1500
1500
1500
2948
1500
1500
1500
1500
1500
1500
1000
1500
1500
1500
1183
-487
1498
