-427
1432
1432
2812
1432
1432
1432
1432
2812
1432
1602
-660
1500
1500
2948
1500
1500
1500
1500
1500
1500
1500
1500
-674
2948
1500
1500
1500
1500
1500
1500
1500
1500
1500
1500
1500
1500
1500
1500
12804
-666
1500
1500
2948
1500
1898
1500
-663
2551
1500
1500
2948
1500
1500
1500
1500
-660
-694
-691
2208
-685
-693
1500
1500
2948
1500
1500
1500
1500
1500
1500
1500
1500
1795
1500
1500
1500
1500
1500
1500
1500
1500
2948
1500
2948
1500
947
2140
2948
2980
1500
-702
1867
1500
1500
2948
1500
1500
1500
1500
1188
-612
-679
-699
-686
1500
1156
3619
1500
1500
998
650
-501
1500
861
-496
1500
1500
2948
1500
1500
1500
1500
1500
1500
1500
1500
-496
1500
1500
-702
-721
2948
-691
-694
-692
1500
1500
1829
2948
1500
1500
-478
1500
1500
1500
1500
1500
1552
1899
1500
1938
1500
1500
1500
1500
1500
1500
1500
1500
1286
1500
1538
2948
1500
2948
1500
1500
1999
1500
1500
1500
1500
1500
1500
1500
1500
1500
1500
1500
1500
1500
1500
1500
1500
-515
1500
1500
1500
2948
1500
1500
1500
1500
1500
1500
1591
-579
705
650
-562
650
-648
-694
-626
1500
1874
1979
-449
-721
1552
1500
1155
1682
1474
-1138
-729
-731
1500
1500
1500
1500
1500
1131
1500
2006
481
1500
-487
1028
-701
-721
-701
-722
2948
1500
1500
1500
507
1209
2948
1265
1500
2948
1500
1500
1500
1500
1500
1500
1500
1500
1500
1500
1500
9274
12872
626
-228
-523
512
-574
-1269
1500
1500
1252
455
869
609
-574
692
-639
361
-584
1500
1016
-250
318
-185
382
-89
-196
