-427
1500
4396
1500
1500
1500
1500
1500
1500
1500
1500
1500
1500
1500
1500
1500
1500
1500
1500
1500
1500
1500
1500
1091
-775
3133
-781
2948
1500
1500
1500
1500
2948
1214
-785
-792
1500
1500
3687
1500
3321
-483
2948
1084
-459
365
-495
2948
1500
1500
2948
1500
2948
1500
1500
1500
1500
2948
1500
-477
-481
-477
1591
1500
1500
1500
1500
1500
1500
1500
1500
1500
1500
1500
1500
1500
1500
364
-487
1500
1500
2948
1500
1500
1500
1500
1500
1500
1500
1500
566
1500
2948
1500
1500
1500
2948
1500
1500
2948
2948
-479
-480
-492
-492
1500
1500
1500
1500
1500
1500
1500
1500
1500
1500
1756
1500
-492
1500
1500
4396
1500
1500
1500
1500
1500
1500
2948
1500
1500
1497
-492
2948
1500
1500
4396
1500
1500
2948
5844
1500
2948
1500
1500
1569
1500
2948
1500
2948
2948
2948
1170
-485
5844
5844
1640
-484
1500
507
-484
1500
1500
2948
1500
2948
1500
2948
3776
4396
-479
1500
2948
1500
2948
4396
2948
1500
5844
1500
2948
1500
1500
4396
2948
2948
1500
2948
5126
3784
-492
4396
2948
7292
5126
2907
5844
4396
2948
-458
5844
1500
8740
7292
2948
5844
7292
8740
998
4396
1500
2948
7292
2948
5844
4396
3678
4396
6535
-484
2948
2601
-483
5844
1604
-490
7292
8740
7877
7292
2948
5844
2948
3119
1500
1500
1500
1500
1500
4396
1500
1500
1500
1500
2948
2948
1500
2948
4396
1500
1500
1500
1500
1500
1500
1500
2948
1500
4396
2948
3788
-485
8740
7292
8740
7292
7292
2948
5780
4396
1500
2948
1500
-480
1500
2948
2948
2948
2230
5844
2948
2948
1500
1500
2948
6300
7292
6300
16436
16436
16436
1580
5844
2948
4440
4453
-482
-478
4396
4658
-480
2948
2930
-483
1500
1500
1376
-481
4396
2948
1524
2948
1500
-487
1959
-480
32820
7292
2006
-483
1500
1500
1500
3018
-481
3641
-482
1500
1500
3115
-484
5199
1500
2711
-480
-482
4201
2948
6858
-497
-496
16436
1500
4396
2948
1500
1500
1500
1500
1500
1515
-496
2948
2948
4396
1500
1500
1500
3809
-502
7292
1500
6400
8740
8173
-488
-485
4396
1804
-497
1500
1500
1500
1500
1500
5604
-499
1866
-484
1500
1500
2948
1500
2948
1174
1500
-485
1500
1500
2948
1500
1500
1500
1500
1500
1500
1500
1500
1500
812
-496
1500
2948
1500
5844
2948
1882
-496
1500
2948
2948
1500
1500
1500
4396
989
2948
-498
5844
2004
-470
1500
1500
1500
1500
4396
1500
976
1500
-480
4396
1500
1500
1500
1500
2170
-472
7292
8525
-476
1500
1500
1500
1500
1500
1500
4396
5126
2049
-471
7250
-471
1500
5844
7292
7999
2948
5300
-476
3813
-488
1500
3669
-489
3576
-501
1500
1500
1022
2927
1500
1500
922
1500
1500
1576
2948
1500
1220
-474
-478
1500
1500
3338
-466
1615
-467
2442
-466
1500
1697
-472
1500
1831
-466
1500
1500
1993
1500
1500
582
-526
-495
-468
-472
-461
-464
-462
1500
1547
1500
1500
4396
1500
844
2495
2948
1500
995
2571
1252
708
-417
-228
1218
1500
1500
1500
-500
-502
1500
1500
1367
-475
1500
1500
1500
1500
2948
1500
598
1500
2520
-503
-484
455
-477
-489
1500
2948
2287
-486
1500
2363
-481
389
2948
1500
1342
4396
2948
1450
1500
1500
4396
1500
2046
-494
1532
-495
1492
-492
1500
1500
1500
1500
1242
1500
2266
-485
398
-498
2948
2948
1218
8988
-526
4306
1470
1470
1470
2888
2888
1470
1470
2888
1470
1470
1470
1470
1470
1470
1470
1470
1470
1470
1470
1470
1470
1470
1470
1470
1470
1470
1470
1470
1470
1470
1470
1470
1470
2884
-584
1500
1016
-532
1445
-250
111
-824
1500
1500
1500
1500
1500
1500
1500
1500
1500
1500
1500
1500
2948
1500
1500
1500
1500
1131
-185
366
89
-89
-196
660
