-456
1432
1432
3132
1432
1432
1112
1432
1432
1432
1432
1432
1432
1432
1432
1432
1432
1752
-515
1432
1432
1432
1432
1432
1432
1432
757
1432
1432
1432
1432
1432
1432
1432
2812
3420
1011
-516
1432
1766
-519
1432
1275
-516
-515
-514
-517
-512
-526
1432
1432
1432
1752
1432
900
-535
840
-614
1432
1432
605
-614
1625
-614
1432
102
-614
2812
1112
1725
-614
1432
2812
754
-614
1432
1432
1432
1432
1432
1432
1432
1432
1432
2812
1432
1432
2812
1432
1432
1432
1432
1432
1432
1432
1432
1432
1432
1432
1432
1432
1432
1432
1432
1432
1432
1432
1432
2812
1432
1432
2812
1432
1432
2812
1432
1432
2812
1432
1432
2812
1432
1432
1432
1432
1620
-614
1432
1432
2812
1432
1432
2812
1432
1432
1432
1432
2812
1432
1432
1432
1432
4176
4192
2812
1432
4192
6952
1432
4192
1432
1432
2812
1432
1432
2812
1432
1432
1432
1432
2812
1432
1432
1432
1432
2812
1432
1432
1432
2812
1432
1432
1432
1432
2812
1432
1432
2812
1432
1432
1432
1432
2812
1432
1432
1432
1432
576
1432
2812
1432
1432
2812
1432
1432
2812
1296
2812
1432
1432
1432
2812
1432
1432
1432
2812
1432
1432
2030
1432
806
1432
1432
2812
801
-614
-614
-529
-530
-530
-519
1432
1432
1432
1432
2812
1552
-520
1432
2812
1432
1432
2812
1432
2113
-527
4192
2683
-532
1432
1432
1432
1432
1432
1432
2812
1432
1432
1432
1432
1432
1432
1432
3201
-534
2812
1432
1321
-526
1432
661
-533
1500
1500
1252
1432
2812
2936
-527
531
-521
957
-520
1915
-520
529
-528
1432
500
-534
609
1432
2812
1432
2195
-535
1327
-530
804
-529
1432
1432
1432
1432
1432
1432
2812
1432
2812
529
-536
1432
1432
1432
1740
916
-532
-519
1825
1432
1432
2812
455
1432
1618
581
1432
1432
2812
2090
905
-584
1500
1016
-460
-250
624
318
-185
382
-438
-89
-196
347
1500
1500
1500
1500
1500
1500
1500
1500
1500
1500
1500
1500
1500
1500
1500
818
