1380119255319637
1380119255344440
1380119255344825
1380119255344896
1380119255345119
1380119255349062
1380119255349288
1380119255349365
1380119255349458
1380119255349726
1380119255349820
1380119255350055
1380119255350470
1380119255350574
1380119255350785
1380119255350848
1380119255459456
1380119255464687
1380119255464836
1380119255465098
1380119255465164
1380119255468993
1380119255469068
1380119255469278
1380119255469460
1380119255469757
1380119255475276
1380119255475470
1380119255475665
1380119255475730
1380119255479502
1380119255479717
1380119255479824
1380119255480040
1380119255480118
1380119255480348
1380119255480637
1380119255481222
1380119255486244
1380119255486352
1380119255486783
1380119255490623
1380119255490719
1380119255502131
1380119255507467
1380119255507537
1380119255507791
1380119255507921
1380119255545427
1380119255550861
1380119255550928
1380119255551194
1380119255551261
1380119255554958
1380119255555239
1380119255555311
1380119255555408
1380119255555522
1380119255555840
1380119255556051
1380119255556118
1380119255556528
1380119255556720
1380119255557103
1380119255557611
1380119255559546
1380119255559874
1380119255560392
1380119255560739
1380119255560912
1380119255561691
1380119255561792
1380119255561894
1380119255562177
1380119255562412
1380119255562517
1380119255562822
1380119255562991
1380119255563172
1380119255563895
1380119255564147
1380119255564335
1380119255565011
1380119255568632
1380119255568893
1380119255569131
1380119255569297
1380119255569574
1380119255569704
1380119255569990
1380119255570150
1380119255570482
1380119255570646
1380119255571213
1380119255571444
1380119255572303
1380119255572500
1380119255572673
1380119255572759
1380119255573654
1380119255573826
1380119255574387
1380119255574540
1380119255575034
1380119255575685
1380119255575841
1380119255576906
1380119255577049
1380119255577291
1380119255577504
1380119255577607
1380119255577959
1380119255578132
1380119255578295
1380119255578438
1380119255579051
1380119255579499
1380119255579688
1380119255581531
1380119255581623
1380119255581870
1380119255582063
1380119255582270
1380119255582496
1380119255582664
1380119255583330
1380119255583389
1380119255583552
1380119255583880
1380119255585769
1380119255586268
1380119255586842
1380119255587162
1380119255587395
1380119255587488
1380119255587678
1380119255588505
1380119255588719
1380119255588940
1380119255589100
1380119255589303
1380119255589462
1380119255589689
1380119255589841
1380119255590778
1380119255590936
1380119255591535
1380119255591820
1380119255591924
1380119255592282
1380119255593401
1380119255597191
1380119255597438
1380119255597664
1380119255597822
1380119255598065
1380119255598784
1380119255599244
1380119255599390
1380119255599602
1380119255599782
1380119255600019
1380119255600249
1380119255600422
1380119255600578
1380119255600689
1380119255601126
1380119255625103
1380119255801501
1380119255801636
1380119255802150
1380119255810577
1380119255810767
1380119255814743
1380119255814830
1380119255815138
1380119255818889
1380119255819149
1380119255819451
1380119255819534
1380119255819628
1380119255819725
1380119255820110
1380119255823475
1380119255823709
1380119255823963
1380119255824218
1380119255824669
1380119255824771
1380119255833039
1380119256460372
1380119256460454
1380119256460528
1380119256460602
1380119256461518
1380119256466971
1380119256470866
1380119256476114
1380119256476335
1380119256476581
1380119256476652
1380119256480319
1380119256480615
1380119256480707
1380119256481029
1380119256481113
1380119256481443
1380119256481677
1380119256481751
1380119256482095
1380119256482658
1380119256482741
1380119256488505
1380119256488587
1380119256488912
1380119256493178
1380119256493287
1380119256493352
1380119256493681
1380119256493747
1380119256493860
1380119256493962
1380119256494233
1380119256494435
1380119256494545
1380119256494674
1380119256495379
1380119256495767
1380119256500249
1380119256502430
1380119256502637
1380119256504996
1380119256510583
1380119256510701
1380119256510969
1380119256514518
1380119256514672
1380119256514930
1380119256520374
1380119256520492
1380119256520760
1380119256524240
1380119256524392
1380119256561453
1380119256567143
1380119256567366
1380119256567594
1380119256567690
1380119256571251
1380119256571415
1380119256639707
1380119256682943
1380119256683767
1380119256683890
1380119256683943
1380119256683990
1380119256693512
1380119256693687
1380119256698448
1380119256699361
1380119256699695
1380119256699759
1380119256699810
1380119256699989
1380119256700077
1380119256700570
1380119256700657
1380119256700749
1380119256745414
1380119256746080
1380119256746218
1380119256746421
1380119256746470
1380119256746621
1380119256746671
1380119256746719
1380119256746767
1380119256753826
1380119256753950
1380119256754047
1380119256754148
1380119256754227
1380119256754669
1380119256754739
1380119256756802
1380119256756832
1380119256757039
1380119256757141
1380119256757241
1380119256757861
1380119256757908
1380119256758004
1380119256764671
1380119256764709
1380119256764732
1380119256765058
1380119256765086
1380119256773374
1380119256774688
1380119256774722
1380119256780218
1380119256785944
1380119256786087
1380119256786208
1380119256787304
1380119256790535
1380119256790693
1380119256790801
1380119256790906
1380119256790982
1380119256791365
1380119256791563
1380119256794120
1380119256794159
1380119256794387
1380119256794480
1380119256794725
1380119256795485
1380119256799667
1380119256799763
1380119256799826
1380119256799880
1380119256799928
1380119256799976
1380119256800023
1380119256800070
1380119256800118
1380119256800166
1380119256800213
1380119256801082
1380119256806079
1380119256806255
1380119256806362
1380119256806448
1380119256806737
1380119256807089
1380119256807151
1380119256808749
1380119256808905
1380119256809012
1380119256809123
1380119256809145
1380119256809316
1380119256809711
1380119256811906
1380119256812046
1380119256812203
1380119256812470
1380119256812732
1380119256817790
1380119256817867
1380119256817909
1380119256817945
1380119256818003
1380119256818085
1380119256818237
1380119256818343
1380119256821123
1380119256821621
1380119256821748
1380119256822159
1380119256822617
1380119256822683
1380119256822815
1380119256822959
1380119256823062
1380119256823184
1380119256823344
1380119256823462
1380119256823489
1380119256830431
1380119256830538
1380119256830793
1380119257343176
1380119257345898
1380119257355746
1380119257355963
1380119257355997
1380119257369066
1380119257372521
1380119257378902
1380119257386480
1380119257426114
1380119257432900
1380119257432983
1380119257436535
1380119257436708
1380119257436956
1380119257445782
1380119257446362
1380119257452140
1380119257452241
1380119257452349
1380119257452443
1380119257456290
1380119257456384
1380119257456654
1380119257456740
1380119257457029
1380119257457339
1380119257458027
1380119257458129
1380119257458425
1380119257458528
1380119257458802
1380119257461892
1380119257461993
1380119257462222
1380119257462338
1380119257462431
1380119257462720
1380119257462903
1380119257463082
1380119257463255
1380119257463760
1380119257464796
1380119257464957
1380119257465138
1380119257465285
1380119257465399
1380119257465579
1380119257465749
1380119257465928
1380119257557227
1380119257571421
1380119257831336
1380119257899340
1380119258248794
1380119258286739
1380119258287285
1380119258544509
1380119258545184
1380119258561050
1380119258589119
1380119258614186
1380119258620421
1380119258650952
1380119258685507
1380119258743115
1380119258812884
1380119258836960
1380119258837060
1380119258842317
1380119258842853
1380119258905180
1380119258905274
1380119258942693
1380119258947371
1380119258969750
1380119258975407
1380119258976744
1380119259003474
1380119259004192
1380119259065689
1380119259105370
1380119259105866
1380119259147149
1380119259149194
1380119264067453
