1378001210558151
1378001210818541
1378001210818908
1378001211080264
1378001211080476
1378001211340966
1378001211341199
1378001211341305
1378001211341572
1378001211372924
1378001211602034
1378001211602380
1378001211602636
1378001211602754
1378001211602893
1378001211603063
1378001211603450
1378001211603561
1378001211603568
1378001211863004
1378001211863383
1378001211864067
1378001211864181
1378001211864192
1378001211864350
1378001211864593
1378001211864853
1378001211864964
1378001211865100
1378001211865318
1378001211865489
1378001211865595
1378001211865770
1378001211866258
1378001211866426
1378001211866533
1378001211946214
1378001211946969
1378001211947195
1378001212123921
1378001212126960
1378001212127076
1378001212127102
1378001212127206
1378001212127310
1378001212127458
1378001212127564
1378001212127591
1378001212127697
1378001212127853
1378001212127958
1378001212517815
1378001212518053
1378001212518891
1378001212519118
1378001213084495
1378001213084709
1378001213085157
1378001213085719
1378001213085986
1378001213095318
1378001213095516
1378001213654558
1378001213657426
1378001213657560
1378001213657648
1378001213657754
1378001213669408
1378001213669514
1378001213669683
1378001213669819
1378001213670506
1378001213709268
1378001214226271
1378001214227574
1378001214227722
1378001214240924
1378001214241032
1378001214241124
1378001214241231
1378001217278207
1378001217279001
1378001217279229
1378001217808799
1378001217809023
1378001217849857
1378001217852928
1378001217853413
1378001217854831
1378001218379729
1378001218379825
1378001218379869
1378001218379978
1378001218380128
1378001218422443
1378001218459560
1378001218460287
1378001218460509
1378001218950808
1378001218951032
1378001218951146
1378001218951161
1378001218951267
1378001218951284
1378001218951389
1378001218951633
1378001218951739
1378001218951749
1378001218951899
1378001219035038
1378001219035210
1378001219035222
1378001219521880
1378001219521991
1378001219522015
1378001219522218
1378001219522328
1378001219605379
1378001219605563
1378001222025467
1378001222026266
1378001222026496
1378001222599340
1378001222599981
1378001222600209
1378001222853647
1378001222854378
1378001222854638
1378001223107748
1378001223108389
1378001223108674
1378001223108865
1378001223109010
1378001223109094
1378001223109124
1378001223109228
1378001223169926
1378001223170082
1378001223170090
1378001223362917
1378001223363137
1378001223363248
1378001223363375
1378001223363481
1378001223363768
1378001223363877
1378001223364151
1378001223364556
1378001223364745
1378001223364904
1378001223365011
1378001223365026
1378001223365992
1378001223366130
1378001223366319
1378001223404499
1378001223616943
1378001223617160
1378001223618654
1378001223618888
1378001223618997
1378001223619150
1378001223619258
1378001223619283
1378001223619387
1378001223619701
1378001223619834
1378001223620336
1378001223620441
1378001223621319
1378001223621428
1378001223621619
1378001223621724
1378001223658222
1378001223659042
1378001223659340
1378001223741642
1378001223843262
1378001223843402
1378001223843437
1378001223874937
1378001223875129
1378001223913152
1378001223914006
1378001223914120
1378001223914142
1378001223914276
1378001223914386
1378001223914497
1378001223914553
1378001224168103
1378001224168337
1378001224168702
1378001224168950
1378001224169328
1378001224169437
1378001224169595
1378001224169858
1378001224169967
1378001224169986
1378001224170134
1378001224170238
1378001224170388
1378001224170627
1378001224171404
1378001224171684
1378001224415284
1378001224415380
1378001224415426
1378001224415517
1378001224415539
1378001224415643
1378001224424946
1378001224425157
1378001224425300
1378001224427453
1378001224427583
1378001224427594
1378001224427723
1378001224427900
1378001224428686
1378001224428925
1378001224682559
1378001224682805
1378001224684538
1378001224684719
1378001224684730
1378001224684988
1378001224685096
1378001224685792
1378001224686066
1378001224940309
1378001224941566
1378001224941681
1378001224941700
1378001224941805
1378001224941911
1378001224942089
1378001224942194
1378001224942356
1378001224942464
1378001224942481
1378001224942585
1378001224943070
1378001224943296
1378001224943401
1378001224943539
1378001224943665
1378001224943690
1378001224943871
1378001224944329
1378001224984825
1378001224985070
1378001224985173
1378001225196741
1378001225196885
1378001225196912
1378001225198482
1378001225198728
1378001225198979
1378001225199086
1378001225199353
1378001225199464
1378001225199860
1378001225199971
1378001225200232
1378001225200492
1378001225200603
1378001225200782
1378001225200885
1378001225200909
1378001225201017
1378001225201064
1378001225201168
1378001225201297
1378001225201611
1378001225201773
1378001225201943
1378001225202072
1378001225202275
1378001225203117
1378001225203429
1378001225455219
1378001225456341
1378001225456609
1378001225456631
1378001225456808
1378001225457006
1378001225457123
1378001225457226
1378001225459173
1378001225459285
1378001225459317
1378001225459442
1378001225459545
1378001225459552
1378001225708365
1378001225709305
1378001225709531
1378001225709614
1378001225709658
1378001225709764
1378001225709976
1378001225713418
1378001225713539
1378001225713567
1378001225713773
1378001225961406
1378001225961704
1378001225999566
1378001226000505
1378001226040271
1378001226261234
1378001226261335
1378001226261374
1378001226261466
1378001226261487
1378001226261591
1378001226299791
1378001226300648
1378001226300919
1378001226521065
1378001226521268
1378001226521791
1378001226522156
1378001226522265
1378001226522596
1378001226522705
1378001226522729
1378001226522832
1378001226522851
1378001226522956
1378001226523255
1378001226523365
1378001226523390
1378001226523495
1378001226560358
1378001226561134
1378001226561399
1378001226561551
1378001226561771
1378001226561813
1378001226561916
1378001226781183
1378001226781474
1378001226781582
1378001226781862
1378001226782644
1378001226782840
1378001226821633
1378001226821999
1378001226822131
1378001226822417
1378001226822571
1378001226823483
1378001226860203
1378001227085671
1378001227085839
1378001227123553
1378001227124375
1378001227124646
1378001227384199
1378001227384900
1378001227385227
1378001227385270
1378001227641579
1378001227642512
1378001227642784
1378001227646657
1378001227646874
1378001227646983
1378001227899511
1378001227899673
1378001227900573
1378001227940129
1378001228157998
1378001228158142
1378001228158157
1378001228158279
1378001228195926
1378001228196703
1378001228196978
1378001228454664
1378001228454913
1378001228455404
1378001228456221
1378001228456504
1378001228596294
1378001228596480
1378001228714424
1378001228715161
1378001228715456
1378001228716113
1378001228716344
1378001228974521
1378001228974633
1378001228974644
1378001228974872
1378001228975001
1378001228975212
1378001228979028
1378001228979996
1378001228980646
1378001229164636
1378001229164755
1378001229164763
1378001229164964
1378001229169609
1378001229234500
1378001229234737
1378001229234969
1378001229235058
1378001229235077
1378001229235277
1378001229235430
1378001229235503
1378001229235604
1378001229235949
1378001229236071
1378001229236149
1378001229236257
1378001229236432
1378001229237289
1378001229239693
1378001229240388
1378001229240495
1378001229240524
1378001229240630
1378001229240737
1378001229240841
1378001229240961
1378001229241062
1378001229242599
1378001229242706
1378001229242823
1378001229242913
1378001229242948
1378001229243078
1378001229243202
1378001229244490
1378001229244600
1378001229244611
1378001229244717
1378001229244867
1378001229244970
1378001229244998
1378001229245108
1378001229245123
1378001229245229
1378001229245359
1378001229245442
1378001229245547
1378001229245671
1378001229245776
1378001229247745
1378001229247777
1378001229247849
1378001229248036
1378001229248232
1378001229248342
1378001229248471
1378001229248584
1378001229248604
1378001229248709
1378001229248866
1378001229248978
1378001229249106
1378001229249213
1378001229249236
1378001229249380
1378001229249542
1378001229249649
1378001229249666
1378001229250869
1378001229251047
1378001229251184
1378001229251323
1378001229251467
1378001229251552
1378001229251662
1378001229251669
1378001229251820
1378001229251954
1378001229510882
1378001229511134
1378001229511242
1378001229511268
1378001229511375
1378001229511482
1378001229511509
1378001229511735
1378001229511839
1378001229511951
1378001229552476
1378001229554365
1378001229592022
1378001229735731
1378001229735971
1378001229736124
1378001229736235
1378001229736367
1378001229736559
1378001230127644
1378001230127854
1378001230160445
1378001230161154
1378001230161388
1378001230307814
1378001230731346
1378001230734248
1378001230735021
1378001230735273
1378001230988285
1378001230989104
1378001230989362
1378001231243491
1378001231243588
1378001231243630
1378001231243718
1378001231243741
1378001231243871
1378001231245117
1378001231245839
1378001231246094
1378001231307256
1378001231307447
1378001231497112
1378001231497350
1378001231497464
1378001231497573
1378001231497707
1378001231497915
1378001231498020
1378001231502600
1378001231502707
1378001231502850
1378001231502987
1378001231821938
1378001231822880
1378001231823125
1378001231881582
1378001232079292
1378001232080128
1378001232080387
1378001232334246
1378001232334970
1378001232335297
1378001232337389
1378001232337525
1378001232337545
1378001232337682
1378001232590017
1378001232590135
1378001232590144
1378001232590249
1378001232590268
1378001232590495
1378001232591314
1378001232592141
1378001232631734
1378001232844468
1378001232844710
1378001232844819
1378001232844954
1378001232845065
1378001232845334
1378001232845441
1378001232845605
1378001232846029
1378001232846207
1378001232846333
1378001232846479
1378001232849757
1378001232849865
1378001232849884
1378001232849986
1378001232850004
1378001232850109
1378001233099000
1378001233099325
1378001233099699
1378001233100076
1378001233100184
1378001233100208
1378001233100343
1378001233100714
1378001233100821
1378001233100846
1378001233100971
1378001233101139
1378001233101505
1378001233101615
1378001233101777
1378001233101928
1378001233102078
1378001233102183
1378001233102562
1378001233105989
1378001233106242
1378001233106495
1378001233106755
1378001233106867
1378001233107252
1378001233107362
1378001233107533
1378001233107835
1378001233107944
1378001233107975
1378001233108087
1378001233108258
1378001233362890
1378001233363038
1378001233363057
1378001233363782
1378001233363873
1378001233363906
1378001233364446
1378001233364810
1378001233365062
1378001233365319
1378001233365428
1378001233365453
1378001233365578
1378001233365821
1378001233366071
1378001233366180
1378001233366340
1378001233366448
1378001233366580
1378001233366747
1378001233366897
1378001233367004
1378001233367199
1378001233702101
1378001234244183
1378001234244395
1378001234244598
1378001235390418
1378001236201782
1378001236203113
1378001236203378
1378001236769685
1378001236770510
1378001236770790
1378001236775549
1378001237338045
1378001237338852
1378001237340737
1378001237340782
1378001237340881
1378001237340894
1378001237341141
1378001237903066
1378001237903899
1378001237906845
1378001237906891
1378001237907047
1378001238465346
1378001238465465
1378001238465495
1378001238469071
1378001238469381
1378001238469487
1378001238469766
1378001239030051
1378001239030116
1378001239030237
1378001239030393
1378001239038084
1378001239038208
1378001239038219
1378001239038448
1378001239038554
1378001239038583
1378001239038689
1378001239038794
1378001239039061
1378001239039219
1378001239593368
1378001239593514
1378001239593540
1378001239593656
1378001239593752
1378001239593785
1378001239593894
1378001239594105
1378001239594213
1378001239602174
1378001239602419
1378001239602559
1378001240158052
1378001240158193
1378001240158209
1378001240158374
1378001241466943
1378001241468056
1378001241507042
1378001242072733
1378001242077084
1378001242077098
1378001242077814
1378001242080106
1378001242650495
1378001242650726
1378001242651102
1378001242651766
1378001242690959
1378001242942260
1378001242942840
1378001242943111
1378001243195256
1378001243195435
1378001243195448
1378001243196246
1378001243196475
1378001243216367
1378001243216458
1378001243216512
1378001243216588
1378001243216616
1378001243216833
1378001243217062
1378001243217451
1378001243448874
1378001243449007
1378001243449024
1378001243449127
1378001243449155
1378001243449268
1378001243456198
1378001243456976
1378001243494882
1378001243700557
1378001243700728
1378001243718705
1378001243718873
1378001243718885
1378001243719098
1378001243754967
1378001243755779
1378001243756015
1378001243778597
1378001243778829
1378001243778937
1378001243778954
1378001243779056
1378001243779077
1378001243779182
1378001243779450
1378001243779557
1378001243779564
1378001243779730
1378001243780087
1378001243780231
1378001243780383
1378001244015451
1378001244016295
1378001244016831
1378001244016863
1378001244016988
1378001244016998
1378001244017242
1378001244017376
1378001244276814
1378001244277601
1378001244277891
1378001244277909
1378001244277988
1378001244278013
1378001244278264
1378001244278312
1378001244278375
1378001244348211
1378001244348334
1378001244348352
1378001244348465
1378001244348660
1378001244349625
1378001244349736
1378001244349988
1378001244350279
1378001244350385
1378001244537761
1378001244538071
1378001244538177
1378001244538579
1378001244538956
1378001244539064
1378001244539202
1378001244539602
1378001244539759
1378001244539769
1378001244539868
1378001244539888
1378001244539991
1378001244540020
1378001244540146
1378001244540542
1378001244540652
1378001244540809
1378001244540940
1378001244541455
1378001244578791
1378001244799281
1378001244799464
1378001244801567
1378001244801676
1378001244801706
1378001244801919
1378001244802047
1378001244802159
1378001244802185
1378001244802291
1378001244802609
1378001244802748
1378001244802753
1378001244803245
1378001244803394
1378001244803485
1378001244803586
1378001244803639
1378001244803767
1378001244834666
1378001244835625
1378001244835911
1378001245063943
1378001245064117
1378001245092801
1378001245092908
1378001245092946
1378001245094341
1378001245095431
1378001245096146
1378001245096389
1378001245352646
1378001245353287
1378001245353586
1378001245356804
1378001245356899
1378001245356940
1378001245357048
1378001245357155
1378001245609635
1378001245610468
1378001245610892
1378001245610918
1378001245611071
1378001245611301
1378001245611389
1378001245611407
1378001245617120
1378001245617354
1378001245617468
1378001245617574
1378001245617721
1378001245617978
1378001245618085
1378001245618472
1378001245618587
1378001245618755
1378001245618904
1378001245619342
1378001245867898
1378001245868131
1378001245868238
1378001245868254
1378001245868357
1378001245868377
1378001245868491
1378001245868751
1378001245868858
1378001245869136
1378001245869460
1378001245869598
1378001245869750
1378001245869880
1378001245870465
1378001245870602
1378001245871584
1378001245877363
1378001245877410
1378001245877556
1378001245877567
1378001245878158
1378001245878421
1378001245878606
1378001245878862
1378001245879543
1378001245879694
1378001246125136
1378001246126616
1378001246126726
1378001246126751
1378001246126853
1378001246127010
1378001246127115
1378001246127136
1378001246127239
1378001246127259
1378001246127655
1378001246127760
1378001246127782
1378001246127929
1378001246131867
1378001246131953
1378001246131995
1378001246132100
1378001246132207
1378001246136089
1378001246137013
1378001246174670
1378001246390753
1378001246390986
1378001246391093
1378001246391221
1378001246391329
1378001246391605
1378001246391718
1378001246391725
1378001246391871
1378001246392290
1378001246392446
1378001246392556
1378001246392725
1378001246396818
1378001246396928
1378001246396939
1378001246397121
1378001246397263
1378001246649140
1378001246748120
1378001246748991
1378001246749249
1378001247319088
1378001247319867
1378001247320135
1378001247322393
1378001247322595
1378001247887755
1378001247888524
1378001247890184
1378001247890239
1378001247892687
1378001248029136
1378001248029303
1378001248029321
1378001248146247
1378001248147123
1378001248186497
1378001248405915
1378001248406060
1378001248406075
1378001248406180
1378001248406346
1378001248456808
1378001248457019
1378001248595352
1378001248596880
1378001248662454
1378001248662619
1378001248757903
1378001248758748
1378001248798448
1378001249025456
1378001249025592
1378001249025701
1378001249025804
1378001249063557
1378001249064499
1378001249064769
1378001249321776
1378001249321870
1378001249321916
1378001249322025
1378001249322130
1378001249330058
1378001249578010
1378001249578249
1378001249578353
1378001249578382
1378001249578489
1378001249578594
1378001249578831
1378001249578939
1378001249579064
1378001252669622
1378001252670548
1378001252670818
1378001252926946
1378001252927766
1378001252966109
1378001253185368
1378001253185429
1378001253185558
1378001253185713
1378001253265762
1378001253443604
1378001253567952
1378001253568905
1378001253569266
1378001253828420
1378001253829181
1378001253829458
1378001254089190
1378001254089283
1378001254089341
1378001254089448
1378001254089557
1378001254176107
1378001254348039
1378001254351354
1378001254351467
1378001254351492
1378001254351599
1378001254351616
1378001254351723
1378001254351749
1378001254351855
1378001254351963
1378001254352126
1378001254352231
1378001254352251
1378001254352355
1378001254352464
1378001254352607
1378001254430086
1378001254431071
1378001254431351
1378001254610325
1378001254610562
1378001254610674
1378001254611054
1378001254611168
1378001254611557
1378001254611670
1378001254611681
1378001254611933
1378001254612221
1378001254612330
1378001254612357
1378001254612461
1378001254612611
1378001254612717
1378001254612871
1378001254613126
1378001254613273
1378001254689460
1378001254690297
1378001254690574
1378001254949836
1378001254951523
1378001254951662
1378001254951674
1378001254952544
1378001254952827
1378001255032516
1378001255032671
1378001255032686
1378001255212266
1378001255212331
1378001255212390
1378001255212413
1378001255212566
1378001255212690
1378001255251546
1378001255255189
1378001255255209
1378001255255575
1378001255257713
1378001255470860
1378001255471091
1378001255471201
1378001255471228
1378001255471332
1378001255471592
1378001255471701
1378001255471718
1378001255472165
1378001255472275
1378001255472442
1378001255472603
1378001255473026
1378001255473137
1378001255509819
1378001255510555
1378001255523546
1378001255523602
1378001255640770
1378001255640931
1378001255640942
1378001255641065
1378001255729878
1378001255730092
1378001255730750
1378001255763102
1378001255763341
1378001255763455
1378001255774782
1378001255775651
1378001255813848
1378001255861243
1378001256028374
1378001256029696
1378001256029808
1378001256073587
1378001256074396
1378001256074635
1378001256334620
1378001256335371
1378001256335481
1378001256335492
1378001256335623
1378001256335917
1378001256593983
1378001256594781
1378001256595032
1378001256596803
1378001256596878
1378001256596943
1378001256597036
1378001256597056
1378001256597160
1378001256846482
1378001256847452
1378001256854962
1378001256855010
1378001256855158
1378001256855170
1378001256855392
1378001256857721
1378001256857861
1378001256857872
1378001256857977
1378001256858220
1378001256858327
1378001256858604
1378001256858715
1378001256859157
1378001256859318
1378001256859439
1378001256859567
1378001256859573
1378001256860066
1378001257100533
1378001257100670
1378001257113594
1378001257113697
1378001257113737
1378001257113841
1378001257113861
1378001257113968
1378001257114076
1378001257118487
1378001257118598
1378001257118761
1378001257118864
1378001257119055
1378001257119165
1378001257119402
1378001257119543
1378001257119877
1378001257119966
1378001257120040
1378001257120069
1378001257120136
1378001257120263
1378001257120690
1378001257351801
1378001257352387
1378001257352502
1378001257352637
1378001257352741
1378001257352770
1378001257352882
1378001257352990
1378001257353245
1378001257353620
1378001257353761
1378001257353873
1378001257371997
1378001257372862
1378001257373130
1378001257458600
1378001257495722
1378001257495899
1378001257496086
1378001257604409
1378001257604554
1378001257604575
1378001257605371
1378001257605618
1378001257605727
1378001257605914
1378001257606019
1378001257606038
1378001257606146
1378001257606270
1378001257625643
1378001257625758
1378001257625784
1378001257625901
1378001257626005
1378001257629710
1378001257630511
1378001257630750
1378001257718292
1378001257718426
1378001257718506
1378001257718610
1378001257755850
1378001257877123
1378001257882270
1378001257883050
1378001257883302
1378001257887961
1378001257888053
1378001257888110
1378001257888219
1378001257888315
1378001257888337
1378001258134645
1378001258135435
1378001258135856
1378001258135881
1378001258136044
1378001258136246
1378001258144147
1378001258144285
1378001258144392
1378001258144497
1378001258144518
1378001258144623
1378001258145020
1378001258145135
1378001258145493
1378001258145605
1378001258145782
1378001258145890
1378001258145907
1378001258388071
1378001258388185
1378001258388217
1378001258388343
1378001258388439
1378001258388460
1378001258394355
1378001258395248
1378001258433639
1378001258639960
1378001258640102
1378001258640122
1378001258640236
1378001258640339
1378001258640363
1378001258640467
1378001258640745
1378001258640854
1378001258641240
1378001258641350
1378001258641527
1378001258641668
1378001258642112
1378001258655499
1378001258655598
1378001258655642
1378001258655735
1378001258655766
1378001258655872
1378001258892040
1378001258892340
1378001258892530
1378001258892814
1378001258893481
1378001258893632
1378001258914246
1378001258914388
1378001258914484
1378001258914616
1378001258914734
1378001258914843
1378001258915110
1378001258915221
1378001258915612
1378001258915724
1378001258915734
1378001258915894
1378001258916021
1378001258916124
1378001262291161
1378001262292127
1378001262292388
1378001263154086
1378001271734850
1378001271735661
1378001271735922
1378001272235257
1378001272235407
1378001272235430
1378001272239165
1378001272240645
1378001272243388
1378001272244558
1378001272244576
1378001272789347
1378001272802888
1378001272803595
1378001272803844
1378001272804001
1378001273055484
1378001273056210
1378001273092473
1378001273309058
1378001273309120
1378001273309248
1378001273309404
1378001273380031
1378001273560985
1378001273561118
1378001273561144
1378001273561249
1378001273561357
1378001273658203
1378001273659033
1378001273659319
1378001273922955
1378001273923692
1378001273923962
1378001274176693
1378001274177321
1378001274177614
1378001274188805
1378001274219454
1378001274219620
1378001274219634
1378001274429681
1378001274430624
1378001274431141
1378001274431167
1378001274431313
1378001274431320
1378001274431539
1378001274431647
1378001274431657
1378001274683465
1378001274683619
1378001274683629
1378001274683761
1378001274683872
1378001274683904
1378001274684013
1378001274684277
1378001274684396
1378001274684536
1378001274684996
1378001274685164
1378001274685296
1378001274685433
1378001274686066
1378001274686180
1378001274686213
1378001274686317
1378001274785406
1378001274785521
1378001274785570
1378001274785651
1378001274785698
1378001274785806
1378001274936216
1378001274936328
1378001274936364
1378001274936522
1378001274936631
1378001274936790
1378001274936922
1378001274937053
1378001274937351
1378001274937484
1378001274998860
1378001274999770
1378001275036282
1378001275287659
1378001275288962
1378001275288979
1378001275289390
1378001275348736
1378001275348831
1378001275348871
1378001275349090
1378001275349196
1378001275349411
1378001275349522
1378001275349937
1378001275542010
1378001275542114
1378001275542151
1378001275542261
1378001275542393
1378001275553786
1378001275554589
1378001275554827
1378001275569304
1378001275794011
1378001275794211
1378001275794322
1378001275794428
1378001275794444
1378001275794551
1378001275794789
1378001275794896
1378001275795055
1378001275795492
1378001275795641
1378001275795647
1378001275819462
1378001275860032
1378001275860228
1378001275860409
1378001275861362
1378001275861573
1378001275862849
1378001275862992
1378001275913073
1378001275913368
1378001275913511
1378001275913751
1378001275914007
1378001275914264
1378001275914578
1378001275914734
1378001275914869
1378001275914976
1378001275915467
1378001275915576
1378001275915587
1378001275915733
1378001276046227
1378001276124609
1378001276125794
1378001276153185
1378001276427032
1378001276427269
1378001276427376
1378001276427503
1378001276427610
1378001276427617
1378001276427799
1378001276432203
1378001276432229
1378001276432427
1378001276432674
1378001276432855
1378001276432961
1378001276433429
1378001276433544
1378001276474855
1378001276475080
1378001276475189
1378001276699380
1378001276699556
1378001276718627
1378001276719606
1378001276757724
1378001276762033
1378001276762538
1378001276769232
1378001276809077
1378001276814306
1378001276814621
1378001276994844
1378001276995142
1378001276995252
1378001276995519
1378001276995903
1378001276996020
1378001276996424
1378001276996588
1378001276996720
1378001276996860
1378001276996982
1378001277004752
1378001277004863
1378001277004883
1378001277005098
1378001277005235
1378001277005346
1378001277005482
1378001277005891
1378001277006031
1378001277006165
1378001277006627
1378001277006790
1378001277006929
1378001277007076
1378001277007224
1378001277073393
1378001277074440
1378001277076882
1378001277286437
1378001277286578
1378001277286587
1378001277291099
1378001277291228
1378001277291239
1378001277291436
1378001277334709
1378001277334874
1378001277579372
1378001277579505
1378001277579600
1378001277579730
1378001277579977
1378001277580087
1378001277580110
1378001277580223
1378001277580326
1378001277580352
1378001277580456
1378001277580478
1378001277580749
1378001277581004
1378001277581256
1378001277581506
1378001277581981
1378001277582092
1378001277582113
1378001277582227
1378001277582293
1378001277582375
1378001277582402
1378001277582507
1378001277582621
1378001277582780
1378001277583729
1378001277583848
1378001277583860
1378001277583989
1378001277584124
1378001277584253
1378001277645030
1378001277646704
1378001277646972
1378001277651622
1378001277853771
1378001277853877
1378001277853910
1378001277854010
1378001277854041
1378001277854149
1378001277861664
1378001278152794
1378001278153031
1378001278153136
1378001278153285
1378001278153513
1378001278153619
1378001278154494
1378001278154658
1378001278154763
1378001278154794
1378001278154919
1378001278155440
1378001278155728
1378001278155836
1378001278156145
1378001278156260
1378001278215730
1378001278216627
1378001278419311
1378001278419554
1378001278419670
1378001278419683
1378001278419797
1378001278419907
1378001278420124
1378001278420231
1378001278420373
1378001278726822
1378001278762861
1378001278987092
1378001278987241
1378001278987260
1378001278987506
1378001281206251
1378001281207273
1378001281243814
1378001281731550
1378001281822880
1378001281826306
1378001281827364
1378001281831605
1378001281831711
1378001282086134
1378001282094709
1378001282095260
1378001282131715
1378001282361418
1378001282361593
1378001282399549
1378001282400468
1378001282400693
1378001282653806
1378001282654484
1378001282654716
1378001282655366
1378001282655568
1378001282655938
1378001282656054
1378001282909375
1378001282909477
1378001282909516
1378001282909624
1378001282909850
1378001282910365
1378001282910784
1378001282910790
1378001282910950
1378001282910967
1378001282911094
1378001282911227
1378001282911295
1378001282911624
1378001282911754
1378001283163314
1378001283163544
1378001283163658
1378001283163672
1378001283163777
1378001283163799
1378001283163906
1378001283164129
1378001283164620
1378001283164759
1378001283166337
1378001283166448
1378001283166630
1378001283166738
1378001283167754
1378001283207639
1378001283420302
1378001283420538
1378001283420785
1378001283421156
1378001283421432
1378001283421541
1378001283421688
1378001283422010
1378001283422176
1378001283422282
1378001283423549
1378001283423657
1378001283423687
1378001283423790
1378001283423808
1378001283423913
1378001283465960
1378001283466870
1378001283467099
1378001283677855
1378001283678089
1378001283681303
1378001283681413
1378001283681438
1378001283681543
1378001283681850
1378001283682029
1378001283682133
1378001283726161
1378001283726388
1378001283726523
1378001283726630
1378001283727403
1378001283727693
1378001283983779
1378001283984647
1378001283984885
1378001283989444
1378001283989574
1378001283989594
1378001283989723
1378001283989826
1378001284240897
1378001284241678
1378001284242319
1378001284242355
1378001284242455
1378001284242467
1378001284242771
1378001284499194
1378001284499303
1378001284499333
1378001284499437
1378001284499471
1378001284499576
1378001284499583
1378001284500948
1378001284501736
1378001284539525
1378001284755691
1378001284755820
1378001284755838
1378001284755951
1378001284756129
1378001284756257
1378001284761420
1378001284761588
1378001284799573
1378001284800572
1378001284800830
1378001285053321
1378001285053551
1378001285053690
1378001285091571
1378001285092344
1378001285092607
1378001285346487
1378001285347144
1378001285347398
1378001285348118
1378001285348416
1378001285348740
1378001285349090
1378001285601049
1378001285602137
1378001285602496
1378001285602558
1378001285602600
1378001285602664
1378001285602882
1378001285602935
1378001285602996
1378001285604400
1378001285604509
1378001285604534
1378001285604641
1378001285604744
1378001285604772
1378001285604877
1378001285604983
1378001285605136
1378001285605244
1378001285605607
1378001285605723
1378001285605748
1378001285605853
1378001285606013
1378001285856961
1378001285857209
1378001285857315
1378001285857422
1378001285857438
1378001285857543
1378001285857952
1378001285858064
1378001285858331
1378001285858589
1378001285858779
1378001285858963
1378001285859093
1378001285859267
1378001285860052
1378001285860160
1378001285860171
1378001285860433
1378001285861370
1378001285861484
1378001285861655
1378001285861757
1378001285861806
1378001285861891
1378001285861995
1378001285862211
1378001285862604
1378001285862835
1378001285862946
1378001285862965
1378001285863071
1378001285863198
1378001285863303
1378001285863476
1378001286111914
1378001286112158
1378001286112271
1378001286112379
1378001286112487
1378001286112780
1378001286112888
1378001286113065
1378001286113505
1378001286113684
1378001286113815
1378001286114076
1378001286114715
1378001286114827
1378001286114991
1378001286115121
1378001286115271
1378001286115442
1378001286116102
1378001286116279
1378001286116383
1378001286116421
1378001286116535
1378001286116641
1378001286116747
1378001286118234
1378001286118346
1378001286118524
1378001286118634
1378001286119764
1378001286159388
1378001286366645
1378001286366788
1378001286366801
1378001286367076
1378001286367185
1378001286367445
1378001286367658
1378001286368408
1378001286368658
1378001286368812
1378001286369065
1378001286369230
1378001286369335
1378001286369358
1378001286369465
1378001286369608
1378001286369713
1378001286369932
1378001286370452
1378001286370590
1378001286372463
1378001286372820
1378001286372932
1378001286373179
1378001286373329
1378001286375701
1378001286375810
1378001286375842
1378001286375953
1378001286376056
1378001286414343
1378001286415254
1378001286415572
1378001286630616
1378001286630830
1378001286630942
1378001286631086
1378001286631355
1378001286668582
1378001286669237
1378001286669563
1378001286671549
1378001286671645
1378001286671685
1378001286671778
1378001286671802
1378001286671905
1378001286923617
1378001286923741
1378001286923763
1378001286923871
1378001286924054
1378001286924917
1378001286925680
1378001286927238
1378001286927277
1378001286927365
1378001286927384
1378001286927604
1378001286927660
1378001286927708
1378001286927896
1378001286928027
1378001287177121
1378001287177336
1378001287177473
1378001287181676
1378001287182852
1378001287182961
1378001287182991
1378001287183130
1378001287184095
1378001287223336
1378001287437711
1378001287438046
1378001287438153
1378001287438177
1378001287438282
1378001287438389
1378001287438681
1378001287438942
1378001287439053
1378001287439457
1378001287439602
1378001287439612
1378001287439747
1378001287439889
1378001287441595
1378001287441699
1378001287441735
1378001287441844
1378001287441954
1378001287482394
1378001287483338
1378001287483639
1378001287693358
1378001287693562
1378001287694159
1378001287694473
1378001287694802
1378001287694911
1378001287695895
1378001287696006
1378001287696027
1378001287696146
1378001287696241
1378001287696510
1378001287698768
1378001287698805
1378001287742555
1378001287743365
1378001287743640
1378001287743848
1378001287744051
1378001287744132
1378001287744159
1378001287744245
1378001287744260
1378001287773974
1378001287950217
1378001287950491
1378001287950597
1378001287950714
1378001287950825
1378001287951154
1378001287951470
1378001287951641
1378001287951784
1378001287952059
1378001288003337
1378001288004389
1378001288004507
1378001288004515
1378001288004628
1378001288004666
1378001288004802
1378001288043267
1378001288264032
1378001288264145
1378001288264171
1378001288264278
1378001288264588
1378001288264853
1378001288264965
1378001288265462
1378001288265639
1378001288297994
1378001288298890
1378001288299220
1378001288524754
1378001288524884
1378001288524906
1378001288525015
1378001288525212
1378001288525340
1378001288553948
1378001288554866
1378001288554957
1378001288555066
1378001288555173
1378001288555230
1378001288555337
1378001288555841
1378001288809194
1378001288809528
1378001288810277
1378001288810552
1378001288811229
1378001288811438
1378001288811812
1378001288811930
1378001289054520
1378001289055707
1378001289065737
1378001289065798
1378001289065841
1378001289065901
1378001289065982
1378001289066011
1378001289066186
1378001289067572
1378001289067683
1378001289067707
1378001289067814
1378001289067921
1378001289067938
1378001289068089
1378001289319700
1378001289363826
1378001289364015
1378001289364027
1378001289607738
1378001289607893
1378001289635382
1378001289639392
1378001289639432
1378001289639749
1378001289641114
1378001289893111
1378001289905743
1378001289906241
1378001289906256
1378001289906486
1378001289906554
1378001289906606
1378001289906627
1378001289906742
1378001289906759
1378001289907000
1378001289907060
1378001289907124
1378001289907229
1378001289907330
1378001289907387
1378001289907493
1378001289907598
1378001289907605
1378001289907712
1378001289907727
1378001289907830
1378001289907852
1378001289908492
1378001289908599
1378001289908615
1378001289908718
1378001289908737
1378001289908838
1378001289908862
1378001289908980
1378001289909091
1378001290162422
1378001290162542
1378001290162577
1378001290162695
1378001290162951
1378001290215106
1378001290215257
1378001290215267
1378001290417328
1378001290417465
1378001290417475
1378001290417705
1378001290587528
1378001290591085
1378001290660013
1378001290664890
1378001290671091
1378001290677649
1378001290680593
1378001290780166
1378001290841804
1378001290841908
1378001290841939
1378001290855327
1378001290913960
1378001290914173
1378001290919766
1378001290919974
1378001291095963
1378001291096129
1378001291101432
1378001291104256
1378001291104358
1378001291104392
1378001291109216
1378001291109375
1378001291109386
1378001291168101
1378001291168284
1378001291168297
1378001291168655
1378001291168834
1378001291175103
1378001291175239
1378001291175246
1378001291175469
1378001291175576
1378001291175587
1378001291359077
1378001291359290
1378001291359427
1378001291359533
1378001291359541
1378001291359855
1378001291363096
1378001291363258
1378001291404392
1378001291404662
1378001291430131
1378001291430297
1378001291978881
1378001291979000
1378001291979027
1378001291979133
1378001291979269
1378001292892063
1378001292893887
1378001292894144
1378001293147785
1378001293148749
1378001293148866
1378001293148897
1378001293148911
1378001293149012
1378001293149113
1378001293149171
1378001293149271
1378001293149673
1378001293402774
1378001293404664
1378001293404867
1378001293405385
1378001293405504
1378001293405526
1378001293405634
1378001293405764
1378001293406121
1378001293406396
1378001293660731
1378001293660825
1378001293660880
1378001293660978
1378001293661002
1378001293661107
1378001293662128
1378001293662387
1378001293917226
1378001293917349
1378001293917372
1378001293917476
1378001293917500
1378001293917602
1378001293920503
1378001293921201
1378001293921494
1378001294171488
1378001294171727
1378001294171849
1378001294172096
1378001294172205
1378001294172477
1378001294172588
1378001294172742
1378001294173089
1378001294173253
1378001294173368
1378001294173502
1378001294175224
1378001294175884
1378001294176126
1378001294181040
1378001294181154
1378001294181165
1378001294181271
1378001294181380
1378001294426245
1378001294426379
1378001294426790
1378001294426905
1378001294427158
1378001294427271
1378001294427531
1378001294427791
1378001294427898
1378001294427924
1378001294428031
1378001294428291
1378001294428669
1378001294428781
1378001294428953
1378001294429082
1378001294429202
1378001294429332
1378001294429452
1378001294430215
1378001294430404
1378001294431286
1378001294431441
1378001294431598
1378001294431607
1378001294431711
1378001294439610
1378001294439632
1378001294439857
1378001294688806
1378001294689438
1378001294690731
1378001294690924
1378001294899447
1378001294939526
1378001294945993
1378001294946226
1378001294946599
1378001294946764
1378001294946905
1378001297691758
1378001297692733
1378001297730483
1378001297947851
1378001297947946
1378001297947989
1378001297948080
1378001297948101
1378001297948205
1378001297983584
1378001297984401
1378001297984668
1378001298201811
1378001298202052
1378001298202209
1378001298202316
1378001298202565
1378001298202723
1378001298238588
1378001298238711
1378001298238737
1378001298238842
1378001298239039
1378001298239819
1378001298240162
1378001298492715
1378001298492814
1378001298492855
1378001298492951
1378001298492982
1378001298493117
1378001298493243
1378001298495156
1378001298495253
1378001298495304
1378001298495424
1378001298495512
1378001298495532
1378001298498561
1378001298499344
1378001298499636
1378001298748605
1378001298748821
1378001298753440
1378001298754110
1378001298754746
1378001298759091
1378001298759295
1378001298759434
1378001299008494
1378001299009438
1378001299009617
1378001299009707
1378001299009840
1378001299009984
1378001299010422
1378001299263967
1378001299264109
1378001299264138
1378001299264269
1378001299264514
1378001299265312
1378001299265337
1378001299265446
1378001299265469
1378001299265781
1378001299265953
1378001299266031
1378001299494681
1378001299494912
1378001299519742
