1379612760704758
1379612760766697
1379612760766776
1379612760767124
1379612760786144
1379612760786207
1379612760868882
1379612760911872
1379612760911968
1379612760912197
1379612760912256
1379612760946496
1379612760948501
1379612760948664
1379612760948912
1379612760948958
1379612760991076
1379612760991389
1379612761038848
1379612761038926
1379612761039000
1379612761039244
1379612761075926
1379612761125411
1379612761125508
1379612761125762
1379612761125873
1379612761135157
1379612761136754
1379612761174972
1379612761181379
1379612761182276
1379612761182473
1379612761222402
1379612761222592
1379612761222775
1379612761222841
1379612761227873
1379612761228179
1379612761228422
1379612761228470
1379612761265813
1379612761267899
1379612761268159
1379612761268222
1379612761275265
1379612761275403
1379612761275476
1379612761279130
1379612761282682
1379612761282711
1379612761282807
1379612761282857
1379612761282884
1379612761283015
1379612761283633
1379612761283759
1379612761283846
1379612761283914
1379612761307455
1379612761307874
1379612761323064
1379612761331958
1379612761332250
1379612761332343
1379612761332550
1379612761332717
1379612761332889
1379612761333137
1379612761333486
1379612761335134
1379612761335197
1379612761335483
1379612761335581
1379612761335828
1379612761336511
1379612761336664
1379612761336778
1379612761360264
1379612761360322
1379612761383916
1379612761384719
1379612761384857
1379612761386677
1379612761386891
1379612761386960
1379612761387201
1379612761387302
1379612761387535
1379612761387598
1379612761387690
1379612761388071
1379612761388140
1379612761388236
1379612761433699
1379612761433784
1379612761434549
1379612761434664
1379612761439015
1379612761439463
1379612761439546
1379612761444278
1379612761444374
1379612761444445
1379612761444800
1379612761444866
1379612761445123
1379612761445194
1379612761480821
1379612761486683
1379612761486707
1379612761486824
1379612761487531
1379612761489567
1379612761489767
1379612761492408
1379612761492465
1379612761492592
1379612761493183
1379612761493514
1379612761493589
1379612761493866
1379612761494196
1379612761494261
1379612761494354
1379612761494720
1379612761495009
1379612761495096
1379612761505434
1379612761517527
1379612761523121
1379612761530473
1379612761531476
1379612761533281
1379612761533555
1379612761533633
1379612761535034
1379612761535163
1379612761542230
1379612761542288
1379612761542444
1379612761542724
1379612761542976
1379612761543261
1379612761543479
1379612761543562
1379612761543708
1379612761544500
1379612761544544
1379612761544752
1379612761561589
1379612761575196
1379612761579495
1379612761580981
1379612761583085
1379612761583565
1379612761583688
1379612761583933
1379612761619746
1379612761619982
1379612761656830
1379612761656997
1379612761659265
1379612761659437
1379612761670842
1379612761671210
1379612761693760
1379612761783328
1379612761831339
1379612761832964
1379612761952283
1379612761995027
1379612764296652
1379612764762756
1379612764762825
1379612764762877
1379612764762927
1379612764762970
1379612764763023
1379612764763399
1379612764805996
1379612764806195
1379612764806453
1379612764810670
1379612764810774
1379612764811556
1379612764811944
1379612764812246
1379612764849176
1379612764849195
1379612764854488
1379612764854739
1379612764866356
1379612764866804
1379612765053521
1379612765180852
1379612765266574
1379612765326902
1379612765632264
1379612765934074
1379612765938520
1379612766042439
1379612766043400
1379612766140767
1379612766141095
1379612766179542
