1379951499782648
1379951500030017
1379951500030104
1379951500030167
1379951500030604
1379951500272318
1379951500272438
1379951500272624
1379951500272676
1379951500272876
1379951500511167
1379951500511254
1379951500511317
1379951500511750
1379951500511813
1379951500717967
1379951500751589
1379951500751679
1379951500751738
1379951500752115
1379951500752193
1379951500993091
1379951500993177
1379951500993266
1379951500993590
1379951500993669
1379951500993834
1379951500993938
1379951500994036
1379951501236417
1379951501351351
1379951501351533
1379951501351752
1379951501390897
1379951501667960
1379951501908027
1379951501908089
1379951501908344
1379951501986942
1379951501987229
1379951501987309
1379951502029980
1379951502030050
1379951502148852
1379951502149018
1379951502149172
1379951502312449
1379951502627496
1379951502629638
1379951502629790
1379951502666753
1379951502963496
1379951502969942
1379951502970254
1379951502970325
1379951503284386
1379951503322722
1379951503609124
1379951503609317
1379951503609550
1379951503613579
1379951503621899
1379951503621967
1379951503622273
1379951503622354
1379951503941138
1379951503941228
1379951503941483
1379951504277901
1379951504277991
1379951504290598
1379951504290747
1379951504290913
1379951504292943
1379951504615846
1379951504616046
1379951504616189
1379951504943481
1379951504962433
1379951504962612
1379951504962680
1379951504962875
1379951504963106
1379951504991368
1379951505511344
1379951505554631
1379951505637553
1379951506143379
1379951506182714
1379951506288019
1379951506297579
1379951506297671
1379951506297914
1379951506304330
1379951506350588
1379951506957384
1379951506957450
1379951506957545
1379951506957809
1379951506963945
1379951506964038
1379951506964221
1379951507012705
1379951507517270
1379951507554773
1379951507620819
1379951507620983
1379951507621075
1379951507621280
1379951507621349
1379951507627815
1379951507627979
1379951507628068
1379951507628260
1379951507687019
1379951507687180
1379951507687347
1379951507687432
1379951507714363
1379951507876406
1379951507914751
1379951507948095
1379951507948188
1379951507948449
1379951508147453
1379951508186702
1379951508244219
1379951508244662
1379951508244759
1379951508244967
1379951508245214
1379951508245379
1379951508252718
1379951508252989
1379951508253080
1379951508315370
1379951508315554
1379951508315787
1379951508315885
1379951508316202
1379951508340869
1379951508351508
1379951508351697
1379951508351907
1379951508501107
1379951508501194
1379951508501363
1379951508570849
1379951508571069
1379951508616230
1379951508616451
1379951508616543
1379951508616606
1379951508770257
1379951508770479
1379951508770951
1379951508771117
1379951508796946
1379951508871223
1379951508871488
1379951508871705
1379951508871793
1379951508871866
1379951508871935
1379951508872199
1379951508872269
1379951508872440
1379951508941980
1379951508942128
1379951508942345
1379951508942711
1379951508968178
1379951508968318
1379951508968841
1379951508969360
1379951508979131
1379951508979292
1379951508979633
1379951508979708
1379951509124983
1379951509125522
1379951509125586
1379951509201588
1379951509201805
1379951509246437
1379951509246726
1379951509246792
1379951509397277
1379951509397435
1379951509397819
1379951509398051
1379951509423490
1379951509423568
1379951509499563
1379951509499817
1379951509500023
1379951509500470
1379951509500726
1379951509500893
1379951509501186
1379951509501343
1379951509501646
1379951509501815
1379951509572754
1379951509572850
1379951509574288
1379951509574511
1379951509574699
1379951509595817
1379951509595917
1379951509596023
1379951509596081
1379951509598278
1379951509598474
1379951509598712
1379951509598801
1379951509607124
1379951509608824
1379951509609209
1379951509646913
1379951509757185
1379951509794705
1379951509832511
1379951509832588
1379951510034134
1379951510034358
1379951510034694
1379951510034789
1379951510035109
1379951510035345
1379951510060193
1379951510060271
1379951510060861
1379951510134397
1379951510214581
1379951510214843
1379951510216659
1379951510216910
1379951510235286
1379951510235327
1379951510235422
1379951510235653
1379951510240463
1379951510250798
1379951510250895
1379951510251082
1379951510251601
1379951510251855
1379951510252018
1379951510397397
1379951510397510
1379951510434704
1379951510476550
1379951510514710
1379951510674551
1379951510674788
1379951510674901
1379951510699894
1379951510700101
1379951510738765
1379951510778706
1379951510851338
1379951510851577
1379951510851686
1379951510870695
1379951510870901
1379951510871103
1379951510871266
1379951510876633
1379951510887035
1379951510887283
1379951510887482
1379951510887660
1379951511025858
1379951511026162
1379951511026228
1379951511328465
1379951511328553
1379951511328625
1379951511328879
1379951511367061
1379951511367144
1379951511367361
1379951511484060
1379951511484140
1379951511484234
1379951511484326
1379951511484637
1379951511498624
1379951511500105
1379951511501221
1379951511519898
1379951511520010
1379951511521160
1379951511521386
1379951511522776
1379951511522877
1379951511958098
1379951511958183
1379951511958254
1379951511958356
1379951511993493
1379951511993578
1379951511993653
1379951511993913
1379951512115566
1379951512115658
1379951512115732
1379951512115858
1379951512127090
1379951512127267
1379951512127443
1379951512128456
1379951512148316
1379951512148345
1379951512148457
1379951512151782
1379951512151958
1379951512152932
1379951512153026
1379951512588611
1379951512588716
1379951512588794
1379951512589167
1379951512623867
1379951512623948
1379951512756639
1379951512756730
1379951512757215
1379951512757386
1379951512757480
1379951512757667
1379951512757759
1379951512782272
1379951512782366
1379951512782561
1379951512782746
1379951512784446
1379951512784796
1379951512784892
1379951513219777
1379951513219857
1379951513236472
1379951513257190
1379951513257257
1379951513297863
1379951513380343
1379951513382397
1379951513382684
1379951513382768
1379951513383126
1379951513383287
1379951513383545
1379951513383625
1379951513383737
1379951513384589
1379951513385164
1379951513385350
1379951513385429
1379951513413013
1379951513413083
1379951513413595
1379951513413620
1379951513413682
1379951513413939
1379951513414002
1379951513525504
1379951513525575
1379951513525672
1379951513644545
1379951513846483
1379951513846623
1379951513884149
1379951513884237
1379951513885564
1379951513885737
1379951514006530
1379951514007156
1379951514007240
1379951514007662
1379951514008116
1379951514008914
1379951514009253
1379951514010050
1379951514010633
1379951514010721
1379951514015450
1379951514015515
1379951514015811
1379951514015883
1379951514015943
1379951514016721
1379951514016801
1379951514017103
1379951514017168
1379951514033503
1379951514033581
1379951514037233
1379951514037873
1379951514037976
1379951514038043
1379951514038223
1379951514038367
1379951514038509
1379951514474950
1379951514475036
1379951514475104
1379951514509034
1379951514509199
1379951514509301
1379951514509483
1379951514630765
1379951514630868
1379951514631090
1379951514631154
1379951514647450
1379951514647612
1379951514647781
1379951514647849
1379951514648021
1379951514648107
1379951514658339
1379951514658440
1379951514658517
1379951514658585
1379951514658828
1379951514663044
1379951514663383
1379951514663547
1379951514663731
1379951514664295
1379951514664366
1379951514676932
1379951514714673
1379951515137249
1379951515138909
1379951515139237
1379951515139418
1379951515256413
1379951515256783
1379951515256966
1379951515257035
1379951515257286
1379951515257457
1379951515277932
1379951515278129
1379951515278203
1379951515278392
1379951515278473
1379951515278659
1379951515283772
1379951515283872
1379951515283946
1379951515284016
1379951515284284
1379951515289518
1379951515289607
1379951515289679
1379951515289739
1379951515289986
1379951515290084
1379951515290173
1379951515293584
1379951515293776
1379951515293928
1379951515294302
1379951515369151
1379951515406698
1379951515762726
1379951515762965
1379951515763042
1379951515764124
1379951515764293
1379951515764462
1379951515764689
1379951515883384
1379951515883476
1379951515883671
1379951515883743
1379951515883831
1379951515883933
1379951515884205
1379951515906503
1379951515906733
1379951515907537
1379951515908010
1379951515908178
1379951515908382
1379951515908579
1379951515908803
1379951515908883
1379951515909087
1379951515918968
1379951515919200
1379951515919294
1379951515919363
1379951515919454
1379951515919701
1379951515920425
1379951515920526
1379951515920597
1379951515920794
1379951515920966
1379951515921175
1379951515921478
1379951515937112
1379951515937604
1379951515937761
1379951515994076
1379951515994345
1379951515994564
1379951516380316
1379951516380684
1379951516380774
1379951516384920
1379951516385016
1379951516503205
1379951516503453
1379951516503563
1379951516503726
1379951516503863
1379951516524896
1379951516524994
1379951516526234
1379951516526390
1379951516526611
1379951516526827
1379951516539231
1379951516540641
1379951516540839
1379951516541346
1379951516542734
1379951516542971
1379951516543110
1379951516548765
1379951516548891
1379951516549191
1379951516619091
1379951516619532
1379951516619792
1379951517125968
1379951517126222
1379951517126337
1379951517145023
1379951517151471
1379951517151697
1379951517151916
1379951517159774
1379951517160091
1379951517160326
1379951517160463
1379951517160583
1379951517160813
1379951517162153
1379951517162379
1379951517162619
1379951517171280
1379951517172945
1379951517173085
1379951517665755
1379951517665909
1379951517751197
1379951517751365
1379951517751527
1379951517777597
1379951517777752
1379951517777878
1379951517778092
1379951517778243
1379951517778376
1379951517787252
1379951517787495
1379951517787640
1379951517787799
1379951517787966
1379951517788059
1379951517788234
1379951517788438
1379951517788475
1379951517788632
1379951517788770
1379951517799769
1379951517799868
1379951518292856
1379951518292943
1379951518381983
1379951518382207
1379951518382370
1379951518410973
1379951518411167
1379951518411316
1379951518411413
1379951518411794
1379951518420955
1379951518421063
1379951518421234
1379951518421476
1379951518916158
1379951519036974
1379951519037202
1379951519037366
1379951519037499
1379951519037621
1379951519075689
1379951519075857
1379951519076013
1379951519541953
1379951519542270
1379951519542361
1379951519579660
1379951519702703
1379951519702796
1379951519702973
1379951519703298
1379951519703454
1379951519873464
1379951519873556
1379951520180177
1379951520180331
1379951520180505
1379951520180751
1379951520216191
1379951520334529
1379951520334806
1379951520334887
1379951520335082
1379951520335174
1379951520505776
1379951520505849
1379951520814613
1379951520853738
1379951520853807
1379951520887636
1379951520971342
1379951520971418
1379951521149670
1379951521795397
1379951521795622
1379951521795700
1379951521795889
1379951522435052
1379951522435136
1379951522435212
1379951522435471
1379951523063557
1379951523063653
1379951523063728
1379951523063835
1379951523064133
1379951523699681
1379951523699932
1379951523854089
1379951524058928
1379951524179181
1379951524494674
1379951524495321
1379951524495416
1379951524495481
1379951525128891
1379951525128964
1379951525129047
1379951526487266
1379951527131948
