1379842435210068
1379842436109010
1379842436145785
1379842436145852
1379842436180154
1379842436215110
1379842436238857
1379842436238909
1379842436265077
1379842436302162
1379842436303288
1379842436342450
1379842436342886
1379842436382876
1379842436786275
1379842436786337
1379842436826714
1379842436919521
1379842436959296
1379842437039510
1379842437054314
1379842437054399
1379842437054698
1379842437054757
1379842437122049
1379842437122138
1379842437126143
1379842437147204
1379842437147506
1379842437147613
1379842437147825
1379842437148012
1379842437148231
1379842437148303
1379842437148605
1379842437148793
1379842437148908
1379842437201792
1379842437201873
1379842437202088
1379842437213673
1379842437213813
1379842437240523
1379842437240760
1379842437240982
1379842437241333
1379842437241715
1379842437242092
1379842437242316
1379842437242477
1379842437242706
1379842437243077
1379842437243143
1379842437243340
1379842437243592
1379842437243763
1379842437243819
1379842437243991
1379842437282464
1379842437333688
1379842437333790
1379842437334043
1379842437334196
1379842437334470
1379842437334526
1379842437335573
1379842437335745
1379842437370470
1379842440846203
1379842441520681
1379842441529635
1379842442014301
