1378205148502376
1378205148585994
1378205148586280
1378205148792462
1378205148792484
1378205148792544
1378205148792615
1378205148792695
1378205148792753
1378205148792816
1378205148792823
1378205148811585
1378205148876499
1378205148876516
1378205148876740
1378205148876748
1378205148876855
1378205148876863
1378205148876979
1378205148876983
1378205148877100
1378205148877108
1378205148877370
1378205148877378
1378205148877505
1378205148877509
1378205148877627
1378205148877635
1378205148878087
1378205148878096
1378205148878249
1378205148878257
1378205148878380
1378205148878383
1378205148878526
1378205148878534
1378205148896592
1378205148896918
1378205148897635
1378205148960074
1378205148997862
1378205148998338
1378205148998620
1378205149082293
1378205149082600
1378205149098126
1378205149098139
1378205149098147
1378205149098246
1378205149098381
1378205149098469
1378205149098526
1378205149098583
1378205149168870
1378205149168892
1378205149169038
1378205149169046
1378205149169303
1378205149169311
1378205149186342
1378205149186465
1378205149186623
1378205149186737
1378205149186749
1378205149187140
1378205149187254
1378205149187397
1378205149187532
1378205149187571
1378205149187666
1378205149187728
1378205149187787
1378205149187845
1378205149187899
1378205149188209
1378205149188310
1378205149188319
1378205149188541
1378205149188552
1378205149188595
1378205149188667
1378205149272349
1378205149272749
1378205149288201
1378205149288215
1378205149367393
1378205149367412
1378205149367520
1378205149367525
1378205149367636
1378205149367640
1378205149367751
1378205149367756
1378205149376000
1378205149376480
1378205149415666
1378205149415995
1378205149451439
1378205149451563
1378205149451684
1378205149451794
1378205149451923
1378205149451984
1378205149452035
1378205149452041
1378205149452309
1378205149452319
1378205149452329
1378205149454909
1378205149458643
1378205149458659
1378205149467855
1378205149467872
1378205149468009
1378205149468012
1378205149468226
1378205149468235
1378205149468342
1378205149468351
1378205149535996
1378205149536013
1378205149537271
1378205149537285
1378205149537393
1378205149537401
1378205149537511
1378205149537520
1378205149537786
1378205149537796
1378205149537909
1378205149537916
1378205149538035
1378205149538039
1378205149538168
1378205149538179
1378205149538434
1378205149538437
1378205149538556
1378205149538563
1378205149538679
1378205149538687
1378205149538829
1378205149538838
1378205149539468
1378205149539476
1378205149539640
1378205149539649
1378205149539755
1378205149539762
1378205149539913
1378205149539919
1378205149540043
1378205149540049
1378205149540197
1378205149540206
1378205149540311
1378205149540319
1378205149540436
1378205149540445
1378205149540957
1378205149540965
1378205149541077
1378205149541084
1378205149541241
1378205149541250
1378205149541365
1378205149541373
1378205149542271
1378205149556238
1378205149556260
1378205149556270
1378205149556365
1378205149556482
1378205149556604
1378205149556734
1378205149556742
1378205149556854
1378205149556862
1378205149556973
1378205149556980
1378205149557309
1378205149557316
1378205149557493
1378205149557500
1378205149621058
1378205149621076
1378205149621259
1378205149621267
1378205149622353
1378205149622361
1378205149627575
1378205149627584
1378205149627727
1378205149640458
1378205149641268
1378205149679646
1378205149728891
1378205149728908
1378205149729015
1378205149729021
1378205149729143
1378205149729147
1378205149729263
1378205149729266
1378205149764686
1378205149765569
1378205149765721
1378205149812664
1378205149849847
1378205149850213
1378205149880378
1378205149880409
1378205149944627
1378205149965328
1378205149965924
1378205149969478
1378205149969488
1378205149974538
1378205150011655
1378205150015707
1378205150016064
1378205150017220
1378205150017229
1378205150021471
1378205150021922
1378205150028196
1378205150028214
1378205150028221
1378205150028313
1378205150028423
1378205150028529
1378205150028580
1378205150028635
1378205150032286
1378205150069867
1378205150070447
1378205150075917
1378205150075953
1378205150075967
1378205150076141
1378205150076277
1378205150113874
1378205150114195
1378205150119712
1378205150119738
1378205150119750
1378205150119841
1378205150119969
1378205150120053
1378205150120168
1378205150157852
1378205150158540
1378205150164876
1378205150164908
1378205150164925
1378205150164976
1378205150165087
1378205150165233
1378205150165284
1378205150165343
1378205150168991
1378205150169010
1378205150169128
1378205150205850
1378205150206286
1378205150211672
1378205150211709
1378205150211725
1378205150211776
1378205150211893
1378205150212023
1378205150212134
1378205150249590
1378205150250213
1378205150256112
1378205150256142
1378205150256159
1378205150256206
1378205150256337
1378205150256467
1378205150256519
1378205150256578
1378205150259864
1378205150297842
1378205150298250
1378205150304055
1378205150304085
1378205150304097
1378205150304144
1378205150304343
1378205150304401
1378205150304452
1378205150304514
1378205150308096
1378205150345842
1378205150346252
1378205150355461
1378205150355487
1378205150355496
1378205150355591
1378205150355703
1378205150355815
1378205150355865
1378205150355923
1378205150359039
1378205150397595
1378205150398010
1378205150403702
1378205150403728
1378205150403738
1378205150403833
1378205150403949
1378205150404047
1378205150404173
1378205150441844
1378205150442286
1378205150448096
1378205150448128
1378205150448140
1378205150448251
1378205150448405
1378205150448494
1378205150448605
1378205150448616
1378205150452268
1378205150489837
1378205150490258
1378205150496313
1378205150496344
1378205150496360
1378205150496480
1378205150496607
1378205150496691
1378205150496803
1378205150496814
1378205150500879
1378205150500894
1378205150501368
1378205150506732
1378205150506767
1378205150506780
1378205150506875
1378205150507090
1378205150507095
1378205150507214
1378205150545845
1378205150546281
1378205150552202
1378205150552232
1378205150552246
1378205150552294
1378205150552414
1378205150552554
1378205150552685
1378205150589837
1378205150590261
1378205150596068
1378205150596102
1378205150596118
1378205150596170
1378205150596283
1378205150596421
1378205150596473
1378205150596536
1378205150600156
1378205150600176
1378205150600313
1378205150637845
1378205150638273
1378205150644760
1378205150644790
1378205150644801
1378205150644846
1378205150644956
1378205150645124
1378205150645180
1378205150645233
1378205150648478
1378205150685602
1378205150686031
1378205150691770
1378205150691797
1378205150691806
1378205150691925
1378205150692057
1378205150692147
1378205150692260
1378205150692266
1378205150696199
1378205150696215
1378205150696336
1378205150696829
1378205150702604
1378205150702630
1378205150702640
1378205150702760
1378205150702871
1378205150703040
1378205150703162
1378205150741838
1378205150742278
1378205150748227
1378205150748257
1378205150748272
1378205150748402
1378205150748531
1378205150748619
1378205150748732
1378205150748743
1378205150752119
1378205150789848
1378205150790592
1378205150796183
1378205150796218
1378205150796235
1378205150796334
1378205150796467
1378205150796573
1378205150796706
1378205150833807
1378205150834244
1378205150837035
1378205150837176
1378205150841956
1378205150841978
1378205150841990
1378205150842079
1378205150842244
1378205150842333
1378205150842383
1378205150844046
1378205150844059
1378205150844221
1378205150844230
1378205150844337
1378205150844341
1378205150844671
1378205150844680
1378205150844827
1378205150844830
1378205150844946
1378205150845250
1378205150845364
1378205150845623
1378205150845736
1378205150845781
1378205150845890
1378205150846568
1378205150846712
1378205150846717
1378205150846836
1378205150847081
1378205150847189
1378205150847358
1378205150847465
1378205150847595
1378205150847702
1378205150847753
1378205150847858
1378205150847863
1378205150848004
1378205150849145
1378205150849154
1378205150849264
1378205150849272
1378205150849383
1378205150849388
1378205150849565
1378205150849571
1378205150849828
1378205150849835
1378205150849958
1378205150850007
1378205150850162
1378205150850232
1378205150850367
1378205150850460
1378205150850567
1378205150850713
1378205150850823
1378205150850873
1378205150850987
1378205150851042
1378205150851150
1378205150851159
1378205150851269
1378205150851277
1378205150851423
1378205150851431
1378205150851535
1378205150851543
1378205150851756
1378205150851764
1378205150852783
1378205150852792
1378205150853028
1378205150853036
1378205150853194
1378205150853198
1378205150853433
1378205150853441
1378205150853685
1378205150853694
1378205150853809
1378205150853813
1378205150853931
1378205150853940
1378205150854053
1378205150854061
1378205150854179
1378205150854181
1378205150854299
1378205150854307
1378205150854424
1378205150854431
1378205150854584
1378205150854592
1378205150854712
1378205150854720
1378205150854866
1378205150854874
1378205150854984
1378205150854992
1378205150855130
1378205150855138
1378205150855256
1378205150855263
1378205150930115
1378205150931757
1378205150971606
1378205150975480
1378205150975732
1378205150980818
1378205150980841
1378205150980853
1378205151028668
1378205151047777
1378205151050402
1378205151051776
1378205151052274
1378205151052283
1378205151053276
1378205151053284
1378205151053495
1378205151053503
1378205151053612
1378205151053620
1378205151053735
1378205151053743
1378205151056698
1378205151056707
1378205151056879
1378205151056882
1378205151057095
1378205151057103
1378205151057207
1378205151057215
1378205151058103
1378205151058112
1378205151058290
1378205151058294
1378205151058606
1378205151058614
1378205151058729
1378205151061243
1378205151061251
1378205151061485
1378205151061493
1378205151061739
1378205151061748
1378205151061865
1378205151061873
1378205151062021
1378205151062024
1378205151062189
1378205151062197
1378205151062522
1378205151062530
1378205151062643
1378205151062651
1378205151062803
1378205151062808
1378205151064080
1378205151064089
1378205151064844
1378205151064852
1378205151066101
1378205151066113
1378205151066348
1378205151066353
1378205151066382
1378205151066492
1378205151066745
1378205151067285
1378205151067299
1378205151067405
1378205151067413
1378205151067772
1378205151067782
1378205151067921
1378205151067925
1378205151068140
1378205151068149
1378205151068675
1378205151068684
1378205151068803
1378205151068806
1378205151069185
1378205151069195
1378205151069310
1378205151069315
1378205151069460
1378205151069467
1378205151070244
1378205151070522
1378205151070634
1378205151070685
1378205151070798
1378205151072953
1378205151073087
1378205151073222
1378205151073341
1378205151075343
1378205151075474
1378205151075483
1378205151075617
1378205151075669
1378205151075782
1378205151075843
1378205151075956
1378205151153301
1378205151153905
1378205151164079
1378205151164112
1378205151241688
1378205151249204
1378205151249965
1378205151287601
1378205151337858
1378205151377845
1378205151378286
1378205151378876
1378205151395786
1378205151396321
1378205151413668
1378205151413682
1378205151414102
1378205151414256
1378205151414277
1378205151414435
1378205151415039
1378205151415329
1378205151415410
1378205151419827
1378205151419842
1378205151419851
1378205151419944
1378205151420077
1378205151420481
1378205151420541
1378205151420609
1378205151420804
1378205151420812
1378205151420927
1378205151421229
1378205151421633
1378205151421746
1378205151421876
1378205151421982
1378205151422118
1378205151422225
1378205151422546
1378205151422657
1378205151423626
1378205151423752
1378205151423810
1378205151423920
1378205151423927
1378205151424150
1378205151424153
1378205151424410
1378205151424418
1378205151424530
1378205151424538
1378205151424657
1378205151424665
1378205151424778
1378205151424785
1378205151424902
1378205151424910
1378205151425046
1378205151425188
1378205151425313
1378205151425321
1378205151425477
1378205151425484
1378205151425738
1378205151425747
1378205151426650
1378205151426665
1378205151426773
1378205151426782
1378205151426895
1378205151427135
1378205151427277
1378205151427344
1378205151427537
1378205151427543
1378205151427652
1378205151427657
1378205151427816
1378205151427883
1378205151428018
1378205151428613
1378205151428745
1378205151428855
1378205151428914
1378205151429027
1378205151431660
1378205151431889
1378205151432019
1378205151433171
1378205151433293
1378205151433417
1378205151433540
1378205151451066
1378205151451186
1378205151451305
1378205151451535
1378205151451658
1378205151451909
1378205151452067
1378205151452070
1378205151465792
1378205151497650
1378205151497781
1378205151497871
1378205151497987
1378205151501811
1378205151501934
1378205151541869
1378205151622450
1378205151622468
1378205151626820
1378205151626831
1378205151626937
1378205151626946
1378205151631341
1378205151632432
1378205151632442
1378205151636542
1378205151636552
1378205151638666
1378205151638682
1378205151642331
1378205151642350
1378205151642483
1378205151834291
1378205151834310
1378205151838153
1378205151838162
1378205151838299
1378205151838306
1378205151838412
1378205151838419
1378205151838811
1378205151838819
1378205151840812
1378205151840821
1378205151842334
1378205151842343
1378205151842999
1378205151843008
1378205151843123
1378205151843131
1378205151843646
1378205151843658
1378205151844257
1378205151844266
1378205151844390
1378205151845349
1378205151845357
1378205151845557
1378205151845566
1378205151845575
1378205151845581
1378205151845742
1378205151845797
1378205151845855
1378205151845919
1378205151845983
1378205151846038
1378205151848180
1378205151848188
1378205151848521
1378205151848530
1378205151848540
1378205151848544
1378205151848737
1378205151848743
1378205151848852
1378205151849195
1378205151849205
1378205151849334
1378205151850966
1378205151850978
1378205151850992
1378205151850996
1378205151851230
1378205151851495
1378205151851504
1378205151851691
1378205151851700
1378205151851709
1378205151851806
1378205151851905
1378205151852833
1378205151852843
1378205151852854
1378205151852859
1378205151853008
1378205151853062
1378205151853491
1378205151853500
1378205151853731
1378205151853740
1378205151853857
1378205151854136
1378205151854145
1378205151854917
1378205151854925
1378205151854935
1378205151856354
1378205151856363
1378205151856605
1378205151856614
1378205151856624
1378205151856628
1378205151856770
1378205151856824
1378205151859591
1378205151859600
1378205151859610
1378205151859614
1378205151859825
1378205151860580
1378205151863109
1378205151863120
1378205151863309
1378205151863318
1378205151864017
1378205151864026
1378205151864035
1378205152590072
1378205152592862
1378205152599088
1378205152599124
1378205152599141
1378205152599264
1378205152599385
1378205152599522
1378205152599655
1378205152637856
1378205152638132
1378205152643128
1378205152643156
1378205152727950
1378205152728393
1378205152728521
1378205152728635
1378205152728765
1378205152730627
1378205152730798
1378205152752882
1378205152752917
1378205152752979
1378205152752994
1378205152753120
1378205152753241
1378205152753248
1378205152753353
1378205152753360
1378205152753475
1378205152753480
1378205152753596
1378205152753601
1378205152753720
1378205152753734
1378205152753958
1378205152754185
1378205152754293
1378205152754301
1378205152754435
1378205152754443
1378205152754677
1378205152754685
1378205152754803
1378205152754812
1378205152754927
1378205152754931
1378205152755046
1378205152755051
1378205152755189
1378205152755194
1378205152757117
1378205152757130
1378205152757362
1378205152757371
1378205152757553
1378205152757562
1378205152757800
1378205152757812
1378205152758056
1378205152758061
1378205152758305
1378205152758313
1378205152758564
1378205152758572
1378205152758688
1378205152758697
1378205152758936
1378205152758944
1378205152759061
1378205152759069
1378205152759226
1378205152759230
1378205152759340
1378205152764117
1378205152764372
1378205152764479
1378205152764601
1378205152764718
1378205152764996
1378205152765130
1378205152830878
1378205152832161
1378205152835266
1378205152835285
1378205152922240
1378205152922702
1378205152922853
1378205152923003
1378205152923160
1378205152924715
1378205152928607
1378205152928743
1378205152928807
1378205152928926
1378205152928992
1378205152929100
1378205152929367
1378205152929434
1378205152929479
1378205152929829
1378205152929950
1378205152929961
1378205152930118
1378205152930126
1378205152930558
1378205152930571
1378205152930703
1378205152930753
1378205152930871
1378205152930931
1378205152931054
1378205152931059
1378205152931114
1378205152935861
1378205152935887
1378205152935897
1378205152939498
1378205152939622
1378205152939629
1378205152939781
1378205152940584
1378205152940722
1378205152940728
1378205152940852
1378205152953185
1378205152953331
1378205152953841
1378205152953854
1378205152955187
1378205152955196
1378205152956746
1378205152957286
1378205152958032
1378205152958047
1378205152958058
1378205152958371
1378205152958487
1378205152959105
1378205152959225
1378205152963739
1378205152963814
1378205152963923
1378205152963938
1378205152963942
1378205152964001
1378205152964226
1378205152964831
1378205152964946
1378205152965740
1378205152965760
1378205152966266
1378205152966276
1378205152966288
1378205152966292
1378205152966425
1378205152966495
1378205152967964
1378205152967973
1378205152968241
1378205152968250
1378205152968260
1378205152970821
1378205152970935
1378205152971010
1378205152971023
1378205152971031
1378205152971127
1378205152971245
1378205152971363
1378205152971611
1378205152971724
1378205152975885
1378205152976015
1378205152976362
1378205152976474
1378205152976657
1378205152976769
1378205153012269
1378205153012413
1378205153012507
1378205153012622
1378205153051544
1378205153058011
1378205153058021
1378205153058202
1378205153058210
1378205153058316
1378205153058324
1378205153062699
1378205153101608
1378205153103054
1378205153103249
1378205153109124
1378205153109150
1378205153109162
1378205153109554
1378205153109575
1378205153109622
1378205153109679
1378205153110048
1378205153110167
1378205153110175
1378205153110856
1378205153110865
1378205153110979
1378205153110988
1378205153111224
1378205153111233
1378205153111482
1378205153111490
1378205153112560
1378205153112570
1378205153112678
1378205153112685
1378205153112802
1378205153112807
1378205153112957
1378205153112961
1378205153113089
1378205153113093
1378205153113219
1378205153113846
1378205153113851
1378205153115388
1378205153115397
1378205153115508
1378205153115516
1378205153115902
1378205153116939
1378205153116950
1378205153116956
1378205153117238
1378205153117355
1378205153117481
1378205153117613
1378205153117621
1378205153117925
1378205153117933
1378205153118049
1378205153118420
1378205153118473
1378205153118540
1378205153118863
1378205153119537
1378205153119553
1378205153119691
1378205153119955
1378205153121126
1378205153121140
1378205153122122
1378205153122135
1378205153122144
1378205153122392
1378205153122508
1378205153123456
1378205153123483
1378205153123644
1378205153123659
1378205153123756
1378205153124003
1378205153124057
1378205153125126
1378205153125143
1378205153125492
1378205153125498
1378205153125611
1378205153125620
1378205153125743
1378205153125748
1378205153126009
1378205153126014
1378205153126118
1378205153126123
1378205153126243
1378205153126365
1378205153126489
1378205153126554
1378205153126617
1378205153126671
1378205153126855
1378205153127168
1378205153127326
1378205153127490
1378205153127824
1378205153128593
1378205153128601
1378205153128605
1378205153128677
1378205153128794
1378205153129554
1378205153129960
1378205153130204
1378205153130454
1378205153130573
1378205153130696
1378205153130869
1378205153130877
1378205153131382
1378205153131497
1378205153131768
1378205153131976
1378205153132095
1378205153132104
1378205153132491
1378205153132609
1378205153132637
1378205153132687
1378205153132771
1378205153133254
1378205153133267
1378205153136106
1378205153136128
1378205153138245
1378205153138692
1378205153139060
1378205153139071
1378205153139392
1378205153139397
1378205153139559
1378205153139567
1378205153139825
1378205153140009
1378205153140019
1378205153140132
1378205153140136
1378205153140241
1378205153140428
1378205153140682
1378205153141702
1378205153143986
1378205153144117
1378205153144220
1378205153144469
1378205153144593
1378205153144678
1378205153144831
1378205153145388
1378205153145497
1378205153145502
1378205153145507
1378205153145784
1378205153145792
1378205153146030
1378205153146035
1378205153146067
1378205153146151
1378205153146153
1378205153146308
1378205153146314
1378205153146650
1378205153146656
1378205153146836
1378205153146841
1378205153147078
1378205153151242
1378205153151265
1378205153151387
1378205153151394
1378205153151658
1378205153151799
1378205153152292
1378205153152425
1378205153152699
1378205153152826
1378205153153711
1378205153153719
1378205153153728
1378205153153731
1378205153153761
1378205153153763
1378205153153766
1378205153153913
1378205153154481
1378205153156275
1378205153156288
1378205153156487
1378205153156811
1378205153157006
1378205153157746
1378205153158035
1378205153158067
1378205153158159
1378205153158406
1378205153160264
1378205153160290
1378205153160396
1378205153160402
1378205153160505
1378205153160508
1378205153160638
1378205153160913
1378205153162369
1378205153162388
1378205153162625
1378205153162631
1378205153162748
1378205153162753
1378205153162877
1378205153163084
1378205153163112
1378205153163192
1378205153163320
1378205153163326
1378205153163432
1378205153163434
1378205153163940
1378205153163949
1378205153164060
1378205153164063
1378205153164577
1378205153164583
1378205153164698
1378205153164701
1378205153164894
1378205153164899
1378205153165018
1378205153165022
1378205153165205
1378205153165446
1378205153165453
1378205153165505
1378205153165573
1378205153165679
1378205153165682
1378205153166608
1378205153166619
1378205153166882
1378205153166889
1378205153167667
1378205153167678
1378205153168038
1378205153168043
1378205153168227
1378205153168232
1378205153168396
1378205153168400
1378205153168515
1378205153168730
1378205153169004
1378205153169013
1378205153169125
1378205153169129
1378205153169336
1378205153169557
1378205153170288
1378205153170305
1378205153170459
1378205153170462
1378205153170567
1378205153170571
1378205153170806
1378205153170812
1378205153171011
1378205153171015
1378205153171203
1378205153171410
1378205153171741
1378205153171752
1378205153171806
1378205153171858
1378205153172087
1378205153172093
1378205153172311
1378205153172317
1378205153172432
1378205153172436
1378205153172552
1378205153172555
1378205153172687
1378205153172930
1378205153173172
1378205153173183
1378205153173360
1378205153173366
1378205153173576
1378205153173583
1378205153173736
1378205153173739
1378205153174358
1378205153174372
1378205153174502
1378205153174508
1378205153176339
1378205153176351
1378205153176456
1378205153176462
1378205153176579
1378205153176581
1378205153177073
1378205153177079
1378205153177208
1378205153177409
1378205153177534
1378205153177540
1378205153177658
1378205153177663
1378205153177733
1378205153177779
1378205153177782
1378205153177914
1378205153178219
1378205153178320
1378205153178327
1378205153178459
1378205153178548
1378205153178656
1378205153178710
1378205153178818
1378205153179436
1378205153179564
1378205153179619
1378205153179747
1378205153179752
1378205153179893
1378205153179895
1378205153180692
1378205153180703
1378205153180807
1378205153180812
1378205153180950
1378205153180955
1378205153181069
1378205153181354
1378205153184985
1378205153185015
1378205153185247
1378205153185254
1378205153185373
1378205153185376
1378205153185502
1378205153185506
1378205153185652
1378205153185661
1378205153185998
1378205153186008
1378205153186143
1378205153186146
1378205153186259
1378205153186263
1378205153186685
1378205153187396
1378205153187408
1378205153187413
1378205153187763
1378205153187819
1378205153187874
1378205153188057
1378205153188064
1378205153188191
1378205153192369
1378205153192500
1378205153192554
1378205153192659
1378205153192864
1378205153229834
1378205153230377
1378205153267530
1378205153270887
1378205153271360
1378205153271472
1378205153309595
1378205153310010
1378205153314404
1378205153314420
1378205153315167
1378205153315183
1378205153315544
1378205153315553
1378205153315659
1378205153315668
1378205153318864
1378205153318871
1378205153319314
1378205153319915
1378205153319926
1378205153319931
1378205153320031
1378205153320143
1378205153320234
1378205153320288
1378205153320359
1378205153320462
1378205153320466
1378205153320768
1378205153320772
1378205153320889
1378205153320893
1378205153321408
1378205153321413
1378205153321570
1378205153321574
1378205153323207
1378205153323217
1378205153323390
1378205153323396
1378205153324071
1378205153324845
1378205153324958
1378205153325214
1378205153325336
1378205153325341
1378205153325460
1378205153325463
1378205153325732
1378205153325740
1378205153325845
1378205153325850
1378205153325970
1378205153325976
1378205153326510
1378205153326515
1378205153326630
1378205153326635
1378205153326760
1378205153326764
1378205153326930
1378205153326934
1378205153327036
1378205153327039
1378205153327508
1378205153327513
1378205153327550
1378205153327556
1378205153327658
1378205153327662
1378205153327855
1378205153327861
1378205153327914
1378205153327989
1378205153328093
1378205153328097
1378205153329764
1378205153329772
1378205153331383
1378205153331392
1378205153331515
1378205153334584
1378205153334709
1378205153334714
1378205153334936
1378205153334942
1378205153335096
1378205153335102
1378205153335382
1378205153339149
1378205153339163
1378205153339321
1378205153339326
1378205153339429
1378205153339699
1378205153344151
1378205153344168
1378205153344180
1378205153344406
1378205153344520
1378205153344725
1378205153345557
1378205153345567
1378205153345681
1378205153345688
1378205153345806
1378205153345991
1378205153350389
1378205153350410
1378205153350619
1378205153350626
1378205153350748
1378205153350947
1378205153351750
1378205153351761
1378205153351996
1378205153352003
1378205153352305
1378205153352312
1378205153352430
1378205153352435
1378205153352589
1378205153352595
1378205153352773
1378205153356788
1378205153356811
1378205153356919
1378205153356922
1378205153357092
1378205153357098
1378205153357219
1378205153357389
1378205153358600
1378205153358620
1378205153358723
1378205153358728
1378205153358898
1378205153358904
1378205153359037
1378205153359043
1378205153362039
1378205153363452
1378205153363572
1378205153363622
1378205153363750
1378205153363862
1378205153363980
1378205153413682
1378205153423787
1378205153423819
1378205153424502
1378205153424512
1378205153424961
1378205153424969
1378205153427886
1378205153428407
1378205153428526
1378205153428555
1378205153432358
1378205153432666
1378205153433204
1378205153433210
1378205153433705
1378205153433713
1378205153435324
1378205153438796
1378205153438945
1378205153439290
1378205153439402
1378205153447018
1378205153472244
1378205153472557
1378205153499742
1378205153499773
1378205153499927
1378205153500118
1378205153502504
1378205153553361
1378205153555888
1378205153556024
1378205153556180
1378205153556346
1378205153556472
1378205153556740
1378205153556865
1378205153570593
1378205153570799
1378205153573649
1378205153573660
1378205153583212
1378205153583230
1378205153588399
1378205153588408
1378205153589619
1378205153591979
1378205153591995
1378205153592224
1378205153592232
1378205153592239
1378205153592242
1378205153592458
1378205153598118
1378205153598288
1378205153598389
1378205153598404
1378205153598507
1378205153599774
1378205153600568
1378205153600684
1378205153600819
1378205153600948
1378205153600959
1378205153601196
1378205153601207
1378205153601317
1378205153601325
1378205153601444
1378205153601455
1378205153601758
1378205153601770
1378205153602017
1378205153602028
1378205153602142
1378205153602150
1378205153602520
1378205153602532
1378205153602798
1378205153602809
1378205153602940
1378205153602944
1378205153603072
1378205153603161
1378205153603275
1378205153603401
1378205153603508
1378205153603756
1378205153603879
1378205153603890
1378205153604013
1378205153604021
1378205153604135
1378205153604142
1378205153604259
1378205153604265
1378205153604414
1378205153604421
1378205153604540
1378205153604547
1378205153604664
1378205153604669
1378205153604790
1378205153604793
1378205153605008
1378205153605019
1378205153605028
1378205153605478
1378205153605593
1378205153606867
1378205153606987
1378205153607107
1378205153607216
1378205153607266
1378205153607371
1378205153607378
1378205153607490
1378205153607495
1378205153607603
1378205153607609
1378205153607734
1378205153607740
1378205153607853
1378205153607858
1378205153607976
1378205153607982
1378205153608099
1378205153608104
1378205153608223
1378205153608228
1378205153608473
1378205153608480
1378205153608590
1378205153608596
1378205153608728
1378205153608734
1378205153608952
1378205153608958
1378205153609073
1378205153609079
1378205153609584
1378205153609594
1378205153609704
1378205153609708
1378205153609950
1378205153609957
1378205153610123
1378205153610128
1378205153610277
1378205153610283
1378205153610400
1378205153610405
1378205153610536
1378205153610542
1378205153611076
1378205153611086
1378205153611196
1378205153611201
1378205153611349
1378205153611355
1378205153611458
1378205153611462
1378205153611589
1378205153611595
1378205153611774
1378205153611780
1378205153611921
1378205153611927
1378205153612029
1378205153612034
1378205153612152
1378205153612157
1378205153612274
1378205153612279
1378205153612896
1378205153612903
1378205153613013
1378205153613018
1378205153613169
1378205153613175
1378205153613278
1378205153613289
1378205153613431
1378205153613437
1378205153613627
1378205153613863
1378205153613870
1378205153613876
1378205153617765
1378205153617924
1378205153618059
1378205153618069
1378205153618170
1378205153622615
1378205153622628
1378205153622869
1378205153622877
1378205153623001
1378205153661857
1378205153662748
1378205153666503
1378205153666530
1378205153666817
1378205153681288
1378205153681637
1378205153681694
1378205153681751
1378205153681870
1378205153682125
1378205153682281
1378205153682386
1378205153682813
1378205153682978
1378205153683121
1378205153683242
1378205153683696
1378205153683810
1378205153683943
1378205153684055
1378205153684577
1378205153688448
1378205153688472
1378205153688598
1378205153699825
1378205153699945
1378205153700068
1378205153700240
1378205153700346
1378205153700719
1378205153700948
1378205153701065
1378205153701399
1378205153701559
1378205153701564
1378205153701672
1378205153703671
1378205153720856
1378205153720883
1378205153738193
1378205153797021
1378205153835504
1378205153852609
1378205153857410
1378205153857423
1378205153876595
1378205153876726
1378205153876913
1378205153877005
1378205153877060
1378205153877167
1378205153877281
1378205153882480
1378205153882846
1378205153894621
1378205153894771
1378205153895032
1378205153895037
1378205153905741
1378205153910419
1378205153910439
1378205153910603
1378205153910607
1378205153915854
1378205153918878
1378205153919060
1378205153919402
1378205153919533
1378205153923283
1378205153924948
1378205153926036
1378205153932608
1378205153936096
1378205153936228
1378205153938847
1378205153938968
1378205153938976
1378205153939095
1378205153939097
1378205153939215
1378205153939336
1378205153939503
1378205153939508
1378205153944361
1378205153955555
1378205153963795
1378205153963839
1378205153963855
1378205153964038
1378205153964146
1378205153967081
1378205153973811
1378205153973839
1378205153973938
1378205153974157
1378205153974314
1378205153974418
1378205153974539
1378205153974726
1378205153974863
1378205153974982
1378205153975357
1378205153985505
1378205153985744
1378205153985855
1378205153985977
1378205153986099
1378205153986366
1378205153986487
1378205153986631
1378205153987130
1378205153987371
1378205153987613
1378205153987861
1378205153988092
1378205153988210
1378205153988373
1378205153988517
1378205153988639
1378205153988760
1378205153988880
1378205153989006
1378205153989550
1378205153989709
1378205153989817
1378205153989976
1378205153990100
1378205153992024
1378205153992141
1378205153992336
1378205153992475
1378205153992586
1378205153992799
1378205153992976
1378205153993409
1378205153993536
1378205153993655
1378205153993968
1378205153994087
1378205153994225
1378205153994336
1378205153994470
1378205153994888
1378205154003371
1378205154003564
1378205154003701
1378205154003839
1378205154003946
1378205154004069
1378205154005107
1378205154005394
1378205154005514
1378205154005782
1378205154005900
1378205154005931
1378205154006051
1378205154010498
1378205154011283
1378205154011716
1378205154011942
1378205154012071
1378205154012275
1378205154012441
1378205154012569
1378205154035258
1378205154049126
1378205154049140
1378205154052759
1378205154061434
1378205154061454
1378205154061580
1378205154061684
1378205154061802
1378205154061910
1378205154062039
1378205154062048
1378205154062323
1378205154062332
1378205154062443
1378205154062450
1378205154062610
1378205154062614
1378205154074153
1378205154074643
1378205154087197
1378205154087214
1378205154087446
1378205154087452
1378205154087698
1378205154087703
1378205154087819
1378205154087822
1378205154088071
1378205154088076
1378205154088202
1378205154088206
1378205154088338
1378205154088344
1378205154088708
1378205154088714
1378205154088865
1378205154088869
1378205154088978
1378205154088982
1378205154089127
1378205154089130
1378205154089497
1378205154089502
1378205154089616
1378205154089618
1378205154089751
1378205154089757
1378205154092432
1378205154101842
1378205154101870
1378205154113070
1378205154113093
1378205154113205
1378205154113209
1378205154113400
1378205154113408
1378205154113577
1378205154113583
1378205154113759
1378205154113766
1378205154113869
1378205154113873
1378205154114231
1378205154114237
1378205154114488
1378205154114494
1378205154114853
1378205154114860
1378205154115359
1378205154115366
1378205154115478
1378205154115483
1378205154115617
1378205154115623
1378205154115728
1378205154115733
1378205154115851
1378205154115856
1378205154116114
1378205154116121
1378205154116234
1378205154116239
1378205154116364
1378205154116369
1378205154116482
1378205154116488
1378205154116606
1378205154116612
1378205154116728
1378205154116733
1378205154116912
1378205154116918
1378205154117057
1378205154117063
1378205154117172
1378205154117177
1378205154117326
1378205154117332
1378205154117448
1378205154117454
1378205154127293
1378205154127315
1378205154127378
1378205154127434
1378205154127542
1378205154127544
1378205154127651
1378205154127656
1378205154139468
1378205154139495
1378205154139715
1378205154139720
1378205154139829
1378205154139835
1378205154139952
1378205154139958
1378205154140076
1378205154140082
1378205154140200
1378205154140206
1378205154140386
1378205154140392
1378205154140762
1378205154140769
1378205154140881
1378205154140887
1378205154141924
1378205154141932
1378205154142045
1378205154142051
1378205154142293
1378205154142299
1378205154142413
1378205154142419
1378205154142540
1378205154142546
1378205154142633
1378205154142660
1378205154142665
1378205154142927
1378205154142934
1378205154143175
1378205154143181
1378205154143301
1378205154143306
1378205154143555
1378205154143561
1378205154143810
1378205154143816
1378205154143930
1378205154143935
1378205154144182
1378205154144189
1378205154144432
1378205154144438
1378205154144558
1378205154144564
1378205154144811
1378205154144817
1378205154144935
1378205154144940
1378205154145057
1378205154145063
1378205154145218
1378205154145223
1378205154145386
1378205154145393
1378205154145496
1378205154145502
1378205154145615
1378205154145621
1378205154145773
1378205154145779
1378205154145882
1378205154145888
1378205154146003
1378205154146009
1378205154146129
1378205154146134
1378205154146281
1378205154146286
1378205154146645
1378205154146653
1378205154146770
1378205154146775
1378205154146928
1378205154146933
1378205154152906
1378205154152930
1378205154152997
1378205154153050
1378205154153268
1378205154153276
1378205154153386
1378205154153392
1378205154153661
1378205154153668
1378205154153781
1378205154153787
1378205154153904
1378205154153910
1378205154154276
1378205154154283
1378205154165539
1378205154165561
1378205154165781
1378205154165787
1378205154165899
1378205154165904
1378205154166020
1378205154166025
1378205154166157
1378205154166162
1378205154166411
1378205154166416
1378205154166546
1378205154166551
1378205154166681
1378205154166686
1378205154167066
1378205154167073
1378205154167222
1378205154167227
1378205154167452
1378205154167457
1378205154167565
1378205154167570
1378205154167900
1378205154167905
1378205154168257
1378205154168263
1378205154168382
1378205154168388
1378205154169004
1378205154169012
1378205154169126
1378205154169131
1378205154169371
1378205154169377
1378205154169534
1378205154169540
1378205154169648
1378205154169654
1378205154169774
1378205154169780
1378205154169896
1378205154169901
1378205154170021
1378205154170026
1378205154170356
1378205154170363
1378205154170769
1378205154170777
1378205154171011
1378205154171018
1378205154171155
1378205154171162
1378205154171307
1378205154171314
1378205154171421
1378205154171426
1378205154171561
1378205154171567
1378205154171819
1378205154171825
1378205154171940
1378205154171946
1378205154172198
1378205154172204
1378205154172446
1378205154172453
1378205154172705
1378205154172712
1378205154172826
1378205154172832
1378205154173075
1378205154173081
1378205154173326
1378205154173333
1378205154173453
1378205154173459
1378205154173702
1378205154173709
1378205154173836
1378205154173843
1378205154173951
1378205154173958
1378205154174207
1378205154174214
1378205154174330
1378205154174336
1378205154174399
1378205154174450
1378205154174455
1378205154174599
1378205154174608
1378205154174841
1378205154174848
1378205154174959
1378205154174965
1378205154175093
1378205154175099
1378205154175336
1378205154175343
1378205154175463
1378205154175469
1378205154175588
1378205154175594
1378205154175710
1378205154175716
1378205154175858
1378205154175864
1378205154175973
1378205154175978
1378205154176092
1378205154176097
1378205154176240
1378205154176246
1378205154176350
1378205154176356
1378205154176471
1378205154176478
1378205154176614
1378205154176620
1378205154177962
1378205154177974
1378205154178110
1378205154178117
1378205154178233
1378205154178239
1378205154178352
1378205154178357
1378205154179354
1378205154179362
1378205154179479
1378205154179484
1378205154179852
1378205154179859
1378205154179976
1378205154179982
1378205154180101
1378205154180106
1378205154180223
1378205154180229
1378205154180348
1378205154180353
1378205154180470
1378205154180475
1378205154180592
1378205154180598
1378205154180716
1378205154180721
1378205154180883
1378205154180889
1378205154180998
1378205154181003
1378205154181559
1378205154181566
1378205154181676
1378205154181681
1378205154191549
1378205154191568
1378205154191822
1378205154191829
1378205154192079
1378205154192086
1378205154192323
1378205154192329
1378205154192453
1378205154192459
1378205154192701
1378205154192708
1378205154192825
1378205154192831
1378205154192946
1378205154192951
1378205154193202
1378205154193208
1378205154193455
1378205154193462
1378205154193581
1378205154193587
1378205154193831
1378205154193838
1378205154193994
1378205154193999
1378205154194105
1378205154194111
1378205154194225
1378205154194231
1378205154194376
1378205154194383
1378205154194616
1378205154194623
1378205154194737
1378205154194742
1378205154194983
1378205154194990
1378205154195102
1378205154195109
1378205154195232
1378205154195238
1378205154195745
1378205154195754
1378205154195869
1378205154195875
1378205154196371
1378205154196378
1378205154196494
1378205154196500
1378205154196618
1378205154196624
1378205154196871
1378205154196878
1378205154196993
1378205154196999
1378205154197143
1378205154197149
1378205154197330
1378205154197336
1378205154197442
1378205154197448
1378205154197567
1378205154197572
1378205154197690
1378205154197694
1378205154197857
1378205154197863
1378205154197968
1378205154197972
1378205154198089
1378205154198093
1378205154198220
1378205154198224
1378205154198770
1378205154198775
1378205154198930
1378205154198935
1378205154199118
1378205154199123
1378205154199364
1378205154199370
1378205154199532
1378205154199537
1378205154199755
1378205154199760
1378205154199890
1378205154199894
1378205154200024
1378205154200028
1378205154200825
1378205154200829
1378205154201197
1378205154201201
1378205154201360
1378205154201364
1378205154201469
1378205154201473
1378205154201628
1378205154201633
1378205154201777
1378205154201781
1378205154201896
1378205154201900
1378205154202576
1378205154202580
1378205154202698
1378205154202702
1378205154202831
1378205154202835
1378205154202943
1378205154202947
1378205154203082
1378205154203086
1378205154203189
1378205154203193
1378205154203606
1378205154203609
1378205154203724
1378205154203728
1378205154204227
1378205154204231
1378205154204352
1378205154204356
1378205154204598
1378205154204602
1378205154204717
1378205154204721
1378205154204978
1378205154204982
1378205154205096
1378205154205100
1378205154205232
1378205154205236
1378205154205345
1378205154205349
1378205154205537
1378205154205541
1378205154205682
1378205154205685
1378205154205795
1378205154205798
1378205154205836
1378205154205925
1378205154205930
1378205154206092
1378205154206098
1378205154206235
1378205154206239
1378205154206352
1378205154206356
1378205154206472
1378205154206476
1378205154206714
1378205154206717
1378205154206836
1378205154206840
1378205154207093
1378205154207098
1378205154207466
1378205154207470
1378205154207727
1378205154207731
1378205154207967
1378205154207971
1378205154208102
1378205154208106
1378205154208468
1378205154208472
1378205154208603
1378205154208607
1378205154208715
1378205154208719
1378205154208974
1378205154208978
1378205154209092
1378205154209096
1378205154209229
1378205154209233
1378205154209352
1378205154209356
1378205154209476
1378205154209481
1378205154209599
1378205154209603
1378205154209770
1378205154209774
1378205154209877
1378205154209881
1378205154210027
1378205154210031
1378205154210133
1378205154210137
1378205154210268
1378205154210273
1378205154210405
1378205154210409
1378205154210522
1378205154210526
1378205154210642
1378205154210647
1378205154210779
1378205154210782
1378205154210888
1378205154210893
1378205154217382
1378205154217396
1378205154217503
1378205154217506
1378205154217620
1378205154217747
1378205154217755
1378205154218482
1378205154218589
1378205154218713
1378205154218820
1378205154218973
1378205154219080
1378205154219209
1378205154219316
1378205154219509
1378205154219615
1378205154219665
1378205154219770
1378205154220209
1378205154220338
1378205154220342
1378205154220583
1378205154220587
1378205154220703
1378205154220707
1378205154220840
1378205154220844
1378205154220975
1378205154220980
1378205154221095
1378205154221098
1378205154221216
1378205154221220
1378205154221888
1378205154221895
1378205154222130
1378205154222134
1378205154222298
1378205154222303
1378205154222405
1378205154222409
1378205154222606
1378205154222611
1378205154222713
1378205154222717
1378205154223361
1378205154223366
1378205154223504
1378205154223509
1378205154223611
1378205154223615
1378205154223863
1378205154223868
1378205154223987
1378205154223991
1378205154224108
1378205154224112
1378205154224231
1378205154224235
1378205154224503
1378205154224507
1378205154224623
1378205154224627
1378205154224888
1378205154224891
1378205154225011
1378205154225016
1378205154225526
1378205154225531
1378205154225651
1378205154225655
1378205154225904
1378205154225908
1378205154226157
1378205154226162
1378205154226414
1378205154226419
1378205154226666
1378205154226670
1378205154226810
1378205154226815
1378205154226922
1378205154226926
1378205154227175
1378205154227180
1378205154227438
1378205154227444
1378205154227561
1378205154227565
1378205154227824
1378205154227829
1378205154228077
1378205154228081
1378205154228202
1378205154228206
1378205154228323
1378205154228327
1378205154228459
1378205154228463
1378205154228830
1378205154228834
1378205154229088
1378205154229093
1378205154229212
1378205154229216
1378205154229465
1378205154229470
1378205154229588
1378205154229593
1378205154229841
1378205154229847
1378205154229963
1378205154229967
1378205154230221
1378205154230225
1378205154230341
1378205154230346
1378205154230597
1378205154230602
1378205154230843
1378205154230847
1378205154231099
1378205154231104
1378205154231220
1378205154231224
1378205154231478
1378205154231483
1378205154231598
1378205154231602
1378205154231855
1378205154231860
1378205154232098
1378205154232102
1378205154232229
1378205154232233
1378205154232347
1378205154232351
1378205154232608
1378205154232612
1378205154232730
1378205154232734
1378205154232867
1378205154232871
1378205154233106
1378205154233110
1378205154233243
1378205154233247
1378205154233484
1378205154233489
1378205154233622
1378205154233627
1378205154233733
1378205154233737
1378205154233858
1378205154233862
1378205154233980
1378205154233984
1378205154234244
1378205154234248
1378205154234364
1378205154234368
1378205154234494
1378205154234498
1378205154234750
1378205154234754
1378205154234876
1378205154234880
1378205154234998
1378205154235003
1378205154235254
1378205154235258
1378205154235374
1378205154235379
1378205154235521
1378205154235526
1378205154235758
1378205154235762
1378205154235895
1378205154235899
1378205154236009
1378205154236014
1378205154236261
1378205154236265
1378205154236383
1378205154236387
1378205154236522
1378205154236527
1378205154236629
1378205154236634
1378205154236894
1378205154236899
1378205154237017
1378205154237022
1378205154237141
1378205154237145
1378205154237287
1378205154237291
1378205154237404
1378205154237409
1378205154237523
1378205154237528
1378205154237781
1378205154237786
1378205154237901
1378205154237905
1378205154238037
1378205154238042
1378205154238288
1378205154238293
1378205154238412
1378205154238416
1378205154238532
1378205154238537
1378205154238792
1378205154238796
1378205154238911
1378205154238915
1378205154239167
1378205154239171
1378205154239289
1378205154239294
1378205154239414
1378205154239418
1378205154239552
1378205154239556
1378205154239671
1378205154239675
1378205154239793
1378205154239797
1378205154239924
1378205154239929
1378205154240068
1378205154240073
1378205154240182
1378205154240187
1378205154242689
1378205154242698
1378205154245205
1378205154245211
1378205154245321
1378205154245326
1378205154245460
1378205154245464
1378205154245572
1378205154245575
1378205154245702
1378205154245706
1378205154245811
1378205154245853
1378205154245872
1378205154245963
1378205154246079
1378205154246086
1378205154246188
1378205154246193
1378205154246310
1378205154246314
1378205154246447
1378205154246452
1378205154246771
1378205154246775
1378205154246908
1378205154246912
1378205154247368
1378205154247374
1378205154247620
1378205154247625
1378205154247741
1378205154247746
1378205154247893
1378205154247897
1378205154248152
1378205154248157
1378205154248292
1378205154248296
1378205154248445
1378205154248450
1378205154248559
1378205154248563
1378205154248681
1378205154248685
1378205154248810
1378205154248814
1378205154249194
1378205154249199
1378205154249356
1378205154249361
1378205154250099
1378205154250104
1378205154250238
1378205154250242
1378205154250346
1378205154250350
1378205154250568
1378205154250573
1378205154250686
1378205154250691
1378205154251009
1378205154251014
1378205154251139
1378205154251143
1378205154251398
1378205154251402
1378205154251535
1378205154251539
1378205154252036
1378205154252040
1378205154252158
1378205154252162
1378205154252282
1378205154252286
1378205154252537
1378205154252541
1378205154252797
1378205154252802
1378205154252921
1378205154252925
1378205154253174
1378205154253179
1378205154253429
1378205154253436
1378205154253550
1378205154253555
1378205154253680
1378205154253685
1378205154254067
1378205154254071
1378205154254329
1378205154254333
1378205154254575
1378205154254579
1378205154254829
1378205154254833
1378205154254961
1378205154254965
1378205154255076
1378205154255080
1378205154255338
1378205154255342
1378205154255463
1378205154255467
1378205154255860
1378205154255864
1378205154256117
1378205154256121
1378205154256247
1378205154256252
1378205154256487
1378205154256494
1378205154256612
1378205154256616
1378205154256879
1378205154256883
1378205154257127
1378205154257131
1378205154257391
1378205154257395
1378205154257515
1378205154257519
1378205154257636
1378205154257640
1378205154257899
1378205154257904
1378205154258023
1378205154258027
1378205154258283
1378205154258287
1378205154258538
1378205154258542
1378205154258694
1378205154258699
1378205154258803
1378205154258807
1378205154259033
1378205154259037
1378205154259295
1378205154259299
1378205154259463
1378205154259467
1378205154259571
1378205154259575
1378205154259738
1378205154259742
1378205154259905
1378205154259909
1378205154260012
1378205154260016
1378205154260132
1378205154260136
1378205154260256
1378205154260260
1378205154260406
1378205154260410
1378205154260513
1378205154260517
1378205154260767
1378205154260772
1378205154261017
1378205154261021
1378205154261155
1378205154261160
1378205154261321
1378205154261325
1378205154261443
1378205154261447
1378205154262131
1378205154262135
1378205154262289
1378205154262293
1378205154262395
1378205154262399
1378205154262570
1378205154262574
1378205154262676
1378205154262680
1378205154262931
1378205154262935
1378205154263087
1378205154263091
1378205154263211
1378205154263215
1378205154263335
1378205154263339
1378205154263601
1378205154263605
1378205154263851
1378205154263855
1378205154264019
1378205154264023
1378205154264125
1378205154264129
1378205154276009
1378205154315485
1378205154349847
1378205154382725
1378205154382878
1378205154382966
1378205154383079
1378205154383808
1378205154383923
1378205154387466
1378205154387483
1378205154387493
1378205154387500
1378205154387505
1378205154387509
1378205154387513
1378205154387518
1378205154387522
1378205154387559
1378205154387565
1378205154387569
1378205154387572
1378205154387954
1378205154387965
1378205154387976
1378205154387980
1378205154387984
1378205154387988
1378205154387992
1378205154387996
1378205154388000
1378205154388003
1378205154388007
1378205154388010
1378205154388375
1378205154388381
1378205154388385
1378205154388390
1378205154388394
1378205154388742
1378205154388747
1378205154388754
1378205154388758
1378205154388763
1378205154388774
1378205154388778
1378205154388782
1378205154388785
1378205154388788
1378205154388791
1378205154388794
1378205154388798
1378205154388801
1378205154388804
1378205154388808
1378205154389268
1378205154389441
1378205154389449
1378205154389452
1378205154389459
1378205154389465
1378205154389471
1378205154389476
1378205154389479
1378205154389483
1378205154389488
1378205154389492
1378205154389495
1378205154389498
1378205154389501
1378205154389506
1378205154389509
1378205154389524
1378205154389530
1378205154390145
1378205154390156
1378205154390164
1378205154390168
1378205154390174
1378205154390180
1378205154390186
1378205154390192
1378205154390198
1378205154390204
1378205154390210
1378205154390216
1378205154390222
1378205154390226
1378205154390229
1378205154390233
1378205154390246
1378205154390250
1378205154390254
1378205154390859
1378205154390869
1378205154390879
1378205154390884
1378205154390888
1378205154390892
1378205154390897
1378205154390901
1378205154390905
1378205154390909
1378205154390913
1378205154390917
1378205154390922
1378205154390928
1378205154390932
1378205154390936
1378205154390950
1378205154390954
1378205154390959
1378205154390963
1378205154391108
1378205154391737
1378205154391748
1378205154391758
1378205154391762
1378205154391766
1378205154393759
1378205154393859
1378205154393864
1378205154393866
1378205154394717
1378205154394725
1378205154394733
1378205154394736
1378205154394766
1378205154394770
1378205154394773
1378205154394815
1378205154394823
1378205154394828
1378205154394835
1378205154394841
1378205154394849
1378205154394853
1378205154394916
1378205154394921
1378205154394925
1378205154394928
1378205154394932
1378205154394936
1378205154394939
1378205154395166
1378205154395173
1378205154395177
1378205154395183
1378205154395189
1378205154395195
1378205154395201
1378205154395207
1378205154395212
1378205154395565
1378205154395573
1378205154395582
1378205154395586
1378205154395590
1378205154395594
1378205154395597
1378205154395601
1378205154395605
1378205154395607
1378205154396970
1378205154406884
1378205154409617
1378205154414073
1378205154414095
1378205154416187
1378205154416204
1378205154416389
1378205154416398
1378205154416545
1378205154416550
1378205154416730
1378205154416734
1378205154417016
1378205154417026
1378205154417998
1378205154418009
1378205154418285
1378205154418294
1378205154418503
1378205154418508
1378205154421347
1378205154421497
1378205154427905
1378205154428125
1378205154428249
1378205154430571
1378205154439160
1378205154439184
1378205154439422
1378205154439432
1378205154439550
1378205154477869
1378205154503008
1378205154507261
1378205154507287
1378205154520493
1378205154521395
1378205154539585
1378205154539830
1378205154539947
1378205154540181
1378205154540298
1378205154540421
1378205154540573
1378205154540685
1378205154540800
1378205154541113
1378205154557683
1378205154557703
1378205154557884
1378205154557893
1378205154557999
1378205154558007
1378205154558941
1378205154559071
1378205154559196
1378205154559316
1378205154559436
1378205154559593
1378205154583075
1378205154583211
1378205154583261
1378205154583369
1378205154583579
1378205154583629
1378205154583691
1378205154583812
1378205154583818
1378205154584245
1378205154584253
1378205154608617
1378205154608638
1378205154608907
1378205154608912
1378205154609164
1378205154609172
1378205154609420
1378205154609426
1378205154609545
1378205154609550
1378205154609647
1378205154609934
1378205154609942
1378205154610054
1378205154610058
1378205154610217
1378205154610221
1378205154610456
1378205154610460
1378205154610611
1378205154610615
1378205154610719
1378205154610723
1378205154610871
1378205154610875
1378205154634507
1378205154634525
1378205154634803
1378205154634813
1378205154634925
1378205154634933
1378205154635299
1378205154635308
1378205154635685
1378205154635695
1378205154635807
1378205154635816
1378205154636092
1378205154636099
1378205154636480
1378205154636484
1378205154636592
1378205154636598
1378205154636713
1378205154636719
1378205154636981
1378205154636990
1378205154637105
1378205154637111
1378205154640281
1378205154640306
1378205154640518
1378205154640528
1378205154640540
1378205154640544
1378205154640586
1378205154640676
1378205154640728
1378205154640783
1378205154640935
1378205154640941
1378205154640951
1378205154640955
1378205154640959
1378205154641519
1378205154641630
1378205154641701
1378205154641814
1378205154641869
1378205154642010
1378205154660077
1378205154660205
1378205154660530
1378205154660644
1378205154660898
1378205154661011
1378205154661612
1378205154661742
1378205154665067
1378205154665195
1378205154665287
1378205154665399
1378205154665553
1378205154665667
1378205154666338
1378205154666459
1378205154666573
1378205154666684
1378205154666937
1378205154667061
1378205154667346
1378205154667420
1378205154667531
1378205154667536
1378205154667796
1378205154667803
1378205154667913
1378205154667918
1378205154668027
1378205154668104
1378205154668324
1378205154668332
1378205154668443
1378205154668447
1378205154668561
1378205154668692
1378205154668699
1378205154668916
1378205154668923
1378205154669030
1378205154669037
1378205154685942
1378205154685964
1378205154686192
1378205154686196
1378205154686378
1378205154686387
1378205154690521
1378205154690533
1378205154690703
1378205154690712
1378205154690891
1378205154690900
1378205154691018
1378205154691027
1378205154692274
1378205154692286
1378205154692460
1378205154692468
1378205154692789
1378205154692797
1378205154693052
1378205154693058
1378205154693588
1378205154693599
1378205154693964
1378205154693973
1378205154694204
1378205154694212
1378205154694330
1378205154694338
1378205154694451
1378205154694455
1378205154694590
1378205154694666
1378205154694727
1378205154694782
1378205154694855
1378205154694978
1378205154695056
1378205154711582
1378205154711669
1378205154711727
1378205154711820
1378205154711879
1378205154711938
1378205154711993
1378205154716255
1378205154716269
1378205154716376
1378205154716384
1378205154716549
1378205154716553
1378205154716661
1378205154716666
1378205154716832
1378205154716838
1378205154716945
1378205154716950
1378205154718741
1378205154718754
1378205154718908
1378205154718916
1378205154719124
1378205154719129
1378205154719233
1378205154719239
1378205154719713
1378205154719722
1378205154719960
1378205154719965
1378205154720254
1378205154720263
1378205154720377
1378205154720498
1378205154720544
1378205154720690
1378205154720695
1378205154737250
1378205154737270
1378205154739145
1378205154739158
1378205154739265
1378205154739272
1378205154739386
1378205154739390
1378205154739504
1378205154739567
1378205154739677
1378205154739685
1378205154739759
1378205154740103
1378205154742163
1378205154742286
1378205154742295
1378205154742437
1378205154742556
1378205154742792
1378205154742911
1378205154744871
1378205154744990
1378205154745065
1378205154745133
1378205154745239
1378205154745364
1378205154745817
1378205154745931
1378205154746231
1378205154746342
1378205154746407
1378205154746522
1378205154746596
1378205154764931
1378205154764949
1378205154765168
1378205154765177
1378205154765290
1378205154765296
1378205154765452
1378205154765458
1378205154765565
1378205154765571
1378205154765683
1378205154765688
1378205154765987
1378205154765996
1378205154766130
1378205154766136
1378205154767959
1378205154767972
1378205154768078
1378205154768085
1378205154768236
1378205154768243
1378205154768349
1378205154768358
1378205154768511
1378205154768516
1378205154768621
1378205154768626
1378205154770771
1378205154770792
1378205154770984
1378205154770992
1378205154771141
1378205154771146
1378205154771396
1378205154771405
1378205154771523
1378205154771531
1378205154771821
1378205154771947
1378205154772240
1378205154773740
1378205154775624
1378205154791110
1378205154791137
1378205154791355
1378205154791361
1378205154791481
1378205154791490
1378205154791616
1378205154791621
1378205154791737
1378205154791868
1378205154791980
1378205154791985
1378205154793691
1378205154793703
1378205154793809
1378205154793818
1378205154794059
1378205154794068
1378205154794177
1378205154794185
1378205154794300
1378205154794304
1378205154794419
1378205154794563
1378205154794614
1378205154794746
1378205154794751
1378205154795099
1378205154795103
1378205154796409
1378205154796422
1378205154796592
1378205154796600
1378205154797339
1378205154797349
1378205154797557
1378205154797564
1378205154797671
1378205154797680
1378205154797829
1378205154797991
1378205154816742
1378205154816893
1378205154816983
1378205154817097
1378205154817222
1378205154817349
1378205154817353
1378205154817470
1378205154817561
1378205154817614
1378205154817680
1378205154817788
1378205154817915
1378205154817989
1378205154819316
1378205154819329
1378205154819895
1378205154819907
1378205154820143
1378205154820151
1378205154820397
1378205154820405
1378205154820517
1378205154820526
1378205154820671
1378205154820679
1378205154820785
1378205154820792
1378205154821075
1378205154821086
1378205154821193
1378205154821204
1378205154821318
1378205154821476
1378205154822765
1378205154822883
1378205154822947
1378205154823064
1378205154823154
1378205154823266
1378205154823271
1378205154843488
1378205154843511
1378205154843723
1378205154843726
1378205154843837
1378205154843842
1378205154843960
1378205154843963
1378205154844082
1378205154844088
1378205154844259
1378205154844262
1378205154844365
1378205154844370
1378205154844490
1378205154844495
1378205154846676
1378205154846688
1378205154846917
1378205154846923
1378205154847041
1378205154847046
1378205154847167
1378205154847171
1378205154847286
1378205154847292
1378205154847547
1378205154847553
1378205154847664
1378205154847669
1378205154847797
1378205154847802
1378205154847917
1378205154847921
1378205154848095
1378205154848101
1378205154848204
1378205154848208
1378205154849422
1378205154849434
1378205154849540
1378205154849545
1378205154849697
1378205154849701
1378205154849804
1378205154849808
1378205154869462
1378205154869483
1378205154869545
1378205154869597
1378205154869832
1378205154869839
1378205154869937
1378205154869947
1378205154869952
1378205154870157
1378205154870163
1378205154870272
1378205154870277
1378205154870407
1378205154870412
1378205154870709
1378205154870714
1378205154872820
1378205154872831
1378205154872936
1378205154872944
1378205154873185
1378205154873189
1378205154873303
1378205154873307
1378205154873432
1378205154873551
1378205154873630
1378205154873827
1378205154873837
1378205154873957
1378205154874085
1378205154874146
1378205154874393
1378205154874398
1378205154874565
1378205154874573
1378205154874692
1378205154874700
1378205154875246
1378205154875256
1378205154875554
1378205154875564
1378205154875677
1378205154875686
1378205154875835
1378205154875840
1378205154895706
1378205154895724
1378205154895950
1378205154895959
1378205154896069
1378205154896074
1378205154896187
1378205154896192
1378205154896316
1378205154896322
1378205154896484
1378205154896489
1378205154898617
1378205154898628
1378205154898788
1378205154898798
1378205154899002
1378205154899009
1378205154899116
1378205154899123
1378205154899630
1378205154899640
1378205154899872
1378205154899877
1378205154900134
1378205154900145
1378205154900252
1378205154900259
1378205154900369
1378205154900526
1378205154900586
1378205154900656
1378205154900659
1378205154900828
1378205154900834
1378205154901760
1378205154901773
1378205154901998
1378205154902009
1378205154902167
1378205154902177
1378205154902286
1378205154902295
1378205154902484
1378205154902492
1378205154902618
1378205154902626
1378205154921416
1378205154921439
1378205154921504
1378205154921560
1378205154921802
1378205154921811
1378205154921865
1378205154921932
1378205154922045
1378205154922049
1378205154922107
1378205154922158
1378205154922323
1378205154922326
1378205154924968
1378205154924979
1378205154925089
1378205154925097
1378205154925217
1378205154925221
1378205154925341
1378205154925351
1378205154926161
1378205154926172
1378205154926411
1378205154926420
1378205154926529
1378205154926538
1378205154926724
1378205154926728
1378205154926833
1378205154926838
1378205154926953
1378205154926959
1378205154927678
1378205154927690
1378205154927799
1378205154927807
1378205154928043
1378205154928056
1378205154928170
1378205154928178
1378205154928290
1378205154928374
1378205154928482
1378205154928489
1378205154928545
1378205154928612
1378205154928692
1378205154928722
1378205154928729
1378205154947484
1378205154947523
1378205154947714
1378205154947723
1378205154947830
1378205154947839
1378205154947949
1378205154947954
1378205154948071
1378205154948076
1378205154948249
1378205154948252
1378205154948360
1378205154948365
1378205154948475
1378205154948481
1378205154951061
1378205154951072
1378205154951179
1378205154951186
1378205154951328
1378205154951336
1378205154951420
1378205154951478
1378205154952081
1378205154952094
1378205154952287
1378205154952296
1378205154952409
1378205154952413
1378205154952623
1378205154952631
1378205154953487
1378205154953499
1378205154953741
1378205154953744
1378205154953981
1378205154953987
1378205154954104
1378205154954109
1378205154954221
1378205154954306
1378205154954367
1378205154954423
1378205154954628
1378205154954635
1378205154954764
1378205154954768
1378205154954888
1378205154955000
1378205154955196
1378205154955204
1378205154974087
1378205154974109
1378205154974219
1378205154974227
1378205154974450
1378205154974457
1378205154974573
1378205154974582
1378205154974711
1378205154974714
1378205154974823
1378205154974931
1378205154974987
1378205154975143
1378205154975148
1378205154975265
1378205154975332
1378205154977312
1378205154977329
1378205154977438
1378205154977446
1378205154977646
1378205154977650
1378205154977769
1378205154977778
1378205154978028
1378205154978037
1378205154978335
1378205154978345
1378205154978454
1378205154978511
1378205154978573
1378205154978627
1378205154980115
1378205154980124
1378205154980231
1378205154980239
1378205154980486
1378205154980491
1378205154980601
1378205154980608
1378205154980704
1378205154980761
1378205154980872
1378205154980876
1378205154981042
1378205154981101
1378205154981213
1378205154981217
1378205155000274
1378205155000292
1378205155000403
1378205155000411
1378205155000637
1378205155000646
1378205155000755
1378205155000821
1378205155000881
1378205155000934
1378205155001012
1378205155001185
1378205155001351
1378205155001360
1378205155002030
1378205155002037
1378205155002182
1378205155002190
1378205155003522
1378205155003533
1378205155003640
1378205155003648
1378205155003885
1378205155003897
1378205155004006
1378205155004014
1378205155004131
1378205155004250
1378205155004393
1378205155004460
1378205155004570
1378205155004578
1378205155005454
1378205155006291
1378205155006313
1378205155006423
1378205155006432
1378205155006538
1378205155006778
1378205155006908
1378205155007029
1378205155007154
1378205155007463
1378205155012485
1378205155026437
1378205155026554
1378205155026563
1378205155026683
1378205155026691
1378205155026954
1378205155026959
1378205155027081
1378205155027089
1378205155027237
1378205155027244
1378205155027369
1378205155027372
1378205155027699
1378205155027706
1378205155027822
1378205155027829
1378205155027958
1378205155027962
1378205155029540
1378205155029556
1378205155029670
1378205155029677
1378205155029906
1378205155029913
1378205155030019
1378205155030145
1378205155030266
1378205155030434
1378205155030494
1378205155030627
1378205155030632
1378205155030748
1378205155031194
1378205155032434
1378205155032553
1378205155032676
1378205155032798
1378205155032860
1378205155032972
1378205155032980
1378205155033055
1378205155033193
1378205155033296
1378205155033360
1378205155033469
1378205155033477
1378205155052742
1378205155052763
1378205155052980
1378205155052988
1378205155053098
1378205155053102
1378205155053220
1378205155053341
1378205155053415
1378205155053479
1378205155053534
1378205155053627
1378205155053719
1378205155053901
1378205155055263
1378205155055380
1378205155055449
1378205155055569
1378205155055681
1378205155055794
1378205155055941
1378205155056164
1378205155056320
1378205155056435
1378205155056563
1378205155056676
1378205155056924
1378205155057048
1378205155057056
1378205155057194
1378205155057253
1378205155057315
1378205155057372
1378205155057465
1378205155057562
1378205155058118
1378205155058503
1378205155058618
1378205155058747
1378205155058876
1378205155058883
1378205155058994
1378205155059119
1378205155059241
1378205155059606
1378205155078771
1378205155078896
1378205155078903
1378205155079020
1378205155079030
1378205155079255
1378205155079261
1378205155079391
1378205155079395
1378205155079445
1378205155079584
1378205155079592
1378205155079700
1378205155079708
1378205155079820
1378205155080042
1378205155081151
1378205155081274
1378205155081384
1378205155081497
1378205155081552
1378205155081661
1378205155081666
1378205155081859
1378205155081920
1378205155082471
1378205155082481
1378205155082720
1378205155082728
1378205155082876
1378205155082884
1378205155083051
1378205155083176
1378205155083266
1378205155083326
1378205155083384
1378205155083483
1378205155083851
1378205155084298
1378205155084422
1378205155084426
1378205155084679
1378205155084686
1378205155084794
1378205155084799
1378205155084910
1378205155085031
1378205155085121
1378205155085184
1378205155085237
1378205155085294
1378205155085543
1378205155104954
1378205155105076
1378205155105086
1378205155105203
1378205155105212
1378205155105455
1378205155105465
1378205155105575
1378205155105580
1378205155105708
1378205155105807
1378205155105859
1378205155105915
1378205155106260
1378205155106267
1378205155106916
1378205155106926
1378205155107046
1378205155107055
1378205155107257
1378205155107260
1378205155107377
1378205155107379
1378205155107852
1378205155107857
1378205155108413
1378205155108425
1378205155108529
1378205155108533
1378205155108660
1378205155108665
1378205155108776
1378205155108781
1378205155108895
1378205155108949
1378205155110197
1378205155110208
1378205155110315
1378205155110319
1378205155110563
1378205155110569
1378205155110687
1378205155110691
1378205155110808
1378205155110813
1378205155110933
1378205155111127
1378205155111256
1378205155114094
1378205155130926
1378205155131045
1378205155131054
1378205155131291
1378205155131301
1378205155131414
1378205155131422
1378205155131535
1378205155131544
1378205155131661
1378205155131866
1378205155131958
1378205155132078
1378205155132086
1378205155132368
1378205155132377
1378205155132834
1378205155132843
1378205155132977
1378205155132986
1378205155133097
1378205155133102
1378205155133288
1378205155133296
1378205155133418
1378205155133423
1378205155133526
1378205155133638
1378205155134154
1378205155134164
1378205155134398
1378205155134404
1378205155134556
1378205155134564
1378205155134715
1378205155134720
1378205155134830
1378205155134894
1378205155134956
1378205155135010
1378205155135087
1378205155135298
1378205155135477
1378205155136347
1378205155136360
1378205155139399
1378205155139417
1378205155139527
1378205155139535
1378205155139648
1378205155139657
1378205155139764
1378205155139772
1378205155139887
1378205155141635
1378205155157092
1378205155157216
1378205155157226
1378205155157325
1378205155157406
1378205155157515
1378205155157526
1378205155157752
1378205155157760
1378205155157942
1378205155157950
1378205155158064
1378205155158069
1378205155158457
1378205155158463
1378205155158578
1378205155158583
1378205155158951
1378205155158960
1378205155159071
1378205155159079
1378205155159319
1378205155159327
1378205155159544
1378205155159549
1378205155159665
1378205155159670
1378205155159953
1378205155159958
1378205155160062
1378205155160071
1378205155160460
1378205155160470
1378205155160614
1378205155160622
1378205155160729
1378205155160738
1378205155160853
1378205155161124
1378205155161133
1378205155161257
1378205155161261
1378205155161370
1378205155161508
1378205155164716
1378205155164832
1378205155164896
1378205155165010
1378205155165083
1378205155165197
1378205155165449
1378205155165563
1378205155165799
1378205155165914
1378205155165919
1378205155166023
1378205155166077
1378205155183418
1378205155183441
1378205155183505
1378205155183560
1378205155183652
1378205155183707
1378205155183875
1378205155183882
1378205155184236
1378205155184245
1378205155184457
1378205155184466
1378205155184535
1378205155184539
1378205155184797
1378205155184805
1378205155185407
1378205155185418
1378205155185585
1378205155185595
1378205155185705
1378205155185713
1378205155185973
1378205155185983
1378205155186449
1378205155186459
1378205155186821
1378205155186835
1378205155187075
1378205155187084
1378205155187189
1378205155187197
1378205155187311
1378205155187320
1378205155187435
1378205155187443
1378205155187555
1378205155187564
1378205155187684
1378205155187692
1378205155190305
1378205155190318
1378205155190554
1378205155190562
1378205155190738
1378205155190742
1378205155190859
1378205155190868
1378205155190980
1378205155191043
1378205155191154
1378205155191165
1378205155191410
1378205155191703
1378205155191712
1378205155191861
1378205155191865
1378205155192138
1378205155192147
1378205155192286
1378205155192290
1378205155192718
1378205155209742
1378205155209783
1378205155209848
1378205155209917
1378205155210032
1378205155210038
1378205155210095
1378205155210149
1378205155210667
1378205155210682
1378205155210787
1378205155210794
1378205155211073
1378205155211085
1378205155211196
1378205155211202
1378205155211796
1378205155211809
1378205155212016
1378205155212025
1378205155212133
1378205155212141
1378205155212262
1378205155212267
1378205155212912
1378205155212926
1378205155213157
1378205155213166
1378205155213277
1378205155213285
1378205155213476
1378205155213480
1378205155213588
1378205155213593
1378205155213707
1378205155213712
1378205155213948
1378205155213955
1378205155214106
1378205155214110
1378205155216885
1378205155216905
1378205155217013
1378205155217021
1378205155217247
1378205155217257
1378205155217372
1378205155217380
1378205155217490
1378205155217611
1378205155217827
1378205155217966
1378205155218309
1378205155218458
1378205155218538
1378205155235573
1378205155235590
1378205155235748
1378205155235757
1378205155236015
1378205155236026
1378205155236134
1378205155236145
1378205155240003
1378205155240024
1378205155240146
1378205155240154
1378205155240275
1378205155240279
1378205155240398
1378205155240403
1378205155240520
1378205155240525
1378205155240840
1378205155240850
1378205155240965
1378205155240973
1378205155241085
1378205155241090
1378205155241212
1378205155241218
1378205155241330
1378205155241455
1378205155241511
1378205155241578
1378205155241630
1378205155241732
1378205155241826
1378205155241836
1378205155241958
1378205155242069
1378205155242269
1378205155243396
1378205155243516
1378205155243525
1378205155243640
1378205155243649
1378205155243893
1378205155243898
1378205155244039
1378205155244047
1378205155244159
1378205155244164
1378205155244278
1378205155244415
1378205155244592
1378205155244724
1378205155244729
1378205155262402
1378205155262422
1378205155262577
1378205155262585
1378205155262792
1378205155262800
1378205155262920
1378205155262928
1378205155264694
1378205155264705
1378205155266845
1378205155266857
1378205158337870
1378205162950722
1378205162951958
1378205162951970
1378205162952476
1378205177951254
1378205177951587
1378205177952098
1378205237845810
1378205237862720
1378205237862749
1378205237862981
1378205237880368
1378205237880521
1378205237880726
1378205237883410
1378205237884003
1378205237897177
