1380014917277422
1380014917282369
1380014917282561
1380014917282934
1380014917286712
1380014917286784
1380014917287012
1380014917287102
1380014917287458
1380014917287517
1380014917287748
1380014917288023
1380014917288212
1380014917288302
1380014917288535
1380014917288979
1380014917291245
1380014917291462
1380014917291966
1380014917292391
1380014917292442
1380014917292828
1380014917293026
1380014917293093
1380014917293311
1380014917293638
1380014917293717
1380014917293891
1380014917417101
1380014917435648
1380014917447740
1380014917447793
1380014917456081
1380014917456178
1380014917456451
1380014917456702
1380014917456784
1380014917456841
1380014917457059
1380014917457235
1380014917457325
1380014917457896
1380014917483585
1380014917483651
1380014917484019
1380014917484551
1380014917496295
1380014917496550
1380014917496653
1380014917496855
1380014917497030
1380014917497248
1380014917497448
1380014917497982
1380014917498400
1380014917498479
1380014917499144
1380014917499201
1380014917501923
1380014917502007
1380014917502077
1380014917502326
1380014917502640
1380014917506111
1380014917506582
1380014917506651
1380014917506916
1380014917508433
1380014917508520
1380014917508744
1380014917508800
1380014917509257
1380014917509741
1380014917509981
1380014917510520
1380014917510853
1380014917510913
1380014917511309
1380014917511564
1380014917511624
1380014917511911
1380014917512002
1380014917512219
1380014917512281
1380014917512459
1380014917512510
1380014917512794
1380014917512878
1380014917516388
1380014917516392
1380014917516820
1380014917517332
1380014917517476
1380014917517737
1380014917522376
1380014917523031
1380014917523047
1380014917523230
1380014917523301
1380014917523776
1380014917524799
1380014917524993
1380014917525190
1380014917525410
1380014917525522
1380014917526206
1380014917528285
1380014917528582
1380014917529203
1380014917529380
1380014917529641
1380014917529921
1380014917529979
1380014917530337
1380014917530510
1380014917530730
1380014917530873
1380014917531059
1380014917531206
1380014917531281
1380014917537167
1380014917537417
1380014917537656
1380014917537799
1380014917538143
1380014917538436
1380014917538665
1380014917538714
1380014917538920
1380014917543827
1380014917544008
1380014917544216
1380014917544364
1380014917544475
1380014917547137
1380014917547245
1380014917547441
1380014917547622
1380014917547754
1380014917547889
1380014917548023
1380014917548103
1380014917548271
1380014917548420
1380014917548978
1380014917549580
1380014917549739
1380014917549933
1380014917550083
1380014917550331
1380014917550399
1380014917550447
1380014917550574
1380014917550802
1380014917550887
1380014917551403
1380014917551572
1380014917551698
1380014917551798
1380014917551887
1380014917552091
1380014917552417
1380014917552698
1380014917552923
1380014917553080
1380014917553294
1380014917553463
1380014917556364
1380014917556532
1380014917556780
1380014917556989
1380014917557153
1380014917557264
1380014917558393
1380014917558567
1380014917558689
1380014917559834
1380014917559957
1380014917560144
1380014917560298
1380014917560471
1380014917560736
1380014917560954
1380014917561074
1380014917561256
1380014917561518
1380014917561661
1380014917561758
1380014917562339
1380014917562527
1380014917562783
1380014917562977
1380014917563062
1380014917563208
1380014917563555
1380014917563678
1380014917563919
1380014917564013
1380014917564252
1380014917567579
1380014917567600
1380014917568158
1380014917568424
1380014917568527
1380014917568743
1380014917568953
1380014917569195
1380014917569426
1380014917569696
1380014917569978
1380014917570062
1380014917571616
1380014917571804
1380014917572016
1380014917572216
1380014917572463
1380014917572670
1380014917572880
1380014917573094
1380014917573368
1380014917573434
1380014917573713
1380014917573936
1380014917574093
1380014917574785
1380014917576322
1380014917576655
1380014917576862
1380014917577012
1380014917577135
1380014917580587
1380014917580792
1380014917581030
1380014917581194
1380014917581465
1380014917581630
1380014917581709
1380014917582127
1380014917582294
1380014917582466
1380014917582578
1380014917583073
1380014917583219
1380014917583369
1380014917583511
1380014917585550
1380014917585873
1380014917586110
1380014917586377
1380014917586495
1380014917589569
1380014917590527
1380014917590712
1380014917591232
1380014917591553
1380014917591836
1380014917591886
1380014917597803
1380014917597923
1380014917598272
1380014917598474
1380014917603597
1380014917603787
1380014917603917
1380014917604171
1380014917604319
1380014917604430
1380014917604705
1380014917604837
1380014917605123
1380014917605250
1380014917605402
1380014917606481
1380014917609658
1380014917609751
1380014917609937
1380014917610052
1380014917610876
1380014917611007
1380014917611246
1380014917611337
1380014917611628
1380014917611941
1380014917612296
1380014917612417
1380014917612536
1380014917612700
1380014917612832
1380014917613244
1380014917613374
1380014917613563
1380014917614227
1380014917614689
1380014917614763
1380014917614967
1380014917615247
1380014917615653
1380014917616146
1380014917616278
1380014917616410
1380014917616538
1380014917616898
1380014917617142
1380014917617234
1380014917617376
1380014917617681
1380014917617811
1380014917618342
1380014917619522
1380014917619661
1380014917619794
1380014917620263
1380014917620398
1380014917620698
1380014917620794
1380014917620923
1380014917621081
1380014917622835
1380014917623104
1380014917623207
1380014917623332
1380014917626107
1380014917626232
1380014917626365
1380014917626459
1380014917627246
1380014917627503
1380014917627794
1380014917629716
1380014917629721
1380014917630303
1380014917630554
1380014917630788
1380014917630986
1380014917631285
1380014917631451
1380014917634326
1380014917634673
1380014917634826
1380014917635005
1380014917637715
1380014917637924
1380014917638098
1380014917638173
1380014917638304
1380014917638401
1380014917655988
1380014917656134
1380014917656175
1380014917656287
1380014917656333
1380014917656389
1380014917656465
1380014917656509
1380014917656548
1380014917656886
1380014917657419
1380014917657497
1380014917663252
1380014917664139
1380014917664750
1380014917665618
1380014917666015
1380014917666975
1380014917667429
1380014917667955
1380014917668532
1380014917668817
1380014917668989
1380014917669882
1380014917672068
1380014917672610
1380014917672902
1380014917673334
1380014917673776
1380014917674014
1380014917674289
1380014917674531
1380014917675097
1380014917675653
1380014917675896
1380014917676550
1380014917679288
1380014917679549
1380014917682243
1380014917682708
1380014917683072
1380014917683146
1380014917683558
1380014917683696
1380014917685373
1380014917685835
1380014917686199
1380014917686500
1380014917686720
1380014917686839
1380014917687638
1380014917688249
1380014917688711
1380014917688931
1380014917689401
1380014917689514
1380014917690329
1380014917690647
1380014917690839
1380014917691101
1380014917691302
1380014917691417
1380014917697139
1380014917697607
1380014917697684
1380014917697775
1380014917698123
1380014917698208
1380014917698278
1380014917698602
1380014917698844
1380014917699103
1380014917699310
1380014917703048
1380014917703143
1380014917703323
1380014917703397
1380014917703578
1380014917703918
1380014917704031
1380014917704233
1380014917704503
1380014917704597
1380014917704671
1380014917705084
1380014917707857
1380014917707953
1380014917708010
1380014917708340
1380014917708849
1380014917709115
1380014917709333
1380014917709545
1380014917709643
1380014917709960
1380014917710257
1380014917710522
1380014917712367
1380014917712471
1380014917716428
1380014917716865
1380014917717065
1380014917717232
1380014917717607
1380014917718241
1380014917718536
1380014917719107
1380014917719371
1380014917719590
1380014917719817
1380014917720028
1380014917720311
1380014917720457
1380014917725097
1380014917725417
1380014917725840
1380014917725947
1380014917726126
1380014917726766
1380014917727191
1380014917727352
1380014917728655
1380014917728864
1380014917729154
1380014917729408
1380014917730228
1380014917730378
1380014917730792
1380014917731085
1380014917731225
1380014917733377
1380014917734054
1380014917734520
1380014917734669
1380014917735824
1380014917736151
1380014917736468
1380014917736709
1380014917737167
1380014917737411
1380014917737509
1380014917738040
1380014917738551
1380014917738924
1380014917739299
1380014917739459
1380014917740927
1380014917741663
1380014917742225
1380014917743094
1380014917743326
1380014917743972
1380014917744185
1380014917744454
1380014917744945
1380014917745555
1380014917745816
1380014917746724
1380014917747129
1380014917747294
1380014917747421
1380014917748709
1380014917749199
1380014917749329
1380014917749428
1380014917749784
1380014917750080
1380014917750353
1380014917753062
1380014917753592
1380014917753722
1380014917754828
1380014917755082
1380014917756207
1380014917756467
1380014917756649
1380014917756822
1380014917756927
1380014917757054
1380014917757251
1380014917758797
1380014917758939
1380014917759034
1380014917760384
1380014917760641
1380014917760773
1380014917764863
1380014917765144
1380014917765660
1380014917766160
1380014917766301
1380014917766945
1380014917767135
1380014917767586
1380014917767938
1380014917768034
1380014917769198
1380014917769288
1380014917773603
1380014917774053
1380014917774302
1380014917774562
1380014917774767
1380014917774860
1380014917775155
1380014917775358
1380014917775735
1380014917775944
1380014917776144
1380014917776238
1380014917776366
1380014917779659
1380014917779941
1380014917780266
1380014917780415
1380014917780741
1380014917780887
1380014917781019
1380014917781344
1380014917781574
1380014917781829
1380014917782009
1380014917782215
1380014917782428
1380014917782614
1380014917782900
1380014917783040
1380014917783280
1380014917783537
1380014917783932
1380014917784128
1380014917784253
1380014917785335
1380014917787449
1380014917787730
1380014917787956
1380014917788081
1380014917788234
1380014917788380
1380014917788544
1380014917788651
1380014917789169
1380014917789474
1380014917789598
1380014917789762
1380014917790116
1380014917790265
1380014917790393
1380014917790487
1380014917790566
1380014917790727
1380014917791025
1380014917791286
1380014917791589
1380014917791833
1380014917791955
1380014917794565
1380014917794792
1380014917795039
1380014917795156
1380014917795303
1380014917795537
1380014917795676
1380014917795829
1380014917795971
1380014917796064
1380014917796595
1380014917796781
1380014917796979
1380014917797149
1380014917797356
1380014917797475
1380014917797582
1380014917798071
1380014917798325
1380014917799200
1380014917799481
1380014917799620
1380014917802162
1380014917802390
1380014917802519
1380014917802620
1380014917802857
1380014917803023
1380014917803144
1380014917803387
1380014917803483
1380014917803886
1380014917804140
1380014917804239
1380014917804547
1380014917804884
1380014917804983
1380014917808814
1380014917809142
1380014917809242
1380014917809434
1380014917809690
1380014917809814
1380014917810089
1380014917810301
1380014917814764
1380014917814846
1380014917815062
1380014917815257
1380014917815734
1380014917815786
1380014917816052
1380014917816200
1380014917821405
1380014917821533
1380014917821953
1380014917822579
1380014917822773
1380014917826402
1380014917826670
1380014917826810
1380014917826997
1380014917827850
1380014917828106
1380014917828276
1380014917828376
1380014917828475
1380014917830804
1380014917830986
1380014917831112
1380014917831245
1380014917831371
1380014917831869
1380014917832135
1380014917832257
1380014917832442
1380014917832663
1380014917832758
1380014917833450
1380014917833876
1380014917833973
1380014917836794
1380014917837015
1380014917837204
1380014917837305
1380014917837446
1380014917837759
1380014917837982
1380014917838113
1380014917838301
1380014917838517
1380014917838694
1380014917838775
1380014917839407
1380014917839693
1380014917839921
1380014917840151
1380014917840310
1380014917840396
1380014917842837
1380014917843046
1380014917843176
1380014917843897
1380014917844150
1380014917844299
1380014917844380
1380014917844595
1380014917845055
1380014917845210
1380014917845309
1380014917845535
1380014917845757
1380014917845938
1380014917846194
1380014917846624
1380014917846770
1380014917847023
1380014917847297
1380014917847486
1380014917847621
1380014917847733
1380014917848872
1380014917849158
1380014917849434
1380014917850770
1380014917851174
1380014917851343
1380014917851538
1380014917851705
1380014917851830
1380014917852191
1380014917852312
1380014917852502
1380014917852662
1380014917852818
1380014917853294
1380014917853715
1380014917854043
1380014917854338
1380014917854599
1380014917854766
1380014917854990
1380014917855308
1380014917855471
1380014917855811
1380014917856088
1380014917856201
1380014917856624
1380014917856987
1380014917857346
1380014917857638
1380014917858097
1380014917858375
1380014917858726
1380014917859277
1380014917859544
1380014917859741
1380014917860036
1380014917860553
1380014917860678
1380014917861140
1380014917861499
1380014917861731
1380014917864972
1380014917865314
1380014917865478
1380014917865723
1380014917866403
1380014917866772
1380014917867045
1380014917867321
1380014917867704
1380014917868029
1380014917868366
1380014917868804
1380014917869209
1380014917869545
1380014917869892
1380014917870271
1380014917870667
1380014917870860
1380014917872677
1380014917872913
1380014917873005
1380014917873149
1380014917873911
1380014917874003
1380014917881131
1380014917881565
1380014917881831
1380014917881970
1380014917882143
1380014917882560
1380014917883005
1380014917883468
1380014917883722
1380014917883887
1380014917883976
1380014917884469
1380014917884534
1380014917884923
1380014917885100
1380014917885275
1380014917885353
1380014917886557
1380014917886940
1380014917887131
1380014917887339
1380014917887595
1380014917887664
1380014917887869
1380014917888040
1380014917888487
1380014917888636
1380014917888870
1380014917889051
1380014917889359
1380014917889609
1380014917889750
1380014917889923
1380014917890239
1380014917890382
1380014917890646
1380014917890775
1380014917890886
1380014917891134
1380014917891249
1380014917891380
1380014917891514
1380014917891656
1380014917891832
1380014917892003
1380014917892227
1380014917892355
1380014917892568
1380014917892687
1380014917892976
1380014917893218
1380014917893355
1380014917893570
1380014917893728
1380014917893841
1380014917893973
1380014917894083
1380014917894184
1380014917894404
1380014917894576
1380014917894716
1380014917895024
1380014917895166
1380014917895350
1380014917895451
1380014917895591
1380014917895714
1380014917895872
1380014917895981
1380014917896091
1380014917896190
1380014917896447
1380014917896632
1380014917896731
1380014917897748
1380014917897906
1380014917898046
1380014917899433
1380014917899618
1380014917899723
1380014917900241
1380014917900745
1380014917900895
1380014917901102
1380014917901622
1380014917901759
1380014917901929
1380014917902074
1380014917902190
1380014917902356
1380014917902561
1380014917902755
1380014917902880
1380014917903012
1380014917903254
1380014917903434
1380014917903602
1380014917903733
1380014917903937
1380014917904120
1380014917904261
1380014917904405
1380014917904603
1380014917904743
1380014917904967
1380014917905138
1380014917905314
1380014917905505
1380014917905638
1380014917905876
1380014917905977
1380014917906155
1380014917906520
1380014917906791
1380014917907069
1380014917907225
1380014917907585
1380014917907797
1380014917907924
1380014917908064
1380014917908359
1380014917908685
1380014917908932
1380014917909216
1380014917909359
1380014917910197
1380014917910429
1380014917910561
1380014917910768
1380014917910996
1380014917911114
1380014917913116
1380014917913275
1380014917913446
1380014917913617
1380014917913823
1380014917913960
1380014917914446
1380014917914619
1380014917914741
1380014917914940
1380014917915190
1380014917915450
1380014917915563
1380014917915676
1380014917915873
1380014917915963
1380014917916072
1380014917916216
1380014917916379
1380014917916486
1380014917916654
1380014917916744
1380014917916952
1380014917917446
1380014917917587
1380014917918637
1380014917918771
1380014917931251
1380014917931397
1380014917931554
1380014917935313
1380014917935500
1380014917935691
1380014917935860
1380014917935998
1380014917936145
1380014917936480
1380014917936651
1380014917939835
1380014917940076
1380014917940520
1380014917940773
1380014917940877
1380014917941121
1380014917941276
1380014917941429
1380014917941598
1380014917942089
1380014917944281
1380014917944983
1380014917945236
1380014917945374
1380014917945972
1380014917946226
1380014917946363
1380014917946710
1380014917946858
1380014917947039
1380014917948816
1380014917949117
1380014917949931
1380014917950081
1380014917951056
1380014917951347
1380014917951520
1380014917951623
1380014917951716
1380014917951885
1380014917955668
1380014917955875
1380014917956024
1380014918492036
1380014918494055
1380014918496235
1380014918498429
1380014918501355
1380014918508277
1380014918512234
1380014918514996
1380014918515074
1380014918515773
1380014918518211
1380014918518660
1380014918518829
1380014918519032
1380014918519191
1380014918519418
1380014918519636
1380014918519900
1380014918520142
1380014918520315
1380014918520643
1380014918520917
1380014918521022
1380014918521116
1380014918521363
1380014918522686
1380014918522875
1380014918522952
1380014918523326
1380014918523533
1380014918523774
1380014918523883
1380014918524300
1380014918524547
1380014918524800
1380014918525138
1380014918525406
1380014918525733
1380014918526027
1380014918526263
1380014918526601
1380014918526752
1380014918526979
1380014918527227
1380014918529514
1380014918529855
1380014918530119
1380014918530404
1380014918530626
1380014918530738
1380014918531033
1380014918531422
1380014918531582
1380014918531828
1380014918532116
1380014918532382
1380014918532557
1380014918532619
1380014918532886
1380014918533289
1380014918533549
1380014918533895
1380014918534120
1380014918534186
1380014918534739
1380014918534915
1380014918535283
1380014918535593
1380014918535755
1380014918535899
1380014918537173
1380014918537454
1380014918537658
1380014918537918
1380014918538130
1380014918538385
1380014918538614
1380014918538790
1380014918539150
1380014918539459
1380014918539531
1380014918539799
1380014918542002
1380014918543182
1380014918545715
1380014918553330
1380014918559233
1380014918559319
1380014918559480
1380014918559622
1380014918560285
1380014918563423
1380014918563691
1380014918563958
1380014918565893
1380014918568715
1380014918569032
1380014918569264
1380014918569585
1380014918569905
1380014918570214
1380014918570517
1380014918570727
1380014918570910
1380014918572509
1380014918572867
1380014918573310
1380014918573506
1380014918573622
1380014918574031
1380014918574321
1380014918574711
1380014918574859
1380014918575651
1380014918575842
1380014918576094
1380014918576317
1380014918576376
1380014918577557
1380014918577799
1380014918578045
1380014918578286
1380014918578433
1380014918579128
1380014918579398
1380014918579561
1380014918579810
1380014918580010
1380014918580117
1380014918580476
1380014918580668
1380014918581162
1380014918581407
1380014918581703
1380014918581855
1380014918582259
1380014918582561
1380014918582776
1380014918583895
1380014918585091
1380014918585438
1380014918585732
1380014918585965
1380014918586091
1380014918586470
1380014918586797
1380014918587207
1380014918587436
1380014918587686
1380014918587893
1380014918588138
1380014918588567
1380014918588895
1380014918589158
1380014918589473
1380014918589745
1380014918589899
1380014918590087
1380014918590184
1380014918590850
1380014918591311
1380014918591554
1380014918591736
1380014918592146
1380014918592421
1380014918592693
1380014918592842
1380014918593768
1380014918593989
1380014918594245
1380014918594529
1380014918594691
1380014918595040
1380014918595297
1380014918595548
1380014918595718
1380014918596769
1380014918597161
1380014918597432
1380014918597771
1380014918598102
1380014918598312
1380014918598579
1380014918598750
1380014918599076
1380014918599355
1380014918599543
1380014918599678
1380014918600740
1380014918601307
1380014918601617
1380014918601869
1380014918602163
1380014918602404
1380014918602634
1380014918603367
1380014918603586
1380014918603673
1380014918604544
1380014918604866
1380014918605331
1380014918605540
1380014918605831
1380014918606081
1380014918606183
1380014918606426
1380014918606579
1380014918606748
1380014918606934
1380014918607331
1380014918607530
1380014918607700
1380014918609834
1380014918610015
1380014918610847
1380014918611206
1380014918611470
1380014918611740
1380014918611996
1380014918612181
1380014918612600
1380014918612706
1380014918615853
1380014918616149
1380014918625920
1380014918626231
1380014918632515
1380014918634523
1380014918635600
1380014918655922
1380014918659849
1380014918660064
1380014918752976
1380014918856542
1380014918856633
1380014918856714
1380014918954215
1380014919344633
1380014919344707
1380014919349870
1380014919368989
1380014919443941
1380014919548448
1380014919549475
1380014919652661
1380014919653036
1380014919691300
