1379803484008901
1379803484081525
1379803484081852
1379803484081978
1379803484092644
1379803484092939
1379803484093004
1379803484093200
1379803484093330
1379803484104021
1379803484104200
1379803484104385
1379803484104523
1379803484104670
1379803484104759
1379803484105037
1379803484153652
1379803484159038
1379803484159221
1379803484159506
1379803484163431
1379803484163527
1379803484163777
1379803484163933
1379803484164209
1379803484172029
1379803484172165
1379803484172338
1379803484172393
1379803484176199
1379803484176356
1379803484176723
1379803484176962
1379803484177352
1379803484177591
1379803484177869
1379803484183177
1379803484183357
1379803484183660
1379803484220372
1379803484232203
1379803484232283
1379803484232518
1379803484276336
1379803484276581
1379803484282704
1379803484282898
1379803484283173
1379803484288838
1379803484288859
1379803484288980
1379803484294121
1379803484294298
1379803484294595
1379803484332503
1379803484340144
1379803484340220
1379803484340424
1379803484383642
1379803484389543
1379803484389801
1379803484390035
1379803484432305
1379803484438170
1379803484438542
1379803484480299
1379803484487273
1379803484490364
1379803484490505
1379803484490674
1379803484491479
1379803484491736
1379803484498090
1379803484498446
1379803484498658
1379803484499000
1379803484499204
1379803484499274
1379803484499725
1379803484499887
1379803484500181
1379803484500342
1379803484504127
1379803484504224
1379803484504460
1379803484504527
1379803484505003
1379803484505416
1379803484505544
1379803484505655
1379803484505992
1379803484506078
1379803484511642
1379803484512156
1379803484512233
1379803484516113
1379803484516506
1379803484516706
1379803484517170
1379803484517313
1379803484517462
1379803484518555
1379803484518671
1379803484556547
1379803484597485
1379803484630736
1379803484638498
1379803484638822
1379803484644758
1379803484684216
1379803484684484
1379803484689614
1379803484732379
1379803484745875
1379803484749804
1379803484750111
1379803484755567
1379803484792734
1379803484792972
1379803484798684
1379803484798773
1379803484799030
1379803484802952
1379803484803052
1379803484803279
1379803484808635
1379803484812801
1379803484818012
1379803484818269
1379803485003628
1379803485040820
1379803485040944
1379803485041054
1379803485075539
1379803485138043
1379803485163110
1379803485163901
1379803485181853
1379803485221588
1379803485222530
1379803485258176
1379803485258516
1379803485297896
