1379198713726712
1379198713944744
1379198713945167
1379198714161677
1379198714251143
1379198714333327
1379198714333696
1379198714333900
1379198714358534
1379198714358984
1379198714432853
1379198714433106
1379198714433193
1379198714467610
1379198714487792
1379198714500384
1379198714500515
1379198714505239
1379198714543669
1379198714544530
1379198714578596
1379198714579293
1379198714580386
1379198714580824
1379198714581085
1379198714620973
1379198714800670
1379198714801043
1379198714801111
1379198714801201
1379198714801572
1379198714801632
1379198714801846
1379198715018345
1379198715134977
1379198715204655
1379198715204740
1379198715204960
1379198715273605
1379198715317075
1379198715400204
1379198715400786
1379198715400835
1379198715587878
1379198715588969
1379198715589475
1379198715589795
1379198715659721
1379198715660497
1379198715694395
1379198715694472
1379198715694785
1379198715694873
1379198715694967
1379198715732025
1379198715732095
1379198715732180
1379198715763145
1379198715764231
1379198715818624
1379198715836404
1379198715836689
1379198715887794
1379198715888159
1379198715888507
1379198715908300
1379198715908961
1379198715959177
1379198715959957
1379198715977325
1379198715977406
1379198715977610
1379198715978369
1379198715978516
1379198716014591
1379198716014614
1379198716029939
1379198716030001
1379198716030093
1379198716045756
1379198716048254
1379198716048282
1379198716048342
1379198716049869
1379198716066204
1379198716120932
1379198716171082
1379198716171368
1379198716171617
1379198716176972
1379198716180894
1379198716182680
1379198716286221
1379198716287035
1379198716287128
1379198716287196
1379198716287300
1379198716287677
1379198716287757
1379198716288029
1379198716288864
1379198716289474
1379198716357222
1379198716358231
1379198716358336
1379198716358424
1379198716359325
1379198716359419
1379198716360121
1379198716360831
1379198716391215
1379198716391829
1379198716427304
1379198716427396
1379198716427729
1379198716427808
1379198716427877
1379198716428265
1379198716428357
1379198716429347
1379198716429410
1379198716640071
1379198716640159
1379198716640416
1379198716640484
1379198716640709
1379198716640770
1379198716640857
1379198716654760
1379198716749018
1379198716751848
1379198716751933
1379198716752185
1379198716752240
1379198716820300
1379198716821667
1379198716891825
1379198717272227
1379198717549442
1379198717549537
1379198717549748
1379198717825342
1379198717828965
1379198718108128
1379198718108782
1379198718394504
1379198718395408
