1380263140176064
1380263140293920
1380263140296229
1380263140296288
1380263140296648
1380263140331935
1380263140332157
1380263140332366
1380263140361530
1380263140366484
1380263140374903
1380263140375145
1380263140405464
1380263140413376
1380263140416382
1380263140416454
1380263140429521
1380263140498209
1380263140530760
1380263140530994
1380263140531059
1380263140531451
1380263140531536
1380263140532009
1380263140532074
1380263140532261
1380263140532621
1380263140532707
1380263140532915
1380263140532995
1380263140536386
1380263140576846
1380263140648091
1380263140648367
1380263140648645
1380263140648891
1380263140649270
1380263140649347
1380263140649736
1380263140649878
1380263140650177
1380263140650249
1380263140650423
1380263140650686
1380263140650843
1380263140676844
1380263140696033
1380263140696089
1380263140696178
1380263140712550
1380263140752138
1380263140812329
1380263140812560
1380263140812819
1380263140812880
1380263140813157
1380263140813243
1380263140870489
1380263140870524
1380263140929995
1380263140930099
1380263140930191
1380263140930510
1380263140930738
1380263140930805
1380263140931014
1380263140931436
1380263140931522
1380263140931758
1380263140931819
1380263140986560
1380263140986726
1380263140987006
1380263140989723
1380263140989887
1380263141046814
1380263141046902
1380263141048078
1380263141048298
1380263141048367
1380263141048593
1380263141048661
1380263141048746
1380263141048971
1380263141049234
1380263141049316
1380263141097094
1380263141100984
1380263141101196
1380263141101426
1380263141101479
1380263141106345
1380263141106360
1380263141106578
1380263141106923
1380263141107077
1380263141107177
1380263141207085
1380263141223546
1380263141223954
1380263141224636
1380263141224762
1380263141224872
1380263141224938
1380263141225339
1380263141225588
1380263141225808
1380263141338128
1380263141338660
1380263141340656
1380263141340847
1380263141341106
1380263141341501
1380263141341857
1380263141341927
1380263141342206
1380263141342276
1380263141342506
1380263141342573
1380263141342809
1380263141344091
1380263141344168
1380263141344231
1380263141344560
1380263141345007
1380263141345068
1380263141384016
1380263141448095
1380263141451115
1380263141460730
1380263141461024
1380263141461089
1380263141461352
1380263141461435
1380263141461489
1380263141461757
1380263141461821
1380263141462431
1380263141462815
1380263141462906
1380263141463122
1380263141463183
1380263141463407
1380263141463462
1380263141463658
1380263141463698
1380263141557987
1380263141563436
1380263141563714
1380263141565683
1380263141565744
1380263141565796
1380263141566034
1380263141566250
1380263141677704
1380263141682274
1380263141682300
1380263141682321
1380263141682334
1380263141682907
1380263141683327
1380263141683351
1380263141684990
1380263141685224
1380263141724826
1380263141840748
1380263141845002
1380263141845234
1380263141845316
1380263141955797
1380263141955979
1380263141956201
1380263141956464
1380263142070070
1380263142070161
1380263142070236
1380263142070573
1380263142071792
1380263142071861
1380263142072095
1380263142115742
1380263142184089
1380263142184337
1380263142184406
1380263142184506
1380263142184776
1380263142184968
1380263142185034
1380263142185136
1380263142185620
1380263142185896
1380263142186153
1380263142186303
1380263142186818
1380263142186922
1380263142187032
1380263142187381
1380263142187837
1380263142233759
1380263142236106
1380263142236293
1380263142298340
1380263142298611
1380263142298898
1380263142299276
1380263142299619
1380263142299720
1380263142300006
1380263142300294
1380263142300367
1380263142300568
1380263142300641
1380263142300869
1380263142300940
1380263142301000
1380263142301227
1380263142301330
1380263142303497
1380263142303646
1380263142303870
1380263142304020
1380263142304271
1380263142304444
1380263142304651
1380263142304839
1380263142305268
1380263142339977
1380263142349011
1380263142351090
1380263142354797
1380263142355061
1380263142355289
1380263142355525
1380263142355967
1380263142356061
1380263142363410
1380263142392591
1380263142414626
1380263142414885
1380263142415053
1380263142415226
1380263142415514
1380263142415701
1380263142416080
1380263142416320
1380263142416618
1380263142416787
1380263142416937
1380263142417126
1380263142417409
1380263142417598
1380263142417808
1380263142420281
1380263142420469
1380263142420885
1380263142420993
1380263142421260
1380263142421378
1380263142421637
1380263142421821
1380263142421949
1380263142422161
1380263142422358
1380263142422502
1380263142422661
1380263142422972
1380263142423188
1380263142455982
1380263142459972
1380263142464358
1380263142464517
1380263142464670
1380263142473151
1380263142513156
1380263142528957
1380263142529394
1380263142529601
1380263142529796
1380263142529982
1380263142530219
1380263142530380
1380263142530755
1380263142531730
1380263142531877
1380263142532173
1380263142532362
1380263142532672
1380263142532948
1380263142533132
1380263142533408
1380263142539724
1380263142540000
1380263142540277
1380263142540430
1380263142540667
1380263142540858
1380263142541084
1380263142541225
1380263142541463
1380263142541643
1380263142541855
1380263142542092
1380263142542314
1380263142542606
1380263142542862
1380263142571338
1380263142571453
1380263142578665
1380263142578816
1380263142579003
1380263142579287
1380263142579395
1380263142579983
1380263142630887
1380263142631022
1380263142631217
1380263142640729
1380263142641098
1380263142642860
1380263142657083
1380263142657245
1380263142657531
1380263142657614
1380263142657915
1380263142658054
1380263142658185
1380263142658424
1380263142658626
1380263142659025
1380263142659186
1380263142659302
1380263142659553
1380263142659647
1380263142660046
1380263142660207
1380263142692975
1380263142693193
1380263142693586
1380263142695990
1380263142695995
1380263142696131
1380263142696216
1380263142697168
1380263142697393
1380263142697536
1380263142697792
1380263142697959
1380263142698178
1380263142698336
1380263142747415
1380263142747547
1380263142754738
1380263142754999
1380263142755349
1380263142755420
1380263142755473
1380263142755524
1380263142755640
1380263142755691
1380263142764216
1380263142775569
1380263142775784
1380263142775869
1380263142775990
1380263142776104
1380263142776208
1380263142776525
1380263142776808
1380263142776875
1380263142777146
1380263142811637
1380263142811725
1380263142811823
1380263142811916
1380263142812006
1380263142812014
1380263142812517
1380263142812732
1380263142812814
1380263142813163
1380263142813273
1380263142865974
1380263142866070
1380263142866297
1380263142866391
1380263142874113
1380263142875718
1380263142875909
1380263142876628
1380263142876797
1380263142878408
1380263142878732
1380263142878759
1380263142878781
1380263142879013
1380263142879074
1380263142880332
1380263142880495
1380263142881296
1380263142881469
1380263142977320
1380263142977660
1380263142977897
1380263142978168
1380263142978256
1380263142978584
1380263142978671
1380263142978896
1380263142985028
1380263142985189
1380263142985689
1380263142989434
1380263142989513
1380263142989917
1380263142990124
1380263142992115
1380263143029712
1380263143029975
1380263143029989
1380263143030002
1380263143089281
1380263143089359
1380263143089777
1380263143089996
1380263143090076
1380263143090188
1380263143090624
1380263143090704
1380263143090942
1380263143091015
1380263143091283
1380263143091355
1380263143091551
1380263143091647
1380263143091733
1380263143093464
1380263143093783
1380263143096926
1380263143100879
1380263143101106
1380263143101325
1380263143101404
1380263143101521
1380263143101626
1380263143102055
1380263143102144
1380263143140661
1380263143140728
1380263143142831
1380263143206628
1380263143206778
1380263143206879
1380263143206983
1380263143207085
1380263143207592
1380263143207683
1380263143212250
1380263143212499
1380263143212757
1380263143213015
1380263143213558
1380263143213647
1380263143213909
1380263143214145
1380263143214243
1380263143214355
1380263143214690
1380263143215104
1380263143215187
1380263143215415
1380263143215486
1380263143248708
1380263143248974
1380263143249057
1380263143249325
1380263143250623
1380263143257800
1380263143257957
1380263143258053
1380263143258138
1380263143315686
1380263143315806
1380263143315929
1380263143316365
1380263143316456
1380263143316896
1380263143316988
1380263143317225
1380263143317496
1380263143317580
1380263143317686
1380263143318039
1380263143318409
1380263143318507
1380263143318744
1380263143324906
1380263143325014
1380263143325119
1380263143325216
1380263143325304
1380263143325638
1380263143325721
1380263143325793
1380263143326324
1380263143326599
1380263143326679
1380263143326959
1380263143327031
1380263143327244
1380263143327327
1380263143327418
1380263143327875
1380263143357347
1380263143357453
1380263143357683
1380263143357776
1380263143358141
1380263143358341
1380263143358469
1380263143359141
1380263143359340
1380263143364005
1380263143364010
1380263143364262
1380263143364563
1380263143365124
1380263143370239
1380263143370693
1380263143370848
1380263143371058
1380263143371507
1380263143424587
1380263143424681
1380263143425248
1380263143425498
1380263143425811
1380263143426019
1380263143426275
1380263143426541
1380263143426984
1380263143427081
1380263143427482
1380263143427769
1380263143427898
1380263143436747
1380263143436910
1380263143437161
1380263143437271
1380263143437429
1380263143437553
1380263143439358
1380263143466596
1380263143466850
1380263143467084
1380263143467171
1380263143467503
1380263143467669
1380263143478423
1380263143478580
1380263143478744
1380263143478903
1380263143482596
1380263143544699
1380263143572475
1380263143572565
1380263143572846
1380263143573204
1380263143573670
1380263143573911
1380263143574835
1380263143574931
1380263143590367
1380263143590543
1380263143590786
1380263143591195
1380263143591493
1380263143591653
1380263143591983
1380263143592168
1380263143597663
1380263143597843
1380263143598039
1380263143693847
1380263143709567
1380263143709673
1380263143711658
1380263143711910
1380263143712193
1380263143712396
1380263143712955
1380263143713065
1380263143732233
1380263143745368
1380263143817542
1380263143819652
1380263143819894
1380263143821065
1380263143821342
1380263143821584
1380263143823697
1380263143824924
1380263143825365
1380263143825457
1380263143825735
1380263143834222
1380263143927809
1380263143927889
1380263143927996
1380263143928073
1380263143931814
1380263143932101
1380263143932156
1380263143932209
1380263143940794
1380263143941162
1380263143941258
1380263143941343
1380263144035860
1380263144036365
1380263144036658
1380263144036752
1380263144037146
1380263144037229
1380263144037468
1380263144037538
1380263144037974
1380263144046501
1380263144050583
1380263144050740
1380263144050854
1380263144050875
1380263144052107
1380263144062260
1380263144062441
1380263144064177
1380263144145346
1380263144145506
1380263144145613
1380263144145700
1380263144146265
1380263144146336
1380263144146581
1380263144146774
1380263144147312
1380263144147570
1380263144147651
1380263144147918
1380263144162599
1380263144162661
1380263144162759
1380263144163050
1380263144163133
1380263144163359
1380263144163431
1380263144163886
1380263144219891
1380263144222212
1380263144222280
1380263144253951
1380263144254186
1380263144254284
1380263144254387
1380263144254505
1380263144254902
1380263144254981
1380263144255699
1380263144255805
1380263144255880
1380263144256167
1380263144256348
1380263144256419
1380263144256584
1380263144329704
1380263144341172
1380263144341525
1380263144341623
1380263144342130
1380263144445316
1380263144445383
1380263144454826
1380263144459975
1380263144460312
1380263144460629
1380263144460839
1380263144462037
1380263144462241
1380263144462320
1380263144554177
1380263144554424
1380263144554606
1380263144554671
1380263144572387
1380263144572665
1380263144573005
1380263144573081
1380263144573135
1380263144573188
1380263144573246
1380263144573297
1380263144580914
1380263144581170
1380263144581423
1380263144581492
1380263144581749
1380263144582106
1380263144582201
1380263144663449
1380263144663534
1380263144663618
1380263144663745
1380263144663857
1380263144664220
1380263144664291
1380263144664485
1380263144681761
1380263144684618
1380263144684858
1380263144686397
1380263144686489
1380263144686565
1380263144687773
1380263144689005
1380263144689019
1380263144689240
1380263144689263
1380263144689283
1380263144700376
1380263144700710
1380263144701011
1380263144701084
1380263144772857
1380263144789855
1380263144789970
1380263144790237
1380263144790305
1380263144797145
1380263144799909
1380263144800323
1380263144800584
1380263144800658
1380263144801147
1380263144801227
1380263144801480
1380263144896681
1380263144898425
1380263144898529
1380263144898788
1380263144910621
1380263144910702
1380263144911008
1380263144912361
1380263144913713
1380263144914086
1380263144914582
1380263144914981
1380263144915940
1380263144916050
1380263144916153
1380263144916256
1380263144916368
1380263144916829
1380263145024125
1380263145024218
1380263145024296
1380263145024816
1380263145024899
1380263145026168
1380263145026258
1380263145026383
1380263145026506
1380263145026870
1380263145138325
1380263145138411
1380263145138706
1380263145138769
1380263145138872
1380263145138968
1380263145139308
1380263145139591
1380263145140113
1380263145140187
1380263145140447
1380263145140708
1380263145140965
1380263145141245
1380263145141318
1380263145141618
1380263145141710
1380263145141834
1380263145142133
1380263145142216
1380263145142304
1380263145142398
1380263145142715
1380263145142907
1380263145142981
1380263145143185
1380263145143257
1380263145144259
1380263145144985
1380263145176641
1380263145176796
1380263145251175
1380263145251294
1380263145251393
1380263145251713
1380263145251995
1380263145252241
1380263145252480
1380263145252582
1380263145253076
1380263145253153
1380263145254003
1380263145254091
1380263145254513
1380263145254608
1380263145254687
1380263145254938
1380263145255016
1380263145258813
1380263145258913
1380263145259038
1380263145259161
1380263145291219
1380263145291434
1380263145291971
1380263145328689
1380263145363623
1380263145363699
1380263145364076
1380263145364581
1380263145364964
1380263145365229
1380263145365610
1380263145365685
1380263145365813
1380263145366130
1380263145366706
1380263145366891
1380263145370846
1380263145371141
1380263145371298
1380263145371481
1380263145371993
1380263145402961
1380263145403039
1380263145403149
1380263145403448
1380263145443031
1380263145443099
1380263145477627
1380263145478100
1380263145478155
1380263145478205
1380263145478254
1380263145478304
1380263145483735
1380263145483916
1380263145484140
1380263145484259
1380263145484550
1380263145484675
1380263145485079
1380263145485470
1380263145485546
1380263145485771
1380263145485839
1380263145514796
1380263145514909
1380263145515028
1380263145515141
1380263145515254
1380263145516014
1380263145554814
1380263145554882
1380263145555106
1380263145555170
1380263145591714
1380263145594058
1380263145594415
1380263145594587
1380263145594803
1380263145595527
1380263145595697
1380263145595875
1380263145599552
1380263145599764
1380263145599998
1380263145600273
1380263145600405
1380263145600453
1380263145600493
1380263145602057
1380263145602208
1380263145602473
1380263145602529
1380263145602768
1380263145602987
1380263145603232
1380263145603475
1380263145603593
1380263145626434
1380263145626613
1380263145627141
1380263145627527
1380263145627663
1380263145628017
1380263145628251
1380263145628365
1380263145639984
1380263145663995
1380263145667050
1380263145667546
1380263145668105
1380263145703109
1380263145703339
1380263145703871
1380263145704233
1380263145704302
1380263145704717
1380263145740008
1380263145779101
1380263145779205
1380263145779550
1380263145779617
1380263145860368
1380263145860452
1380263145860738
1380263145860815
1380263145861105
1380263145900007
1380263146024901
1380263146025146
1380263146025229
1380263146138476
1380263146138769
1380263146139058
1380263146159977
1380263146252303
1380263146252547
1380263146252647
1380263146252736
1380263146366107
1380263146366210
1380263146366424
1380263146366657
1380263146366745
1380263146480046
1380263146480133
1380263146480422
1380263146480523
1380263146480603
1380263146480946
1380263146594558
1380263146594656
1380263146594927
1380263146595283
1380263146595458
1380263146708732
1380263146708817
1380263146712001
1380263146712103
1380263146712315
1380263146712385
1380263146746562
1380263146746652
1380263146822480
1380263146822557
1380263148585283
1380263148585286
1380263148586646
1380263148698307
1380263148702769
1380263148811602
1380263148811813
1380263148812085
1380263148816174
1380263148816400
1380263148922731
1380263148922811
1380263148924278
1380263148925576
1380263148925786
1380263148926068
1380263148926494
1380263149034669
1380263149034746
1380263149038173
1380263149038296
1380263149038419
1380263149038747
1380263149039041
1380263149039124
1380263149039245
1380263149039756
1380263149039873
1380263149040016
1380263149046996
1380263149142653
1380263149142734
1380263149143107
1380263149143362
1380263149143457
1380263149143901
1380263149144024
1380263149144126
1380263149150767
1380263149150850
1380263149151104
1380263149151188
1380263149151477
1380263149151999
1380263149152088
1380263149152309
1380263149152586
1380263149152684
1380263149152787
1380263149153082
1380263149153446
1380263149153513
1380263149170042
1380263149170256
1380263149208477
1380263149291113
1380263149291190
1380263149291324
1380263149322518
1380263149323859
1380263149324129
1380263149412016
1380263149412301
1380263149412561
1380263149412662
1380263149412901
1380263149413049
1380263149413173
1380263149435640
1380263149437754
1380263149437904
1380263149438095
1380263149438681
1380263149438848
1380263149533454
1380263149547239
1380263149550456
1380263149550528
1380263149551370
1380263149551970
1380263149552341
1380263149552585
1380263149552838
1380263149552943
1380263149553040
1380263149553178
1380263149553288
1380263149553662
1380263149553739
1380263149658519
1380263149658612
1380263149662353
1380263149662538
1380263149663055
1380263149663414
1380263149665438
1380263149665667
1380263149665754
1380263149667071
1380263149667271
1380263149667517
1380263149668063
1380263149668387
1380263149668569
1380263149668702
1380263149670320
1380263149670522
1380263149670577
1380263149670635
1380263149670689
1380263149670742
1380263149670796
1380263149767234
1380263149767340
1380263149767437
1380263149774674
1380263149774948
1380263149775194
1380263149775441
1380263149775730
1380263149775817
1380263149776053
1380263149776347
1380263149780803
1380263149780887
1380263149781105
1380263149781186
1380263149781470
1380263149782449
1380263149782672
1380263149782914
1380263149783011
1380263149783110
1380263149783216
1380263149783625
1380263149783729
1380263149783807
1380263149783871
1380263149787215
1380263149787237
1380263149787256
1380263149787805
1380263149788653
1380263149788845
1380263149788952
1380263149789620
1380263149789666
1380263149789712
1380263149796150
1380263149796336
1380263149875660
1380263149876587
1380263149876700
1380263149876800
1380263149887075
1380263149887387
1380263149887480
1380263149887914
1380263149888288
1380263149888654
1380263149888919
1380263149889005
1380263149889322
1380263149889422
1380263149889514
1380263149890016
1380263149890103
1380263149890364
1380263149894301
1380263149894517
1380263149894768
1380263149895022
1380263149895302
1380263149895387
1380263149895676
1380263149895762
1380263149895890
1380263149896166
1380263149896407
1380263149896506
1380263149896978
1380263149900170
1380263149900400
1380263149900533
1380263149900633
1380263149901774
1380263149902523
1380263149902938
1380263149903496
1380263149903661
1380263149919385
1380263149919511
1380263149919690
1380263149919778
1380263149999771
1380263149999852
1380263150000017
1380263150000105
1380263150000504
1380263150000909
1380263150000997
1380263150015011
1380263150015099
1380263150015187
1380263150016487
1380263150016688
1380263150016927
1380263150017018
1380263150031445
1380263150038968
1380263150039277
1380263150039373
1380263150039460
1380263150039619
1380263150039790
1380263150040202
1380263150040345
1380263150126522
1380263150126657
1380263150126765
1380263150126876
1380263150126988
1380263150127376
1380263150127474
1380263150127551
1380263150128790
1380263150129083
1380263150144947
1380263150145045
1380263150145133
1380263150146193
1380263150158955
1380263150159076
1380263150159892
1380263150160182
1380263150160582
1380263150160672
1380263150161093
1380263150161170
1380263150161259
1380263150254644
1380263150254732
1380263150254846
1380263150254927
1380263150256547
1380263150256912
1380263150256985
1380263150257381
1380263150257468
1380263150257840
1380263150257926
1380263150258156
1380263150258526
1380263150258593
1380263150258693
1380263150265327
1380263150265448
1380263150265508
1380263150265558
1380263150265611
1380263150266069
1380263150266308
1380263150266369
1380263150266443
1380263150361406
1380263150361510
1380263150361621
1380263150361964
1380263150362201
1380263150362270
1380263150362480
1380263150362807
1380263150362932
1380263150363156
1380263150368711
1380263150368894
1380263150368981
1380263150369360
1380263150369932
1380263150370008
1380263150370445
1380263150370517
1380263150370806
1380263150371039
1380263150371112
1380263150371203
1380263150371463
1380263150371530
1380263150371877
1380263150371963
1380263150373038
1380263150373138
1380263150373245
1380263150373493
1380263150375647
1380263150379926
1380263150380068
1380263150380168
1380263150380247
1380263150380631
1380263150380832
1380263150381085
1380263150381687
1380263150381852
1380263150382069
1380263150382307
1380263150382865
1380263150382961
1380263150383218
1380263150383900
1380263150386188
1380263150386502
1380263150386549
1380263150386662
1380263150387159
1380263150387340
1380263150387520
1380263150387817
1380263150388062
1380263150388303
1380263150388485
1380263150388721
1380263150388893
1380263150389110
1380263150389739
1380263150390246
1380263150407968
1380263150417046
1380263150417366
1380263150417372
1380263150417671
1380263150468537
1380263150468726
1380263150468844
1380263150469324
1380263150469695
1380263150469978
1380263150470198
1380263150470312
1380263150470460
1380263150470593
1380263150470742
1380263150470964
1380263150471076
1380263150471214
1380263150471355
1380263150471488
1380263150479415
1380263150479501
1380263150479768
1380263150479903
1380263150480033
1380263150480142
1380263150480467
1380263150480725
1380263150480972
1380263150481224
1380263150481372
1380263150481502
1380263150481614
1380263150481793
1380263150482443
1380263150482769
1380263150482869
1380263150483031
1380263150483605
1380263150483753
1380263150483881
1380263150484004
1380263150484406
1380263150484641
1380263150484860
1380263150485008
1380263150485116
1380263150485205
1380263150502723
1380263150503101
1380263150503293
1380263150503584
1380263150503796
1380263150504055
1380263150504347
1380263150504434
1380263150504856
1380263150505020
1380263150505139
1380263150505311
1380263150505467
1380263150505875
1380263150508499
1380263150530553
1380263150530654
1380263150531428
1380263150531599
1380263150531754
1380263150531929
1380263150575560
1380263150575722
1380263150586272
1380263150586417
1380263150586713
1380263150587445
1380263150587649
1380263150587808
1380263150588009
1380263150589152
1380263150589390
1380263150589533
1380263150589717
1380263150589915
1380263150590027
1380263150615323
1380263150615572
1380263150615804
1380263150615932
1380263150616068
1380263150617648
1380263150640108
1380263150643519
1380263150643709
1380263150644003
1380263150644233
1380263150644362
1380263150645897
1380263150692718
1380263150692879
1380263150693128
1380263150693345
1380263150693473
1380263150693633
1380263150693870
1380263150749758
1380263150749951
1380263150750202
1380263150750285
1380263150755620
1380263150755736
1380263150755794
1380263150755845
1380263150755897
1380263150755953
1380263150756007
1380263150757937
1380263150758041
1380263150758537
1380263150758663
1380263150858284
1380263150858385
1380263150858473
1380263150858564
1380263150858665
1380263150859020
1380263150859093
1380263150859602
1380263150859699
1380263150859814
1380263150860106
1380263150869641
1380263150870095
1380263150870826
1380263150870931
1380263150871325
1380263150871425
1380263150871548
1380263150871651
1380263150871766
1380263150872146
1380263150872386
1380263150872490
1380263150872573
1380263150873056
1380263150873079
1380263150874660
1380263150874951
1380263150875057
1380263150878286
1380263150878349
1380263150878390
1380263150878613
1380263150886266
1380263150967120
1380263150967230
1380263150967304
1380263150968028
1380263150968103
1380263150968478
1380263150968746
1380263150968831
1380263150969150
1380263150969250
1380263150969326
1380263150969627
1380263150969943
1380263150970007
1380263150970215
1380263150970285
1380263150970342
1380263150980615
1380263150980716
1380263150980795
1380263150981833
1380263150981910
1380263150982181
1380263150982269
1380263150982378
1380263150982681
1380263150982778
1380263150982865
1380263150983286
1380263150983469
1380263150983545
1380263150983648
1380263150986428
1380263150986716
1380263151014158
1380263151014374
1380263151053288
1380263151140241
1380263151140497
1380263151140580
1380263151163870
1380263151164054
1380263151200358
1380263151273055
1380263151307308
1380263151314488
1380263151314595
1380263151415135
1380263151415213
1380263151415441
1380263151415518
1380263151419509
1380263151419664
1380263151419731
1380263151419782
1380263151419833
1380263151419887
1380263151419942
1380263151426696
1380263151427132
1380263151427217
1380263151427532
1380263151427617
1380263151428029
1380263151428114
1380263151428232
1380263151428600
1380263151429251
1380263151529478
1380263151531219
1380263151531244
1380263151531489
1380263151531738
1380263151532000
1380263151532081
1380263151533092
1380263151533397
1380263151533615
1380263151534108
1380263151539021
1380263151539044
1380263151539065
1380263151539196
1380263151539293
1380263151539397
1380263151539827
1380263151540112
1380263151540401
1380263151541200
1380263151541847
1380263151542051
1380263151542157
1380263151542327
1380263151542477
1380263151542685
1380263151542808
1380263151542924
1380263151543023
1380263151543160
1380263151543604
1380263151543741
1380263151653167
1380263151653407
1380263151653593
1380263151653883
1380263151654007
1380263151655186
1380263151655481
1380263151655592
1380263151655859
1380263151657051
1380263151657211
1380263151657213
1380263151657622
1380263151657897
1380263151658156
1380263151658197
1380263151658346
1380263151658634
1380263151693167
1380263151693361
1380263151693525
1380263151693622
1380263151764999
1380263151765153
1380263151765215
1380263151765267
1380263151765320
1380263151765372
1380263151765426
1380263151770592
1380263151770740
1380263151771406
1380263151772109
1380263151772306
1380263151875142
1380263151875344
1380263151875608
1380263151876889
1380263151876987
1380263151877233
1380263151877877
1380263151879776
1380263151879918
1380263151880031
1380263151880313
1380263151880910
1380263151881010
1380263151881498
1380263151881802
1380263151884067
1380263151884112
1380263151884135
1380263151884161
1380263151884251
1380263151884338
1380263151884644
1380263151884899
1380263151884997
1380263151885083
1380263151885429
1380263151885631
1380263151885704
1380263151885945
1380263151886017
1380263151886774
1380263151890096
1380263151997446
1380263152000675
1380263152000763
1380263152012315
1380263152064041
1380263152064204
1380263152064269
1380263152064321
1380263152064370
1380263152064420
1380263152064486
1380263152131496
1380263152131607
1380263152131706
1380263152131787
1380263152173568
1380263152173647
1380263152173790
1380263152173893
1380263152174008
1380263152178984
1380263152179109
1380263152179129
1380263152179309
1380263152179635
1380263152179662
1380263152179761
1380263152179850
1380263152180394
1380263152180836
1380263152180861
1380263152180942
1380263152181372
1380263152182818
1380263152183187
1380263152183330
1380263152183431
1380263152183515
1380263152201654
1380263152201974
1380263152244242
1380263152244277
1380263152244297
1380263152244617
1380263152244684
1380263152244737
1380263152250391
1380263152250832
1380263152251084
1380263152251254
1380263152251712
1380263152251828
1380263152287229
1380263152288979
1380263152289191
1380263152290019
1380263152293658
1380263152293782
1380263152293905
1380263152336711
1380263152354813
1380263152358253
1380263152358461
1380263152362655
1380263152362998
1380263152363103
1380263152363158
1380263152369980
1380263152370219
1380263152370479
1380263152370668
1380263152371051
1380263152371303
1380263152371679
1380263152371815
1380263152371991
1380263152372119
1380263152372531
1380263152372666
1380263152372797
1380263152372880
1380263152373033
1380263152404983
1380263152405290
1380263152474735
1380263152478978
1380263152479169
1380263152479198
1380263152479228
1380263152479291
1380263152479355
1380263152479588
1380263152479673
1380263152479737
1380263152479870
1380263152479935
1380263152480034
1380263152480091
1380263152480145
1380263152480932
1380263152488192
1380263152488285
1380263152488466
1380263152488749
1380263152489566
1380263152490324
1380263152490488
1380263152490575
1380263152490713
1380263152490788
1380263152490992
1380263152491129
1380263152491255
1380263152491631
1380263152491886
1380263152492003
1380263152492302
1380263152492483
1380263152492590
1380263152492725
1380263152492810
1380263152527969
1380263152588983
1380263152589062
1380263152589151
1380263152589330
1380263152589405
1380263152589530
1380263152589675
1380263152590664
1380263152590943
1380263152591114
1380263152591364
1380263152591758
1380263152591952
1380263152592073
1380263152595427
1380263152595661
1380263152595902
1380263152596058
1380263152596263
1380263152596371
1380263152596783
1380263152596942
1380263152597069
1380263152597222
1380263152597824
1380263152597971
1380263152598112
1380263152598313
1380263152598459
1380263152598490
1380263152598536
1380263152598663
1380263152602604
1380263152602760
1380263152602909
1380263152603003
1380263152603190
1380263152603978
1380263152604765
1380263152604860
1380263152605165
1380263152605307
1380263152605419
1380263152605477
1380263152605530
1380263152618752
1380263152618838
1380263152618909
1380263152619001
1380263152701334
1380263152701560
1380263152714662
1380263152718228
1380263152718307
1380263152718648
1380263152718734
1380263152718799
1380263152719138
1380263152719608
1380263152720177
1380263152721564
1380263152721710
1380263152721812
1380263152721925
1380263152722238
1380263152723079
1380263152754843
1380263152755973
1380263152807381
1380263152809337
1380263152810040
1380263152810886
1380263152812809
1380263152822096
1380263152822215
1380263152822474
1380263152822547
1380263152829997
1380263152830180
1380263152830437
1380263152830506
1380263152831351
1380263152928963
1380263152929185
1380263152939697
1380263152939937
1380263152940279
1380263152945057
1380263152945246
1380263152980186
1380263152980280
1380263152980346
1380263152980404
1380263152980479
1380263153056429
1380263153056559
1380263153056675
1380263153088593
1380263153088689
1380263153088946
1380263153089030
1380263153089315
1380263153089411
1380263153089497
1380263153093862
1380263153094040
1380263153094559
1380263153094883
1380263153095074
1380263153095274
1380263153095382
1380263153095599
1380263153096733
1380263153096778
1380263153096821
1380263153097103
1380263153098130
1380263153098371
1380263153098769
1380263153098893
1380263153099157
1380263153099309
1380263153099402
1380263153099558
1380263153099681
1380263153099814
1380263153100097
1380263153101182
1380263153101273
1380263153101374
1380263153101535
1380263153101689
1380263153101812
1380263153101980
1380263153102068
1380263153102149
1380263153102241
1380263153102399
1380263153102495
1380263153102653
1380263153102801
1380263153102956
1380263153103001
1380263153103197
1380263153103351
1380263153103516
1380263153103655
1380263153103703
1380263153103771
1380263153109273
1380263153109322
1380263153109449
1380263153110508
1380263153110730
1380263153110922
1380263153111094
1380263153111269
1380263153111523
1380263153111626
1380263153112002
1380263153112362
1380263153112776
1380263153113136
1380263153113421
1380263153113649
1380263153120216
1380263153120377
1380263153120670
1380263153120766
1380263153121004
1380263153121143
1380263153121263
1380263153121679
1380263153167376
1380263153167587
1380263153205028
1380263153205271
1380263153205441
1380263153205726
1380263153206772
1380263153206941
1380263153219302
1380263153256278
1380263153256693
1380263153256782
1380263153256852
1380263153257107
1380263153257227
1380263153316609
1380263153316794
1380263153316966
1380263153317035
1380263153317369
1380263153342494
1380263153342667
1380263153363115
1380263153426292
1380263153426429
1380263153426642
1380263153426752
1380263153426961
1380263153427173
1380263153427491
1380263153463380
1380263153463547
1380263153463811
1380263153463921
1380263153470952
1380263153471108
1380263153471289
1380263153512324
1380263153512558
1380263153512619
1380263153512675
1380263153512750
1380263153512802
1380263153512853
1380263153512970
1380263153513042
1380263153513107
1380263153513300
1380263153535873
1380263153577386
1380263153577596
1380263153577698
1380263153577797
1380263153578163
1380263153578229
1380263153584619
1380263153584700
1380263153584771
1380263153585016
1380263153621861
1380263153622181
1380263153622435
1380263153622549
1380263153623051
1380263153623230
1380263153624083
1380263153626651
1380263153626829
1380263153626937
1380263153627854
1380263153628097
1380263153628505
1380263153628809
1380263153629007
1380263153629136
1380263153629364
1380263153629406
1380263153629478
1380263153630120
1380263153630441
1380263153630690
1380263153630955
1380263153631096
1380263153631657
1380263153631898
1380263153632130
1380263153632383
1380263153632629
1380263153632838
1380263153633000
1380263153633073
1380263153665100
1380263153728755
1380263153728995
1380263153729172
1380263153729278
1380263153738420
1380263153738728
1380263153738836
1380263153739085
1380263153739200
1380263153743938
1380263153744236
1380263153780206
1380263153796595
1380263153796793
1380263153812462
1380263153812635
1380263153812715
1380263153812782
1380263153812841
1380263153812900
1380263153812960
1380263153813018
1380263153813134
1380263153813208
1380263153850724
1380263153921812
1380263153921982
1380263153922287
1380263153922604
1380263153925244
1380263153925463
1380263153925775
1380263153925880
1380263153926138
1380263153926261
1380263153926543
1380263153926720
1380263153926913
1380263153927364
1380263153927491
1380263153929126
1380263153929166
1380263153929232
1380263153929314
1380263153929758
1380263153929885
1380263153930103
1380263153930211
1380263153943754
1380263153943796
1380263153944125
1380263153944292
1380263153945134
1380263154030526
1380263154030827
1380263154031016
1380263154031310
1380263154053480
1380263154053669
1380263154053794
1380263154069829
1380263154070015
1380263154070336
1380263154092224
1380263154111490
1380263154111651
1380263154204568
1380263154204706
1380263154204773
1380263154204834
1380263154204892
1380263154204952
1380263154205009
1380263154205267
1380263154205499
1380263154206630
1380263154238847
1380263154315605
1380263154315900
1380263154316122
1380263154316286
1380263154316658
1380263154316821
1380263154316919
1380263154317217
1380263154317385
1380263154317610
1380263154317769
1380263154317892
1380263154318604
1380263154321862
1380263154322048
1380263154322104
1380263154322147
1380263154322192
1380263154322448
1380263154360978
1380263154424230
1380263154424465
1380263154424595
1380263154433099
1380263154433224
1380263154433455
1380263154482358
1380263154482506
1380263154512332
1380263154544670
1380263154544899
1380263154545345
1380263154545420
1380263154545831
1380263154545969
1380263154601607
1380263154601682
1380263154626383
1380263154626603
1380263154664405
1380263154737256
1380263154775067
1380263154775299
1380263154817676
1380263154817825
1380263154817892
1380263154817951
1380263154818014
1380263154818072
1380263154818130
1380263154818208
1380263154818277
1380263154818348
1380263154818417
1380263154818486
1380263154883070
1380263154930562
1380263154931183
1380263154932212
1380263154932419
1380263154932535
1380263154933103
1380263154933230
1380263154933296
1380263154934217
1380263154934457
1380263154934537
1380263154934561
1380263154934638
1380263154934762
1380263154935349
1380263154935568
1380263154935917
1380263154936097
1380263154936907
1380263154937008
1380263154949683
1380263154949847
1380263154950166
1380263154951402
1380263154951578
1380263154951729
1380263154956863
1380263154956962
1380263155043922
1380263155044043
1380263155048102
1380263155048373
1380263155049488
1380263155049647
1380263155049854
1380263155050447
1380263155050680
1380263155051134
1380263155080032
1380263155080452
1380263155080533
1380263155081970
1380263155082208
1380263155161168
1380263155161320
1380263155161587
1380263155161691
1380263155192773
1380263155192946
1380263155193163
1380263155193236
1380263155194019
1380263155194379
1380263155194660
1380263155194777
1380263155195437
1380263155195470
1380263155196273
1380263155207128
1380263155207156
1380263155207184
1380263155207416
1380263155207575
1380263155207715
1380263155208205
1380263155226996
1380263155273020
1380263155273151
1380263155273403
1380263155273492
1380263155273744
1380263155273823
1380263155274158
1380263155303114
1380263155303261
1380263155303440
1380263155335748
1380263155335875
1380263155378126
1380263155411016
1380263155411481
1380263155411609
1380263155411980
1380263155412394
1380263155412557
1380263155413186
1380263155493665
1380263155493923
1380263155519006
1380263155560447
1380263155560508
1380263155560692
1380263155560842
1380263155561050
1380263155561102
1380263155606797
1380263155673321
1380263155674750
1380263155676693
1380263155676944
1380263155677353
1380263155678805
1380263155678906
1380263155679127
1380263155679274
1380263155679820
1380263155679925
1380263155679997
1380263155680199
1380263155680336
1380263155685943
1380263155686124
1380263155686233
1380263155693498
1380263155693736
1380263155694094
1380263155694341
1380263155694476
1380263155694870
1380263155694977
1380263155695257
1380263155695586
1380263155695796
1380263155695998
1380263155782082
1380263155782858
1380263155783181
1380263155783275
1380263155824175
1380263155890162
1380263155890294
1380263155890559
1380263155890653
1380263155896935
1380263155996776
1380263155997004
1380263155997163
1380263155997336
1380263155997532
1380263155997655
1380263155997809
1380263156013086
1380263156013181
1380263156056413
1380263156126517
1380263156164063
1380263156164241
1380263156164539
1380263156204390
1380263156317024
1380263156317889
1380263156318121
1380263156428006
1380263156429317
1380263156431325
1380263156431546
1380263156431640
1380263156538763
1380263156538961
1380263156540888
1380263156541136
1380263156541221
1380263156541279
1380263156541335
1380263156541394
1380263156541451
1380263156541852
1380263156543911
1380263156544036
1380263156544181
1380263156586099
1380263156647618
1380263156647833
1380263156648016
1380263156652647
1380263156653981
1380263156654165
1380263156654278
1380263156656916
1380263156656959
1380263156657003
1380263156657208
1380263156657610
1380263156658961
1380263156659134
1380263156659379
1380263156659487
1380263156696230
1380263156765762
1380263156766051
1380263156772363
1380263156772668
1380263156773057
1380263156883930
1380263156884037
1380263156884136
1380263156888719
1380263156888870
1380263156931334
1380263157001815
1380263157002904
1380263157003000
1380263157003109
1380263157038050
1380263157052026
1380263157052096
1380263157115677
1380263157115732
1380263157145708
1380263157145877
1380263157146160
1380263157147177
1380263157147312
1380263157147374
1380263157147423
1380263157147474
1380263157147524
1380263157147574
1380263157147639
1380263157147993
1380263157172662
1380263157212196
1380263157251522
1380263157256074
1380263157256330
1380263157256454
1380263157256556
1380263157256871
1380263157257827
1380263157257917
1380263157258386
1380263157258550
1380263157260525
1380263157263146
1380263157263179
1380263157263272
1380263157263488
1380263157263745
1380263157264708
1380263157271261
1380263157271342
1380263157271614
1380263157280451
1380263157324995
1380263157366606
1380263157366856
1380263157438732
1380263157438930
1380263157475270
1380263157475404
1380263157475468
1380263157475519
1380263157475570
1380263157475622
1380263157475727
1380263157475779
1380263157475843
1380263157475915
1380263157475976
1380263157476039
1380263157476103
1380263157550767
1380263157550867
1380263157550953
1380263157584367
1380263157584463
1380263157584539
1380263157584855
1380263157584947
1380263157585165
1380263157585347
1380263157585483
1380263157585908
1380263157587061
1380263157587163
1380263157587356
1380263157588763
1380263157588992
1380263157589144
1380263157589268
1380263157589499
1380263157589602
1380263157589796
1380263157589892
1380263157589922
1380263157590010
1380263157590128
1380263157590695
1380263157591070
1380263157591182
1380263157591549
1380263157591813
1380263157592302
1380263157592454
1380263157597556
1380263157597791
1380263157597993
1380263157598220
1380263157599996
1380263157600380
1380263157602848
1380263157603221
1380263157603405
1380263157603612
1380263157606659
1380263157609399
1380263157700290
1380263157703512
1380263157703569
1380263157703654
1380263157707225
1380263157707253
1380263157707280
1380263157707338
1380263157711647
1380263157711828
1380263157712023
1380263157716177
1380263157716340
1380263157716566
1380263157717651
1380263157717951
1380263157718097
1380263157718300
1380263157718551
1380263157718848
1380263157718970
1380263157752573
1380263157752682
1380263157796967
1380263157797109
1380263157797162
1380263157797214
1380263157797266
1380263157797317
1380263157797367
1380263157803430
1380263157805775
1380263157808067
1380263157810359
1380263157812605
1380263157815374
1380263157822872
1380263157823052
1380263157823187
1380263157898617
1380263157908405
1380263157908778
1380263157910827
1380263157911140
1380263157911315
1380263157911534
1380263157911621
1380263157911854
1380263157912244
1380263157913730
1380263157914110
1380263157914156
1380263157914196
1380263157919339
1380263157919567
1380263157919842
1380263157920267
1380263157920471
1380263157920512
1380263157920764
1380263157922430
1380263157922667
1380263157922860
1380263157923213
1380263157923339
1380263157923668
1380263157923772
1380263157925557
1380263157925711
1380263157925917
1380263157930129
1380263157930411
1380263157930524
1380263158029874
1380263158030098
1380263158034658
1380263158034909
1380263158035138
1380263158037156
1380263158037407
1380263158037473
1380263158040385
1380263158043914
1380263158044113
1380263158145090
1380263158146009
1380263158146114
1380263158146189
1380263158146531
1380263158154275
1380263158154404
1380263158154483
1380263158156421
1380263158156616
1380263158253381
1380263158253491
1380263158272187
1380263158272318
1380263158272604
1380263158272688
1380263158359153
