1379989381564873
1379989382509479
1379989382510009
1379989382581106
1379989382630254
1379989382679988
1379989382680179
1379989382680319
1379989382692018
1379989382692133
1379989382692367
1379989382692643
1379989382693724
1379989382705495
1379989382705521
1379989382711059
1379989382711228
1379989382711473
1379989382715266
1379989382715541
1379989382715668
1379989382715869
1379989382715928
1379989382716277
1379989382717454
1379989382717778
1379989382745010
1379989382745392
1379989382745500
1379989382745678
1379989382746492
1379989382746628
1379989382747005
1379989382747094
1379989382747156
1379989382747337
1379989382747763
1379989382747865
1379989382747975
1379989382748802
1379989382749438
1379989382749535
1379989382749588
1379989382764247
1379989382777760
1379989382802989
1379989382803296
1379989382803521
1379989382803610
1379989382803969
1379989382804268
1379989382804376
1379989382804848
1379989382818992
1379989382819006
1379989382819884
1379989382819983
1379989382831490
1379989382857831
1379989382858018
1379989382858378
1379989382858526
1379989382858707
1379989382858929
1379989382859029
1379989382872146
1379989382872304
1379989382872691
1379989382872775
1379989382873509
1379989382873609
1379989382874042
1379989382874241
1379989382874391
1379989382890215
1379989382890268
1379989382891163
1379989382891260
1379989382891325
1379989382911666
1379989382925830
1379989382926182
1379989382926267
1379989382926437
1379989382944068
1379989382944118
1379989382945041
1379989382945187
1379989382945462
1379989382945602
1379989382945941
1379989382946033
1379989382946098
1379989382946279
1379989382967266
1379989382967387
1379989382967619
1379989382998055
1379989382998121
1379989382998210
1379989382998251
1379989382998347
1379989382998398
1379989382999042
1379989382999298
1379989383001974
1379989383002180
1379989383002348
1379989383003826
1379989383004193
1379989383004277
1379989383008588
1379989383008788
1379989383008904
1379989383009636
1379989383009756
1379989383010015
1379989383010172
1379989383010499
1379989383010593
1379989383011061
1379989383011216
1379989383011305
1379989383011498
1379989383011706
1379989383011876
1379989383011983
1379989383012565
1379989383012712
1379989383012828
1379989383014310
1379989383014471
1379989383014616
1379989383016508
1379989383016782
1379989383016893
1379989383017014
1379989383017212
1379989383017381
1379989383017907
1379989383019212
1379989383019353
1379989383020377
1379989383020527
1379989383020741
1379989383021212
1379989383022051
1379989383022167
1379989383054434
1379989383058637
1379989383059307
1379989383059395
1379989383059450
1379989383059986
1379989383060116
1379989383060469
1379989383060579
1379989383060764
1379989383061081
1379989383061184
1379989383061302
1379989383061503
1379989383061677
1379989383061907
1379989383062207
1379989383062284
1379989383062509
1379989383062721
1379989383086639
1379989383111710
1379989383111936
1379989383112157
1379989383112335
1379989383112956
1379989383113196
1379989383113424
1379989383113573
1379989383113682
1379989383115195
1379989383115505
1379989383115720
1379989383115874
1379989383116064
1379989383116187
1379989383116508
1379989383116728
1379989383116829
1379989383117074
1379989383117330
1379989383117504
1379989383117844
1379989383118074
1379989383118310
1379989383118701
1379989383118884
1379989383119065
1379989383119240
1379989383119505
1379989383119665
1379989383120464
1379989383120628
1379989383120887
1379989383121174
1379989383121275
1379989383121553
1379989383121661
1379989383121893
1379989383122117
1379989383122288
1379989383122664
1379989383122989
1379989383123188
1379989383123318
1379989383123569
1379989383123912
1379989383124202
1379989383124531
1379989383124714
1379989383125089
1379989383125222
1379989383125387
1379989383126199
1379989383147383
1379989383150169
1379989383152513
1379989383152943
1379989383157455
1379989383166472
1379989383166538
1379989383167605
1379989383167923
1379989383168270
1379989383168436
1379989383169189
1379989383173013
1379989383173142
1379989383173654
1379989383173983
1379989383179013
1379989383179219
1379989383179560
1379989383179992
1379989383180132
1379989383180778
1379989383180957
1379989383181244
1379989383181384
1379989383181699
1379989383181742
1379989383181869
1379989383181994
1379989383182191
1379989383182259
1379989383182351
1379989383182526
1379989383182760
1379989383182977
1379989383183122
1379989383183214
1379989383183447
1379989383183769
1379989383183976
1379989383224357
1379989383224426
1379989383224933
1379989383225581
1379989383225649
1379989383229828
1379989383230633
1379989383269836
1379989383270102
1379989383270206
1379989383275718
1379989383275795
1379989383275946
1379989383276325
1379989383278357
1379989383278452
1379989383278521
1379989383278754
1379989383278962
1379989383279034
1379989383279313
1379989383279414
1379989383279874
1379989383280092
1379989383280281
1379989383280471
1379989383280555
1379989383280874
1379989383281121
1379989383281217
1379989383281278
1379989383281364
1379989383281931
1379989383282143
1379989383333055
1379989383333378
1379989383333582
1379989383333767
1379989383333869
1379989383333924
1379989383334161
1379989383334662
1379989383334770
1379989383335003
1379989383335479
1379989383335563
1379989383335907
1379989383336108
1379989383336354
1379989383336589
1379989383337116
1379989383337296
1379989383337478
1379989383337715
1379989383337928
1379989383338087
1379989383338375
1379989383338696
1379989383338926
1379989383339192
1379989383339423
1379989383339716
1379989383339921
1379989383340081
1379989383340393
1379989383340581
1379989383340891
1379989383341024
1379989383341132
1379989383350347
1379989383387729
1379989383388514
1379989383388708
1379989383389113
1379989383389354
1379989383389522
1379989383389682
1379989383389844
1379989383390584
1379989383390756
1379989383391495
1379989383391723
1379989383392095
1379989383392763
1379989383393031
1379989383393215
1379989383393761
1379989383393970
1379989383394420
1379989383394607
1379989383394781
1379989383395004
1379989383395200
1379989383395530
1379989383395782
1379989383395910
1379989383396226
1379989383396390
1379989383396736
1379989383396957
1379989383397176
1379989383397358
1379989383397575
1379989383397777
1379989383398281
1379989383398639
1379989383398877
1379989383399085
1379989383442345
1379989383443353
1379989383443449
1379989383443509
1379989383443758
1379989383443973
1379989383444078
1379989383444134
1379989383444648
1379989383445179
1379989383445268
1379989383445325
1379989383446442
1379989383446701
1379989383446891
1379989383447293
1379989383447401
1379989383447458
1379989383447716
1379989383448827
1379989383449011
1379989383449092
1379989383449278
1379989383449653
1379989383450204
1379989383450494
1379989383450729
1379989383451401
1379989383451465
1379989383452082
1379989383452265
1379989383452714
1379989383452797
1379989383453082
1379989383453181
1379989383453231
1379989383453480
1379989383454612
1379989383454797
1379989383454948
1379989383455047
1379989383455107
1379989383455411
1379989383455478
1379989383455560
1379989383455618
1379989383455914
1379989383470937
1379989383496840
1379989383496965
1379989383497649
1379989383497826
1379989383498098
1379989383498181
1379989383502755
1379989383502876
1379989383503178
1379989383503401
1379989383503484
1379989383503763
1379989383503858
1379989383503917
1379989383503990
1379989383504348
1379989383504409
1379989383504999
1379989383505253
1379989383505913
1379989383506008
1379989383506246
1379989383506443
1379989383506529
1379989383507094
1379989383507284
1379989383507678
1379989383507785
1379989383508054
1379989383508329
1379989383508434
1379989383508697
1379989383509728
1379989383509913
1379989383510112
1379989383510231
1379989383510462
1379989383510718
1379989383510818
1379989383547854
1379989383550971
1379989383551025
1379989383556207
1379989383556386
1379989383558251
1379989383558328
1379989383558561
1379989383558735
1379989383558958
1379989383559062
1379989383559302
1379989383559554
1379989383559639
1379989383560012
1379989383560112
1379989383560168
1379989383560404
