1380250112513003
1380250112599648
1380250112600775
1380250112600859
1380250112601048
1380250112685552
1380250112686352
1380250112687406
1380250112687507
1380250112687719
1380250112688176
1380250112688292
1380250112737960
1380250112771289
1380250112773708
1380250112773862
1380250112774210
1380250112774377
1380250112774908
1380250112775088
1380250112775274
1380250112776038
1380250112776181
1380250112776431
1380250112776716
1380250112776859
1380250112825214
1380250112837783
1380250112838437
1380250112839032
1380250112839193
1380250112858282
1380250112860897
1380250112861237
1380250112861362
1380250112866526
1380250112866731
1380250112867213
1380250112867454
1380250112867600
1380250112867796
1380250112868482
1380250112868520
1380250112912984
1380250112926617
1380250112928023
1380250112928106
1380250112930176
1380250112932034
1380250112932529
1380250112932688
1380250112933015
1380250112933247
1380250113015078
1380250113015741
1380250113015890
1380250113018236
1380250113018396
1380250113018487
1380250113018829
1380250113019054
1380250113019212
1380250113022068
1380250113022445
1380250113024275
1380250113025723
1380250113026047
1380250113026203
1380250113026330
1380250113026813
1380250113026969
1380250113027130
1380250113027375
1380250113028400
1380250113028672
1380250113028949
1380250113105217
1380250113105474
1380250113105792
1380250113105957
1380250113106027
1380250113106209
1380250113106509
1380250113115931
1380250113116064
1380250113116294
1380250113119886
1380250113122458
1380250113122800
1380250113142605
1380250113191968
1380250113192868
1380250113193263
1380250113193378
1380250113193630
1380250113193760
1380250113193884
1380250113194213
1380250113194340
1380250113194448
1380250113194601
1380250113194732
1380250113195260
1380250113195380
1380250113195499
1380250113223301
1380250113223355
1380250113223440
1380250113239954
1380250113245634
1380250113289284
1380250113333339
1380250113337825
1380250113337999
1380250113338237
1380250113376330
1380250113421366
1380250113433521
1380250113438456
1380250113455036
1380250113455304
1380250113455478
1380250113485362
1380250113485788
1380250113520542
1380250113520713
1380250113520896
1380250113542489
1380250113543165
1380250113543329
1380250113569397
1380250113569763
1380250113569852
1380250113571997
1380250113572234
1380250113572354
1380250113572499
1380250113572627
1380250113572806
1380250113574556
1380250113602753
1380250113611622
1380250113611809
1380250113612275
1380250113629084
1380250113629449
1380250113629600
1380250113629788
1380250113630100
1380250113630231
1380250113630693
1380250113630868
1380250113631267
1380250113632941
1380250113633061
1380250113633310
1380250113634890
1380250113635679
1380250113654996
1380250113655385
1380250113655543
1380250113655648
1380250113658859
1380250113659002
1380250113663784
1380250113681970
1380250113682206
1380250113682417
1380250113695709
1380250113696076
1380250113696254
1380250113715656
1380250113715958
1380250113716141
1380250113716248
1380250113716761
1380250113716976
1380250113717281
1380250113717473
1380250113717632
1380250113718129
1380250113718259
1380250113718823
1380250113718960
1380250113719607
1380250113719746
1380250113720075
1380250113720185
1380250113721475
1380250113736251
1380250113736655
1380250113768723
1380250113768973
1380250113770373
1380250113770414
1380250113770563
1380250113770736
1380250113806883
1380250113807316
1380250113808571
1380250113809004
1380250113810862
1380250113810970
1380250113811111
1380250113811355
1380250113811496
1380250113811799
1380250113811939
1380250113812074
1380250113812552
1380250113812727
1380250113812859
1380250113814284
1380250113814414
1380250113814632
1380250113814758
1380250113815248
1380250113816418
1380250113816677
1380250113817042
1380250113817187
1380250113817547
1380250113817596
1380250113821203
1380250113821432
1380250113821620
1380250113821759
1380250113821850
1380250113822089
1380250113822672
1380250113845698
1380250113845815
1380250113846045
1380250113846148
1380250113850595
1380250113850729
1380250113850953
1380250113851261
1380250113857010
1380250113896227
1380250113896378
1380250113896838
1380250113897283
1380250113897692
1380250113897950
1380250113906589
1380250113906763
1380250113906962
1380250113907134
1380250113907299
1380250113907421
1380250113907767
1380250113912153
1380250113912256
1380250113912368
1380250113912518
1380250113916854
1380250113916955
1380250113917103
1380250113917236
1380250113921431
1380250113921531
1380250113921759
1380250113921897
1380250113922134
1380250113922273
1380250113922390
1380250113926904
1380250113927369
1380250113927580
1380250113927925
1380250113932590
1380250113932832
1380250113960758
1380250113960831
1380250113960924
1380250113961011
1380250113966225
1380250114004280
1380250114005325
1380250114005445
1380250114005656
1380250114005758
1380250114010273
1380250114010437
1380250114012007
1380250114012282
1380250114105267
1380250114144279
1380250114144609
1380250114232333
1380250114232413
1380250114232683
1380250114296273
1380250114296658
1380250114296711
1380250114296761
1380250114298444
1380250114298500
1380250114298554
1380250114298607
1380250114298661
1380250114298715
1380250114298769
1380250114318622
1380250114318709
1380250114318816
1380250114319042
1380250114384926
1380250114385567
1380250114394497
1380250114395476
1380250114404177
1380250114404508
1380250114406601
1380250114406683
1380250114406935
1380250114407013
1380250114407341
1380250114407422
1380250114408878
1380250114409157
1380250114409251
1380250114409339
1380250114409440
1380250114409721
1380250114409900
1380250114410252
1380250114410504
1380250114411123
1380250114411403
1380250114411669
1380250114411967
1380250114412177
1380250114412246
1380250114412350
1380250114412610
1380250114413601
1380250114413688
1380250114413933
1380250114414019
1380250114414095
1380250114414357
1380250114414438
1380250114414522
1380250114414920
1380250114415003
1380250114415135
1380250114415253
1380250114415572
1380250114417752
1380250114417980
1380250114418520
1380250114418717
1380250114418810
1380250114420202
1380250114420505
1380250114420682
1380250114420904
1380250114421066
1380250114421310
1380250114421493
1380250114421600
1380250114421740
1380250114421831
1380250114422737
1380250114422941
1380250114423164
1380250114423339
1380250114423498
1380250114424381
1380250114424559
1380250114424734
1380250114424944
1380250114425134
1380250114425352
1380250114425472
1380250114488234
1380250114488950
1380250114489139
1380250114490176
1380250114490202
1380250114490352
1380250114490988
1380250114491084
1380250114493100
1380250114493289
1380250114493495
1380250114493603
1380250114495030
1380250114495271
1380250114495467
1380250114495793
1380250114495912
1380250114496407
1380250114496585
1380250114496682
1380250114498907
1380250114499233
1380250114499474
1380250114499992
1380250114500201
1380250114500948
1380250114501082
1380250114501244
1380250114515600
1380250114516054
1380250114516218
1380250114556234
1380250114571585
1380250114571890
1380250114572043
1380250114572540
1380250114572686
1380250114572838
1380250114573007
1380250114573512
1380250114573664
1380250114573811
1380250114575099
1380250114579208
1380250114579453
1380250114579567
1380250114579614
1380250114579871
1380250114580038
1380250114581207
1380250114581348
1380250114584162
1380250114584276
1380250114584450
1380250114584576
1380250114584805
1380250114584917
1380250114586923
1380250114587201
1380250114587282
1380250114587436
1380250114587619
1380250114587857
1380250114588098
1380250114588222
1380250114588859
1380250114589008
1380250114592507
1380250114603286
1380250114603368
1380250114603551
1380250114603655
1380250114654115
1380250114658135
1380250114658283
1380250114658385
1380250114658698
1380250114658865
1380250114658994
1380250114659302
1380250114663526
1380250114663744
1380250114663845
1380250114664094
1380250114667060
1380250114667182
1380250114667727
1380250114667962
1380250114668170
1380250114668347
1380250114668467
1380250114670536
1380250114670847
1380250114671191
1380250114671974
1380250114672358
1380250114672523
1380250114674214
1380250114674776
1380250114674906
1380250114675200
1380250114675338
1380250114675866
1380250114676008
1380250114677417
1380250114677917
1380250114677987
1380250114678044
1380250114678096
1380250114678148
1380250114678200
1380250114691259
1380250114691387
1380250114719158
1380250114719400
1380250114719686
1380250114720159
1380250114720445
1380250114727877
1380250114728147
1380250114732960
1380250114733033
1380250114733291
1380250114741065
1380250114741285
1380250114741511
1380250114741777
1380250114742279
1380250114742378
1380250114742459
1380250114743103
1380250114743221
1380250114743306
1380250114743405
1380250114743517
1380250114747157
1380250114747256
1380250114747357
1380250114747433
1380250114747558
1380250114748183
1380250114748422
1380250114748516
1380250114748763
1380250114748849
1380250114748980
1380250114754304
1380250114754579
1380250114754908
1380250114757209
1380250114757311
1380250114757614
1380250114773376
1380250114775975
1380250114776081
1380250114776323
1380250114776422
1380250114776637
1380250114776883
1380250114777074
1380250114784920
1380250114785191
1380250114786273
1380250114786364
1380250114786642
1380250114786747
1380250114786853
1380250114787403
1380250114787481
1380250114787565
1380250114788336
1380250114788566
1380250114788835
1380250114789038
1380250114789128
1380250114789744
1380250114789967
1380250114790210
1380250114790307
1380250114790414
1380250114790506
1380250114790881
1380250114791113
1380250114791206
1380250114791535
1380250114792087
1380250114792181
1380250114792285
1380250114792366
1380250114792827
1380250114793033
1380250114793170
1380250114793309
1380250114793610
1380250114793798
1380250114794912
1380250114795184
1380250114795380
1380250114795625
1380250114795867
1380250114796192
1380250114796315
1380250114796502
1380250114796804
1380250114796995
1380250114797102
1380250114797262
1380250114803997
1380250114804424
1380250114814983
1380250114825713
1380250114825892
1380250114835313
1380250114843202
1380250114844878
1380250114844970
1380250114845033
1380250114845087
1380250114845147
1380250114845333
1380250114845391
1380250114845788
1380250114845846
1380250114845902
1380250114845959
1380250114846014
1380250114857458
1380250114857534
1380250114868352
1380250114868447
1380250114868817
1380250114868905
1380250114869263
1380250114869348
1380250114869760
1380250114869846
1380250114869984
1380250114870228
1380250114870613
1380250114872179
1380250114911957
1380250114935838
1380250114935894
1380250114940248
1380250114940311
1380250114952845
1380250114953527
1380250114953718
1380250114954007
1380250114956112
1380250114956341
1380250114956734
1380250114956998
1380250114957247
1380250114957338
1380250114957520
1380250114958479
1380250114958674
1380250114959312
1380250114959901
1380250114960004
1380250114961268
1380250114961487
1380250114961581
1380250114961843
1380250114962152
1380250114962251
1380250114962332
1380250114962445
1380250114962734
1380250114962831
1380250114962931
1380250114963180
1380250114963328
1380250114963704
1380250114963796
1380250114963879
1380250114963988
1380250114964306
1380250114965966
1380250114966059
1380250114966134
1380250114966502
1380250114966596
1380250114966672
1380250114966771
1380250114966902
1380250114967523
1380250114967609
1380250114967686
1380250114967829
1380250114968125
1380250114996272
1380250114996423
1380250114997126
1380250114998123
1380250114998484
1380250114999258
1380250114999353
1380250114999456
1380250114999580
1380250114999882
1380250115000014
1380250115000108
1380250115000571
1380250115000652
1380250115000851
1380250115001263
1380250115001449
1380250115003419
1380250115003488
1380250115005411
1380250115005739
1380250115005856
1380250115006083
1380250115006390
1380250115006745
1380250115007909
1380250115008247
1380250115008944
1380250115009607
1380250115009759
1380250115012929
1380250115013275
1380250115014226
1380250115014455
1380250115014529
1380250115014627
1380250115014885
1380250115015006
1380250115019542
1380250115019764
1380250115019975
1380250115020236
1380250115020778
1380250115037694
1380250115037909
1380250115042446
1380250115042659
1380250115042744
1380250115043089
1380250115043661
1380250115043974
1380250115045116
1380250115047664
1380250115047748
1380250115048031
1380250115048271
1380250115048564
1380250115048675
1380250115049277
1380250115049522
1380250115051470
1380250115051710
1380250115051894
1380250115051975
1380250115052257
1380250115052374
1380250115054658
1380250115054858
1380250115055116
1380250115055299
1380250115060142
1380250115060380
1380250115060629
1380250115060819
1380250115065263
1380250115067020
1380250115067791
1380250115068049
1380250115068202
1380250115068373
1380250115068549
1380250115068656
1380250115094903
1380250115095683
1380250115095987
1380250115096176
1380250115096292
1380250115099995
1380250115100106
1380250115172406
1380250115172658
1380250115183104
1380250115186925
1380250115187851
1380250115188576
1380250115188723
1380250115193226
1380250115232225
1380250115247411
1380250115483332
1380250115525294
1380250115569340
1380250115592325
1380250115592578
1380250115592804
1380250115597457
1380250115634670
1380250115637020
1380250115637479
1380250115639354
1380250115676267
1380250115676555
1380250115676642
1380250115676700
1380250115676756
1380250115676810
1380250115676864
1380250115679790
1380250115679881
1380250115684079
1380250115684278
1380250115703162
1380250115721188
1380250115745742
1380250115745861
1380250115745988
1380250115750712
1380250115750778
1380250115750950
1380250115759742
1380250115760720
1380250115786018
1380250115786451
1380250115786478
1380250115788219
1380250115788349
1380250115788473
1380250115790108
1380250115790223
1380250115790493
1380250115790613
1380250115790723
1380250115791116
1380250115791300
1380250115791387
1380250115791475
1380250115791588
1380250115791876
1380250115792019
1380250115792122
1380250115792314
1380250115792479
1380250115793200
1380250115793385
1380250115793668
1380250115794022
1380250115794246
1380250115794586
1380250115795000
1380250115795437
1380250115795624
1380250115797912
1380250115798439
1380250115798736
1380250115799135
1380250115799391
1380250115799836
1380250115800101
1380250115800339
1380250115800797
1380250115801076
1380250115801345
1380250115801787
1380250115802296
1380250115802453
1380250115804925
1380250115806498
1380250115806774
1380250115807044
1380250115807445
1380250115809032
1380250115809228
1380250115809480
1380250115810037
1380250115810193
1380250115814090
1380250115814237
1380250115814526
1380250115814718
1380250115815013
1380250115815180
1380250115815438
1380250115815732
1380250115819436
1380250115819700
1380250115820330
1380250115820783
1380250115821012
1380250115821177
1380250115821367
1380250115821527
1380250115824836
1380250115826368
1380250115826628
1380250115826799
1380250115827020
1380250115831566
1380250115831753
1380250115832025
1380250115832130
1380250115843667
1380250115859096
1380250115859313
1380250115859478
1380250115859582
1380250115874175
1380250115874446
1380250115874548
1380250115877369
1380250115877505
1380250115900667
1380250115900924
1380250115905624
1380250115905808
1380250115905996
1380250115912288
1380250115912408
1380250115917331
1380250115917411
1380250115958267
1380250115958438
1380250115958521
1380250115983794
1380250115984830
1380250115984968
1380250115985072
1380250115985174
1380250115985280
1380250115985689
1380250115990086
1380250115990191
1380250115990608
1380250115990695
1380250115990791
1380250115994533
1380250115995379
1380250115995775
1380250115995806
1380250115996174
1380250115999457
1380250115999762
1380250116002326
1380250116002357
1380250116002432
1380250116003880
1380250116005521
1380250116005918
1380250116007040
1380250116009047
1380250116009138
1380250116009614
1380250116009705
1380250116009846
1380250116009973
1380250116010107
1380250116011079
1380250116011306
1380250116011573
1380250116011878
1380250116012025
1380250116012165
1380250116016492
1380250116017594
1380250116017845
1380250116017965
1380250116018259
1380250116018419
1380250116032305
1380250116032596
1380250116085234
1380250116090156
1380250116090254
1380250116091175
1380250116096252
1380250116096342
1380250116100869
1380250116102480
1380250116102559
1380250116102992
1380250116103231
1380250116103344
1380250116103419
1380250116104017
1380250116104106
1380250116104196
1380250116108674
1380250116108763
1380250116109183
1380250116109546
1380250116109799
1380250116110199
1380250116110316
1380250116110421
1380250116110754
1380250116111165
1380250116111220
1380250116164137
