1380080792427312
1380080792555882
1380080792556197
1380080792614376
1380080792619169
1380080792621124
1380080792626063
1380080792634963
1380080792635193
1380080792635425
1380080792635713
1380080792635819
1380080792714583
1380080792714717
1380080792715049
1380080792715149
1380080792715425
1380080792715521
1380080792715787
1380080792715920
1380080792716054
1380080792716147
1380080792716719
1380080792716817
1380080792731605
1380080792736238
1380080792743907
1380080792744076
1380080792744166
1380080792748087
1380080792748216
1380080792748327
1380080792748426
1380080792748863
1380080792748969
1380080792749210
1380080792750236
1380080792750296
1380080792750600
1380080792753378
1380080792754713
1380080792757246
1380080792757790
1380080792761968
1380080792762190
1380080792762429
1380080792777639
1380080792781370
1380080792794487
1380080792813334
1380080792813563
1380080792832521
1380080792832678
1380080792832840
1380080792832886
1380080792834063
1380080792836637
1380080792836849
1380080792837182
1380080792837418
1380080792837560
1380080792837682
1380080792838117
1380080792838359
1380080792838632
1380080792851784
1380080792889964
1380080792890116
1380080792926111
1380080792926270
1380080792926431
1380080792926482
1380080792930347
1380080792930396
1380080792930554
1380080792930749
1380080792930897
1380080792931168
1380080792931237
1380080792931647
1380080792931831
1380080792932288
1380080792932381
1380080792932717
1380080792934975
1380080792935292
1380080792935432
1380080792935678
1380080792935880
1380080792936041
1380080792936567
1380080792936813
1380080792937279
1380080792937413
1380080792937539
1380080792937636
1380080792938085
1380080792945467
1380080792945557
1380080792962393
1380080792962544
1380080792962697
1380080792966248
1380080792966471
1380080792966722
1380080792966825
1380080792967099
1380080792967230
1380080792967605
1380080792967734
1380080792967854
1380080792967978
1380080792968473
1380080792968683
1380080792968857
1380080792968932
1380080792969126
1380080792969405
1380080792969434
1380080792969460
1380080792970798
1380080792971060
1380080792971390
1380080792972520
1380080792972822
1380080792972948
1380080792973471
1380080792973597
1380080792973712
1380080792973821
1380080792973950
1380080792974071
1380080792974215
1380080792974336
1380080792974462
1380080792974576
1380080792974697
1380080792975434
1380080792975537
1380080792975622
1380080792982406
1380080792982555
1380080792985813
1380080792988219
1380080792990709
1380080792990814
1380080792992486
1380080792992664
1380080792992749
1380080792992865
1380080792992967
1380080792993225
1380080792993352
1380080792996217
1380080792996348
1380080792998304
1380080792998365
1380080792998605
1380080793006782
1380080793006992
1380080793007054
1380080793013990
1380080793014189
1380080793015024
1380080793015264
1380080793015328
1380080793018293
1380080793018448
1380080793018522
1380080793021672
1380080793021796
1380080793021856
1380080793022092
1380080793022168
1380080793033234
1380080793033280
1380080793033433
1380080793034039
1380080793034257
1380080793034371
1380080793034658
1380080793034779
1380080793034899
1380080793035290
1380080793035404
1380080793035506
1380080793035668
1380080793035929
1380080793036052
1380080793036166
1380080793036450
1380080793036525
1380080793036577
1380080793047471
1380080793047800
1380080793047883
1380080793047981
1380080793048334
1380080793048553
1380080793048632
1380080793048857
1380080793049230
1380080793049521
1380080793049604
1380080793049843
1380080793049985
1380080793050199
1380080793050307
1380080793050644
1380080793050904
1380080793050982
1380080793051165
1380080793051261
1380080793051465
1380080793051562
1380080793051770
1380080793051837
1380080793051930
1380080793052293
1380080793052627
1380080793052803
1380080793053001
1380080793053136
1380080793053363
1380080793053515
1380080793056511
1380080793056678
1380080793056749
1380080793058406
1380080793059123
1380080793059240
1380080793059615
1380080793059934
1380080793060130
1380080793060241
1380080793060380
1380080793060504
1380080793060583
1380080793060755
1380080793060892
1380080793061247
1380080793062433
1380080793062586
1380080793062701
1380080793062822
1380080793063056
1380080793063119
1380080793063225
1380080793063337
1380080793063458
1380080793063611
1380080793065239
1380080793065442
1380080793065624
1380080793065712
1380080793070337
1380080793070403
1380080793070532
1380080793070622
1380080793070726
1380080793070889
1380080793071375
1380080793071425
1380080793074588
1380080793074716
1380080793074831
1380080793075467
1380080793075905
1380080793076007
1380080793080517
1380080793080741
1380080793080859
1380080793080953
1380080793081079
1380080793081397
1380080793081517
1380080793081610
1380080793081952
1380080793082049
1380080793082251
1380080793082330
1380080793085399
1380080793085494
1380080793085645
1380080793100143
1380080793100445
1380080793142395
1380080793220610
1380080793220748
1380080793221633
1380080793221710
1380080793221765
1380080793221812
1380080793221860
1380080793221917
1380080793221966
1380080793227301
1380080793231572
1380080793231907
1380080793232140
1380080793232358
1380080793232487
1380080793232604
1380080793232851
1380080793233007
1380080793233115
1380080793233522
1380080793233690
1380080793233814
1380080793236574
1380080793236711
1380080793242028
1380080793242093
1380080793242133
1380080793242364
1380080793247607
1380080793247663
1380080793247822
1380080793247886
1380080793252595
1380080793252739
1380080793253059
1380080793253105
1380080793253225
1380080793253364
1380080793253605
1380080793253753
1380080793253916
1380080793254340
1380080793254397
1380080793254521
1380080793254592
1380080793254860
1380080793255004
1380080793255084
1380080793255145
1380080793258956
1380080793259154
1380080793259230
1380080793263224
1380080793263431
1380080793263664
1380080793263787
1380080793263908
1380080793264041
1380080793264219
1380080793264328
1380080793264413
1380080793269413
1380080793269506
1380080793269675
1380080793269790
1380080793269956
1380080793270056
1380080793270114
1380080793270240
1380080793272754
1380080793272813
1380080793272937
1380080793273200
1380080793273317
1380080793274401
1380080793280626
1380080793280745
1380080793284158
1380080793284262
1380080793284318
1380080793284569
1380080793284647
1380080793290186
1380080793290923
1380080793291023
1380080793291150
1380080793291214
1380080793295568
1380080793295688
1380080793299110
1380080793299191
1380080793306855
1380080793306907
1380080793313179
1380080793313257
1380080793313399
1380080793313580
1380080793313675
1380080793322289
1380080793352783
1380080793404114
1380080793438918
1380080793439231
1380080793439351
1380080793439454
1380080793439573
1380080793439659
1380080793439911
1380080793439980
1380080793479135
1380080793564908
1380080793565052
1380080793565142
1380080793577827
1380080793578041
1380080793675412
1380080793739553
1380080793763467
1380080793784602
1380080793883862
1380080793884818
1380080793985025
1380080793985377
1380080794022884
