1380089709181179
1380089709625111
1380089709625165
1380089709884377
1380089709884460
1380089709884532
1380089709937352
1380089709942919
1380089709943116
1380089709943411
1380089709947152
1380089709947213
1380089709947479
1380089709947571
1380089709947758
1380089709947917
1380089709948150
1380089709948304
1380089709948561
1380089709948768
1380089709948837
1380089709949347
1380089709949547
1380089709951419
1380089709954280
1380089709954560
1380089709954842
1380089709959847
1380089709960164
1380089710061704
1380089710062334
1380089710075414
1380089710075437
1380089710076328
1380089710081020
1380089710081561
1380089710081662
1380089710081725
1380089710082128
1380089710082204
1380089710082499
1380089710082579
1380089710082638
1380089710082941
1380089710083046
1380089710083497
1380089710085937
1380089710086001
1380089710086255
1380089710086449
1380089710086833
1380089710087035
1380089710087407
1380089710087469
1380089710087754
1380089710088032
1380089710088101
1380089710088430
1380089710088693
1380089710088759
1380089710089057
1380089710089226
1380089710131746
1380089710143665
1380089710143741
1380089710144123
1380089710144256
1380089710144551
1380089710144644
1380089710144841
1380089710161565
1380089710162017
1380089710175554
1380089710177925
1380089710186635
1380089710187716
1380089710187795
1380089710188208
1380089710188327
1380089710188423
1380089710188734
1380089710197598
1380089710197694
1380089710197765
1380089710197842
1380089710198332
1380089710198413
1380089710198522
1380089710198948
1380089710199021
1380089710199339
1380089710199365
1380089710199772
1380089710199828
1380089710200147
1380089710200229
1380089710207602
1380089710207668
1380089710208118
1380089710208343
1380089710209535
1380089710209617
1380089710209690
1380089710209963
1380089710210054
1380089710210283
1380089710210491
1380089710210681
1380089710210752
1380089710210943
1380089710211570
1380089710211887
1380089710212145
1380089710212206
1380089710212554
1380089710212625
1380089710212928
1380089710213132
1380089710213227
1380089710213545
1380089710213621
1380089710213893
1380089710213972
1380089710220341
1380089710227801
1380089710227877
1380089710228261
1380089710228343
1380089710228420
1380089710228839
1380089710229088
1380089710229340
1380089710229753
1380089710230002
1380089710230213
1380089710230473
1380089710230729
1380089710231026
1380089710231084
1380089710231258
1380089710231490
1380089710231563
1380089710231803
1380089710231855
1380089710236320
1380089710265464
1380089710265868
1380089710268040
1380089710268052
1380089710268276
1380089710271725
1380089710271803
1380089710272185
1380089710321197
1380089710326595
1380089710326759
1380089710327064
1380089710327120
1380089710327322
1380089710327670
1380089710327731
1380089710327901
1380089710328176
1380089710328492
1380089710328592
1380089710328754
1380089710328894
1380089710329206
1380089710369126
1380089710393074
1380089710393224
1380089710417868
1380089710536313
1380089710537387
1380089710635207
1380089710635594
1380089710636166
1380089710673616
