1379610046745673
1379610046763423
1379610046763743
1379610046763879
1379610046816852
1379610046833512
1379610046863046
1379610046885644
1379610046912828
1379610046931564
1379610046932557
1379610046957432
1379610046957714
1379610046957889
1379610047009023
1379610047016326
1379610047016413
1379610047016728
1379610047020932
1379610047021107
1379610047021520
1379610047026299
1379610047026428
1379610047026625
1379610047026683
1379610047029550
1379610047039100
1379610047039356
1379610047039605
1379610047039700
1379610047039891
1379610047040088
1379610047040270
1379610047040327
1379610047040654
1379610047056872
1379610047057125
1379610047057282
1379610047057347
1379610047057518
1379610047057698
1379610047057849
1379610047100000
1379610047100009
1379610047100163
1379610047123234
1379610047154509
1379610047160370
1379610047185953
1379610047192353
1379610047198442
1379610047198684
1379610047199586
1379610047200423
1379610047201244
1379610047202561
1379610047208838
1379610047219288
1379610047222730
1379610047223049
1379610047223324
1379610047223617
1379610047223880
1379610047224227
1379610047228107
1379610047228693
1379610047229756
1379610047229833
1379610047230056
1379610047230439
1379610047230513
1379610047230687
1379610047230770
1379610047230963
1379610047231033
1379610047231114
1379610047240325
1379610047241202
1379610047241878
1379610047242835
1379610047242864
1379610047242935
1379610047244452
1379610047244765
1379610047245532
1379610047245890
1379610047246160
1379610047247513
1379610047247563
1379610047254329
1379610047254614
1379610047262578
1379610047262708
1379610047263493
1379610047263633
1379610047266871
1379610047274382
1379610047274547
1379610047275008
1379610047275369
1379610047281696
1379610047283128
1379610047283233
1379610047297838
1379610047299123
1379610047299758
1379610047300044
1379610047300120
1379610047300234
1379610047305138
1379610047306017
1379610047306372
1379610047314122
1379610047315495
1379610047316218
1379610047317199
1379610047318442
1379610047318647
1379610047319817
1379610047324459
1379610047324656
1379610047324880
1379610047324972
1379610047326743
1379610047331428
1379610047331529
1379610047337642
1379610047337728
1379610047340285
1379610047340611
1379610047340711
1379610047341026
1379610047341341
1379610047341376
1379610047341448
1379610047342394
1379610047342505
1379610047342586
1379610047344035
1379610047344075
1379610047344202
1379610047346206
1379610047348693
1379610047349319
1379610047349610
1379610047358545
1379610047358839
1379610047358940
1379610047359256
1379610047359349
1379610047359454
1379610047360089
1379610047361411
1379610047361514
1379610047361588
1379610047364433
1379610047364735
1379610047364957
1379610047365334
1379610047365398
1379610047365791
1379610047387320
1379610047389576
1379610047389839
1379610047390802
1379610047391922
1379610047392310
1379610047392573
1379610047393874
1379610047395104
1379610047396216
1379610047404578
1379610047411338
1379610047411606
1379610047411913
1379610047413067
1379610047414154
1379610047422100
1379610047422960
1379610047424030
1379610047429487
1379610047430035
1379610047430313
1379610047430603
1379610047430865
1379610047431477
1379610047431673
1379610047438382
1379610047438811
1379610047444506
1379610047444998
1379610047445229
1379610047449501
1379610047450143
1379610047450326
1379610047453654
1379610047459811
1379610047463129
1379610047464117
1379610047465448
1379610047465726
1379610047466471
1379610047466898
1379610047467525
1379610047469441
1379610047469706
1379610047470845
1379610047471115
1379610047471716
1379610047473801
1379610047474319
1379610047475471
1379610047477708
1379610047478078
1379610047490391
1379610047491315
1379610047497769
1379610047498082
1379610047500567
1379610047510383
1379610047510620
1379610047513654
1379610047514122
1379610047514314
1379610047514550
1379610047516520
1379610047516914
1379610047517172
1379610047517909
1379610047518187
1379610047518777
1379610047518972
1379610047522053
1379610047522583
1379610047522963
1379610047523617
1379610047526583
1379610047526848
1379610047527033
1379610047527349
1379610047530865
1379610047531311
1379610047531567
1379610047535465
1379610047535726
1379610047535887
1379610047536177
1379610047536332
1379610047536461
1379610047536788
1379610047554424
1379610047554741
1379610047555228
1379610047568941
1379610047568947
1379610047569224
1379610047569313
1379610047571108
1379610047573620
1379610047574741
1379610047574878
1379610047574976
1379610047575278
1379610047575509
1379610047592118
1379610047592414
1379610047592611
1379610047593854
1379610047594082
1379610047608589
1379610047608598
1379610047608889
1379610047608981
1379610047609889
1379610047610204
1379610047611260
1379610047611577
1379610047612571
1379610047612720
1379610047612898
1379610047628489
1379610047628739
1379610047630031
1379610047630275
1379610047645264
1379610047647628
1379610047647907
1379610047648114
1379610047684380
1379610047703572
1379610047707543
1379610047743927
1379610047760884
1379610047762178
1379610047764327
1379610047779203
1379610047779372
1379610047781011
1379610047785516
1379610047785675
1379610047797352
1379610047797543
1379610047798941
1379610047816279
1379610047816533
1379610047818108
1379610047836686
1379610047836926
1379610047838235
1379610047857666
1379610047857857
1379610047867974
1379610047877530
1379610047877681
1379610047897344
1379610047897521
1379610047897621
1379610047897813
1379610047897946
1379610047915950
1379610047916069
1379610047916268
1379610047916411
1379610047935170
1379610047935366
1379610047935513
1379610047935613
1379610047953949
1379610047954094
1379610047954244
1379610047954391
1379610047972209
1379610047972366
1379610047972694
1379610047972817
1379610047973012
1379610047992021
1379610047992182
1379610047992498
1379610047992659
1379610047992757
1379610047992979
1379610048009573
1379610048009872
1379610048010091
1379610048010309
1379610048010397
1379610048010585
1379610048026753
1379610048027020
1379610048027238
1379610048027441
1379610048027906
1379610048028162
1379610048051983
1379610048065569
1379610048065736
1379610048065907
1379610048066014
1379610048083520
1379610048083753
1379610048083874
1379610048084006
1379610048102240
1379610048102372
1379610048102519
1379610048102679
1379610048119374
1379610048119538
1379610048119706
1379610048119812
1379610048136329
1379610048136639
1379610048136779
1379610048136949
1379610048137108
1379610048137195
1379610048152670
1379610048154144
1379610048282416
1379610048309336
1379610048309347
1379610048310896
1379610048311246
1379610048311702
1379610048313370
1379610048314084
1379610048314913
1379610048315741
1379610048315749
1379610048316670
1379610048317599
1379610048334257
1379610048335078
1379610048356172
1379610048357028
1379610048357268
1379610048371320
1379610048372000
1379610048384109
1379610048384138
1379610048384211
1379610048384226
1379610048392682
1379610048753632
1379610048756534
1379610048807406
1379610048807491
1379610048812519
1379610048867783
1379610048904375
1379610048957861
1379610048958265
1379610049138283
1379610084289839
1379610084314296
1379610084314566
1379610084436151
1379610084472677
1379610084472813
1379610084487933
1379610084500265
1379610084500464
1379610084501904
1379610084501980
1379610084502082
1379610084505692
1379610084505758
1379610084527168
1379610084527309
1379610084527595
1379610084528852
1379610084528938
1379610084529365
1379610084529581
1379610084529892
1379610084530263
1379610084530789
1379610084531022
1379610084547801
1379610084547885
1379610084548003
1379610084567800
1379610084577506
1379610084578213
1379610084585094
1379610084590388
1379610084591338
1379610084591426
1379610084602941
1379610084619199
1379610084703144
1379610084804116
1379610084806703
1379610084813396
1379610084814671
1379610084814793
1379610084814861
1379610084867680
1379610084881649
1379610084895232
1379610084895446
1379610084908153
1379610084908373
1379610084908596
1379610084922085
1379610084922457
1379610084922604
1379610084922900
1379610084923194
1379610084923296
1379610084923805
1379610084935772
1379610084936051
1379610084936523
1379610084936812
1379610084949595
1379610084949687
1379610084950491
1379610084950700
1379610084963365
1379610084966515
1379610084966954
1379610084967069
1379610084967178
1379610084979791
1379610084980039
1379610084980760
1379610084981016
1379610084993552
1379610084993828
1379610084994507
1379610084994792
1379610084995003
