1379929720728636
1379929720733844
1379929720734033
1379929720734263
1379929720734329
1379929720738287
1379929720738377
1379929720852473
1379929720857852
1379929720857995
1379929720858151
1379929720858257
1379929720858423
1379929720858974
1379929720864305
1379929720864482
1379929720864778
1379929720865003
1379929720865123
1379929720865267
1379929720865341
1379929720865537
1379929720865664
1379929720868695
1379929720869799
1379929720870173
1379929720870470
1379929720874234
1379929720874350
1379929720874576
1379929720874701
1379929720874956
1379929720878500
1379929720878888
1379929720880282
1379929720920288
1379929720941079
1379929720941284
1379929720984420
1379929720993120
1379929721034293
1379929721034559
1379929721034624
1379929721034811
1379929721034853
1379929721035055
1379929721035112
1379929721041340
1379929721044770
1379929721045643
1379929721045729
1379929721045945
1379929721046005
1379929721046299
1379929721046374
1379929721046585
1379929721046651
1379929721046738
1379929721046966
1379929721047025
1379929721047229
1379929721047318
1379929721047381
1379929721047697
1379929721047732
1379929721047794
1379929721047872
1379929721048204
1379929721048283
1379929721048499
1379929721048585
1379929721048639
1379929721048951
1379929721048964
1379929721049036
1379929721049270
1379929721049289
1379929721049736
1379929721049803
1379929721050010
1379929721050071
1379929721050277
1379929721050335
1379929721050522
1379929721050582
1379929721050784
1379929721050859
1379929721050931
1379929721051132
1379929721051244
1379929721054881
1379929721055117
1379929721055527
1379929721055596
1379929721055802
1379929721056567
1379929721057182
1379929721057600
1379929721057844
1379929721058687
1379929721058925
1379929721059021
1379929721059130
1379929721064470
1379929721064740
1379929721065263
1379929721066031
1379929721066235
1379929721066418
1379929721066939
1379929721067856
1379929721068075
1379929721068999
1379929721069337
1379929721069594
1379929721070968
1379929721071362
1379929721071804
1379929721072055
1379929721072557
1379929721073365
1379929721073526
1379929721073692
1379929721073831
1379929721073966
1379929721074042
1379929721074419
1379929721084482
1379929721084960
1379929721085016
1379929721085069
1379929721085118
1379929721085160
1379929721085205
1379929721085522
1379929721085582
1379929721085646
1379929721085653
1379929721085983
1379929721086214
1379929721086300
1379929721087175
1379929721092612
1379929721092862
1379929721093091
1379929721093164
1379929721093495
1379929721093659
1379929721093910
1379929721093974
1379929721094306
1379929721094659
1379929721094735
1379929721095141
1379929721095183
1379929721095259
1379929721095797
1379929721095882
1379929721096314
1379929721096364
1379929721096441
1379929721096836
1379929721096882
1379929721096945
1379929721097282
1379929721097305
1379929721097521
1379929721097611
1379929721097987
1379929721098018
1379929721098083
1379929721098371
1379929721098585
1379929721098730
1379929721099028
1379929721099114
1379929721099196
1379929721099688
1379929721099709
1379929721099828
1379929721099909
1379929721099985
1379929721100171
1379929721100942
1379929721101006
1379929721101103
1379929721101485
1379929721101577
1379929721101814
1379929721102042
1379929721103726
1379929721103807
1379929721103878
1379929721104368
1379929721104490
1379929721107140
1379929721107227
1379929721107521
1379929721107608
1379929721107875
1379929721107927
1379929721108071
1379929721108316
1379929721108454
1379929721109031
1379929721109243
1379929721109319
1379929721109363
1379929721109512
1379929721109790
1379929721109815
1379929721110173
1379929721114661
1379929721114745
1379929721115158
1379929721115410
1379929721117244
1379929721117538
1379929721299572
1379929721312934
1379929721313312
1379929721313476
1379929721325485
1379929721325820
1379929721325991
1379929721326201
1379929721326386
1379929721326572
1379929721326782
1379929721327201
1379929721327345
1379929721338407
1379929721338585
1379929721338791
1379929721339564
1379929721339727
1379929721339817
1379929721718864
1379929721755284
1379929721755507
1379929721755603
1379929721789956
1379929721821685
1379929721845733
1379929721845819
1379929721863703
1379929721900545
1379929721901422
1379929721938535
1379929721938888
1379929721977671
