1380080348608061
1380080348855685
1380080348855804
1380080348855889
1380080348928705
1380080348928832
1380080348929022
1380080348929335
1380080348929425
1380080348938640
1380080348946014
1380080348946151
1380080348946378
1380080348950243
1380080348950311
1380080348950486
1380080348950605
1380080348950823
1380080348950915
1380080348951071
1380080348960842
1380080348997876
1380080349005170
1380080349008929
1380080349013914
1380080349014175
1380080349014387
1380080349018007
1380080349018212
1380080349018481
1380080349018739
1380080349018847
1380080349019270
1380080349019403
1380080349019510
1380080349019519
1380080349019970
1380080349022676
1380080349022874
1380080349023522
1380080349023821
1380080349023994
1380080349024425
1380080349024505
1380080349024731
1380080349024913
1380080349025098
1380080349025182
1380080349026007
1380080349026121
1380080349026954
1380080349027071
1380080349033656
1380080349033783
1380080349033869
1380080349036998
1380080349065730
1380080349070790
1380080349071000
1380080349071241
1380080349071363
1380080349071532
1380080349071645
1380080349072019
1380080349072106
1380080349078070
1380080349086086
1380080349086158
1380080349194412
1380080349338288
1380080349476698
1380080349578300
1380080349578493
1380080349578592
1380080349676164
1380080349713600
1380080349741475
1380080349741561
1380080349761226
1380080349860561
1380080349861533
1380080349964911
1380080349965316
1380080349965567
1380080350004156
