1379905223031327
1379905223488545
1379905223488653
1379905223488758
1379905223718126
1379905223817827
1379905223817892
1379905223915686
1379905223937632
1379905223937907
1379905223937986
1379905223938581
1379905223938687
1379905223939109
1379905223939221
1379905223939325
1379905223939571
1379905223939768
1379905223939868
1379905223940076
1379905224381094
1379905224381403
1379905224382302
1379905224382414
1379905224382483
1379905224383205
1379905224383274
1379905224383481
1379905224383638
1379905224383813
1379905224383872
1379905224384224
1379905224384316
1379905224384526
1379905224384587
1379905230621684
1379905230621730
1379905231061292
1379905231076273
1379905231077531
1379905231077655
1379905231502744
1379905231502879
1379905231502974
1379905231503369
1379905231530963
1379905231808695
1379905231940250
1379905231940339
1379905231940444
1379905231940738
1379905231940768
1379905231941241
1379905231941302
1379905232087450
1379905232087861
1379905232089748
1379905232115314
1379905232368525
1379905232369087
1379905232369977
1379905232370252
1379905232370526
1379905232396893
1379905232653298
1379905232654373
1379905232655368
1379905232682209
1379905232703106
1379905232931179
1379905232933150
1379905232981046
1379905233010318
1379905233073858
1379905233096739
1379905233096798
1379905233096979
1379905233121953
1379905233122023
1379905233340112
1379905233362566
1379905233484592
1379905233533526
1379905233533620
1379905233533698
1379905233533769
1379905233546167
1379905233546386
1379905233578614
1379905233579340
1379905233579651
1379905233579747
1379905233745572
1379905233745723
1379905233814654
1379905234419707
1379905234419928
1379905234420109
1379905234420347
1379905234420744
1379905237105120
1379905237105320
1379905237106928
1379905237107105
1379905237538906
1379905237563171
1379905237563453
1379905237635986
1379905237734702
1379905237763051
1379905237763115
1379905237894620
1379905238251898
1379905238251953
1379905238252267
1379905238366726
1379905238367602
1379905238367727
1379905238367827
1379905238570097
1379905238570200
1379905238597547
1379905238600610
1379905238739389
1379905238739529
1379905238973511
1379905241595459
1379905241595551
