1379883718701920
1379883718714218
1379883718714407
1379883718725676
1379883718725832
1379883718726089
1379883718726153
1379883718737242
1379883718737330
1379883718737542
1379883718821280
1379883718834793
1379883718846611
1379883718861098
1379883718861327
1379883718872714
1379883718872854
1379883718873380
1379883718873756
1379883718873826
1379883718874185
1379883718874246
1379883718874438
1379883718874492
1379883718874856
1379883718874910
1379883718875090
1379883718875405
1379883718884969
1379883718885648
1379883718885725
1379883718886739
1379883718886955
1379883718924192
1379883718924490
1379883718938346
1379883718938426
1379883718938694
1379883718949931
1379883718950248
1379883718950470
1379883718950851
1379883718951231
1379883718951323
1379883718951533
1379883718951772
1379883718951962
1379883718952047
1379883718952227
1379883718952318
1379883718952638
1379883718962263
1379883718962475
1379883718963098
1379883718963523
1379883718963673
1379883718964446
1379883718964511
1379883718964907
1379883718964996
1379883718965280
1379883718965366
1379883718965557
1379883718965780
1379883718965928
1379883718966073
1379883718966228
1379883718966282
1379883718967472
1379883718976912
1379883718977174
1379883718978034
1379883718991034
1379883719053264
1379883719105846
1379883719129735
1379883719130017
1379883719130042
1379883719130125
1379883719179417
1379883719204993
1379883719205072
1379883719205342
1379883719244703
1379883719244974
1379883719245181
1379883719245235
1379883719245298
1379883719245350
1379883719251084
1379883719260990
1379883719261018
1379883719261043
1379883719261507
1379883719261801
1379883719287680
1379883719290649
1379883719302171
1379883719303149
1379883719313966
1379883719314608
1379883719326072
1379883719364381
1379883719364516
1379883719378062
1379883719391063
1379883719396092
1379883719396406
1379883719436738
1379883719436754
1379883719437101
1379883719449827
1379883719460747
1379883719460814
1379883719460872
1379883719463184
1379883719473586
1379883719475938
1379883719476315
1379883719478936
1379883719479034
1379883719479469
1379883719480081
1379883719480404
1379883719480649
1379883719493934
1379883719494607
1379883719499481
1379883719499590
1379883719503759
1379883719506708
1379883719506932
1379883719510758
1379883719510990
1379883719511024
1379883719511129
1379883719511214
1379883719511462
1379883719511539
1379883719515405
1379883719515484
1379883719515749
1379883719515821
1379883719516112
1379883719516195
1379883719516299
1379883719516749
1379883719516849
1379883719516931
1379883719517158
1379883719517724
1379883719518082
1379883719518118
1379883719518327
1379883719519987
1379883719520093
1379883719520416
1379883719520705
1379883719520847
1379883719521283
1379883719521502
1379883719521837
1379883719521995
1379883719522139
1379883719524508
1379883719524721
1379883719524878
1379883719525925
1379883719526087
1379883719526300
1379883719528419
1379883719528605
1379883719529114
1379883719529540
1379883719529644
1379883719530040
1379883719530195
1379883719530409
1379883719530765
1379883719530951
1379883719531066
1379883719531261
1379883719531487
1379883719531591
1379883719531759
1379883719531938
1379883719532106
1379883719532249
1379883719532485
1379883719532613
1379883719533202
1379883719533332
1379883719534440
1379883719534605
1379883719534779
1379883719537209
1379883719537409
1379883719537574
1379883719537970
1379883719538147
1379883719538241
1379883719538444
1379883719538650
1379883719538820
1379883719538946
1379883719539323
1379883719539533
1379883719539667
1379883719568248
1379883719582724
1379883719582961
1379883719583046
1379883719583132
1379883719583203
1379883719583496
1379883719583569
1379883719583666
1379883719584192
1379883719614342
1379883719619985
1379883719620091
1379883719620193
1379883719620288
1379883719620850
1379883719620954
1379883719640945
1379883719653049
1379883719676193
1379883719689601
1379883719690893
1379883719691084
1379883719790566
1379883719817818
1379883719841109
1379883719902512
1379883719902635
1379883719902952
1379883720002512
1379883720033364
1379883720057205
1379883720057262
1379883720062590
1379883720179370
1379883720180301
1379883720294971
1379883720295331
1379883720295594
1379883720334218
1379883747654024
