1378112955687506
1378112955698962
1378112955699295
1378112956026865
1378112956026890
1378112956027087
1378112956027096
1378112956027228
1378112956027235
1378112956027848
1378112956056255
1378112956067216
1378112956068006
1378112956104909
1378112956108832
1378112956109638
1378112956114946
1378112956114961
1378112956114971
1378112956115142
1378112956115214
1378112956115332
1378112956115431
1378112956115440
1378112956118743
1378112956158522
1378112956159133
1378112956164748
1378112956164762
1378112956164771
1378112956164859
1378112956164981
1378112956165119
1378112956165211
1378112956165220
1378112956169089
1378112956169099
1378112956169230
1378112956170186
1378112956184084
1378112956184115
1378112956184126
1378112956184308
1378112956184401
1378112956222389
1378112956222515
1378112956222768
1378112956227214
1378112956227251
1378112956227543
1378112956267020
1378112956268221
1378112956291161
1378112956291412
1378112956291541
1378112956296337
1378112956313586
1378112956317602
1378112956335180
1378112956335562
1378112956374180
1378112956392767
1378112956397014
1378112956397333
1378112956402066
1378112956402086
1378112956402228
1378112956403191
1378112956483656
1378112956484024
1378112956570918
1378112956571390
1378112956571505
1378112956605906
1378112956606233
1378112956624371
1378112956624590
1378112956624738
1378112956627858
1378112956627988
1378112956666561
1378112956691750
1378112956709218
1378112956709247
1378112956730166
1378112956730196
1378112956730446
1378112956730522
1378112956730629
1378112956730762
1378112956730943
1378112956731046
1378112956731581
1378112956731707
1378112956750683
1378112956750878
1378112956750987
1378112956751613
1378112956751723
1378112956752078
1378112956752231
1378112956752332
1378112956752476
1378112956752829
1378112956753382
1378112956753575
1378112956753688
1378112956753822
1378112956756950
1378112956756960
1378112956782849
1378112956785517
1378112956785651
1378112956785755
1378112956785947
1378112956786099
1378112956786280
1378112956800308
1378112956800408
1378112956800560
1378112956800666
1378112956800681
1378112956875498
1378112956894528
1378112956894644
1378112956894782
1378112956894885
1378112956895021
1378112956895136
1378112956895262
1378112956895393
1378112956895492
1378112956897557
1378112956901782
1378112956902471
1378112956902580
1378112956902765
1378112956902869
1378112956902881
1378112956906144
1378112956906246
1378112956906259
1378112956906425
1378112956907215
1378112956911452
1378112956911479
1378112956911617
1378112956913126
1378112956913590
1378112956913701
1378112956913822
1378112956913974
1378112956914084
1378112956914217
1378112956914320
1378112956914452
1378112956914569
1378112956914695
1378112956914801
1378112956914968
1378112956915262
1378112956915389
1378112956915532
1378112956915541
1378112956916197
1378112956917038
1378112956917188
1378112956917240
1378112956917365
1378112956917374
1378112956917561
1378112956917569
1378112956917774
1378112956917784
1378112956917887
1378112956917893
1378112956921617
1378112956921628
1378112956921950
1378112956921958
1378112956922325
1378112956922334
1378112956922898
1378112956922908
1378112956923086
1378112956923093
1378112956923238
1378112956923823
1378112956923925
1378112956923931
1378112956924069
1378112956924207
1378112956924354
1378112956924481
1378112956924604
1378112956925180
1378112956925191
1378112956925199
1378112956925289
1378112956925391
1378112956925986
1378112956926131
1378112956929241
1378112956929342
1378112956929490
1378112956929613
1378112956929622
1378112956929718
1378112956929725
1378112956929863
1378112956929868
1378112956930005
1378112956930014
1378112956930146
1378112956930868
1378112956931019
1378112956933669
1378112956933795
1378112956933803
1378112956933901
1378112956933908
1378112956934091
1378112956934095
1378112956935202
1378112956935211
1378112956935398
1378112956935406
1378112956935593
1378112956935601
1378112956935698
1378112956935706
1378112956937984
1378112956937991
1378112956938237
1378112956938245
1378112956938490
1378112956938499
1378112956938597
1378112956938616
1378112956938742
1378112956938750
1378112956938849
1378112956938858
1378112956939181
1378112956939190
1378112956939308
1378112956939317
1378112956939672
1378112956978527
1378112956979727
1378112956998350
1378112956998385
1378112956998466
1378112956998739
1378112956998823
1378112957002775
1378112957003518
1378112957008459
1378112957008500
1378112957008634
1378112957008641
1378112957008786
1378112957012873
1378112957013005
1378112957016118
1378112957016381
1378112957016626
1378112957016827
1378112957016924
1378112957017311
1378112957017456
1378112957017461
1378112957120896
1378112957138708
1378112957151279
1378112957169472
1378112957169512
1378112957173450
1378112957175395
1378112957180809
1378112957362218
1378112957367845
1378112957374246
1378112957379043
1378112957379083
1378112957397909
1378112957397937
1378112957398142
1378112957398244
1378112957403443
1378112957403568
1378112957428388
1378112957446545
1378112957446561
1378112957450471
1378112957451505
1378112957470596
1378112957470612
1378112957470868
1378112957470961
1378112957471068
1378112957471175
1378112957471335
1378112957471466
1378112957471595
1378112957471851
1378112957475979
1378112957475991
1378112957476197
1378112957476205
1378112957476351
1378112957480100
1378112957480203
1378112957486083
1378112957489605
1378112957489724
1378112957489916
1378112957490026
1378112957490280
1378112957490389
1378112957490548
1378112957526533
1378112957533661
1378112957538876
1378112970002304
1378112970002641
1378112970003290
1378112987405293
1378112987541278
1378113000004731
1378113000005036
1378113044816145
1378113044816191
1378113044820047
1378113044833702
1378113044834019
1378113044834676
1378113044835801
1378113044896516
