1380588259764256
1380588259861855
1380588259861921
1380588259862017
1380588259948256
1380588259948501
1380588259948591
1380588259948985
1380588259949049
1380588259949512
1380588259994173
1380588260035144
1380588260035221
1380588260035704
1380588260036200
1380588260036399
1380588260036469
1380588260036843
1380588260036907
1380588260037000
1380588260037321
1380588260037652
1380588260081603
1380588260081745
1380588260081928
1380588260082201
1380588260121781
1380588260121914
1380588260122874
1380588260123036
1380588260123203
1380588260123288
1380588260123950
1380588260124166
1380588260124401
1380588260124688
1380588260124783
1380588260124999
1380588260125059
1380588260125285
1380588260125366
1380588260125565
1380588260166445
1380588260168052
1380588260168349
1380588260168840
1380588260169136
1380588260169196
1380588260169590
1380588260170034
1380588260170480
1380588260170549
1380588260173800
1380588260254650
1380588260254729
1380588260257296
1380588260257676
1380588260257745
1380588260258055
1380588260258125
1380588260261315
1380588260261471
1380588260261625
1380588260300707
1380588260344365
1380588260344590
1380588260348127
1380588260348303
1380588260348378
1380588260348774
1380588260388526
1380588260388812
1380588260388986
1380588260389204
1380588260472387
1380588260475643
1380588260475825
1380588260476503
1380588260476625
1380588260477436
1380588260477538
1380588260477935
1380588260556024
1380588260556222
1380588260556365
1380588260564849
1380588260565340
1380588260638691
1380588260638964
1380588260639286
1380588260652419
1380588260652889
1380588260693018
1380588260738741
1380588260738893
1380588260780397
1380588260780592
1380588260780722
1380588260820102
1380588260866920
1380588260867146
1380588260867248
1380588260867693
1380588260867842
1380588260907758
1380588260908034
1380588260946783
1380588260994938
1380588260995201
1380588260995347
1380588260995833
1380588260995975
1380588261034575
1380588261034922
1380588261078871
1380588261081787
1380588261121641
1380588261121741
1380588261122021
1380588261122170
1380588261122458
1380588261123008
1380588261166577
1380588261166853
1380588261166949
1380588261168321
1380588261208788
1380588261209047
1380588261209586
1380588261209912
1380588261210087
1380588261210168
1380588261247672
1380588261253604
1380588261253688
1380588261254061
1380588261254148
1380588261254342
1380588261254727
1380588261255869
1380588261256153
1380588261256287
1380588261256581
1380588261340976
1380588261341291
1380588261341377
1380588261342846
1380588261343174
1380588261344530
1380588261344781
1380588261344813
1380588261345123
1380588261431171
1380588261431472
1380588261431621
1380588261431862
1380588261432168
1380588261432751
1380588261432916
1380588261433256
1380588261519559
1380588261519882
1380588261520035
1380588261520181
1380588261520278
1380588261520632
1380588261520664
1380588261521324
1380588261521590
1380588261522011
1380588261606160
1380588261608122
1380588261608372
1380588261608539
1380588261609278
1380588261609410
1380588261609666
1380588261610081
1380588261694602
1380588261694694
1380588261695556
1380588261695643
1380588261697113
1380588261697404
1380588261697555
1380588261734881
1380588261783899
1380588261783990
1380588261784057
1380588261784396
1380588261818559
1380588261818867
1380588261822872
1380588261901185
1380588261901302
1380588261901484
1380588261901781
1380588261910807
1380588261911019
1380588261911094
1380588261911460
1380588261994740
1380588261994985
1380588261995069
1380588261995298
1380588261997865
1380588261998101
1380588261998199
1380588262077586
1380588262077807
1380588262077892
1380588262078176
1380588262078329
1380588262079300
1380588262079546
1380588262079715
1380588262082245
1380588262161981
1380588262162131
1380588262162280
1380588262162666
1380588262169540
1380588262169865
1380588262206922
1380588262256046
1380588262256159
1380588262256350
1380588262294414
1380588262294441
1380588262294577
1380588262294849
1380588262377836
1380588262380897
1380588262381124
1380588262381276
1380588262381836
1380588262382451
1380588262382816
1380588262461238
1380588262461549
1380588262461735
1380588262462086
1380588262469423
1380588262469650
1380588262469928
1380588262470017
1380588262544287
1380588262544501
1380588262544775
1380588262544873
1380588262545221
1380588262546025
1380588262546192
1380588262546418
1380588262583003
1380588262629285
1380588262633840
1380588262633942
1380588262634239
1380588262670672
1380588262670933
1380588262710942
1380588262757099
1380588262757181
1380588262757526
1380588262794710
1380588262798258
1380588262798526
1380588262798638
1380588262831367
1380588262833245
1380588262834383
1380588262835205
1380588262835432
1380588262836387
1380588262838237
1380588262840981
1380588262842020
1380588262843151
1380588262843302
1380588262844154
1380588262846195
1380588262846343
1380588262846514
1380588262846660
1380588262846788
1380588262847001
1380588262847173
1380588262847344
1380588262847528
1380588262847684
1380588262847877
1380588262848021
1380588262848217
1380588262848374
1380588262885069
1380588262885324
1380588262885584
1380588262885789
1380588262885989
1380588262915010
1380588262917250
1380588262920071
1380588262920300
1380588262920496
1380588262920862
1380588262920951
1380588262921234
1380588262921479
1380588262924061
1380588262924741
1380588262925068
1380588262925144
1380588262925412
1380588262925696
1380588262925835
1380588262926075
1380588262926229
1380588262926312
1380588262926669
1380588262926691
1380588262926765
1380588262928165
1380588262928238
1380588262928584
1380588262928782
1380588262931165
1380588262931413
1380588262931908
1380588262932033
1380588262932547
1380588262932700
1380588262932935
1380588262933150
1380588262933309
1380588262933496
1380588262933741
1380588262934044
1380588262934249
1380588262934429
1380588262934683
1380588262934723
1380588262934833
1380588262935540
1380588262935864
1380588262935932
1380588262936111
1380588262936255
1380588262936478
1380588262936617
1380588262936914
1380588262937035
1380588262937268
1380588262937476
1380588262937867
1380588262937954
1380588262940189
1380588262940299
1380588262940515
1380588262940701
1380588262940928
1380588262941443
1380588262941624
1380588262941761
1380588262941902
1380588262942045
1380588262942795
1380588262943099
1380588262943404
1380588262943444
1380588262943924
1380588262944090
1380588262944221
1380588262944392
1380588262945102
1380588262945271
1380588262945380
1380588262945594
1380588262945909
1380588262946108
1380588262946284
1380588262946610
1380588262946813
1380588262946908
1380588262947222
1380588262947265
1380588262947462
1380588262947603
1380588262948654
1380588262949075
1380588262949180
1380588262949350
1380588262949527
1380588262949673
1380588262949943
1380588262950169
1380588262950200
1380588262950731
1380588262972246
1380588262972355
1380588262972616
1380588262977183
1380588262999575
1380588262999816
1380588263000104
1380588263003418
1380588263003677
1380588263028104
1380588263028371
1380588263064577
1380588263064833
1380588263064956
1380588263103001
1380588263115039
1380588263117785
1380588263151182
1380588263151312
1380588263151605
1380588263157272
1380588263157512
1380588263157827
1380588263191036
1380588263191269
1380588263199852
1380588263199945
1380588263200005
1380588263200057
1380588263200109
1380588263200161
1380588263200213
1380588263225880
1380588263226650
1380588263228707
1380588263229598
1380588263237283
1380588263237696
1380588263237762
1380588263237960
1380588263248871
1380588263266521
1380588263278041
1380588263278438
1380588263283594
1380588263283612
1380588263283769
1380588263284035
1380588263286016
1380588263286177
1380588263286706
1380588263286891
1380588263287191
1380588263287301
1380588263287665
1380588263287742
1380588263288112
1380588263288355
1380588263288648
1380588263289106
1380588263289666
1380588263289794
1380588263289891
1380588263290105
1380588263290537
1380588263290688
1380588263290779
1380588263290978
1380588263291480
1380588263291728
1380588263291849
1380588263292170
1380588263292537
1380588263292655
1380588263293009
1380588263293034
1380588263293147
1380588263293253
1380588263293715
1380588263294092
1380588263294302
1380588263294601
1380588263294848
1380588263295128
1380588263295337
1380588263295640
1380588263296080
1380588263296320
1380588263296679
1380588263297004
1380588263297133
1380588263297293
1380588263297495
1380588263297619
1380588263307388
1380588263308702
1380588263308913
1380588263309409
1380588263309841
1380588263310154
1380588263310533
1380588263312660
1380588263312912
1380588263315833
1380588263318474
1380588263320568
1380588263323894
1380588263324215
1380588263327238
1380588263327414
1380588263327833
1380588263328054
1380588263328249
1380588263328530
1380588263328683
1380588263335507
1380588263349486
1380588263349687
1380588263366608
1380588263366961
1380588263371660
1380588263371747
1380588263372006
1380588263372439
1380588263372563
1380588263372787
1380588263374022
1380588263374447
1380588263374550
1380588263374682
1380588263375091
1380588263375360
1380588263375789
1380588263375951
1380588263376069
1380588263378613
1380588263378911
1380588263379261
1380588263379518
1380588263379721
1380588263386526
1380588263386740
1380588263387050
1380588263387569
1380588263387854
1380588263388243
1380588263388553
1380588263388702
1380588263391870
1380588263392217
1380588263392394
1380588263392619
1380588263392874
1380588263393203
1380588263393507
1380588263393624
1380588263393718
1380588263395120
1380588263395378
1380588263395704
1380588263395810
1380588263396142
1380588263396413
1380588263396772
1380588263397159
1380588263397385
1380588263397670
1380588263398012
1380588263398290
1380588263398455
1380588263405123
1380588263405484
1380588263405650
1380588263405806
1380588263406897
1380588263407241
1380588263407446
1380588263410449
1380588263410789
1380588263410992
1380588263412795
1380588263413072
1380588263413347
1380588263413471
1380588263417933
1380588263418400
1380588263418698
1380588263418841
1380588263422709
1380588263423043
1380588263423417
1380588263423649
1380588263431937
1380588263432264
1380588263432427
1380588263456678
1380588263456767
1380588263457351
1380588263459528
1380588263459639
1380588263459916
1380588263460325
1380588263460463
1380588263460575
1380588263461007
1380588263461159
1380588263462280
1380588263462725
1380588263463004
1380588263463085
1380588263463147
1380588263463434
1380588263463708
1380588263463855
1380588263471423
1380588263471820
1380588263472191
1380588263475805
1380588263475831
1380588263475919
1380588263476268
1380588263476337
1380588263476601
1380588263476746
1380588263476818
1380588263477291
1380588263477448
1380588263477588
1380588263477608
1380588263477944
1380588263478192
1380588263478298
1380588263478695
1380588263479073
1380588263479155
1380588263479592
1380588263479679
1380588263479784
1380588263480265
1380588263480409
1380588263482745
1380588263483591
1380588263483925
1380588263484101
1380588263484222
1380588263486515
1380588263486854
1380588263487144
1380588263487446
1380588263487579
1380588263487733
1380588263492383
1380588263492500
1380588263493515
1380588263493882
1380588263494159
1380588263494416
1380588263494729
1380588263495193
1380588263496859
1380588263497023
1380588263505148
1380588263505610
1380588263505871
1380588263506067
1380588263506532
1380588263506901
1380588263507201
1380588263507446
1380588263507609
1380588263509632
1380588263509891
1380588263510151
1380588263510306
1380588263516244
1380588263516687
1380588263516875
1380588263517863
1380588263518080
1380588263544696
1380588263545151
1380588263545254
1380588263545333
1380588263545396
1380588263545729
1380588263546034
1380588263546067
1380588263546252
1380588263546606
1380588263546734
1380588263546839
1380588263546949
1380588263547072
1380588263547403
1380588263547740
1380588263547844
1380588263551661
1380588263551931
1380588263552031
1380588263552300
1380588263552539
1380588263552897
1380588263552991
1380588263553362
1380588263553550
1380588263561169
1380588263561569
1380588263561794
1380588263562162
1380588263562645
1380588263562747
1380588263562843
1380588263563280
1380588263563390
1380588263563715
1380588263564024
1380588263564195
1380588263564489
1380588263564624
1380588263564754
1380588263565059
1380588263565326
1380588263565427
1380588263565686
1380588263565966
1380588263566163
1380588263566248
1380588263567785
1380588263568220
1380588263568519
1380588263568736
1380588263569483
1380588263572423
1380588263572931
1380588263573207
1380588263573303
1380588263575081
1380588263575662
1380588263576146
1380588263576257
1380588263576457
1380588263576594
1380588263576719
1380588263577135
1380588263577403
1380588263580313
1380588263580581
1380588263580754
1380588263580951
1380588263581026
1380588263581461
1380588263581994
1380588263584439
1380588263584710
1380588263584875
1380588263585112
1380588263585251
1380588263590046
1380588263592285
1380588263595375
1380588263595513
1380588263595599
1380588263595916
1380588263600608
1380588263600850
1380588263601119
1380588263601218
1380588263601295
1380588263607741
1380588263616498
1380588263631228
1380588263631668
1380588263631933
1380588263632468
1380588263632569
1380588263632669
1380588263633140
1380588263633264
1380588263633483
1380588263635309
1380588263635642
1380588263635754
1380588263635840
1380588263635932
1380588263640993
1380588263641329
1380588263641395
1380588263641667
1380588263641884
1380588263642138
1380588263642422
1380588263649559
1380588263649579
1380588263649747
1380588263649970
1380588263650227
1380588263650533
1380588263650726
1380588263651055
1380588263651390
1380588263651703
1380588263651778
1380588263652052
1380588263652162
1380588263652622
1380588263652875
1380588263653050
1380588263653183
1380588263653549
1380588263656433
1380588263660525
1380588263660723
1380588263660777
1380588263660938
1380588263660991
1380588263661043
1380588263662382
1380588263666016
1380588263666088
1380588263666180
1380588263666625
1380588263666918
1380588263666935
1380588263667012
1380588263667137
1380588263667513
1380588263667609
1380588263667880
1380588263669043
1380588263669270
1380588263669346
1380588263669584
1380588263670554
1380588263677070
1380588263677192
1380588263694023
1380588263694213
1380588263702781
1380588263702877
1380588263722230
1380588263735515
1380588263735532
1380588263735615
1380588263736400
1380588263736463
1380588263742928
1380588263743161
1380588263746461
1380588263746591
1380588263746669
1380588263747035
1380588263747138
1380588263748105
1380588263748274
1380588263748789
1380588263748958
1380588263749294
1380588263749376
1380588263749722
1380588263749832
1380588263750126
1380588263750296
1380588263750535
1380588263751094
1380588263751231
1380588263751464
1380588263751655
1380588263751950
1380588263752104
1380588263752306
1380588263752774
1380588263753007
1380588263753220
1380588263753504
1380588263753703
1380588263753967
1380588263754220
1380588263754433
1380588263754560
1380588263755498
1380588263755812
1380588263756124
1380588263756246
1380588263756337
1380588263756556
1380588263756812
1380588263756917
1380588263757064
1380588263757603
1380588263757634
1380588263757903
1380588263758037
1380588263763928
1380588263764164
1380588263764304
1380588263780221
1380588263780555
1380588263789527
1380588263789976
1380588263790125
1380588263829978
1380588263837728
1380588263837935
1380588263838387
1380588263842676
1380588263843002
1380588263843112
1380588263843584
1380588263843701
1380588263876611
1380588263876885
1380588263901961
1380588263905246
1380588263989187
1380588263989283
1380588263992101
1380588263992341
1380588264045829
1380588264076282
1380588264076382
1380588264076505
1380588264080318
1380588264080436
1380588264083367
1380588264087096
1380588264123492
1380588264132698
1380588264169917
1380588264169961
1380588264170043
1380588264174685
1380588264207182
1380588264207406
1380588264210509
1380588264210766
1380588264249320
1380588264256299
1380588264258275
1380588264261894
1380588264262269
1380588264294104
1380588264294201
1380588264294286
1380588264297739
1380588264331529
1380588264343098
1380588264343145
1380588264343225
1380588264382721
1380588264429708
1380588264429860
1380588264516406
1380588264517007
1380588264517124
1380588264517219
1380588264603403
1380588264605673
1380588264605754
1380588264605886
1380588266749467
1380588266837298
1380588266838838
1380588266838955
1380588266878814
1380588266878959
1380588266879012
1380588266879194
1380588266879245
1380588266879294
1380588266879344
1380588266925378
1380588266925490
1380588266925778
1380588266966588
1380588266966711
1380588266966807
1380588266967124
1380588266967296
1380588266967554
1380588266967741
1380588266968043
1380588266968813
1380588266968996
1380588266969379
1380588266969473
1380588266969860
1380588266969883
1380588266969976
1380588266970502
1380588266970684
1380588266971002
1380588266971281
1380588266971745
1380588266971830
1380588266971953
1380588266972274
1380588266972838
1380588266973082
1380588266973416
1380588266973566
1380588266973831
1380588266973914
1380588266974153
1380588266974187
1380588266974484
1380588266974527
1380588266974712
1380588266974804
1380588266974969
1380588266975009
1380588266975430
1380588266975677
1380588266976080
1380588266976142
1380588266976305
1380588266976528
1380588266976860
1380588266977060
1380588266977759
1380588266979741
1380588266980589
1380588266980773
1380588266981307
1380588266983230
1380588266983267
1380588266983552
1380588266983623
1380588266983663
1380588266983873
1380588266983944
1380588266984081
1380588266984160
1380588266984274
1380588266984491
1380588266984642
1380588266984770
1380588266984923
1380588266985686
1380588266985959
1380588266986148
1380588266986294
1380588266987949
1380588266988478
1380588266990759
1380588266990801
1380588266991117
1380588267052739
1380588267052945
1380588267055749
1380588267058314
1380588267058348
1380588267059479
1380588267059932
1380588267068422
1380588267068617
1380588267070090
1380588267070346
1380588267070690
1380588267070930
1380588267070997
1380588267072257
1380588267072481
1380588267078294
1380588267078353
1380588267078514
1380588267080287
1380588267080463
1380588267080644
1380588267080714
1380588267080839
1380588267116511
1380588267141357
1380588267141458
1380588267141691
1380588267155147
1380588267157377
1380588267158567
1380588267158594
1380588267158662
1380588267165554
1380588267168194
1380588267168341
1380588267168428
1380588267205080
1380588267205180
1380588267205380
1380588267241860
1380588267242210
1380588267242323
1380588267242381
1380588267242514
1380588267242574
1380588267242630
1380588267242688
1380588267242745
1380588267242900
1380588267242963
1380588267243015
1380588267254474
1380588267260002
1380588267269389
1380588267272128
1380588267292831
1380588267293204
1380588267293356
1380588267293824
1380588267307254
1380588267328287
1380588267328595
1380588267328819
1380588267328905
1380588267329126
1380588267329587
1380588267329714
1380588267329738
1380588267330486
1380588267330758
1380588267330840
1380588267331065
1380588267331434
1380588267331622
1380588267332405
1380588267332647
1380588267332762
1380588267333096
1380588267333225
1380588267333517
1380588267333608
1380588267333913
1380588267334046
1380588267334508
1380588267335336
1380588267335567
1380588267335722
1380588267336039
1380588267336130
1380588267336392
1380588267336654
1380588267336900
1380588267337024
1380588267337337
1380588267337379
1380588267337485
1380588267339114
1380588267339394
1380588267339575
1380588267339755
1380588267340012
1380588267340228
1380588267340455
1380588267340788
1380588267340975
1380588267341097
1380588267341777
1380588267342030
1380588267342233
1380588267342450
1380588267343341
1380588267343494
1380588267343751
1380588267344050
1380588267344109
1380588267344165
1380588267344222
1380588267344934
1380588267345876
1380588267347882
1380588267355578
1380588267355800
1380588267359018
1380588267379047
1380588267379536
1380588267393636
1380588267393859
1380588267414957
1380588267415998
1380588267419499
1380588267419667
1380588267419819
1380588267419888
1380588267429194
1380588267429499
1380588267429623
1380588267429933
1380588267430137
1380588267430367
1380588267430754
1380588267430976
1380588267431065
1380588267431339
1380588267431550
1380588267432661
1380588267432894
1380588267433113
1380588267433184
1380588267433765
1380588267433966
1380588267434008
1380588267434214
1380588267434365
1380588267435007
1380588267435051
1380588267435229
1380588267435272
1380588267436130
1380588267436286
1380588267436677
1380588267436914
1380588267437144
1380588267437342
1380588267437537
1380588267437681
1380588267437800
1380588267437965
1380588267438037
1380588267438092
1380588267438148
1380588267438205
1380588267438237
1380588267438277
1380588267438282
1380588267438390
1380588267438462
1380588267438527
1380588267438651
1380588267438809
1380588267439495
1380588267439704
1380588267439830
1380588267442801
1380588267443145
1380588267443349
1380588267446024
1380588267466644
1380588267466693
1380588267479840
1380588267480186
1380588267480274
1380588267480564
1380588267506776
1380588267512702
1380588267512866
1380588267522612
1380588267522795
1380588267523081
1380588267523219
1380588267523635
1380588267524046
1380588267524170
1380588267524597
1380588267524929
1380588267525018
1380588267525284
1380588267525551
1380588267525815
1380588267526032
1380588267526184
1380588267526945
1380588267527033
1380588267527300
1380588267527347
1380588267527546
1380588267527580
1380588267528080
1380588267528314
1380588267528619
1380588267528694
1380588267528924
1380588267529095
1380588267529365
1380588267529404
1380588267529582
1380588267529808
1380588267530536
1380588267530872
1380588267530930
1380588267531016
1380588267531385
1380588267531479
1380588267531646
1380588267531745
1380588267532003
1380588267532390
1380588267532645
1380588267532732
1380588267532906
1380588267532950
1380588267533835
1380588267534045
1380588267534150
1380588267534371
1380588267534808
1380588267535022
1380588267535222
1380588267535307
1380588267535533
1380588267535811
1380588267536224
1380588267536370
1380588267553004
1380588267553321
1380588267566692
1380588267566808
1380588267598707
1380588267609404
1380588267609589
1380588267609630
1380588267609785
1380588267610118
1380588267610567
1380588267610985
1380588267611091
1380588267612078
1380588267612231
1380588267612377
1380588267622725
1380588267650925
1380588267665938
1380588267666041
1380588267676539
1380588267696695
1380588267696908
1380588267697633
1380588267697778
1380588267706908
1380588267708035
1380588267708527
1380588267709496
1380588267709741
1380588267719627
1380588267719747
1380588267737275
1380588267752893
1380588267753106
1380588267763221
1380588267763598
1380588267788999
1380588267793044
1380588267793222
1380588267795045
1380588267795133
1380588267796183
1380588267796406
1380588267796602
1380588267796720
1380588267802281
1380588267802594
1380588267823923
1380588267834115
1380588267840014
1380588267840279
1380588267847171
1380588267850022
1380588267850153
1380588267850662
1380588267851024
1380588267875790
1380588267879473
1380588267879672
1380588267889395
1380588267895510
1380588267921010
1380588267938099
1380588267962566
1380588267972560
1380588267976511
1380588267976746
1380588267982498
1380588267986735
1380588267986915
1380588268007833
1380588268049860
1380588268059368
1380588268059587
1380588268062831
1380588268074525
1380588268074730
1380588268074942
1380588268136493
1380588268160684
1380588268161185
1380588268161419
1380588268161712
1380588268222913
1380588268247385
1380588268247686
1380588268831853
1380588270267892
1380588270536225
1380588270536526
1380588270537110
1380588270537256
1380588270537425
1380588270537630
1380588270537774
1380588270537963
1380588270538137
1380588270538335
1380588270538539
1380588270538688
1380588270538856
1380588270539091
1380588270539602
1380588270540016
1380588270540163
1380588270540689
1380588270540856
1380588270541218
1380588270541358
1380588270623235
1380588270623495
1380588270623590
1380588270623870
1380588270623949
1380588270624194
1380588270624371
1380588270625544
1380588270625685
1380588270626153
1380588270626300
1380588270626553
1380588270626878
1380588270627047
1380588270627242
1380588270627348
1380588270627946
1380588270628141
1380588270628315
1380588270628446
1380588270628588
1380588270628765
1380588270629204
1380588270629489
1380588270629578
1380588270629700
1380588270630751
1380588270630962
1380588270631165
1380588270631483
1380588270631713
1380588270631981
1380588270632360
1380588270632403
1380588270632621
1380588270632772
1380588270632943
1380588270633064
1380588270634940
1380588270635095
1380588270636130
1380588270636471
1380588270637605
1380588270637774
1380588270637968
1380588270714587
1380588270715433
1380588270715695
1380588270716033
1380588270719167
1380588270720685
1380588270723508
1380588270723811
1380588270723989
1380588270724797
1380588270726270
1380588270726730
1380588270726990
1380588270800871
1380588270800949
1380588270801493
1380588270808150
1380588270813385
1380588270813448
1380588270923204
1380588270924007
1380588270937278
1380588270967742
1380588270974379
1380588270993789
1380588270996530
1380588271000511
1380588271000760
1380588271001889
1380588271009830
1380588271010035
1380588271010252
1380588271010774
1380588271011243
1380588271011343
1380588271012362
1380588271012542
1380588271014261
1380588271014347
1380588271024417
1380588271038753
1380588271038993
1380588271055136
1380588271083991
1380588271087085
1380588271087255
1380588271087424
1380588271087662
1380588271087798
1380588271089295
1380588271089614
1380588271090363
1380588271096498
1380588271097105
1380588271097482
1380588271097722
1380588271097823
1380588271097889
1380588271099358
1380588271099646
1380588271112878
1380588271113090
1380588271121286
1380588271121574
1380588271121729
1380588271142097
1380588271170551
1380588271171398
1380588271173298
1380588271173528
1380588271173975
1380588271175062
1380588271176417
1380588271176832
1380588271176965
1380588271186746
1380588271186850
1380588271195781
1380588271196009
1380588271196176
1380588271256643
1380588271256835
1380588271258252
1380588271278569
1380588271278750
1380588271278886
1380588271281741
1380588271281924
1380588271357990
1380588271358239
1380588271367939
1380588271368177
1380588271368285
1380588271444573
1380588271444857
1380588271444985
1380588271454123
1380588271454327
1380588271531019
1380588271531464
1380588271531798
1380588271531918
1380588271571921
1380588272761071
1380588273627362
1380588273711069
1380588273711270
1380588273711376
1380588273754862
1380588273794081
1380588273794170
1380588273794272
1380588273830699
1380588273842427
1380588273842660
1380588273842797
1380588273843158
1380588273849091
1380588273928781
1380588273929448
1380588273929539
1380588273930944
1380588273931123
1380588273931275
1380588273935697
1380588273935832
1380588273936144
1380588274017583
1380588274017693
1380588274017796
1380588274018114
1380588274019363
1380588274023759
1380588274023874
1380588274024185
1380588274024675
1380588274108300
1380588274109708
1380588274109813
1380588274110092
1380588274111458
1380588274111531
1380588274111754
1380588274111812
1380588274112122
1380588274192131
1380588274192254
1380588274193399
1380588274193854
1380588274194810
1380588274195128
1380588274195436
1380588274198777
1380588274238738
1380588274277630
1380588274277769
1380588274277890
1380588274278165
1380588274278258
1380588274278493
1380588274279714
1380588274279942
1380588274280070
1380588274285201
1380588274285393
1380588274285444
1380588274285494
1380588274285544
1380588274285593
1380588274360867
1380588274361110
1380588274361197
1380588274362588
1380588274362835
1380588274362915
1380588274363314
1380588274363589
1380588274372772
1380588274373072
1380588274373562
1380588274374696
1380588274374928
1380588274375112
1380588274375338
1380588274375584
1380588274376085
1380588274376469
1380588274376592
1380588274376682
1380588274377023
1380588274377363
1380588274377467
1380588274378381
1380588274378533
1380588274378741
1380588274379016
1380588274379235
1380588274379529
1380588274379820
1380588274380090
1380588274380250
1380588274380404
1380588274380519
1380588274381698
1380588274381892
1380588274381933
1380588274382098
1380588274382273
1380588274382534
1380588274382702
1380588274382840
1380588274383327
1380588274383468
1380588274383745
1380588274383788
1380588274383957
1380588274383998
1380588274385596
1380588274385763
1380588274385943
1380588274386080
1380588274386483
1380588274386635
1380588274386899
1380588274387082
1380588274387793
1380588274388824
1380588274391089
1380588274445531
1380588274456013
1380588274474080
1380588274474361
1380588274478568
1380588274478802
1380588274517397
1380588274565727
1380588274565855
1380588274566116
1380588274604851
1380588274605151
1380588274605299
1380588274641365
1380588274652490
1380588274652920
1380588274674225
1380588274682584
1380588274684231
1380588274691198
1380588274691456
1380588274692168
1380588274693568
1380588274703148
1380588274721473
1380588274722474
1380588274728688
1380588274728948
1380588274729093
1380588274749422
1380588274749808
1380588274750602
1380588274750833
1380588274752923
1380588274753200
1380588274760990
1380588274768942
1380588274769169
1380588274770417
1380588274776048
1380588274776288
1380588274777701
1380588274778202
1380588274780222
1380588274789786
1380588274790044
1380588274804600
1380588274807947
1380588274808143
1380588274810054
1380588274810220
1380588274810329
1380588274815122
1380588274815542
1380588274815662
1380588274815783
1380588274831664
1380588274834909
1380588274835203
1380588274837470
1380588274838369
1380588274839062
1380588274839140
1380588274839179
1380588274839352
1380588274839592
1380588274840250
1380588274840600
1380588274848077
1380588274855495
1380588274855836
1380588274855971
1380588274856198
1380588274862974
1380588274863210
1380588274863386
1380588274876323
1380588274876642
1380588274876858
1380588274877092
1380588274887732
1380588274891004
1380588274891247
1380588274894240
1380588274894497
1380588274895639
1380588274896382
1380588274896642
1380588274896775
1380588274901897
1380588274902313
1380588274918480
1380588274922256
1380588274922450
1380588274925076
1380588274925761
1380588274926313
1380588274926401
1380588274926918
1380588274926986
1380588274927374
1380588274927491
1380588274927790
1380588274928930
1380588274929327
1380588274942004
1380588274949507
1380588274980549
1380588274980636
1380588275005467
1380588275012302
1380588275012404
1380588275012743
1380588275012993
1380588275013900
1380588275014139
1380588275014471
1380588275014952
1380588275015653
1380588275017340
1380588275017560
1380588275028371
1380588275028820
1380588275028904
1380588275028956
1380588275029007
1380588275029057
1380588275029196
1380588275029247
1380588275050600
1380588275050800
1380588275067345
1380588275067665
1380588275092919
1380588275099672
1380588275099750
1380588275101479
1380588275103758
1380588275103985
1380588275117618
1380588275117884
1380588275118121
1380588275118225
1380588275118361
1380588275118725
1380588275118898
1380588275119058
1380588275119154
1380588275120020
1380588275120203
1380588275120320
1380588275120517
1380588275120796
1380588275120877
1380588275121001
1380588275124981
1380588275125093
1380588275125336
1380588275125558
1380588275125796
1380588275125871
1380588275126076
1380588275126284
1380588275127090
1380588275127236
1380588275127535
1380588275127782
1380588275128156
1380588275128376
1380588275128599
1380588275128741
1380588275128920
1380588275137929
1380588275153786
1380588275153983
1380588275154155
1380588275178932
1380588275179033
1380588275201522
1380588275240628
1380588275240857
1380588275265735
1380588275265831
1380588275265906
1380588275341467
1380588275352183
1380588275412395
1380588275412889
1380588275413207
1380588275413827
1380588275422231
1380588275431210
1380588275432205
1380588275434671
1380588275439156
1380588275494446
1380588275496839
1380588275497060
1380588275497430
1380588275497830
1380588275497917
1380588275499313
1380588275499399
1380588275499867
1380588275500606
1380588275501313
1380588275501565
1380588275510596
1380588275517794
1380588275518853
1380588275522311
1380588275522401
1380588275525358
1380588275554452
1380588275555133
1380588275578863
1380588275582528
1380588275585805
1380588275586149
1380588275586241
1380588275586547
1380588275586666
1380588275586763
1380588275586902
1380588275588050
1380588275588281
1380588275588397
1380588275588437
1380588275589286
1380588275589383
1380588275589623
1380588275589739
1380588275590003
1380588275590096
1380588275604553
1380588275605053
1380588275610132
1380588275610210
1380588275610311
1380588275611158
1380588275619097
1380588275641236
1380588275649220
1380588275649306
1380588275649413
1380588275667462
1380588275673107
1380588275674687
1380588275675688
1380588275676035
1380588275676291
1380588275676682
1380588275676772
1380588275677083
1380588275678636
1380588275678993
1380588275679219
1380588275679287
1380588275680078
1380588275693912
1380588275694038
1380588275703257
1380588275703478
1380588275735640
1380588275738420
1380588275738651
1380588275738732
1380588275739134
1380588275753650
1380588275790727
1380588275840118
1380588275840200
1380588278119623
1380588278207443
1380588278207532
1380588278207634
1380588278246890
1380588278294132
1380588278294235
1380588278333924
1380588278334735
1380588278334989
1380588278335099
1380588278380331
1380588278380472
1380588278380737
1380588278380964
1380588278421762
1380588278423003
1380588278423099
1380588278423461
1380588278424000
1380588278466882
1380588278509042
1380588278509158
1380588278511219
1380588278511579
1380588278511746
1380588278512177
1380588278512627
1380588278512846
1380588278512939
1380588278551447
1380588278600533
1380588278600631
1380588278600684
1380588278635453
1380588278635687
1380588278675031
1380588278718616
1380588278718715
1380588278759824
1380588278759944
1380588278760199
1380588278798872
1380588278798954
1380588278799009
1380588278799061
1380588278799110
1380588278799159
1380588278799210
1380588278802017
1380588278842741
1380588278843001
1380588278886781
1380588278886966
1380588278887061
1380588278888431
1380588278888650
1380588278888860
1380588278889205
1380588278889282
1380588278889519
1380588278890263
1380588278890525
1380588278891051
1380588278893049
1380588278893674
1380588278893788
1380588278893978
1380588278894157
1380588278894354
1380588278894480
1380588278894655
1380588278894956
1380588278895101
1380588278895211
1380588278896413
1380588278896625
1380588278896832
1380588278897021
1380588278897177
1380588278897449
1380588278897495
1380588278897956
1380588278898313
1380588278898360
1380588278898648
1380588278898690
1380588278898815
1380588278925490
1380588278925819
1380588278925991
1380588278970195
1380588278971533
1380588278972355
1380588278976640
1380588278976768
1380588278984188
1380588278984518
1380588278984837
1380588279008493
1380588279053153
1380588279053309
1380588279070186
1380588279186977
1380588279187301
1380588279189329
1380588279190651
1380588279192020
1380588279205472
1380588279262343
1380588279262460
1380588279263142
1380588279263390
1380588279264187
1380588279269233
1380588279269349
1380588279273577
1380588279274763
1380588279275817
1380588279277242
1380588279278221
1380588279278465
1380588279282273
1380588279282494
1380588279291610
1380588279298155
1380588279298333
1380588279311584
1380588279311700
1380588279324324
1380588279325082
1380588279325263
1380588279325472
1380588279327466
1380588279348564
1380588279349080
1380588279349162
1380588279350238
1380588279350345
1380588279350537
1380588279351560
1380588279351819
1380588279359886
1380588279361644
1380588279362625
1380588279363510
1380588279364490
1380588279364715
1380588279364850
1380588279369234
1380588279369559
1380588279378003
1380588279399899
1380588279400018
1380588279400189
1380588279407979
1380588279408209
1380588279435385
1380588279435539
1380588279435767
1380588279436547
1380588279436976
1380588279437279
1380588279437757
1380588279437800
1380588279438357
1380588279438397
1380588279474784
1380588279474814
1380588279490848
1380588279525215
1380588279611917
1380588279697504
1380588279788121
1380588279788376
1380588279874342
1380588279874532
1380588279874742
1380588279960732
1380588279961054
1380588281976798
1380588282060929
1380588282061065
1380588282061177
1380588282103648
1380588282143711
1380588282143941
1380588282191841
1380588282191914
1380588282192105
1380588282226567
1380588282266905
1380588282278778
1380588282279234
1380588282281826
1380588282354708
1380588282354821
1380588282355016
1380588282368116
1380588282376014
1380588282441171
1380588282441466
1380588282441833
1380588282441992
1380588282463736
1380588282463973
1380588282499136
1380588282550207
1380588282550282
1380588282586458
1380588282586668
1380588282586765
1380588282626879
1380588282636444
1380588282673019
1380588282673046
1380588282673266
1380588282673740
1380588282714508
1380588282716662
1380588282716759
1380588282727422
1380588282759532
1380588282798731
1380588282807171
1380588282808081
1380588282808316
1380588282808516
1380588282817565
1380588282817827
1380588282817952
1380588282846201
1380588282893609
1380588282894199
1380588282904098
1380588282904600
1380588282904965
1380588282905045
1380588282934527
1380588282934587
1380588282934794
1380588282934796
1380588282935205
1380588282935266
1380588282935580
1380588282990991
1380588282991141
1380588283021133
1380588283021345
1380588283021570
1380588283021821
1380588283022088
1380588283022228
1380588283022611
1380588283023337
1380588283023663
1380588283023878
1380588283024452
1380588283024694
1380588283024881
1380588283028834
1380588283029130
1380588283029227
1380588283029701
1380588283029994
1380588283030370
1380588283031093
1380588283031398
1380588283031487
1380588283106292
1380588283106530
1380588283106683
1380588283314860
1380588283318919
1380588283319735
1380588283319940
1380588283387366
1380588283392588
1380588283394709
1380588283397870
1380588283398347
1380588283399662
1380588283400140
1380588283401387
1380588283404320
1380588283405327
1380588283406380
1380588283407198
1380588283409809
1380588283429829
1380588283448080
1380588283452199
1380588283452406
1380588283473786
1380588283478732
1380588283478949
1380588283479188
1380588283481229
1380588283481371
1380588283481581
1380588283484427
1380588283484704
1380588283484944
1380588283485254
1380588283486230
1380588283486610
1380588283486768
1380588283486938
1380588283494021
1380588283494367
1380588283494622
1380588283500587
1380588283516550
1380588283516773
1380588283534934
1380588283535146
1380588283538161
1380588283565332
1380588283565507
1380588283567627
1380588283567801
1380588283567952
1380588283568041
1380588283569970
1380588283570135
1380588283570272
1380588283571557
1380588283571831
1380588283574532
1380588283574613
1380588283574743
1380588283575010
1380588283575293
1380588283575492
1380588283575586
1380588283581156
1380588283581282
1380588283586018
1380588283586238
1380588283586417
1380588283603340
1380588283603546
1380588283603737
1380588283621625
1380588283621833
1380588283650723
1380588283650955
1380588283651628
1380588283651715
1380588283656827
1380588283657030
1380588283661099
1380588283661598
1380588283661902
1380588283662061
1380588283688148
1380588283688238
1380588283688327
1380588283690208
1380588283690521
1380588283730738
1380588283737696
1380588283737904
1380588283738071
1380588283743276
1380588283743494
1380588283743611
1380588283774876
1380588283775123
1380588283824503
1380588283826449
1380588283858527
1380588283858743
1380588283944804
1380588283945009
1380588283945108
1380588284031465
1380588286025850
1380588286114219
1380588286114326
1380588286114671
1380588286114887
1380588286201366
1380588286201475
1380588286201594
1380588286202028
1380588286202988
1380588286203210
1380588286242741
1380588286243097
1380588286290170
1380588286290283
1380588286290385
1380588286290636
1380588286290913
1380588286330799
1380588286330989
1380588286331151
1380588286331344
1380588286417053
1380588286417879
1380588286418122
1380588286418299
1380588286418720
1380588286419207
1380588286419957
1380588286419982
1380588286501072
1380588286503959
1380588286504215
1380588286506175
1380588286506321
1380588286506546
1380588286584585
1380588286584687
1380588286584892
1380588286587277
1380588286587501
1380588286587846
1380588286587926
1380588286588195
1380588286588407
1380588286590545
1380588286667453
1380588286667549
1380588286667634
1380588286677772
1380588286678037
1380588286678178
1380588286716716
1380588286764443
1380588286764704
1380588286764837
1380588286804653
1380588286804880
1380588286804957
1380588286842902
1380588286891857
1380588286891957
1380588286892050
1380588286892401
1380588286926526
1380588286926916
1380588286964790
1380588286964883
1380588286964935
1380588286964984
1380588286965036
1380588286965089
1380588286965142
1380588287009403
1380588287009489
1380588287009564
1380588287009900
1380588287048200
1380588287048463
1380588287048564
1380588287050199
1380588287050299
1380588287050418
1380588287050792
1380588287050987
1380588287051121
1380588287051431
1380588287051865
1380588287052113
1380588287052203
1380588287052465
1380588287052561
1380588287053359
1380588287053535
1380588287053874
1380588287053958
1380588287054166
1380588287054385
1380588287054485
1380588287054566
1380588287054863
1380588287054986
1380588287055999
1380588287056196
1380588287056445
1380588287056538
1380588287056813
1380588287056904
1380588287057173
1380588287057483
1380588287057560
1380588287057862
1380588287058015
1380588287058206
1380588287058357
1380588287058532
1380588287058672
1380588287059646
1380588287059754
1380588287059966
1380588287060145
1380588287060396
1380588287060666
1380588287060849
1380588287061039
1380588287061132
1380588287061279
1380588287061381
1380588287061638
1380588287061733
1380588287061984
1380588287062115
1380588287130968
1380588287131093
1380588287135886
1380588287136073
1380588287146241
1380588287146446
1380588287147046
1380588287147185
1380588287147360
1380588287147943
1380588287148235
1380588287232985
1380588287343075
1380588287345048
1380588287351502
1380588287369056
1380588287377180
1380588287380103
1380588287393221
1380588287403454
1380588287428169
1380588287428288
1380588287428569
1380588287429630
1380588287431401
1380588287432207
1380588287432412
1380588287438565
1380588287455389
1380588287455471
1380588287461893
1380588287462101
1380588287463721
1380588287463928
1380588287466825
1380588287466929
1380588287480719
1380588287480928
1380588287490575
1380588287490655
1380588287501991
1380588287502195
1380588287514927
1380588287515006
1380588287515381
1380588287515864
1380588287516140
1380588287516425
1380588287517973
1380588287541675
1380588287541768
1380588287541970
1380588287548098
1380588287550356
1380588287550561
1380588287550750
1380588287553266
1380588287553375
1380588287553547
1380588287567381
1380588287567474
1380588287578307
1380588287578519
1380588287578642
1380588287588519
1380588287601859
1380588287601962
1380588287602104
1380588287602543
1380588287603059
1380588287603276
1380588287603410
1380588287603872
1380588287604068
1380588287637227
1380588287639580
1380588287639675
1380588287653330
1380588287665327
1380588287665450
1380588287688207
1380588287689667
1380588287704681
1380588287704770
1380588287743994
1380588287744110
1380588287790548
1380588287830748
1380588287830834
1380588287831114
1380588287876701
1380588287876788
1380588287917018
1380588287963656
1380588287969817
1380588287970014
1380588288055993
