1380581961606936
1380581962199135
1380581962199248
1380581962199341
1380581962424899
1380581962425000
1380581962646052
1380581962646532
1380581962646886
1380581962646991
1380581962647098
1380581962647485
1380581962647563
1380581962647661
1380581962647907
1380581962648392
1380581962648537
1380581962869357
1380581962870399
1380581962870483
1380581962870757
1380581962871226
1380581962871470
1380581962871572
1380581962871890
1380581962871960
1380581962872059
1380581962872479
1380581962872709
1380581962872927
1380581962873103
1380581962873272
1380581962873576
1380581962873916
1380581962874122
1380581962874369
1380581962874609
1380581963092214
1380581963094221
1380581963094573
1380581963094777
1380581963094936
1380581963095734
1380581963095972
1380581964333520
1380581964360337
1380581964384749
1380581964385651
1380581964412286
1380581964412865
1380581964449577
1380581964476522
1380581964476597
1380581964501098
1380581964501186
1380581964501279
1380581964501384
1380581964501798
1380581964501865
1380581964502367
1380581964502441
1380581964502648
1380581964502917
1380581964526247
1380581964526354
1380581964526838
1380581964527213
1380581964527477
1380581964528030
1380581964528172
1380581964528367
1380581964528450
1380581964528721
1380581964529270
1380581964529332
1380581964529559
1380581964529654
1380581964529876
1380581964529934
1380581964530025
1380581964530263
1380581964530330
1380581964530563
1380581964531656
1380581964531751
1380581964531838
1380581964551453
1380581964551738
1380581964557763
1380581964557850
1380581964578073
1380581964617760
1380581964644395
1380581964681515
1380581964707479
1380581964746611
1380581964760431
1380581964771869
1380581964776582
1380581964776613
1380581964831052
1380581964831801
1380581964843528
1380581964862178
1380581964871830
1380581964909363
1380581964909737
1380581964935791
1380581964935894
1380581964960370
1380581964960563
1380581964960659
1380581964960892
1380581964986195
1380581964986280
1380581964986344
1380581965025487
1380581965050532
1380581965050624
1380581965089411
1380581965117397
1380581965117481
1380581965117597
1380581965141502
1380581965141612
1380581965141680
1380581965142007
1380581965142083
1380581965142198
1380581965142303
1380581965142825
1380581965142933
1380581965143101
1380581965143465
1380581965170662
1380581965170748
1380581965171068
1380581965195005
1380581965195234
1380581965195551
1380581965195601
1380581965195756
1380581965196336
1380581965196775
1380581965196825
1380581965197095
1380581965198165
1380581965213878
1380581965226406
1380581965226765
1380581965226844
1380581965226949
1380581965227068
1380581965227379
1380581965227461
1380581965227848
1380581965227948
1380581965228061
1380581965228368
1380581965228449
1380581965228900
1380581965229188
1380581965229277
1380581965229523
1380581965229626
1380581965229707
1380581965229976
1380581965230728
1380581965231069
1380581965231143
1380581965231362
1380581965231761
1380581965231961
1380581965232182
1380581965232304
1380581965233267
1380581965233531
1380581965233710
1380581965234045
1380581965234305
1380581965234418
1380581965234681
1380581965234776
1380581965234894
1380581965234997
1380581965235248
1380581965235329
1380581965235469
1380581965235509
1380581965235604
1380581965235898
1380581965235949
1380581965236773
1380581965236939
1380581965237198
1380581965237310
1380581965237559
1380581965237723
1380581965237990
1380581965238152
1380581965252386
1380581965252461
1380581965252651
1380581965252749
1380581965289252
1380581965296808
1380581965426500
1380581965426602
1380581965475488
1380581965475596
1380581965499342
1380581965701954
1380581965744602
1380581965781443
1380581965826853
1380581966046513
1380581966277521
1380581966277614
1380581966308962
1380581966403370
1380581966499585
1380581966548109
1380581966548176
1380581966629218
1380581966850076
1380581966855585
1380581966855681
1380581967073924
1380581967085402
1380581967085481
1380581967085547
1380581967085595
1380581967085645
1380581967085702
1380581967085748
1380581967085807
1380581967085865
1380581967116230
1380581967116363
1380581967117387
1380581967117480
1380581967117831
1380581967117866
1380581967118075
1380581967118217
1380581967118326
1380581967118441
1380581967118733
1380581967118814
1380581967118953
1380581967119093
1380581967119820
1380581967119904
1380581967120156
1380581967120256
1380581967120510
1380581967120780
1380581967121074
1380581967121180
1380581967121397
1380581967121563
1380581967121773
1380581967122064
1380581967122241
1380581967122356
1380581967122808
1380581967123039
1380581967123271
1380581967123518
1380581967123813
1380581967123922
1380581967124228
1380581967124353
1380581967124658
1380581967124926
1380581967125191
1380581967125246
1380581967142034
1380581967142108
1380581967142225
1380581967147165
1380581967147384
1380581967148859
1380581967148969
1380581967185307
1380581967311552
1380581967311643
1380581967313823
1380581967313924
1380581967314016
1380581967314322
1380581967315783
1380581967315885
1380581967317316
1380581967318181
1380581967318407
1380581967318473
1380581967318906
1380581967319024
1380581967319106
1380581967346778
1380581967367108
1380581967367256
1380581967391936
1380581967392087
1380581967392174
1380581967411232
1380581967411363
1380581967416664
1380581967416796
1380581967427022
1380581967435499
1380581967435642
1380581967435941
1380581967436040
1380581967439030
1380581967449910
1380581967450049
1380581967463934
1380581967464011
1380581967464132
1380581967488755
1380581967488874
1380581967533120
1380581967533278
1380581967541135
1380581967543945
1380581967544900
1380581967545071
1380581967769354
1380581967770312
1380581967770681
1380581967994072
1380581967995316
1380581967995409
1380581968090689
1380581968220147
1380581968220246
1380581968224272
1380581968224352
1380581968224411
1380581968224460
1380581968224721
1380581968224772
1380581968224822
1380581968224872
1380581968224921
1380581968224983
1380581968251475
1380581968251587
1380581968251676
1380581968252005
1380581968252104
1380581968252210
1380581968252521
1380581968252745
1380581968253321
1380581968253531
1380581968253651
1380581968253744
1380581968254016
1380581968254300
1380581968254592
1380581968254862
1380581968254890
1380581968254990
1380581968255145
1380581968255274
1380581968256130
1380581968256235
1380581968256459
1380581968280542
1380581968280762
1380581968280948
1380581968305129
1380581968447802
1380581968451739
1380581968451977
1380581968463674
1380581968471985
1380581968479166
1380581968485376
1380581968489143
1380581968693192
1380581968749756
1380581968749905
1380581968782264
1380581969008054
1380581969039573
1380581969039852
1380581969294402
1380581969294484
1380581969298202
1380581969298407
1380581969337614
1380581969337709
1380581969337770
1380581969337825
1380581969337887
1380581969337949
1380581969338003
1380581969338064
1380581969338115
1380581969368282
1380581969368450
1380581969368552
1380581969368664
1380581969368753
1380581969369401
1380581969369486
1380581969370193
1380581969370595
1380581969370683
1380581969370893
1380581969371174
1380581969371403
1380581969371690
1380581969371763
1380581969372333
1380581969372597
1380581969372748
1380581969373072
1380581969373208
1380581969373592
1380581969373828
1380581969373903
1380581969374149
1380581969374405
1380581969375378
1380581969375723
1380581969375856
1380581969376023
1380581969376227
1380581969376404
1380581969376670
1380581969376974
1380581969377642
1380581969377765
1380581969377954
1380581969378066
1380581969378337
1380581969378393
1380581969378578
1380581969378817
1380581969378924
1380581969379124
1380581969379388
1380581969379655
1380581969379932
1380581969380087
1380581969380144
1380581969380297
1380581969380424
1380581969380974
1380581969413050
1380581969413170
1380581969553082
1380581969553284
1380581969567232
1380581969568069
1380581969568261
1380581969568564
1380581969568804
1380581969568903
1380581969570031
1380581969570656
1380581969570796
1380581969579599
1380581969580177
1380581969605217
1380581969605417
1380581969618835
1380581969619045
1380581969643674
1380581969643793
1380581969654724
1380581969654872
1380581969678963
1380581969679024
1380581969787356
1380581969787514
1380581969813379
1380581969818890
1380581969819117
1380581969832974
1380581969863530
1380581969863766
1380581969901442
1380581969901710
1380581969901775
1380581969901847
1380581969901908
1380581969901970
1380581969902031
1380581969910073
1380581969929735
1380581969929865
1380581969930239
1380581969930295
1380581969930346
1380581969930590
1380581969931094
1380581969931722
1380581969931898
1380581969932033
1380581969932387
1380581969953861
1380581969955726
1380581969955841
1380581969956085
1380581969956225
1380581969979622
1380581969979804
1380581969979935
1380581970045276
1380581970065392
1380581970065545
1380581970065812
1380581970126954
1380581970127498
1380581970130253
1380581970130471
1380581970132900
1380581970133193
1380581970136332
1380581970136430
1380581970136501
1380581970136562
1380581970136621
1380581970136681
1380581970162605
1380581970163005
1380581970163255
1380581970163526
1380581970163711
1380581970164043
1380581970164281
1380581970164443
1380581970164558
1380581970188754
1380581970189146
1380581970190361
1380581970190597
1380581970190716
1380581970288012
1380581970363450
1380581970364009
1380581970376506
1380581970382666
1380581970387684
1380581970586855
1380581970587276
1380581970587510
1380581970587613
1380581970588058
1380581970588159
1380581970588250
1380581970588500
1380581970588816
1380581970588909
1380581970589073
1380581970589189
1380581970589278
1380581970589852
1380581970589931
1380581970590041
1380581970618204
1380581970618544
1380581970619046
1380581970809708
1380581970810956
1380581970811194
1380581970811466
1380581970811762
1380581970811926
1380581970812140
1380581970812448
1380581970812700
1380581970813148
1380581970813247
1380581970813383
1380581970813465
1380581970813535
1380581970813586
1380581970813635
1380581970813685
1380581970814864
1380581970815138
1380581970821937
1380581970841399
1380581970841756
1380581970841960
1380581970842194
1380581970842396
1380581970842520
1380581970843165
1380581970843433
1380581970843656
1380581970843849
1380581970844532
1380581970844668
1380581970844721
1380581970845010
1380581970845345
1380581970845601
1380581970845659
1380581970846237
1380581970846462
1380581970846763
1380581970847016
1380581970847130
1380581970847421
1380581970847704
1380581970847826
1380581970847971
1380581970848992
1380581970852973
1380581970853201
1380581970853540
1380581970865931
1380581970866664
1380581970866764
1380581970872946
1380581970873291
1380581970873552
1380581970873661
1380581970912589
1380581970912628
1380581970912736
1380581970913980
1380581971006697
1380581971006785
1380581971006930
1380581971007053
1380581971009409
1380581971009608
1380581971045821
1380581971074202
1380581971075204
1380581971100881
1380581971103122
1380581971103348
1380581971103438
1380581971141237
1380581971141542
1380581971235433
1380581971235587
1380581971236781
1380581971272300
1380581971272430
1380581971272481
1380581971272531
1380581971272582
1380581971272632
1380581971272682
1380581971272732
1380581971272783
1380581971272833
1380581971272883
1380581971272935
1380581971272985
1380581971299546
1380581971300155
1380581971300221
1380581971300352
1380581971300422
1380581971300886
1380581971300946
1380581971301032
1380581971301319
1380581971301622
1380581971301877
1380581971301987
1380581971302105
1380581971302526
1380581971302789
1380581971302831
1380581971303127
1380581971303312
1380581971303585
1380581971303987
1380581971304104
1380581971304221
1380581971304359
1380581971304970
1380581971305046
1380581971305360
1380581971305495
1380581971305580
1380581971305774
1380581971328869
1380581971329537
1380581971329731
1380581971329931
1380581971330091
1380581971330402
1380581971330587
1380581971330760
1380581971330996
1380581971331148
1380581971331266
1380581971331820
1380581971332144
1380581971332345
1380581971332676
1380581971332883
1380581971333123
1380581971333327
1380581971333414
1380581971333906
1380581971334408
1380581971334519
1380581971334690
1380581971334811
1380581971334913
1380581971335389
1380581971335459
1380581971335511
1380581971355638
1380581971355808
1380581971356190
1380581971356380
1380581971356552
1380581971356702
1380581971356993
1380581971358072
1380581971358438
1380581971358576
1380581971359609
1380581971359885
1380581971360272
1380581971360384
1380581971360666
1380581971360991
1380581971361238
1380581971361579
1380581971361771
1380581971361969
1380581971362227
1380581971362921
1380581971363305
1380581971371374
1380581971371564
1380581971371653
1380581971371804
1380581971371978
1380581971372176
1380581971372329
1380581971372409
1380581971372547
1380581971380353
1380581971380757
1380581971382079
1380581971382299
1380581971383283
1380581971383736
1380581971383943
1380581971384089
1380581971384392
1380581971384580
1380581971385323
1380581971385617
1380581971387956
1380581971388423
1380581971388636
1380581971390109
1380581971390563
1380581971390808
1380581971391303
1380581971391608
1380581971391766
1380581971391851
1380581971391958
1380581971399349
1380581971399578
1380581971399668
1380581971399843
1380581971406557
1380581971406627
1380581971406666
1380581971407938
1380581971408162
1380581971410278
1380581971410331
1380581971410566
1380581971410771
1380581971410825
1380581971416129
1380581971416313
1380581971416593
1380581971417029
1380581971417269
1380581971417379
1380581971424574
1380581971425332
1380581971425398
1380581971425453
1380581971425502
1380581971425550
1380581971425598
1380581971425647
1380581971425697
1380581971425783
1380581971426462
1380581971426638
1380581971426973
1380581971427169
1380581971427346
1380581971427521
1380581971427774
1380581971437999
1380581971438403
1380581971452418
1380581971452804
1380581971453103
1380581971453464
1380581971453918
1380581971454084
1380581971454291
1380581971454431
1380581971454788
1380581971454985
1380581971455597
1380581971456213
1380581971456436
1380581971456643
1380581971457006
1380581971457285
1380581971457629
1380581971457785
1380581971457958
1380581971458162
1380581971458276
1380581971463536
1380581971463800
1380581971463925
1380581971465819
1380581971466121
1380581971466507
1380581971466697
1380581971467416
1380581971467580
1380581971467986
1380581971468139
1380581971477965
1380581971478171
1380581971478441
1380581971478843
1380581971479055
1380581971479361
1380581971479672
1380581971479878
1380581971481011
1380581971481523
1380581971481737
1380581971481814
1380581971482078
1380581971482266
1380581971483080
1380581971483473
1380581971483642
1380581971488723
1380581971489105
1380581971489539
1380581971489703
1380581971490058
1380581971490357
1380581971490630
1380581971491155
1380581971491469
1380581971491625
1380581971507184
1380581971507416
1380581971507670
1380581971507812
1380581971508691
1380581971509087
1380581971509262
1380581971512577
1380581971512918
1380581971513061
1380581971518399
1380581971519152
1380581971519556
1380581971519782
1380581971520033
1380581971520240
1380581971531918
1380581971534383
1380581971534721
1380581971534873
1380581971534923
1380581971535201
1380581971536737
1380581971537012
1380581971542193
1380581971542312
1380581971545899
1380581971546194
1380581971552769
1380581971560164
1380581971560834
1380581971561176
1380581971584602
1380581971584797
1380581971759970
1380581971760609
1380581971772782
1380581971872002
1380581971872140
1380581971872280
1380581971969846
1380581972372968
1380581972384769
1380581972387635
1380581972393991
1380581972394098
1380581972435744
1380581972445770
1380581972446187
1380581972449870
1380581972457080
1380581972457173
1380581972501467
1380581972507515
1380581972511338
1380581972511656
1380581972511708
1380581972511757
1380581972511806
1380581972512801
1380581972512969
1380581972518507
1380581972518814
1380581972520768
1380581972521063
1380581972522157
1380581972522389
1380581972523869
1380581972524045
1380581972526354
1380581972526606
1380581972540179
1380581972545155
1380581972873335
1380581972889227
1380581972970574
1380581972998483
1380581972998582
1380581973004069
1380581973103521
1380581973138862
1380581973237417
1380581973237844
1380581973276465
1380581973278557
