1379917583148495
1379917583215533
1379917583215605
1379917583215712
1379917583215996
1379917583268470
1379917583268623
1379917583268736
1379917583268930
1379917583269249
1379917583269410
1379917584485087
1379917584490979
1379917584491077
1379917584529721
1379917584530026
1379917584530288
1379917584537015
1379917584537069
1379917584537950
1379917584538266
1379917584538552
1379917584541739
1379917584543059
1379917584543238
1379917584543331
1379917584543818
1379917584543887
1379917584543990
1379917584544417
1379917584544528
1379917584544721
1379917584545118
1379917584545187
1379917584548102
1379917584548366
1379917584548479
1379917584548816
1379917584549375
1379917584549565
1379917584549634
1379917584550062
1379917584550450
1379917584550517
1379917584550625
1379917584550838
1379917584554646
1379917584555915
1379917584559761
1379917584560509
1379917584560590
1379917584560673
1379917584597567
1379917584597595
1379917584597891
1379917584602749
1379917584604223
1379917584604396
1379917584604483
1379917584609521
1379917584609642
1379917584609954
1379917584616003
1379917584616097
1379917584616163
1379917584653711
1379917584659956
1379917584660035
1379917584660432
1379917584660519
1379917584697792
1379917584697931
1379917584697980
1379917584698228
1379917584698273
1379917584698432
1379917584698593
1379917584704925
1379917584706382
1379917584706438
1379917584706671
1379917584708443
1379917584708564
1379917584708668
1379917584709073
1379917584709149
1379917584709836
1379917584709928
1379917584709982
1379917584750075
1379917584750219
1379917584750271
1379917584750318
1379917584750370
1379917584750444
1379917584750490
1379917584750533
1379917584750576
1379917584757049
1379917584757409
1379917584757495
1379917584757668
1379917584758077
1379917584758149
1379917584758744
1379917584758843
1379917584759431
1379917584760105
1379917584760384
1379917584760622
1379917584760682
1379917584760774
1379917584761065
1379917584761321
1379917584761393
1379917584761504
1379917584761695
1379917584767190
1379917584767394
1379917584861860
1379917584861949
1379917584862051
1379917584862097
1379917584862142
1379917584862187
1379917584862232
1379917584862948
1379917584869896
1379917584870003
1379917584870067
1379917584870370
1379917584870813
1379917584870940
1379917584871070
1379917584871434
1379917584871509
1379917584871781
1379917584871890
1379917584871983
1379917584872681
1379917584872913
1379917584872959
1379917584873400
1379917584873680
1379917584873722
1379917584874005
1379917584878246
1379917584878368
1379917584878473
1379917584878749
1379917584879548
1379917584879648
1379917584879714
1379917584880105
1379917584880313
1379917584880347
1379917584880611
1379917584880675
1379917584884205
1379917584884277
1379917584884531
1379917584884970
1379917584885400
1379917584885475
1379917584885632
1379917584886157
1379917584886242
1379917584886568
1379917584886691
1379917584890308
1379917584890648
1379917584890740
1379917584890972
1379917584891289
1379917584891382
1379917584891775
1379917584892050
1379917584892334
1379917584892552
1379917584892846
1379917584893063
1379917584893410
1379917584898124
1379917584898569
1379917584898917
1379917584899349
1379917584899512
1379917584899833
1379917584900246
1379917584900439
1379917584900646
1379917584900886
1379917584964928
1379917584965004
1379917585064063
1379917585217811
1379917585217962
1379917586935912
1379917586939117
1379917586942143
1379917586942272
1379917586942394
1379917586942502
1379917586942605
1379917586943314
1379917586943734
1379917586943850
1379917586946717
1379917586946921
1379917586947503
1379917586947908
1379917586948173
1379917586948244
1379917586948571
1379917586948672
1379917586948787
1379917586949207
1379917586949291
1379917586953536
1379917586960998
1379917586966437
1379917586966438
1379917586972248
1379917586972377
1379917586972481
1379917587031657
1379917587038082
1379917587038181
1379917587038299
1379917587038415
1379917587043596
1379917587049851
1379917587049990
1379917587050103
1379917587050207
1379917587050291
1379917587050629
1379917587054251
1379917587054334
1379917588216287
1379917588244535
1379917588244649
1379917588960711
1379917589065428
1379917589551347
1379917589651204
1379917589651672
1379917589654971
1379917589657007
