1379914953897476
1379914954094300
1379914954099401
1379914954099633
1379914954152361
1379914954157845
1379914954158174
1379914954162308
1379914954162451
1379914954162593
1379914954162771
1379914954166483
1379914954166812
1379914954166852
1379914954167047
1379914954167154
1379914954168924
1379914954169011
1379914954169327
1379914954169645
1379914954169849
1379914954169912
1379914954170728
1379914954173990
1379914954174118
1379914954174225
1379914954175483
1379914954176146
1379914954177704
1379914954181544
1379914954181908
1379914954182134
1379914954182184
1379914954182333
1379914954182433
1379914954183393
1379914954183513
1379914954186277
1379914954186393
1379914954186607
1379914954186853
1379914954187402
1379914954187728
1379914954187921
1379914954188101
1379914954188392
1379914954188536
1379914954188601
1379914954188757
1379914954189023
1379914954189079
1379914954189222
1379914954189612
1379914954189908
1379914954190873
1379914954190993
1379914954191099
1379914954191219
1379914954191334
1379914954191466
1379914954192792
1379914954193012
1379914954193154
1379914954193359
1379914954193756
1379914954194156
1379914954194506
1379914954194826
1379914954194922
1379914954195042
1379914954195370
1379914954195492
1379914954195669
1379914954195787
1379914954195926
1379914954196390
1379914954196653
1379914954196754
1379914954197054
1379914954197069
1379914954197265
1379914954197402
1379914954197517
1379914954198011
1379914954198167
1379914954198279
1379914954198455
1379914954198552
1379914954198801
1379914954198901
1379914954199025
1379914954199149
1379914954199290
1379914954199410
1379914954199594
1379914954199974
1379914954200115
1379914954202309
1379914954202461
1379914954202584
1379914954202916
1379914954202967
1379914954203121
1379914954203234
1379914954203290
1379914954203962
1379914954204179
1379914954204304
1379914954204426
1379914954204549
1379914954204670
1379914954204762
1379914954204915
1379914954205054
1379914954205876
1379914954205994
1379914954206228
1379914954206287
1379914954206470
1379914954206596
1379914954206709
1379914954206873
1379914954206996
1379914954207126
1379914954207317
1379914954207428
1379914954207546
1379914954207740
1379914954207854
1379914954208538
1379914954208712
1379914954208882
1379914954209113
1379914954209252
1379914954209368
1379914954209489
1379914954209612
1379914954209740
1379914954209977
1379914954210119
1379914954210344
1379914954210470
1379914954210723
1379914954210862
1379914954211035
1379914954211271
1379914954211385
1379914954211647
1379914954211916
1379914954212038
1379914954212188
1379914954212305
1379914954212397
1379914954212519
1379914954212683
1379914954212829
1379914954212923
1379914954213053
1379914954213200
1379914954213317
1379914954213455
1379914954214263
1379914954214391
1379914954214629
1379914954214767
1379914954215000
1379914954215266
1379914954215397
1379914954215518
1379914954215778
1379914954215891
1379914954216008
1379914954216267
1379914954216393
1379914954216522
1379914954216784
1379914954216912
1379914954217145
1379914954217277
1379914954217575
1379914954217655
1379914954218060
1379914954218134
1379914954218271
1379914954218522
1379914954218656
1379914954218940
1379914954219075
1379914954219265
1379914954219368
1379914954219507
1379914954219641
1379914954219778
1379914954219890
1379914954220012
1379914954220135
1379914954225760
1379914954225933
1379914954226188
1379914954226314
1379914954226448
1379914954226579
1379914954226691
1379914954226802
1379914954226946
1379914954227087
1379914954227209
1379914954227464
1379914954227615
1379914954227728
1379914954235020
1379914954237241
1379914954237392
1379914954237525
1379914954237635
1379914954238688
1379914954238815
1379914954238901
1379914954239380
1379914954241553
1379914954242386
1379914954242595
1379914954242706
1379914954242957
1379914954243080
1379914954243222
1379914954243495
1379914954243648
1379914954243751
1379914954244306
1379914954244431
1379914954244566
1379914954244705
1379914954245967
1379914954247234
1379914954247405
1379914954248115
1379914954248374
1379914954248472
1379914954249065
1379914954249185
1379914954249309
1379914954249450
1379914954249540
1379914954249545
1379914954249633
1379914954249990
1379914954250176
1379914954251366
1379914954251598
1379914954251732
1379914954251842
1379914954252180
1379914954252449
1379914954252602
1379914954253498
1379914954253754
1379914954253877
1379914954254007
1379914954254284
1379914954254404
1379914954254521
1379914954254824
1379914954256557
1379914954256708
1379914954256847
1379914954256942
1379914954257106
1379914954257215
1379914954258496
1379914954258728
1379914954258969
1379914954259091
1379914954259338
1379914954259476
1379914954260829
1379914954260964
1379914954264922
1379914954265026
1379914954265158
1379914954265265
1379914954265491
1379914954269312
1379914954269432
1379914954269553
1379914954269685
1379914954269839
1379914954269959
1379914954274827
1379914954275007
1379914954278618
1379914954278694
1379914954280783
1379914954284054
1379914954284261
1379914954284502
1379914954284688
1379914954284804
1379914954284921
1379914954288659
1379914954288756
1379914954288825
1379914954289576
1379914954289731
1379914954289842
1379914954289950
1379914954290231
1379914954290407
1379914954290690
1379914954292723
1379914954292966
1379914954293046
1379914954293224
1379914954294999
1379914954295150
1379914954295215
1379914954295326
1379914954295430
1379914954295585
1379914954297751
1379914954298504
1379914954298754
1379914954298997
1379914954299120
1379914954299231
1379914954299369
1379914954299657
1379914954299793
1379914954299942
1379914954300067
1379914954300125
1379914954300341
1379914954300465
1379914954300568
1379914954300609
1379914954305979
1379914954306039
1379914954306134
1379914954306367
1379914954306481
1379914954306598
1379914954306714
1379914954307016
1379914954307280
1379914954307429
1379914954307547
1379914954307878
1379914954307948
1379914954308073
1379914954308203
1379914954308628
1379914954308814
1379914954308950
1379914954309038
1379914954313037
1379914954313247
1379914954313312
1379914954313753
1379914954314118
1379914954314251
1379914954314635
1379914954314743
1379914954314866
1379914954314988
1379914954315264
1379914954315380
1379914954315495
1379914954315609
1379914954315867
1379914954315928
1379914954315976
1379914954319553
1379914954319752
1379914954320485
1379914954320566
1379914954322277
1379914954322416
1379914954322577
1379914954322677
1379914954322796
1379914954324497
1379914954324587
1379914954324921
1379914954325046
1379914954325154
1379914954325321
1379914954325733
1379914954325819
1379914954325881
1379914954326013
1379914954326053
1379914954332165
1379914954332389
1379914954332510
1379914954332619
1379914954332755
1379914954332974
1379914954333112
1379914954333242
1379914954333321
1379914954333593
1379914954333657
1379914954338097
1379914954338275
1379914954338451
1379914954338590
1379914954338708
1379914954338825
1379914954338992
1379914954341693
1379914954341859
1379914954342061
1379914954342188
1379914954342309
1379914954342433
1379914954342653
1379914954342777
1379914954342907
1379914954342987
1379914954343058
1379914954343434
1379914954343526
1379914954343586
1379914954348664
1379914954348880
1379914954349016
1379914954349143
1379914954349252
1379914954349377
1379914954349725
1379914954349878
1379914954350030
1379914954350090
1379914954350403
1379914954350645
1379914954350930
1379914954351045
1379914954351163
1379914954351286
1379914954352206
1379914954352456
1379914954352568
1379914954352741
1379914954352872
1379914954353016
1379914954353144
1379914954353257
1379914954353364
1379914954354023
1379914954354103
1379914954355489
1379914954355624
1379914954355734
1379914954355982
1379914954356121
1379914954356286
1379914954356370
1379914954356431
1379914954356671
1379914954356872
1379914954356994
1379914954357208
1379914954357382
1379914954357499
1379914954357602
1379914954357995
1379914954358122
1379914954358248
1379914954359820
1379914954360029
1379914954360146
1379914954360272
1379914954360373
1379914954360515
1379914954360615
1379914954360671
1379914954363064
1379914954363314
1379914954363449
1379914954363527
1379914954363745
1379914954363897
1379914954364020
1379914954364118
1379914954364167
1379914954366316
1379914954366514
1379914954366599
1379914954366684
1379914954366959
1379914954367078
1379914954367190
1379914954367313
1379914954367647
1379914954369355
1379914954369565
1379914954369684
1379914954369812
1379914954369919
1379914954370227
1379914954370364
1379914954371164
1379914954371255
1379914954371671
1379914954371784
1379914954371897
1379914954371993
1379914954405779
1379914954405782
1379914954430727
1379914954432565
1379914954432695
1379914954436773
1379914954436828
1379914954437030
1379914954437146
1379914954438400
1379914954438499
1379914954440940
1379914954441196
1379914954441332
1379914954441472
1379914954441572
1379914954441814
1379914954442003
1379914954442361
1379914954442405
1379914954442439
1379914954442465
1379914954442869
1379914954444402
1379914954444563
1379914954444758
1379914954446164
1379914954446347
1379914954446472
1379914954446656
1379914954446779
1379914954446881
1379914954447120
1379914954447276
1379914954448771
1379914954448817
1379914954448988
1379914954449030
1379914954449176
1379914954449291
1379914954449420
1379914954450009
1379914954450248
1379914954450490
1379914954450742
1379914954451013
1379914954451145
1379914954451284
1379914954451395
1379914954451535
1379914954451660
1379914954451787
1379914954451892
1379914954452051
1379914954452169
1379914954452296
1379914954452711
1379914954452810
1379914954452942
1379914954453065
1379914954453227
1379914954453951
1379914954454003
1379914954454573
1379914954454792
1379914954454917
1379914954455174
1379914954455302
1379914954455404
1379914954455533
1379914954455653
1379914954455851
1379914954456059
1379914954456126
1379914954456217
1379914954459100
1379914954459329
1379914954459594
1379914954459929
1379914954460203
1379914954460368
1379914954460516
1379914954460628
1379914954460743
1379914954460832
1379914954462224
1379914954462361
1379914954462586
1379914954462708
1379914954462777
1379914954467484
1379914954467824
1379914954468008
1379914954468345
1379914954468539
1379914954468680
1379914954468868
1379914954469099
1379914954469222
1379914954469438
1379914954469533
1379914954469610
1379914954470379
1379914954471286
1379914954471345
1379914954472347
1379914954472599
1379914954472721
1379914954472776
1379914954472844
1379914954472925
1379914954473034
1379914954473756
1379914954473796
1379914954473839
1379914954474069
1379914954474198
1379914954474445
1379914954474626
1379914954474771
1379914954480977
1379914954481166
1379914954481283
1379914954481542
1379914954481661
1379914954481919
1379914954482036
1379914954482184
1379914954482292
1379914954482543
1379914954482956
1379914954483241
1379914954483471
1379914954483694
1379914954483959
1379914954484076
1379914954484327
1379914954484608
1379914954484819
1379914954484928
1379914954485061
1379914954485178
1379914954485431
1379914954485549
1379914954485717
1379914954485883
1379914954486002
1379914954486157
1379914954486264
1379914954486397
1379914954486586
1379914954486693
1379914954486802
1379914954486953
1379914954487061
1379914954487188
1379914954487325
1379914954487437
1379914954487587
1379914954487688
1379914954492512
1379914954492638
1379914954492762
1379914954492881
1379914954492988
1379914954493107
1379914954493364
1379914954493634
1379914954493763
1379914954493992
1379914954494252
1379914954494493
1379914954494762
1379914954494897
1379914954495144
1379914954495541
1379914954495753
1379914954495867
1379914954496125
1379914954496375
1379914954496491
1379914954496611
1379914954496872
1379914954496992
1379914954497249
1379914954497365
1379914954497619
1379914954497768
1379914954497879
1379914954498010
1379914954498128
1379914954498374
1379914954498495
1379914954498626
1379914954498769
1379914954498882
1379914954499009
1379914954499130
1379914954509530
1379914954509534
1379914954509571
1379914954517773
1379914954517778
1379914954521602
1379914954537766
1379914954537787
1379914954545194
1379914954545928
1379914954549921
1379914954550245
1379914954550552
1379914954550867
1379914954552430
1379914954565708
1379914954566882
1379914954569295
1379914954569556
1379914954570616
1379914954574001
1379914954575131
1379914954576418
1379914954577607
1379914954577610
1379914954589479
1379914954596069
1379914954596337
1379914954596512
1379914954596604
1379914954596740
1379914954596853
1379914954597233
1379914954597477
1379914954597591
1379914954597765
1379914954598121
1379914954598349
1379914954598479
1379914954598691
1379914954598814
1379914954598981
1379914954599116
1379914954599218
1379914954599341
1379914954599455
1379914954599784
1379914954599962
1379914954600050
1379914954600102
1379914954607326
1379914954607472
1379914954613525
1379914954613746
1379914954619094
1379914954619257
1379914954624606
1379914954624757
1379914954629775
1379914954629897
1379914954635408
1379914954635587
1379914954640709
1379914954640885
1379914954646113
1379914954646256
1379914954651621
1379914954651690
1379914954651889
1379914954657312
1379914954657488
1379914954657667
1379914954657775
1379914954673401
1379914954673571
1379914954677443
1379914954677636
1379914954677947
1379914954681055
1379914954681524
1379914954681670
1379914954681912
1379914954682025
1379914954682256
1379914954682375
1379914954682522
1379914954684639
1379914954688741
1379914954688850
1379914954692885
1379914954693107
1379914954693190
1379914954696903
1379914954697470
1379914954697652
1379914954697949
1379914954700833
1379914954701315
1379914954701614
1379914954701994
1379914954702083
1379914954702392
1379914954706008
1379914954706187
1379914954709987
1379914954710170
1379914954710275
1379914954714051
1379914954714328
1379914954714463
1379914954717618
1379914954718181
1379914954718357
1379914954718725
1379914954722020
1379914954722700
1379914954722720
1379914954722819
1379914954724650
1379914954724728
1379914954725420
1379914954726277
1379914954726564
1379914954726772
1379914954727033
1379914954728621
1379914954728703
1379914954728900
1379914954729045
1379914954729152
1379914954729280
1379914954729411
1379914954729815
1379914954730562
1379914954730800
1379914954731254
1379914954731556
1379914954731669
1379914954731829
1379914954731940
1379914954732289
1379914954732423
1379914954733565
1379914954733712
1379914954734251
1379914954737657
1379914954737933
1379914954738010
1379914954738710
1379914954738805
1379914954738929
1379914954739050
1379914954739172
1379914954739294
1379914954739421
1379914954739542
1379914954739661
1379914954739791
1379914954739904
1379914954740035
1379914954740145
1379914954740282
1379914954740392
1379914954744435
1379914954744510
1379914954744642
1379914954744810
1379914954749222
1379914954749294
1379914954749456
1379914954749587
1379914954749700
1379914954750054
1379914954750342
1379914954750481
1379914954750760
1379914954750876
1379914954751034
1379914954751484
1379914954751812
1379914954751917
1379914954752040
1379914954752295
1379914954752416
1379914954752548
1379914954752663
1379914954752929
1379914954753047
1379914954753181
1379914954753299
1379914954753443
1379914954753845
1379914954753948
1379914954754438
1379914954754523
1379914954754892
1379914954755001
1379914954755256
1379914954755374
1379914954755500
1379914954755727
1379914954755879
1379914954755986
1379914954756422
1379914954756538
1379914954756720
1379914954756825
1379914954757131
1379914954757278
1379914954757392
1379914954757779
1379914954758030
1379914954758274
1379914954758650
1379914954758779
1379914954758895
1379914954759017
1379914954759152
1379914954759406
1379914954759540
1379914954759884
1379914954759935
1379914954760087
1379914954760232
1379914954760348
1379914954760611
1379914954760736
1379914954760979
1379914954761106
1379914954761222
1379914954761484
1379914954761753
1379914954761992
1379914954762107
1379914954762368
1379914954762490
1379914954762612
1379914954762865
1379914954762985
1379914954763124
1379914954763269
1379914954763378
1379914954763561
1379914954763687
1379914954763804
1379914954763942
1379914954764117
1379914954764385
1379914954764499
1379914954764717
1379914954764838
1379914954764967
1379914954765117
1379914954765229
1379914954765442
1379914954765858
1379914954766004
1379914954766114
1379914954766363
1379914954766490
1379914954766620
1379914954766743
1379914954767265
1379914954767426
1379914954767533
1379914954767720
1379914954767834
1379914954767969
1379914954768109
1379914954768220
1379914954768553
1379914954768820
1379914954768938
1379914954769190
1379914954769301
1379914954769439
1379914954769555
1379914954769957
1379914954770196
1379914954770319
1379914954774810
1379914954774810
1379914954774813
1379914954775104
1379914954775220
1379914954775338
1379914954775604
1379914954775720
1379914954775862
1379914954776107
1379914954776222
1379914954776377
1379914954776489
1379914954776616
1379914954776793
1379914954776905
1379914954777111
1379914954814027
1379914954814063
1379914954816213
1379914954816326
1379914954816334
1379914954816373
1379914954816426
1379914954816568
1379914954818701
1379914954818960
1379914954818964
1379914954819071
1379914954819246
1379914954819359
1379914954819477
1379914954820086
1379914954820745
1379914954820787
1379914954821391
1379914954822154
1379914954822220
1379914954822430
1379914954822540
1379914954822686
1379914954822924
1379914954823202
1379914954823368
1379914954823566
1379914954823681
1379914954823843
1379914954825363
1379914954825486
1379914954825727
1379914954825859
1379914954826099
1379914954826488
1379914954826725
1379914954826864
1379914954827101
1379914954827233
1379914954827351
1379914954827473
1379914954827594
1379914954827734
1379914954827847
1379914954827977
1379914954828100
1379914954828218
1379914954828342
1379914954828511
1379914954828617
1379914954828731
1379914954829320
1379914954829382
1379914954829519
1379914954829684
1379914954829823
1379914954829936
1379914954830082
1379914954830191
1379914954830319
1379914954830531
1379914954830659
1379914954830908
1379914954831041
1379914954831193
1379914954831313
1379914954831446
1379914954832067
1379914954832176
1379914954832404
1379914954832518
1379914954832696
1379914954832932
1379914954833064
1379914954833191
1379914954833325
1379914954833433
1379914954834069
1379914954834187
1379914954834396
1379914954834514
1379914954834644
1379914954834899
1379914954837016
1379914954837249
1379914954837379
1379914954837630
1379914954837762
1379914954837878
1379914954837998
1379914954838117
1379914954838386
1379914954840398
1379914954840498
1379914954840646
1379914954840764
1379914954840942
1379914954841090
1379914954841197
1379914954841334
1379914954841444
1379914954841579
1379914954841695
1379914954841825
1379914954841934
1379914954842079
1379914954842187
1379914954842318
1379914954842431
1379914954842554
1379914954842681
1379914954842803
1379914954842926
1379914954843088
1379914954843226
1379914954843330
1379914954843437
1379914954843550
1379914954843696
1379914954843808
1379914954843925
1379914954844109
1379914954844217
1379914954844384
1379914954844493
1379914954844617
1379914954844736
1379914954844885
1379914954844993
1379914954845127
1379914954845239
1379914954845370
1379914954845488
1379914954845615
1379914954845743
1379914954845879
1379914954846002
1379914954846116
1379914954846225
1379914954846362
1379914954846485
1379914954846616
1379914954846725
1379914954846881
1379914954847111
1379914954847276
1379914954847842
1379914954847938
1379914954854085
1379914954854315
1379914954854395
1379914954893977
1379914954932642
1379914954956432
1379914954956528
1379914954975222
1379914955013666
1379914955014710
1379914955052440
1379914955052875
1379914955092673
