1379696902733876
1379696902804809
1379696902804875
1379696902872085
1379696902874439
1379696902874524
1379696902874585
1379696902927370
1379696902940463
1379696902959159
1379696902963990
1379696902998111
1379696902998282
1379696902998313
1379696903002947
1379696903007072
1379696903012783
1379696903013051
1379696903052875
1379696903057343
1379696903061149
1379696903065089
1379696903065240
1379696903065554
1379696903104228
1379696903104531
1379696903109732
1379696903109978
1379696903148342
1379696903153297
1379696903153498
1379696903192345
1379696903197100
1379696903200861
1379696903200915
1379696903201238
1379696903201337
1379696903205744
1379696903206860
1379696903207395
1379696903207480
1379696903207556
1379696903207647
1379696903208110
1379696903208202
1379696903248464
1379696903253393
1379696903253588
1379696903253825
1379696903257618
1379696903257699
1379696903257986
1379696903258101
1379696903258316
1379696903258548
1379696903259152
1379696903264221
1379696903264312
1379696903264630
1379696903268254
1379696903268364
1379696903268660
1379696903268769
1379696903268949
1379696903269353
1379696903269428
1379696903269565
1379696903269660
1379696903269906
1379696903274952
1379696903275350
1379696903275432
1379696903275651
1379696903275735
1379696903279707
1379696903279863
1379696903279956
1379696903280056
1379696903280369
1379696903280443
1379696903280674
1379696903281279
1379696903281371
1379696903281583
1379696903281922
1379696903286031
1379696903286213
1379696903286466
1379696903286707
1379696903286809
1379696903286962
1379696903326583
1379696903326850
1379696903332111
1379696903332363
1379696903336101
1379696903336334
1379696903336432
1379696903336744
1379696903341746
1379696903342013
1379696903380359
1379696903385475
1379696903385738
1379696903424377
1379696903429598
1379696903429712
1379696903429995
1379696903472721
1379696903477965
1379696903478051
1379696903478393
1379696903483112
1379696903483302
1379696903483773
1379696903489044
1379696903528210
1379696903528440
1379696903532919
1379696903538254
1379696903617464
1379696903617546
1379696913757572
1379696913857192
1379696913867293
1379696913867546
1379696913867652
1379696913904187
1379696913939628
1379696913957488
1379696913957581
1379696913957697
1379696913970081
1379696913970164
1379696914008293
1379696914041221
1379696914056584
1379696914095645
1379696914128057
1379696914128147
1379696914133060
1379696914147034
1379696914147676
1379696914233237
1379696914234153
1379696914331750
1379696914380190
1379696917404509
1379696917405130
1379696917443058
1379696917480273
