1380410593111875
1380410593133972
1380410593204381
1380410593227700
1380410593227806
1380410593227867
1380410593227958
1380410593228515
1380410593228601
1380410593250317
1380410593250421
1380410593250646
1380410593250808
1380410593250956
1380410593268418
1380410593268613
1380410593268677
1380410593268748
1380410593268952
1380410593269169
1380410593269394
1380410593269469
1380410593270763
1380410593270887
1380410593270976
1380410593271033
1380410593271409
1380410593271499
1380410593271874
1380410593272146
1380410593272388
1380410593272441
1380410593272540
1380410593272866
1380410593272952
1380410593273314
1380410593273727
1380410593273962
1380410593274014
1380410593274306
1380410593289073
1380410593289170
1380410593289228
1380410593289635
1380410593290867
1380410593290962
1380410593291016
1380410593291127
1380410593291456
1380410593291546
1380410593291602
1380410593292074
1380410593292130
1380410593292369
1380410593292955
1380410593293246
1380410593293299
1380410593293536
1380410593293819
1380410593294163
1380410593294338
1380410593294395
1380410593294594
1380410593294658
1380410593294908
1380410593294994
1380410593295245
1380410593295391
1380410593295585
1380410593295638
1380410593295825
1380410593323067
1380410593323074
1380410593412898
1380410593470654
1380410594099763
1380410594136862
1380410594136928
1380410594172524
1380410594205011
1380410594228892
1380410594228948
1380410594248441
1380410594286842
1380410594287811
1380410594323750
1380410594324068
1380410594362477
