1379801447988490
1379801448025135
1379801448025232
1379801448064599
1379801448098105
1379801448121779
1379801448121884
1379801448149497
1379801448187814
1379801448188799
1379801448226328
1379801448226734
1379801448226980
1379801448264141
1379801448322748
1379801448786952
1379801448787750
1379801448821015
1379801448821131
1379801448860299
1379801448888983
1379801448889207
1379801448925904
1379801448960844
1379801448961030
1379801448997880
1379801448999566
1379801449000018
1379801449000265
1379801449000432
1379801449024777
1379801449026941
1379801449027629
1379801449033651
1379801449033795
1379801449034196
1379801449034558
1379801449034684
1379801449050546
1379801449051405
1379801449075633
1379801449075857
1379801449075979
1379801449076055
1379801449076104
1379801449076178
1379801449076185
1379801449076356
1379801449100932
1379801449101036
1379801449101225
1379801449101475
1379801449101560
1379801449104169
1379801449104299
1379801449126339
1379801449126440
1379801449126552
1379801449126672
1379801449126905
1379801449127024
1379801449127089
1379801449130531
1379801449134401
1379801449134425
1379801449134495
1379801449134651
1379801449134699
1379801449135028
1379801449153010
1379801449153028
1379801449153133
1379801449153221
1379801449153277
1379801449161594
1379801449161907
1379801449161936
1379801449162882
1379801449163186
1379801449163408
1379801449163523
1379801449163591
1379801449163682
1379801449163809
1379801449188046
1379801449189885
1379801449190025
1379801449190194
1379801449190319
1379801449190419
1379801449191556
1379801449191779
1379801449191951
1379801449211209
1379801449211320
1379801449211423
1379801449211489
1379801449212016
1379801449212433
1379801449212541
1379801449212657
1379801449212770
1379801449213069
1379801449213259
1379801449218975
1379801449219181
1379801449219291
1379801449219744
1379801449240179
1379801449240190
1379801449240332
1379801449240359
1379801449240483
1379801449240575
1379801449245285
1379801449245442
1379801449245698
1379801449246805
1379801449246950
1379801449247063
1379801449247190
1379801449247378
1379801449247759
1379801449269256
1379801449269274
1379801449269486
1379801449269615
1379801449269791
1379801449269868
1379801449275717
1379801449275727
1379801449275946
1379801449276039
1379801449276159
1379801449276209
1379801449298860
1379801449298938
1379801449299164
1379801449299283
1379801449299373
1379801449306414
1379801449306546
1379801449328441
1379801449329351
1379801449329638
1379801449329945
1379801449330166
1379801449333641
1379801449334289
1379801449334434
1379801449334655
1379801449337490
1379801449357337
1379801449397770
1379801449397966
1379801449398060
1379801449398121
1379801449423482
1379801449423608
1379801449423837
1379801449423993
1379801449424324
1379801449424669
1379801449425186
1379801449425388
1379801449425556
1379801449425645
1379801449425936
1379801449426069
1379801449427314
1379801449427620
1379801449427736
1379801449451877
1379801449456228
1379801449456246
1379801449456396
1379801449456544
1379801449456630
1379801449457515
1379801449457818
1379801449458090
1379801449458295
1379801449458500
1379801449459323
1379801449459441
1379801449459723
1379801449459847
1379801449459984
1379801449460115
1379801449460307
1379801449460461
1379801449460618
1379801449460742
1379801449460954
1379801449461016
1379801449461255
1379801449461372
1379801449462501
1379801449462653
1379801449484940
1379801449485690
1379801449485699
1379801449485810
1379801449486076
1379801449486143
1379801449495902
1379801449514900
1379801449514916
1379801449515121
1379801449515151
1379801449515250
1379801449515423
1379801449515549
1379801449542877
1379801449542926
1379801449543125
1379801449550048
1379801449570793
1379801449570906
1379801449571039
1379801449571117
1379801449605862
1379801449606353
1379801449606654
1379801449606897
1379801449607031
1379801449607295
1379801449630739
1379801449631283
1379801449635257
1379801449635371
1379801449635400
1379801449635733
1379801449635839
1379801449635866
1379801449635969
1379801449636066
1379801449636226
1379801449636325
1379801449636635
1379801449636743
1379801449636857
1379801449637131
1379801449637761
1379801449637868
1379801449638155
1379801449638396
1379801449638518
1379801449638855
1379801449638960
1379801449639060
1379801449639141
1379801449640983
1379801449641219
1379801449641331
1379801449641549
1379801449641657
1379801449641878
1379801449642000
1379801449642318
1379801449642488
1379801449665933
1379801449666655
1379801449666876
1379801449666942
1379801449670953
1379801449671166
1379801449671411
1379801449671552
1379801449671684
1379801449671795
1379801449672063
1379801449672186
1379801449672351
1379801449672708
1379801449672819
1379801449672982
1379801449673148
1379801449673688
1379801449674622
1379801449674844
1379801449675012
1379801449676015
1379801449676134
1379801449676348
1379801449676469
1379801449676593
1379801449676713
1379801449676851
1379801449676967
1379801449677077
1379801449677136
1379801449695617
1379801449712372
1379801449712393
1379801449712595
1379801449741540
1379801449744231
1379801449758781
1379801449759515
1379801449759649
1379801449759891
1379801449760019
1379801449771146
1379801449771201
1379801449771261
1379801449771446
1379801449771523
1379801449794299
1379801449799616
1379801449799738
1379801449837992
1379801449846675
1379801449846928
1379801449847180
1379801449847568
1379801449847945
1379801449848055
1379801449848351
1379801449848638
1379801449848857
1379801449849155
1379801449849380
1379801449849591
1379801449849759
1379801449849884
1379801449850099
1379801449850216
1379801449850319
1379801449850924
1379801449851161
1379801449851373
1379801449854075
1379801449865928
1379801449880887
1379801449881235
1379801449881369
1379801449881458
1379801449881737
1379801449881848
1379801449881982
1379801449882338
1379801449882472
1379801449882635
1379801449882757
1379801449884111
1379801449884323
1379801449884713
1379801449884960
1379801449885194
1379801449885314
1379801449885560
1379801449885691
1379801449885822
1379801449886040
1379801449886162
1379801449886356
1379801449886480
1379801449886623
1379801449887121
1379801449887234
1379801449887538
1379801449887690
1379801449888223
1379801449888361
1379801449890741
1379801449891061
1379801449892170
1379801449892305
1379801449892375
1379801449909504
1379801449928128
1379801449928145
1379801449928192
1379801449928235
1379801449928278
1379801449928418
1379801449928640
1379801449928702
1379801449956465
1379801449963209
1379801449963229
1379801449963292
1379801449963375
1379801449963408
1379801449969585
1379801449971313
1379801449971405
1379801449971549
1379801449971679
1379801449971747
1379801449997721
1379801449998462
1379801449998574
1379801449998804
1379801449998935
1379801449999465
1379801450000547
1379801450000563
1379801450000715
1379801450000957
1379801450001078
1379801450001122
1379801450058480
1379801450058774
1379801450059002
1379801450059228
1379801450059485
1379801450059580
1379801450060150
1379801450060281
1379801450060375
1379801450060557
1379801450060926
1379801450061029
1379801450061252
1379801450061403
1379801450129584
1379801450131391
1379801450131506
1379801450131600
1379801450131675
1379801450179823
1379801450180313
1379801450180427
1379801450180782
1379801450180895
1379801450181008
1379801450181526
1379801450181646
1379801450181797
1379801450339912
1379801450340188
1379801450340294
1379801450340588
1379801450340933
1379801450341047
1379801450341171
1379801450341531
1379801450341634
1379801450549500
1379801450549598
1379801450550310
1379801450559101
1379801450559179
1379801450559242
1379801450559290
1379801450559458
1379801450559522
1379801450559568
1379801450585892
1379801450589310
1379801450589333
1379801450589459
1379801450589465
1379801450589636
1379801450589973
1379801450589988
1379801450590176
1379801450590229
1379801450590457
1379801450590569
1379801450590963
1379801450591139
1379801450591276
1379801450591300
1379801450591374
1379801450591495
1379801450592262
1379801450592363
1379801450592486
1379801450592606
1379801450592675
1379801450594188
1379801450595007
1379801450595158
1379801450595237
1379801450595488
1379801450595588
1379801450595970
1379801450596081
1379801450596196
1379801450596244
1379801450615975
1379801450616676
1379801450616926
1379801450617083
1379801450617330
1379801450617451
1379801450617532
1379801450619661
1379801450620616
1379801450620759
1379801450620874
1379801450621000
1379801450621054
1379801450621254
1379801450621606
1379801450621802
1379801450622128
1379801450622255
1379801450622272
1379801450622358
1379801450622366
1379801450622413
1379801450634135
1379801450634221
1379801450634287
1379801450634493
1379801450634571
1379801450643755
1379801450650389
1379801450650407
1379801450650465
1379801450650602
1379801450650635
1379801450650855
1379801450650932
1379801450662332
1379801450662447
1379801450669192
1379801450669428
1379801450690223
1379801450690243
1379801450690292
1379801450729733
1379801451061871
1379801453280641
1379801453290193
1379801453291055
1379801453297386
1379801453301702
1379801453302499
1379801453341999
1379801453355452
1379801453389804
1379801453429733
