1379391594356956
1379391594400783
1379391594400993
1379391594437963
1379391594442187
1379391594524056
1379391594559161
1379391594559270
1379391594588889
1379391594588980
1379391594589065
1379391594589151
1379391594589524
1379391594589621
1379391594589962
1379391594590522
1379391594618623
1379391594618978
1379391594619309
1379391594619773
1379391594622196
1379391594661958
1379391594705714
1379391594705769
1379391594706034
1379391594746073
1379391594746135
1379391594746164
1379391594746279
1379391594778884
1379391594780414
1379391594780804
1379391594781014
1379391594781158
1379391594781451
1379391594781609
1379391594782249
1379391594782500
1379391594782703
1379391594782897
1379391594783714
1379391594783827
1379391594783976
1379391594784116
1379391594784261
1379391594784332
1379391594784484
1379391594784590
1379391594814367
1379391594814393
1379391594814467
1379391594814724
1379391594814793
1379391594814833
1379391594814869
1379391594815203
1379391594816364
1379391594816498
1379391594816658
1379391594817221
1379391594817443
1379391594817697
1379391594817808
1379391594847445
1379391594847637
1379391594847794
1379391594848034
1379391594849036
1379391594849236
1379391594849373
1379391594849488
1379391594849603
1379391594849904
1379391594851029
1379391594851136
1379391594851475
1379391594851596
1379391594851723
1379391594851840
1379391594851955
1379391594852074
1379391594852197
1379391594852280
1379391594852821
1379391594853258
1379391594853296
1379391594853374
1379391594853897
1379391594854167
1379391594854221
1379391594854426
1379391594854479
1379391594854677
1379391594854731
1379391594854919
1379391594855447
1379391594855606
1379391594855756
1379391594855826
1379391594856066
1379391594856306
1379391594856446
1379391594856514
1379391594856705
1379391594857708
1379391594857982
1379391594858158
1379391594880882
1379391594881127
1379391594881493
1379391594881826
1379391594881962
1379391594882095
1379391594882376
1379391594882521
1379391594883546
1379391594883683
1379391594883909
1379391594884048
1379391594884196
1379391594884322
1379391594884455
1379391594884814
1379391594884967
1379391594885932
1379391594886119
1379391594886215
1379391594887029
1379391594887187
1379391594888536
1379391594890573
1379391594890727
1379391594890872
1379391594891008
1379391594891155
1379391594894057
1379391594894170
1379391594894364
1379391594894495
1379391594894624
1379391594894771
1379391594894858
1379391594895242
1379391594895409
1379391594895558
1379391594895952
1379391594896136
1379391594896278
1379391594896398
1379391594929682
1379391594929772
1379391594929895
1379391594929964
1379391594930270
1379391594930436
1379391594930639
1379391594930695
1379391594931209
1379391594931365
1379391594931422
1379391594943468
1379391594985886
1379391595389293
1379391595492522
1379391595492823
1379391595492912
1379391595591952
1379391595613682
1379391595625972
1379391595626048
1379391595647980
1379391595751664
1379391595752597
1379391595857145
1379391595857544
1379391595858115
1379391595898333
