1380009255016944
1380009255040221
1380009255040305
1380009255040567
1380009255040618
1380009255044423
1380009255044484
1380009255044710
1380009255044913
1380009255044980
1380009255045055
1380009255045404
1380009255045478
1380009255046049
1380009255046130
1380009255046396
1380009255046466
1380009255048928
1380009255049179
1380009255049340
1380009255139626
1380009255152250
1380009255152667
1380009255152771
1380009255152959
1380009255153272
1380009255153528
1380009255153758
1380009255153911
1380009255154188
1380009255154336
1380009255154874
1380009255154924
1380009255155116
1380009255155196
1380009255157748
1380009255157918
1380009255157932
1380009255158472
1380009255158533
1380009255158877
1380009255158940
1380009255159273
1380009255159337
1380009255159429
1380009255159990
1380009255160083
1380009255160337
1380009255163607
1380009255163832
1380009255163892
1380009255163968
1380009255164533
1380009255164603
1380009255164906
1380009255165206
1380009255165286
1380009255165598
1380009255165747
1380009255166293
1380009255166361
1380009255166467
1380009255170318
1380009255307144
1380009255332822
1380009255371676
1380009255396238
1380009255397531
1380009255397826
1380009255398127
1380009255421092
1380009255422314
1380009255422500
1380009255422825
1380009255423190
1380009255423364
1380009255423424
1380009255423623
1380009255423955
1380009255424013
1380009255424099
1380009255424554
1380009255424718
1380009255425346
1380009255447466
1380009255447518
1380009255447773
1380009255447945
1380009255448006
1380009255448215
1380009255448428
1380009255448518
1380009255448898
1380009255450044
1380009255450306
1380009255450505
1380009255450596
1380009255451136
1380009255451189
1380009255451450
1380009255472370
1380009255472620
1380009255472716
1380009255472930
1380009255472998
1380009255473220
1380009255473307
1380009255473507
1380009255473916
1380009255474054
1380009255475471
1380009255475636
1380009255475848
1380009255476321
1380009255476472
1380009255476547
1380009255476914
1380009255477315
1380009255477845
1380009255478088
1380009255478271
1380009255478335
1380009255496529
1380009255496784
1380009255497005
1380009255497138
1380009255497544
1380009255498025
1380009255498354
1380009255499081
1380009255499312
1380009255499409
1380009255499546
1380009255499685
1380009255499821
1380009255502488
1380009255502723
1380009255502929
1380009255503216
1380009255503358
1380009255503664
1380009255503779
1380009255503976
1380009255504268
1380009255504411
1380009255505160
1380009255505332
1380009255505483
1380009255505623
1380009255527587
1380009255528287
1380009255528447
1380009255528821
1380009255529288
1380009255529445
1380009255529904
1380009255530059
1380009255530134
1380009255530268
1380009255530670
1380009255530889
1380009255531257
1380009255531415
1380009255553428
1380009255553993
1380009255578502
1380009255578691
1380009255578899
1380009255579062
1380009255579346
1380009255602570
1380009255602667
1380009255603059
1380009255603216
1380009255603300
1380009255603479
1380009255603709
1380009255603812
1380009255604313
1380009255605709
1380009255605854
1380009255605979
1380009255626954
1380009255627214
1380009255627300
1380009255628014
1380009255628381
1380009255629272
1380009255629551
1380009255654844
1380009255655110
1380009255698664
1380009255698875
1380009255724642
1380009255725096
1380009255766746
1380009255792878
1380009255792944
1380009255793229
1380009255817045
1380009255817125
1380009255817374
1380009255817606
1380009255818109
1380009255818182
1380009255818566
1380009255818791
1380009255818870
1380009255840982
1380009255841222
1380009255841305
1380009255841525
1380009255841740
1380009255841994
1380009255842530
1380009255842603
1380009255843308
1380009255843368
1380009255843625
1380009255846688
1380009255846690
1380009255846943
1380009255847334
1380009255847482
1380009255847603
1380009255865385
1380009255865746
1380009255865851
1380009255866271
1380009255866883
1380009255867096
1380009255867929
1380009255867997
1380009255868095
1380009255868405
1380009255868484
1380009255868706
1380009255868763
1380009255873279
1380009255873368
1380009255911334
1380009255937318
1380009255937731
1380009255978749
1380009256004734
1380009256004833
1380009256046672
1380009256046896
1380009256072113
1380009256072542
1380009256114839
1380009256140894
1380009256141053
1380009256141322
1380009256165291
1380009256165397
1380009256165474
1380009256165758
1380009256165985
1380009256166471
1380009256166806
1380009256166912
1380009256167017
1380009256167322
1380009256190144
1380009256190237
1380009256190324
1380009256190429
1380009256190751
1380009256190882
1380009256191435
1380009256191691
1380009256191984
1380009256192364
1380009256193944
1380009256194067
1380009256194519
1380009256195443
1380009256195716
1380009256220802
1380009256221184
1380009256221614
1380009256245882
1380009256247186
1380009256247670
1380009256272308
1380009256272437
1380009256272704
1380009256298608
1380009256298821
1380009256299117
1380009256340028
1380009256365806
1380009256365885
1380009256406767
1380009256407004
1380009256433101
1380009256433180
1380009256433471
1380009256470946
1380009256497424
1380009256497561
1380009256534886
1380009256563590
1380009256563670
1380009256563988
1380009256602908
1380009256628959
1380009256629179
1380009256666706
1380009256666925
1380009256692648
1380009256692749
1380009256730700
1380009256730954
1380009256731223
1380009256731277
1380009256731373
1380009256731414
1380009256731454
1380009256731512
1380009256731576
1380009256731641
1380009256731684
1380009256731829
1380009256759598
1380009256760184
1380009256760261
1380009256760638
1380009256760835
1380009256761870
1380009256761889
1380009256761976
1380009256762217
1380009256762273
1380009256763245
1380009256763498
1380009256763717
1380009256767972
1380009256768197
1380009256768258
1380009256768472
1380009256768760
1380009256769163
1380009256769475
1380009256769746
1380009256770670
1380009256770712
1380009256794054
1380009256822168
1380009256822242
1380009256822295
1380009256822340
1380009256849801
1380009256851178
1380009256851404
1380009256851735
1380009256852260
1380009256852451
1380009256852827
1380009256852970
1380009256877427
1380009256877917
1380009256878559
1380009256878593
1380009256878687
1380009256878794
1380009256902896
1380009256903158
1380009256903233
1380009256904149
1380009256904541
1380009256904939
1380009256909163
1380009256927637
1380009256927710
1380009256927936
1380009256928335
1380009256952007
1380009256952085
1380009256952438
1380009256956283
1380009256956497
1380009256976315
1380009256976504
1380009256977006
1380009256977303
1380009256977619
1380009256985478
1380009256985710
1380009256986390
1380009257000828
1380009257001186
1380009257001454
1380009257004916
1380009257005169
1380009257009632
1380009257009840
1380009257009949
1380009257010375
1380009257011256
1380009257025382
1380009257025499
1380009257025827
1380009257025904
1380009257033384
1380009257036807
1380009257037052
1380009257037251
1380009257037326
1380009257049212
1380009257050093
1380009257050371
1380009257050650
1380009257061412
1380009257064044
1380009257064118
1380009257064252
1380009257064324
1380009257074142
1380009257123783
1380009257123932
1380009257124019
1380009257124064
1380009257124110
1380009257124136
1380009257124181
1380009257130405
1380009257137869
1380009257137946
1380009257138291
1380009257142123
1380009257142217
1380009257142582
1380009257142703
1380009257142936
1380009257143294
1380009257150302
1380009257150385
1380009257150763
1380009257150860
1380009257151093
1380009257151893
1380009257152296
1380009257152564
1380009257152617
1380009257153729
1380009257154075
1380009257154095
1380009257154188
1380009257154268
1380009257154342
1380009257154804
1380009257155052
1380009257155255
1380009257155411
1380009257155528
1380009257156285
1380009257180540
1380009257180776
1380009257222371
1380009257226053
1380009257226600
1380009257262838
1380009257263231
1380009257274580
1380009257274764
1380009257275017
1380009257279877
1380009257280381
1380009257280700
1380009257280804
1380009257282557
1380009257283655
1380009257283941
1380009257288955
1380009257289126
1380009257289147
1380009257289771
1380009257290833
1380009257290954
1380009257291458
1380009257291907
1380009257292369
1380009257292761
1380009257293011
1380009257294343
1380009257300010
1380009257300232
1380009257300629
1380009257301424
1380009257301450
1380009257301527
1380009257301949
1380009257302068
1380009257302172
1380009257304139
1380009257306133
1380009257306373
1380009257307177
1380009257307777
1380009257310319
1380009257310578
1380009257310740
1380009257310814
1380009257315942
1380009257316491
1380009257316634
1380009257319952
1380009257320068
1380009257320450
1380009257321695
1380009257321874
1380009257321960
1380009257322441
1380009257322609
1380009257322777
1380009257322957
1380009257323065
1380009257323388
1380009257325081
1380009257325388
1380009257325752
1380009257326014
1380009257326301
1380009257326386
1380009257326798
1380009257326996
1380009257327281
1380009257327595
1380009257327793
1380009257328065
1380009257329881
1380009257330142
1380009257330496
1380009257330775
1380009257331080
1380009257331372
1380009257331640
1380009257331886
1380009257332426
1380009257334398
1380009257334664
1380009257335059
1380009257335422
1380009257336729
1380009257337489
1380009257337520
1380009257339073
1380009257339209
1380009257339387
1380009257342074
1380009257342223
1380009257342415
1380009257342548
1380009257342677
1380009257342765
1380009257343070
1380009257343216
1380009257343361
1380009257343834
1380009257343984
1380009257344156
1380009257344497
1380009257346810
1380009257346970
1380009257347258
1380009257347562
1380009257347940
1380009257348224
1380009257348565
1380009257348828
1380009257349001
1380009257349143
1380009257349335
1380009257349582
1380009257349779
1380009257349889
1380009257350023
1380009257350330
1380009257350513
1380009257350682
1380009257350811
1380009257350948
1380009257351087
1380009257351215
1380009257351337
1380009257352142
1380009257352264
1380009257352398
1380009257352654
1380009257352802
1380009257353086
1380009257353340
1380009257353637
1380009257353892
1380009257354244
1380009257354511
1380009257354685
1380009257477637
1380009257477698
1380009257482555
1380009257502175
1380009257522006
1380009257621633
1380009257622751
1380009257723652
1380009257724086
1380009257764952
1380009259761016
1380009259761148
1380009259761253
1380009259762015
1380009259762051
1380009259762121
1380009259765590
1380009259765917
1380009259766433
1380009259766528
1380009259766633
1380009259767062
1380009259767087
1380009259767206
1380009259767221
1380009259784599
1380009259784725
1380009259784855
1380009259785400
1380009259785458
1380009259785537
1380009259785929
1380009259786032
1380009259789342
1380009259789590
1380009259789684
1380009259789805
1380009259790100
1380009259790198
1380009259790205
1380009259790535
1380009259790786
1380009259790891
1380009259792035
1380009259792379
1380009259792743
1380009259793139
1380009259793481
1380009259793689
1380009259793803
1380009259794307
1380009259794660
1380009259794892
1380009259810666
1380009259811181
1380009259811332
1380009259811687
1380009259812049
1380009259812240
1380009259812497
1380009259817317
1380009259817502
1380009259817824
1380009259818158
1380009259818363
1380009259818906
1380009259819123
1380009259819364
1380009259820241
1380009259820822
1380009259821004
1380009259836377
1380009259836480
1380009259836759
1380009259860188
