1379705947561830
1379705947665061
1379705947748156
1379705947748266
1379705947748353
1379705947765725
1379705947765778
1379705947765916
1379705947785145
1379705947785293
1379705947785456
1379705947785576
1379705947826152
1379705947864844
1379705947866492
1379705947866532
1379705947866721
1379705947866806
1379705947902071
1379705947904245
1379705947904480
1379705947904870
1379705947904947
1379705947905192
1379705947905548
1379705947905642
1379705947905901
1379705947905986
1379705947906514
1379705947906690
1379705947942437
1379705947942801
1379705947942902
1379705947942987
1379705947943086
1379705947943412
1379705947943708
1379705947943795
1379705947944539
1379705947944816
1379705947945066
1379705947946241
1379705947946507
1379705947947013
1379705947947198
1379705947947366
1379705947948193
1379705947980568
1379705947980686
1379705947981463
1379705947981797
1379705947981898
1379705947981991
1379705947982067
1379705947982242
1379705947983006
1379705947983286
1379705947983363
1379705947986116
1379705947986259
1379705947986611
1379705948027410
1379705948027540
1379705948027605
1379705948066086
1379705948104709
1379705948104753
1379705948142083
1379705948142159
1379705948142191
1379705948142305
1379705948142335
1379705948142402
1379705948181047
1379705948181317
1379705948181547
1379705948181763
1379705948181982
1379705948182387
1379705948182501
1379705948182763
1379705948183371
1379705948183737
1379705948183943
1379705948184227
1379705948184321
1379705948184928
1379705948185121
1379705948185220
1379705948185330
1379705948185453
1379705948185704
1379705948185832
1379705948186004
1379705948186090
1379705948186266
1379705948186356
1379705948186547
1379705948209331
1379705948209598
1379705948209866
1379705948210000
1379705948210144
1379705948222173
1379705948222523
1379705948222591
1379705948227722
1379705948227950
1379705948228111
1379705948228219
1379705948228340
1379705948228452
1379705948228596
1379705948228699
1379705948228829
1379705948228939
1379705948229078
1379705948229190
1379705948229325
1379705948229433
1379705948229576
1379705948229688
1379705948235126
1379705948235254
1379705948248623
1379705948248682
1379705948248843
1379705948248961
1379705948249211
1379705948249345
1379705948249454
1379705948249715
1379705948249963
1379705948250102
1379705948250214
1379705948250466
1379705948250596
1379705948250713
1379705948251095
1379705948251233
1379705948251349
1379705948251588
1379705948251716
1379705948251839
1379705948251997
1379705948252225
1379705948252363
1379705948252603
1379705948252738
1379705948252847
1379705948252992
1379705948253098
1379705948253217
1379705948253677
1379705948253926
1379705948254045
1379705948254182
1379705948254418
1379705948254546
1379705948254675
1379705948254801
1379705948254922
1379705948255040
1379705948255313
1379705948255456
1379705948255560
1379705948255634
1379705948255750
1379705948255897
1379705948256094
1379705948256177
1379705948256291
1379705948256417
1379705948256535
1379705948256656
1379705948256793
1379705948265036
1379705948265091
1379705948265208
1379705948265421
1379705948265554
1379705948265720
1379705948265831
1379705948266267
1379705948266428
1379705948266564
1379705948287226
1379705948287285
1379705948287449
1379705948287544
1379705948287638
1379705948288474
1379705948290181
1379705948290313
1379705948290490
1379705948292496
1379705948292706
1379705948292821
1379705948293034
1379705948293109
1379705948294453
1379705948294685
1379705948294931
1379705948295050
1379705948295173
1379705948295318
1379705948295575
1379705948295694
1379705948296083
1379705948296196
1379705948296348
1379705948296464
1379705948296508
1379705948296778
1379705948296907
1379705948297039
1379705948297161
1379705948299009
1379705948302916
1379705948303119
1379705948303360
1379705948303492
1379705948303601
1379705948303736
1379705948303991
1379705948304121
1379705948304366
1379705948304619
1379705948304747
1379705948304992
1379705948305110
1379705948305369
1379705948305486
1379705948305622
1379705948305877
1379705948306005
1379705948306117
1379705948306374
1379705948306625
1379705948306763
1379705948306872
1379705948307016
1379705948307129
1379705948307253
1379705948307515
1379705948307652
1379705948307769
1379705948307903
1379705948308025
1379705948308151
1379705948308286
1379705948308405
1379705948308524
1379705948326670
1379705948327219
1379705948327444
1379705948327697
1379705948327815
1379705948328063
1379705948328195
1379705948328573
1379705948328700
1379705948328823
1379705948328938
1379705948329200
1379705948329317
1379705948329453
1379705948329695
1379705948329832
1379705948330075
1379705948330220
1379705948330455
1379705948330605
1379705948330830
1379705948330971
1379705948331079
1379705948331214
1379705948331459
1379705948331593
1379705948331754
1379705948331869
1379705948331988
1379705948332154
1379705948332477
1379705948332619
1379705948332772
1379705948332891
1379705948333007
1379705948333158
1379705948333269
1379705948333395
1379705948333558
1379705948333687
1379705948333842
1379705948334693
1379705948334856
1379705948334968
1379705948335467
1379705948335601
1379705948335842
1379705948335974
1379705948336149
1379705948336279
1379705948336394
1379705948336525
1379705948336641
1379705948336818
1379705948337021
1379705948337150
1379705948337297
1379705948337409
1379705948337542
1379705948337683
1379705948337790
1379705948337942
1379705948338038
1379705948338096
1379705948338251
1379705948338375
1379705948338440
1379705948338741
1379705948365519
1379705948365633
1379705948365769
1379705948368462
1379705948368556
1379705948368807
1379705948368926
1379705948369044
1379705948369173
1379705948369424
1379705948369567
1379705948369801
1379705948370059
1379705948370192
1379705948370429
1379705948370550
1379705948370765
1379705948370882
1379705948371009
1379705948371181
1379705948371332
1379705948371439
1379705948371828
1379705948372067
1379705948372325
1379705948372451
1379705948372695
1379705948372828
1379705948373072
1379705948373199
1379705948373453
1379705948373568
1379705948373708
1379705948373949
1379705948374204
1379705948374331
1379705948374455
1379705948376504
1379705948376620
1379705948376878
1379705948377011
1379705948377132
1379705948377216
1379705948377292
1379705948377524
1379705948377631
1379705948377886
1379705948378004
1379705948378180
1379705948378298
1379705948378435
1379705948378547
1379705948378808
1379705948378930
1379705948379066
1379705948379212
1379705948379338
1379705948379467
1379705948379931
1379705948380048
1379705948380189
1379705948380315
1379705948380434
1379705948380556
1379705948380711
1379705948380849
1379705948380963
1379705948381087
1379705948381245
1379705948381347
1379705948381529
1379705948381642
1379705948381781
1379705948381895
1379705948382043
1379705948382154
1379705948382539
1379705948382613
1379705948383483
1379705948383727
1379705948383835
1379705948402448
1379705948409776
1379705948409781
1379705948409786
1379705948409891
1379705948418535
1379705948418686
1379705948418917
1379705948419039
1379705948419164
1379705948419305
1379705948419546
1379705948419676
1379705948419817
1379705948420195
1379705948420316
1379705948420555
1379705948420702
1379705948420845
1379705948421206
1379705948421323
1379705948421438
1379705948421690
1379705948421826
1379705948421937
1379705948422067
1379705948422363
1379705948427487
1379705948427615
1379705948427615
1379705948427726
1379705948427903
1379705948437046
1379705948437050
1379705948437077
1379705948457083
1379705948457173
1379705948457285
1379705948457376
1379705948461177
1379705948461287
1379705948461399
1379705948461488
1379705948463670
1379705948468598
1379705948469289
1379705948469640
1379705948469765
1379705948469890
1379705948470002
1379705948470124
1379705948470356
1379705948499742
1379705948499960
1379705948504087
1379705948578815
1379705948578876
1379705948579053
1379705948616290
1379705948616593
1379705948616726
1379705948616910
1379705948617021
1379705948617316
1379705948654391
1379705948654483
1379705948654628
1379705948654739
1379705948655000
1379705948655261
1379705948656058
1379705948656203
1379705948656321
1379705948656458
1379705948692487
1379705948692651
1379705948693388
1379705948693756
1379705948693868
1379705948693987
1379705948694114
1379705948694414
1379705948694761
1379705948694893
1379705948695057
1379705948695441
1379705948731091
1379705948731252
1379705948731703
1379705948731992
1379705948732200
1379705948732601
1379705948732992
1379705948733233
1379705948733374
1379705948733487
1379705948769089
1379705948769190
1379705948769403
1379705948769519
1379705948771217
1379705948771321
1379705948771447
1379705948771568
1379705948807000
1379705948807192
1379705948807335
1379705948807452
1379705948807570
1379705948807733
1379705948807848
1379705948808308
1379705948809320
1379705948809441
1379705948809608
1379705948809705
1379705948819969
1379705948845188
1379705948845384
1379705948845562
1379705948845855
1379705948846612
1379705948846721
1379705948846950
1379705948847075
1379705948847850
1379705948848008
1379705948848259
1379705948848386
1379705948848508
1379705948919331
1379705948919430
1379705948919705
1379705949727751
1379705950187095
1379705950224652
1379705950227820
1379705950227874
1379705950228139
1379705950228260
1379705950228419
1379705950228519
