1380559763222995
1380559763228026
1380559763228099
1380559763228353
1380559763228504
1380559763232242
1380559763232957
1380559763233115
1380559763233200
1380559763233409
1380559763233483
1380559763233797
1380559763233864
1380559763234075
1380559763234252
1380559763234439
1380559763238020
1380559763348033
1380559763353151
1380559763353282
1380559763353438
1380559763369987
1380559763413857
1380559763454778
1380559763455420
1380559763460420
1380559763471765
1380559763523180
1380559763530878
1380559763536360
1380559763543403
1380559763543664
1380559763543907
1380559763544284
1380559763550450
1380559763550660
1380559763552095
1380559763552298
1380559763552414
1380559763552782
1380559763553132
1380559763553281
1380559763553824
1380559763554029
1380559763554282
1380559763555650
1380559763555743
1380559763555928
1380559763556098
1380559763556255
1380559763556625
1380559763557223
1380559763557322
1380559763558209
1380559763558456
1380559763558626
1380559763560100
1380559763560201
1380559763560793
1380559763560944
1380559763561788
1380559763561947
1380559763562211
1380559763562396
1380559763562503
1380559763562744
1380559763562931
1380559763563189
1380559763563310
1380559763563589
1380559763563799
1380559763564840
1380559763565131
1380559763565264
1380559763565512
1380559763565617
1380559763568328
1380559763568491
1380559763568690
1380559763568693
1380559763568957
1380559763569459
1380559763569630
1380559763569985
1380559763570323
1380559763570553
1380559763570773
1380559763571012
1380559763571169
1380559763572592
1380559763572816
1380559763572985
1380559763573156
1380559763573339
1380559763573539
1380559763573586
1380559763573797
1380559763573948
1380559763574214
1380559763574387
1380559763574549
1380559763574649
1380559763580208
1380559763580477
1380559763580844
1380559763580999
1380559763581949
1380559763581954
1380559763582255
1380559763584026
1380559763584995
1380559763585210
1380559763585917
1380559763586426
1380559763586776
1380559763586991
1380559763587197
1380559763587429
1380559763587623
1380559763587650
1380559763587761
1380559763588082
1380559763588274
1380559763588431
1380559763588623
1380559763590956
1380559763591152
1380559763592448
1380559763592490
1380559763593237
1380559763593415
1380559763594344
1380559763595164
1380559763595422
1380559763595734
1380559763596225
1380559763597339
1380559763597464
1380559763597913
1380559763598105
1380559763598222
1380559763598371
1380559763600133
1380559763600271
1380559763600873
1380559763601226
1380559763601451
1380559763601569
1380559763601985
1380559763602145
1380559763602308
1380559763602470
1380559763602634
1380559763604986
1380559763605128
1380559763606926
1380559763607298
1380559763607776
1380559763612171
1380559763612540
1380559763612589
1380559763612899
1380559763613051
1380559763613091
1380559763613923
1380559763613936
1380559763614668
1380559763614899
1380559763615022
1380559763620022
1380559763620154
1380559763620349
1380559763620460
1380559763620661
1380559763620822
1380559763620952
1380559763621646
1380559763621773
1380559763622139
1380559763622375
1380559763622546
1380559763623040
1380559763623668
1380559763623865
1380559763624382
1380559763626563
1380559763626710
1380559763630042
1380559763630733
1380559763631135
1380559763632106
1380559763632279
1380559763632571
1380559763634326
1380559763634596
1380559763634730
1380559763634871
1380559763639022
1380559763641086
1380559763641452
1380559763642018
1380559763642152
1380559763647216
1380559763647310
1380559763647654
1380559763650222
1380559763651226
1380559763651707
1380559763651789
1380559763652248
1380559763652594
1380559763652735
1380559763657620
1380559763657718
1380559763658060
1380559763661768
1380559763661952
1380559763662138
1380559763662307
1380559763662597
1380559763662876
1380559763668008
1380559763706688
1380559763706710
1380559763707023
1380559763711558
1380559763711629
1380559763711671
1380559763712591
1380559763717879
1380559763717996
1380559763718095
1380559763718182
1380559763718508
1380559763718615
1380559763718844
1380559763719030
1380559763719295
1380559763719447
1380559763719827
1380559763720282
1380559763720623
1380559763720697
1380559763720775
1380559763720997
1380559763721213
1380559763721321
1380559763721338
1380559763721620
1380559763722084
1380559763722301
1380559763722387
1380559763722511
1380559763722612
1380559763722940
1380559763723022
1380559763723085
1380559763723294
1380559763724349
1380559763724441
1380559763724655
1380559763724998
1380559763725209
1380559763725362
1380559763725509
1380559763725805
1380559763725960
1380559763726119
1380559763726283
1380559763727570
1380559763727825
1380559763727975
1380559763728158
1380559763728407
1380559763728674
1380559763734491
1380559763734650
1380559763734883
1380559763764876
1380559763764885
1380559763764983
1380559763778659
1380559763778842
1380559763778941
1380559763779178
1380559763779280
1380559763779568
1380559763779867
1380559763780341
1380559763783473
1380559763783547
1380559763783655
1380559763783799
1380559763783821
1380559763784305
1380559763784547
1380559763784943
1380559763785204
1380559763798358
1380559763798362
1380559763798910
1380559763798966
1380559763799214
1380559763799289
1380559763800048
1380559763806268
1380559763806647
1380559763806861
1380559763807084
1380559763807217
1380559763813441
1380559763813450
1380559763813457
1380559763813497
1380559763813502
1380559763813842
1380559763814359
1380559763814400
1380559763814500
1380559763814540
1380559763814579
1380559763820341
1380559763820772
1380559763821062
1380559763821305
1380559763821532
1380559763821789
1380559763822010
1380559763822243
1380559763822542
1380559763822755
1380559763823009
1380559763823091
1380559763823408
1380559763823731
1380559763823979
1380559763824204
1380559763824371
1380559763824684
1380559763824892
1380559763825207
1380559763825547
1380559763825793
1380559763826057
1380559763826324
1380559763826655
1380559763826941
1380559763827200
1380559763827357
1380559763827592
1380559763827852
1380559763828134
1380559763828454
1380559763828680
1380559763828993
1380559763829191
1380559763829475
1380559763829995
1380559763830450
1380559763830718
1380559763831082
1380559763831414
1380559763831781
1380559763831882
1380559763832019
1380559763832363
1380559763832561
1380559763836259
1380559763836662
1380559763836768
1380559763837051
1380559763837612
1380559763837825
1380559763838064
1380559763838303
1380559763841915
1380559763842084
1380559763842200
1380559763842564
1380559763842733
1380559763842898
1380559763843049
1380559763843134
1380559763843391
1380559763843504
1380559763843699
1380559763843914
1380559763844110
1380559763844373
1380559763844541
1380559763844696
1380559763844891
1380559763845057
1380559763845160
1380559763845657
1380559763845768
1380559763845967
1380559763846198
1380559763846300
1380559763846386
1380559763846510
1380559763846878
1380559763847207
1380559763847373
1380559763847474
1380559763847829
1380559763848015
1380559763848184
1380559763848495
1380559763848707
1380559763848920
1380559763849070
1380559763849274
1380559763849430
1380559763849705
1380559763849888
1380559763850054
1380559763850272
1380559763850440
1380559763850573
1380559763851009
1380559763851403
1380559763851538
1380559763851710
1380559763851884
1380559763851981
1380559763852305
1380559763852579
1380559763852693
1380559763852895
1380559763853074
1380559763853327
1380559763853511
1380559763853691
1380559763853803
1380559763853907
1380559763854176
1380559763854358
1380559763854460
1380559763854669
1380559763854754
1380559763855053
1380559763855251
1380559763855451
1380559763855699
1380559763855946
1380559763856185
1380559763856389
1380559763856542
1380559763856818
1380559763857180
1380559763857470
1380559763857746
1380559763858033
1380559763858352
1380559763858504
1380559763858821
1380559763859182
1380559763859246
1380559763859553
1380559763859837
1380559763860070
1380559763860221
1380559763860285
1380559763865644
1380559763865891
1380559763866093
1380559763866280
1380559763866392
1380559763870598
1380559763871866
1380559763872042
1380559763872224
1380559763872354
1380559763872466
1380559763873804
1380559763877448
1380559763877587
1380559763877881
1380559763877963
1380559763882823
1380559763883184
1380559763883417
1380559763883550
1380559763887770
1380559763918484
1380559763921438
1380559763923601
1380559763923912
1380559763924520
1380559763928607
1380559763929290
1380559763938896
1380559763942036
1380559763943645
1380559763948445
1380559763948718
1380559763948997
1380559763949192
1380559763949370
1380559763949511
1380559763949662
1380559763955702
1380559763960661
1380559763960897
1380559763961051
1380559763962081
1380559763966690
1380559763972855
1380559763977810
1380559763977997
1380559763978206
1380559763978324
1380559763982820
1380559763988301
1380559763988489
1380559763988685
1380559763988810
1380559764008338
1380559764012279
1380559764012763
1380559764014713
1380559764016996
1380559764021203
1380559764026090
1380559764030987
1380559764031310
1380559764032765
1380559764032937
1380559764033109
1380559764035658
1380559764037249
1380559764037433
1380559764037627
1380559764037735
1380559764039647
1380559764040661
1380559764041848
1380559764044224
1380559764051355
1380559764051468
1380559764052458
1380559764055379
1380559764055569
1380559764056761
1380559764059786
1380559764059943
1380559764060086
1380559764063805
1380559764064001
1380559764064146
1380559764065379
1380559764065566
1380559764065673
1380559764065834
1380559764066039
1380559764066074
1380559764069411
1380559764069579
1380559764070846
1380559764070972
1380559764090018
1380559764090735
1380559764093331
1380559764098460
1380559764098631
1380559764098844
1380559764108168
1380559764108384
1380559764109356
1380559764109411
1380559764111763
1380559764112493
1380559764112579
1380559764112839
1380559764113681
1380559764113859
1380559764114468
1380559764116563
1380559764116981
1380559764117174
1380559764117318
1380559764118309
1380559764118511
1380559764118587
1380559764118769
1380559764118880
1380559764121578
1380559764246470
1380559764271114
1380559764271179
1380559764271471
1380559764283662
1380559764283917
1380559764308745
1380559764308833
1380559764308949
1380559764321343
1380559764321482
1380559764321578
1380559764814635
1380559764919443
1380559764919734
1380559765017176
1380559765049585
1380559765073567
1380559765073886
1380559765092838
1380559765192612
1380559765193755
1380559765298927
1380559765299331
1380559765299912
1380559765337298
