1379833536648198
1379833536693102
1379833536758638
1379833536789257
1379833536794772
1379833536794852
1379833536795166
1379833536798944
1379833536799067
1379833536799304
1379833536799411
1379833536799732
1379833536799816
1379833536800088
1379833536800194
1379833536800415
1379833536800487
1379833536801035
1379833536801142
1379833536803521
1379833536803808
1379833536804037
1379833536804180
1379833536804342
1379833536804622
1379833536805229
1379833536806460
1379833536806579
1379833536806799
1379833536806878
1379833536807086
1379833536858861
1379833536859170
1379833536894196
1379833536894485
1379833536895276
1379833536895533
1379833537135859
1379833537573996
1379833539009281
1379833539009996
1379833539017407
1379833539017699
1379833539017810
1379833539017903
1379833539018257
1379833539018327
1379833539018712
1379833539018809
1379833539019090
1379833539019189
1379833539019531
1379833539019630
1379833539019732
1379833539020105
1379833539020188
1379833539020663
1379833539020946
1379833539021166
1379833539024692
1379833539024793
1379833539025060
1379833539025158
1379833539025493
1379833539025688
1379833539025804
1379833539026030
1379833539026306
1379833539026402
1379833539026680
1379833539026775
1379833539027082
1379833539027267
1379833539027533
1379833539027720
1379833539028000
1379833539028197
1379833539028358
1379833539030258
1379833539030395
1379833539030603
1379833539030920
1379833539031089
1379833539031334
1379833539031454
1379833539031646
1379833539032051
1379833539032219
1379833539032374
1379833539032596
1379833539032804
1379833539032963
1379833539033308
1379833539033545
1379833539033775
1379833539033977
1379833539034238
1379833539034561
1379833539034795
1379833539035087
1379833539035443
1379833539035713
1379833539035803
1379833539035978
1379833539036230
1379833539036567
1379833539036673
1379833539037138
1379833539037303
1379833539037505
1379833539037657
1379833539037830
1379833539038767
1379833539038963
1379833539039141
1379833539039210
1379833539046882
1379833539047333
1379833539081348
1379833539936209
1379833539940006
1379833539960262
1379833540004184
1379833540006103
1379833540006489
1379833540006597
1379833540006923
1379833540007260
1379833540007336
1379833540007602
1379833540008061
1379833540008169
1379833540008377
1379833540050258
1379833540050374
1379833540050477
1379833540050935
1379833540057369
1379833540097629
1379833540128672
1379833540163621
1379833540199995
1379833540200386
1379833540200982
1379833540238886
1379833540240787
