1379864401463988
1379864401469506
1379864401469616
1379864401470123
1379864401473617
1379864401473740
1379864401473971
1379864401474093
1379864401582777
1379864401588584
1379864401645293
1379864401651342
1379864401651429
1379864401833976
1379864401839687
1379864401839846
1379864402532808
1379864402644624
1379864402644729
1379864402743573
1379864402776836
1379864402803231
1379864402803291
1379864402822712
1379864402923369
1379864402924407
1379864403032272
1379864403032697
1379864403033371
1379864403071157
1379864403073183
