1377985878392993
1377985878412630
1377985878413665
1377985878435449
1377985878435631
1377985878435774
1377985878450944
1377985878468248
1377985878468713
1377985878507001
1377985878547816
1377985878558892
1377985878559308
1377985878576080
1377985878576553
1377985878576669
1377985878665835
1377985878685763
1377985878689668
1377985878725198
1377985878729688
1377985878729763
1377985878729943
1377985878745072
1377985878745176
1377985878745308
1377985878745444
1377985878745552
1377985878745789
1377985878746888
1377985878747146
1377985878747309
1377985878747435
1377985878747567
1377985878747707
1377985878749679
1377985878749837
1377985878776398
1377985878794342
1377985878795842
1377985878814191
1377985878814249
1377985878833666
1377985878833719
1377985878833851
1377985878834002
1377985878871558
1377985878872475
1377985878891950
1377985878892741
1377985878912349
1377985878913099
1377985878932863
1377985878933695
1377985878953733
1377985878954543
1377985878973847
1377985878975001
1377985878992074
1377985879054705
1377985879072722
1377985879073629
1377985879096943
1377985879190795
1377985879229085
1377985879229144
1377985879252299
1377985879299370
1377985879302169
1377985879317858
1377985879317903
1377985879322216
1377985879322240
1377985879322462
1377985879322605
1377985879324424
1377985879324686
1377985879324810
1377985879324977
1377985879325302
1377985879325430
1377985879325804
1377985879325944
1377985879326095
1377985879326181
1377985879326642
1377985879326776
1377985879326869
1377985879326978
1377985879327081
1377985879328807
1377985879328980
1377985879329106
1377985879337286
1377985879337537
1377985879337669
1377985879337791
1377985879337901
1377985879338083
1377985879342009
1377985879342121
1377985879342264
1377985879342373
1377985879342524
1377985879343645
1377985879344014
1377985879344141
1377985879344192
1377985879344440
1377985879347619
1377985879347913
1377985879367308
1377985879367362
1377985879405749
1377985879424795
1377985879448477
1377985879448504
1377985879467688
1377985879507567
1377985879528089
1377985879548524
1377985879548549
1377985879585552
1377985879585596
1377985879585629
1377985879585921
1377985879586003
1377985879586131
1377985879586237
1377985879586373
1377985879586783
1377985879595825
1377985879606845
1377985879607556
1377985879607874
1377985879608003
1377985879624726
1377985879624846
1377985879637536
1377985879640257
1377985879640458
1377985879643132
1377985879659371
1377985879661197
1377985879661219
1377985879661484
1377985879661633
1377985879661670
1377985879661780
1377985879662037
1377985879662166
1377985879662276
1377985879662600
1377985879662779
1377985879662912
1377985879674021
1377985879674257
1377985879674362
1377985879674488
1377985879674592
1377985879674739
1377985879674845
1377985879675196
1377985879678070
1377985879679677
1377985879680537
1377985879688115
1377985879688319
1377985879698552
1377985879700167
1377985879700279
1377985879700383
1377985879701478
1377985879701612
1377985879701774
1377985879701919
1377985879702022
1377985879702500
1377985879707144
1377985879708806
1377985879709089
1377985879709240
1377985879709403
1377985879709655
1377985879709773
1377985879710006
1377985879710155
1377985879710271
1377985879727389
1377985879733776
1377985879751937
1377985879791701
1377985879796882
1377985879797084
1377985879806025
1377985879806239
1377985879812208
1377985879812352
1377985879812556
1377985879813565
1377985879817990
1377985879818136
1377985879818182
1377985879818271
1377985879818460
1377985879818596
1377985879819896
1377985879820076
1377985879820231
1377985879820750
1377985879827835
1377985879827887
1377985879828171
1377985879828333
1377985879828398
1377985879828508
1377985879828618
1377985879828853
1377985879828966
1377985879829121
1377985879829333
1377985879830831
1377985879834004
1377985879834044
1377985879834141
1377985879834388
1377985879834523
1377985879835373
1377985879841637
1377985879841753
1377985879841979
1377985879842084
1377985879843014
1377985879848981
1377985879849141
1377985879855236
1377985879855391
1377985879855733
1377985879855890
1377985879855989
1377985879856123
1377985879895560
1377985879915218
1377985879937682
1377985967691052
1377985967691109
1377985967708702
1377985967715452
1377985967716569
1377985967717034
1377985967717144
1377985967717345
1377985967727527
1377985967727678
1377985967728898
1377985967729001
1377985967729592
