1379914769350343
1379914769481199
1379914769481256
1379914769609040
1379914769609120
1379914769609182
1379914769609467
1379914769648334
1379914769775433
1379914769775582
1379914769777053
1379914769899258
1379914769899436
1379914769899508
1379914769936207
1379914769936454
1379914770061741
1379914770100947
1379914770228915
1379914770268676
1379914770268921
1379914770393403
1379914770397313
1379914770398251
1379914770398447
1379914770436349
1379914770460486
1379914770500158
1379914770517593
1379914770517714
1379914770525699
1379914770526089
1379914770526175
1379914770526320
1379914770562818
1379914770686685
1379914770687752
1379914770728708
1379914770856697
1379914770857093
1379914770857755
1379914770857811
1379914770982146
1379914770984234
1379914770984499
1379914771106535
1379914771106815
1379914771108247
1379914771232475
1379914771272288
1379914771282119
1379914771318001
1379914771357498
1379914771357728
1379914771357798
1379914771392029
1379914771428721
1379914771443695
1379914771567851
1379914771568777
1379914771608333
1379914771735782
1379914771736772
1379914771737010
1379914771864976
1379914771865729
1379914771908371
1379914772039138
1379914772039450
1379914772039793
1379914772040201
1379914772169533
1379914772169763
1379914772170032
1379914772171029
1379914772171135
1379914772171157
1379914772171641
1379914772297930
1379914772300161
1379914772300321
1379914772300380
1379914772302458
1379914772302485
1379914772302663
1379914772302981
1379914772303367
1379914772423995
1379914772425465
1379914772425820
1379914772430101
1379914772430253
1379914772431177
1379914772431905
1379914772431988
1379914772433275
1379914772433471
1379914772433559
1379914772433865
1379914772433934
1379914772434344
1379914772434402
1379914772434564
1379914772434650
1379914772435245
1379914772471976
1379914772553409
1379914772560513
1379914772560684
1379914772560756
1379914772560837
1379914772560838
1379914772561495
1379914772561839
1379914772561890
1379914772562185
1379914772562521
1379914772562713
1379914772563621
1379914772563690
1379914772687110
1379914772687367
1379914772693300
1379914772755559
1379914772779356
1379914772817753
1379914772824647
1379914772825087
1379914772913434
1379914772933699
1379914772971861
1379914773047732
1379914773088165
1379914773166949
1379914773167012
1379914773169812
1379914773241463
1379914773293122
1379914773293728
1379914773294602
1379914773294977
1379914773459469
1379914773459510
1379914773585926
1379914773586227
1379914773592402
1379914773592479
1379914773836004
1379914773836098
1379914773836129
1379914773960586
1379914773960731
1379914773961662
1379914773961678
1379914773961998
1379914774000275
1379914774086053
1379914774086626
1379914774087996
1379914774215032
1379914774252162
1379914774254552
1379914774254614
1379914774380424
1379914774384219
1379914774384564
1379914774504977
1379914774505580
1379914774508456
1379914774632611
1379914774633519
1379914774672327
1379914774798066
1379914774799125
1379914774799349
1379914774923652
1379914774927077
1379914774927131
1379914775049439
1379914775049743
1379914775055185
1379914775186078
1379914775186658
1379914775224315
1379914775348881
1379914775392171
1379914775392452
1379914775520480
1379914775561369
1379914775561603
1379914775691570
1379914775692964
1379914775693264
1379914775819044
1379914775819426
1379914775820095
1379914775820490
1379914775944889
1379914775945758
1379914775949016
1379914775949486
1379914775949702
1379914775949765
1379914775950038
1379914776077960
1379914776078881
1379914776116316
1379914776243966
1379914776245047
1379914776288191
1379914776369617
1379914776372876
1379914776373904
1379914776373984
1379914776493672
1379914776494541
1379914776494713
1379914776503117
1379914776633354
1379914776634468
1379914776667152
1379914776793145
1379914776794041
1379914776794244
1379914776918460
1379914776920586
1379914776920625
1379914777042809
1379914777042967
1379914777044647
1379914777169388
1379914777212118
1379914777212338
1379914777336963
1379914777376163
1379914777376393
1379914777502309
1379914777503721
1379914777504219
1379914777626527
1379914777627413
1379914777628066
1379914777752978
1379914777792143
1379914777793559
1379914777921624
1379914777922164
1379914778050025
1379914778088114
1379914778088419
1379914778215940
1379914778221270
1379914778222048
1379914778222112
1379914778342305
1379914778343218
1379914778343366
1379914778345521
1379914778469629
1379914778470371
1379914778512305
1379914778638350
1379914778638876
1379914778639438
1379914778765548
1379914778766645
1379914778892011
1379914778895594
1379914778896503
1379914779016316
1379914779017163
1379914779024213
1379914779155750
1379914779192113
1379914779192421
1379914779316662
1379914779360181
1379914779360426
1379914779484752
1379914779524155
1379914779609390
1379914779609505
1379914779617323
1379914779750524
1379914779792130
1379914779792359
1379914779920552
1379914779964136
1379914779964405
1379914780094334
1379914780136194
1379914780136462
1379914780265315
1379914780268306
1379914780268365
1379914780392964
1379914780393167
1379914780393509
1379914780518148
1379914780558067
1379914780564183
1379914780696079
1379914780696921
1379914780697146
