1379818490723992
1379818490749408
1379818490817635
1379818490842799
1379818490842868
1379818490895215
1379818490929327
1379818491023189
1379818491108767
1379818491112372
1379818491148376
1379818491171627
1379818491172554
1379818491198742
1379818491238651
1379818491266200
1379818491287102
1379818491287344
1379818491287422
1379818491291174
1379818491320210
1379818491339864
1379818491359308
1379818491360052
1379818491383333
1379818491422636
1379818491496548
1379818491507651
1379818491518204
1379818491518582
1379818491554761
1379818491559925
1379818491591367
1379818491591436
1379818491591823
1379818491670091
1379818491682623
1379818491788654
1379818491890584
1379818491890917
1379818491991493
1379818492058154
1379818492086092
1379818492086175
1379818492090809
1379818492191610
1379818492192448
1379818492296972
1379818492297345
1379818492297962
1379818492338520
