1380268736181616
1380268736358990
1380268736359087
1380268736359174
1380268736359600
1380268736363355
1380268736363513
1380268736363659
1380268736363840
1380268736773692
1380268736779629
1380268736779702
1380268736780022
1380268736780231
1380268736780328
1380268736780527
1380268736780826
1380268736780991
1380268736781110
1380268736781720
1380268736785197
1380268736785349
1380268736785444
1380268736785914
1380268736786121
1380268736786513
1380268736786607
1380268736786814
1380268736787048
1380268736787155
1380268736787967
1380268736788583
1380268736789855
1380268736796435
1380268736802828
1380268736802937
1380268736803048
1380268736807293
1380268736807393
1380268736807469
1380268736807590
1380268736807829
1380268736808034
1380268736808092
1380268736808282
1380268736808536
1380268736809711
1380268736812230
1380268736812796
1380268736813156
1380268736813265
1380268736814670
1380268736814978
1380268736815037
1380268736815138
1380268736815409
1380268736815539
1380268736815705
1380268736815903
1380268736815988
1380268736825776
1380268736825915
1380268736826224
1380268736827167
1380268736827664
1380268736828184
1380268736828704
1380268736829193
1380268736829637
1380268736830025
1380268736830333
1380268736843267
1380268736843516
1380268736843761
1380268736868032
1380268736868163
1380268736895499
1380268736895771
1380268737042598
1380268737051366
1380268737051555
1380268737051714
1380268737055780
1380268737056027
1380268737056169
1380268737056272
1380268737056431
1380268737060553
1380268737060676
1380268737060888
1380268737061073
1380268737061316
1380268737061457
1380268737061542
1380268737065208
1380268737093052
1380268737093258
1380268737115702
1380268737116030
1380268737117028
1380268737117128
1380268737117317
1380268737120653
1380268737120896
1380268737309023
1380268737369036
1380268738397746
1380268738397830
1380268738397908
1380268738397979
1380268738398057
1380268738398139
1380268738404690
1380268738407495
1380268738407597
1380268738407877
1380268738407939
1380268738411694
1380268738411966
1380268738412232
1380268738412294
1380268738412563
1380268738412663
1380268738412871
1380268738413408
1380268738413508
1380268738413576
1380268738413807
1380268738414245
1380268738414366
1380268738414538
1380268738414646
1380268738414834
1380268738415254
1380268738415642
1380268738415760
1380268738416884
1380268738417454
1380268738417670
1380268738417869
1380268738418125
1380268738418185
1380268738418290
1380268738418887
1380268738419173
1380268738419632
1380268738420291
1380268738420312
1380268738420522
1380268738420767
1380268738421113
1380268738421233
1380268738421316
1380268738421565
1380268738421710
1380268738422105
1380268738422174
1380268738423322
1380268738423526
1380268738423607
1380268738424412
1380268738424624
1380268738424748
1380268738425036
1380268738425263
1380268738425503
1380268738425776
1380268738426101
1380268738426275
1380268738426363
1380268738427592
1380268738427669
1380268738428175
1380268738428304
1380268738428348
1380268738428452
1380268738428530
1380268738429010
1380268738429161
1380268738429381
1380268738429645
1380268738429886
1380268738429948
1380268738430212
1380268738430311
1380268738431509
1380268738431894
1380268738432100
1380268738432324
1380268738432492
1380268738432932
1380268738433393
1380268738433823
1380268738434614
1380268738435280
1380268738435704
1380268738436179
1380268738436497
1380268738436802
1380268738436989
1380268738437207
1380268738437900
1380268738438138
1380268738438228
1380268738438660
1380268738438944
1380268738439181
1380268738439437
1380268738439591
1380268738439840
1380268738440098
1380268738440261
1380268738440363
1380268738440577
1380268738440689
1380268738441584
1380268738441692
1380268738441863
1380268738442040
1380268738442189
1380268738442452
1380268738442633
1380268738442873
1380268738443070
1380268738443230
1380268738443491
1380268738443735
1380268738443844
1380268738448766
1380268738449050
1380268738449284
1380268738449504
1380268738449653
1380268738457525
1380268738457883
1380268738458109
1380268738458331
1380268738459594
1380268738460097
1380268738473075
1380268738473194
1380268738478181
1380268738481058
1380268738504020
1380268738504109
1380268738504318
1380268738504409
1380268738505087
1380268738505297
1380268738505449
1380268738505639
1380268738505829
1380268738521666
1380268738653024
1380268738653048
1380268738653060
1380268738655517
1380268738666469
1380268738712497
1380268738733046
1380268738777043
1380268738795107
1380268738799328
1380268738799432
1380268738799648
1380268738803851
1380268738803931
1380268738804149
1380268738808100
1380268738808300
1380268738808446
1380268739045022
1380268739599003
1380268739599017
1380268739599300
1380268739599370
1380268739605958
1380268739610272
1380268739616025
1380268739616238
1380268739620467
1380268739626568
1380268739626653
1380268739626899
1380268739626972
1380268739630900
1380268739631088
1380268739631330
1380268739631466
1380268739631729
1380268739631810
1380268739631990
1380268739632264
1380268739632426
1380268739632570
1380268739632627
1380268739716545
1380268739758569
1380268739764401
1380268739764460
1380268739801444
1380268739814900
1380268739827567
1380268739849029
1380268739849054
1380268739859003
1380268739859305
1380268739862031
1380268739862289
1380268739862387
1380268739862607
1380268739871958
1380268739872305
1380268739883583
1380268739896212
1380268739896278
1380268739902118
1380268739920630
1380268739999907
1380268739999924
1380268739999939
1380268739999999
1380268740000018
1380268740000036
1380268740000071
1380268740000176
1380268740000198
1380268740003821
1380268740003833
1380268740003850
1380268740003909
1380268740003928
1380268740003947
1380268740003972
1380268740003994
1380268740004015
1380268740004163
1380268740005576
1380268740005752
1380268740005943
1380268740006152
1380268740006163
1380268740006179
1380268740006238
1380268740006256
1380268740006273
1380268740006296
1380268740006315
1380268740006334
1380268740006477
1380268740015163
1380268740015213
1380268740015236
1380268740015375
1380268740015981
1380268740016292
1380268740016524
1380268740016700
1380268740016790
1380268740017089
1380268740017171
1380268740017395
1380268740019908
1380268740021180
1380268740021423
1380268740022868
1380268740022966
1380268740023343
1380268740023801
1380268740023867
1380268740024108
1380268740024303
1380268740024393
1380268740024594
1380268740049277
1380268740049421
1380268740049686
1380268740049758
1380268740054032
1380268740054197
1380268740054335
1380268740054415
1380268740054727
1380268740058855
1380268740058981
1380268740059066
1380268740059175
1380268740059284
1380268740063713
1380268740063795
1380268740063961
1380268740102589
1380268740102689
1380268740108226
1380268740108540
1380268740109886
1380268740110142
1380268740110249
1380268740114572
1380268740114704
1380268740114777
1380268740115063
1380268740115260
1380268740115619
1380268740116069
1380268740116272
1380268740117223
1380268740149103
1380268740149139
1380268740161731
1380268740161903
1380268740161982
1380268740167838
1380268740167973
1380268740168094
1380268740168212
1380268740168567
1380268740174010
1380268740174418
1380268740174538
1380268740174608
1380268740175051
1380268740175137
1380268740175456
1380268740175735
1380268740175838
1380268740175891
1380268740176464
1380268740176569
1380268740176670
1380268740176744
1380268740177204
1380268740177558
1380268740180741
1380268740180982
1380268740181090
1380268740181419
1380268740181500
1380268740181648
1380268740190108
1380268740190545
1380268740190676
1380268740191112
1380268740191193
1380268740191558
1380268740191919
1380268740192077
1380268740192375
1380268740192627
1380268740192775
1380268740192917
1380268740200066
1380268740205920
1380268740206292
1380268740207627
1380268740207852
1380268740208266
1380268740208766
1380268740209333
1380268740209827
1380268740210075
1380268740210568
1380268740210697
1380268740211071
1380268740211360
1380268740211556
1380268740211693
1380268740214201
1380268740214816
1380268740215176
1380268740215425
1380268740215755
1380268740216026
1380268740224409
1380268740224488
1380268740224623
1380268740224777
1380268740225090
1380268740226302
1380268740226832
1380268740227167
1380268740227530
1380268740227678
1380268740233762
1380268740234129
1380268740234506
1380268740234945
1380268740235373
1380268740235784
1380268740236146
1380268740236404
1380268740236478
1380268740236673
1380268740236946
1380268740237264
1380268740237507
1380268740237593
1380268740237613
1380268740237741
1380268740237894
1380268740245551
1380268740245763
1380268740245868
1380268740246072
1380268740246252
1380268740246364
1380268740246727
1380268740246911
1380268740247157
1380268740247445
1380268740247621
1380268740247832
1380268740248016
1380268740251044
1380268740251183
1380268740252682
1380268740253123
1380268740253252
1380268740253562
1380268740253737
1380268740253841
1380268740254012
1380268740254317
1380268740254409
1380268740254963
1380268740255122
1380268740255384
1380268740255569
1380268740260154
1380268740260588
1380268740260782
1380268740260946
1380268740261156
1380268740261719
1380268740261992
1380268740262171
1380268740262413
1380268740262589
1380268740264342
1380268740264659
1380268740264824
1380268740264960
1380268740272354
1380268740272840
1380268740273347
1380268740273550
1380268740273958
1380268740274154
1380268740274467
1380268740274637
1380268740274984
1380268740275257
1380268740275662
1380268740276008
1380268740279019
1380268740279301
1380268740279644
1380268740280015
1380268740280263
1380268740280680
1380268740280849
1380268740281261
1380268740281553
1380268740281906
1380268740282343
1380268740282487
1380268740283990
1380268740284271
1380268740284539
1380268740284839
1380268740285211
1380268740285696
1380268740285879
1380268740286266
1380268740286539
1380268740286983
1380268740287263
1380268740287530
1380268740287874
1380268740288093
1380268740288405
1380268740288643
1380268740288982
1380268740289320
1380268740289852
1380268740289937
1380268740290811
1380268740290960
1380268740291209
1380268740291312
1380268740291498
1380268740292947
1380268740325102
1380268740325178
1380268740325227
1380268740365049
1380268740365368
1380268740405080
1380268740665028
1380268740681316
1380268740709513
1380268740709592
1380268740823693
1380268740829067
1380268740889454
1380268740993574
1380268741155667
1380268741253799
1380268741254324
1380268741258601
1380268741260868
