1380568046595244
1380568046758007
1380568046758347
1380568046857715
1380568046857787
1380568046858125
1380568046956797
1380568046956907
1380568046957233
1380568046957306
1380568046957509
1380568046957702
1380568046957799
1380568046958298
1380568046958573
1380568046958825
1380568046958901
1380568047055811
1380568050011166
1380568050116050
1380568050116615
1380568050117874
1380568050216087
1380568050217603
1380568050257322
1380568050318617
1380568050318686
1380568050320113
1380568050417148
1380568050417373
1380568050426657
1380568050465565
1380568050566367
1380568050566524
1380568050566685
1380568050605525
1380568050611450
1380568050618457
1380568050618655
1380568050657523
1380568050657601
1380568050657665
1380568050664265
1380568050665900
1380568050666077
1380568050666191
1380568050712527
1380568050749362
1380568050749717
1380568050763335
1380568050763426
1380568050763519
1380568050765067
1380568050840474
1380568050867044
1380568050867664
1380568050867753
1380568050867837
1380568050867895
1380568050867970
1380568050868279
1380568050868639
1380568050868784
1380568050969162
1380568050969436
1380568050969854
1380568050969965
1380568050970063
1380568050973832
1380568050973877
1380568050973930
1380568050974267
1380568050974346
1380568050974585
1380568050974835
1380568050974977
1380568050975201
1380568050975786
1380568050975989
1380568051068937
1380568051119418
1380568051119874
1380568051119987
1380568051120292
1380568051120529
1380568051120745
1380568051225039
1380568051225197
1380568051334275
1380568051334609
1380568051334717
1380568051334817
1380568051334895
1380568051335274
1380568051335516
1380568051335627
1380568051335703
1380568051335938
1380568051336170
1380568051336280
1380568051336517
1380568051336921
1380568051337084
1380568051337176
1380568051377448
1380568051377696
1380568051387040
1380568051387286
1380568051388958
1380568051389199
1380568051391073
1380568051402245
1380568051402445
1380568051402693
1380568051402769
1380568051440485
1380568051440857
1380568051441033
1380568051441121
1380568051444527
1380568051444668
1380568051445007
1380568051478163
1380568051478318
1380568051478531
1380568051478607
1380568051489168
1380568051489327
1380568051494212
1380568051494607
1380568051494714
1380568051494812
1380568051494890
1380568051495263
1380568051495546
1380568051495664
1380568051495910
1380568051496151
1380568051496281
1380568051496388
1380568051507980
1380568051508346
1380568051508409
1380568051508447
1380568051508610
1380568051580606
1380568051582111
1380568051582199
1380568051582516
1380568051582589
1380568051582837
1380568051582967
1380568051583190
1380568051585816
1380568051586230
1380568051586510
1380568051586738
1380568051586959
1380568051587189
1380568051587492
1380568051587606
1380568051591679
1380568051592572
1380568051601231
1380568051601530
1380568051613883
1380568051682148
1380568051682534
1380568051682760
1380568051682871
1380568051721297
1380568051721533
1380568051749904
1380568051750158
1380568051795741
1380568051799354
1380568051803639
1380568051805846
1380568051808444
1380568051821034
1380568051902097
1380568051902409
1380568051908115
1380568051908315
1380568051913348
1380568051913423
1380568051913518
1380568051913637
1380568051913752
1380568051913930
1380568051914196
1380568051914276
1380568051914369
1380568051914638
1380568051914749
1380568051915068
1380568051915193
1380568051915260
1380568051915356
1380568051915835
1380568051915967
1380568051916074
1380568051916371
1380568051916526
1380568051916650
1380568051941885
1380568051946022
1380568051946110
1380568051946345
1380568051950545
1380568051951055
1380568051951140
1380568051951421
1380568051951523
1380568051951954
1380568051952107
1380568051952336
1380568051989485
1380568052008539
1380568052008643
1380568052008750
1380568052008816
1380568052009121
1380568052009201
1380568052020066
1380568052022428
1380568052055469
1380568052055496
1380568052055569
1380568052056072
1380568052056143
1380568052109731
1380568052109848
1380568052115424
1380568052136401
1380568052155347
1380568052241940
1380568052242439
1380568052273253
1380568052520900
1380568052523173
