1380066370520840
1380066370861463
1380066370861735
1380066370862054
1380066370867065
1380066370867182
1380066370867240
1380066370867335
1380066370867711
1380066370867790
1380066370868502
1380066370868582
1380066370871523
1380066370871637
1380066370871939
1380066370872017
1380066370872081
1380066370874435
1380066370874498
1380066370913338
1380066370976054
1380066370976156
1380066371178855
1380066371184277
1380066371184523
1380066371184707
1380066371184785
1380066371185056
1380066371185161
1380066371185478
1380066371185585
1380066371185827
1380066371185906
1380066371186336
1380066371186502
1380066371189181
1380066371189291
1380066371189401
1380066371189472
1380066371189820
1380066371189936
1380066371191954
1380066371192031
1380066371204891
1380066371209519
1380066371283986
1380066371289494
1380066371289569
1380066371293356
1380066371295746
1380066371296036
1380066371301530
1380066371301603
1380066371301912
1380066371305724
1380066371305811
1380066371306068
1380066371349568
1380066371349744
1380066371349911
1380066371355902
1380066371355966
1380066371356053
1380066371356411
1380066371356480
1380066371358035
1380066371358128
1380066371358208
1380066371360820
1380066371368716
1380066371368789
1380066371405561
1380066371405648
1380066371405696
1380066371405742
1380066371405786
1380066371405855
1380066371412280
1380066371412412
1380066371412527
1380066371412948
1380066371413084
1380066371413192
1380066371413421
1380066371413680
1380066371414798
1380066371414822
1380066371414913
1380066371415019
1380066371415061
1380066371415149
1380066371415584
1380066371415736
1380066371418985
1380066371419427
1380066371424363
1380066371503062
1380066371516712
1380066371516789
1380066371540623
1380066371545512
1380066371585348
1380066371585392
1380066371665833
1380066371665915
1380066371665973
1380066371666035
1380066371671721
1380066371671849
1380066371672322
1380066371672617
1380066371672707
1380066371672962
1380066371673290
1380066371673539
1380066371673634
1380066371673982
1380066371674039
1380066371674602
1380066371674679
1380066371674975
1380066371675193
1380066371675497
1380066371675565
1380066371675667
1380066371676006
1380066371676114
1380066371676194
1380066371676781
1380066371676821
1380066371676947
1380066371677070
1380066371677149
1380066371677816
1380066371682078
1380066371682359
1380066371682761
1380066371683241
1380066371683687
1380066371684039
1380066371684539
1380066371684964
1380066371685200
1380066371685693
1380066371685930
1380066371686461
1380066371686793
1380066371687055
1380066371689283
1380066371689528
1380066371689788
1380066371689948
1380066371690185
1380066371690344
1380066371690537
1380066371690914
1380066371691166
1380066371691560
1380066371691974
1380066371692254
1380066371692656
1380066371692928
1380066371693289
1380066371697929
1380066371698299
1380066371698795
1380066371699356
1380066371699799
1380066371700467
1380066371701147
1380066371701705
1380066371702088
1380066371702227
1380066371702308
1380066371702365
1380066371744081
1380066371945253
1380066371950869
1380066371951016
1380066371951116
1380066372069856
1380066372074981
1380066372264275
1380066372301539
1380066372335863
1380066372464469
1380066372548220
1380066372837436
1380066372861556
1380066373032133
1380066373070643
1380066373071732
1380066373107760
1380066373108135
1380066373111189
1380066373150094
1380066373152146
