1380013066854282
1380013066869218
1380013066869293
1380013066869556
1380013066880762
1380013066880983
1380013066981909
1380013066995882
1380013066996344
1380013066996416
1380013066996637
1380013066996696
1380013066997007
1380013067038826
1380013067039324
1380013067050779
1380013067061862
1380013067064790
1380013067065238
1380013067065381
1380013067065515
1380013067065639
1380013067065766
1380013067065860
1380013067076045
1380013067076180
1380013067076396
1380013067076663
1380013067086850
1380013067087223
1380013067087281
1380013067087510
1380013067087975
1380013067088115
1380013067088811
1380013067089446
1380013067098049
1380013067135297
1380013067135561
1380013067147355
1380013067148048
1380013067148426
1380013067159769
1380013067159870
1380013067160081
1380013067160429
1380013067172067
1380013067172469
1380013067172726
1380013067183677
1380013067184828
1380013067184898
1380013067184940
1380013067185208
1380013067185248
1380013067197273
1380013067198167
1380013067198546
1380013067198652
1380013067198786
1380013067198931
1380013067199030
1380013067199271
1380013067199438
1380013067199452
1380013067199680
1380013067200145
1380013067200252
1380013067200423
1380013067200437
1380013067200500
1380013067200706
1380013067201540
1380013067201571
1380013067201699
1380013067201949
1380013067202075
1380013067202211
1380013067210510
1380013067250772
1380013067341199
1380013067341300
1380013067341358
1380013067341420
1380013067341464
1380013067341509
1380013067341554
1380013067353341
1380013067354501
1380013067354513
1380013067354538
1380013067354596
1380013067355207
1380013067355274
1380013067355677
1380013067355834
1380013067355861
1380013067355886
1380013067355967
1380013067355987
1380013067356429
1380013067356442
1380013067357192
1380013067357255
1380013067357347
1380013067357606
1380013067357666
1380013067357758
1380013067358023
1380013067358099
1380013067358264
1380013067368320
1380013067368637
1380013067369847
1380013067370020
1380013067370276
1380013067370336
1380013067407813
1380013067407880
1380013067407927
1380013067407966
1380013067408006
1380013067408046
1380013067408086
1380013067420083
1380013067421274
1380013067421288
1380013067421361
1380013067421385
1380013067421466
1380013067421541
1380013067421558
1380013067422172
1380013067422225
1380013067422265
1380013067422305
1380013067422634
1380013067422655
1380013067422995
1380013067423051
1380013067434094
1380013067435393
1380013067435420
1380013067435437
1380013067435531
1380013067435864
1380013067435913
1380013067436308
1380013067436388
1380013067436738
1380013067436811
1380013067437145
1380013067437161
1380013067437176
1380013067437189
1380013067437421
1380013067437751
1380013067437775
1380013067437849
1380013067438241
1380013067438318
1380013067438359
1380013067438463
1380013067438524
1380013067438648
1380013067439308
1380013067439387
1380013067447121
1380013067448944
1380013067449215
1380013067449310
1380013067449604
1380013067449664
1380013067449761
1380013067449996
1380013067450061
1380013067451058
1380013067451134
1380013067451344
1380013067451444
1380013067451618
1380013067451641
1380013067451810
1380013067451893
1380013067451991
1380013067452442
1380013067452544
1380013067452673
1380013067452824
1380013067452932
1380013067453027
1380013067453280
1380013067453706
1380013067453781
1380013067453896
1380013067454239
1380013067454275
1380013067454323
1380013067454412
1380013067454530
1380013067454582
1380013067461188
1380013067461253
1380013067461633
1380013067461797
1380013067461911
1380013067462138
1380013067465584
1380013067465930
1380013067466561
1380013067466658
1380013067466671
1380013067466966
1380013067467038
1380013067467130
1380013067467373
1380013067467398
1380013067467481
1380013067467513
1380013067468028
1380013067468119
1380013067468176
1380013067468471
1380013067468688
1380013067468847
1380013067476479
1380013067476565
1380013067476893
1380013067476979
1380013067477314
1380013067477340
1380013067477392
1380013067477834
1380013067477951
1380013067478044
1380013067478399
1380013067478702
1380013067478766
1380013067479005
1380013067479068
1380013067479685
1380013067479779
1380013067480027
1380013067480297
1380013067480358
1380013067480588
1380013067480630
1380013067480697
1380013067481018
1380013067481249
1380013067481321
1380013067481414
1380013067481681
1380013067481696
1380013067482068
1380013067482148
1380013067482167
1380013067482513
1380013067488911
1380013067489127
1380013067490125
1380013067490189
1380013067490433
1380013067490557
1380013067529777
1380013067554599
1380013067708762
1380013067911315
1380013068010145
1380013068010429
1380013068010494
1380013068107694
1380013068143926
1380013068167727
1380013068167806
1380013068187122
1380013068291009
1380013068292009
1380013068391530
1380013068391830
1380013068392065
1380013068430498
