1377891227561469
1377891227574564
1377891227575244
1377891227588675
1377891227588733
1377891227588891
1377891227588894
1377891227631500
1377891227635968
1377891227636330
1377891227641982
1377891227662582
1377891227668510
1377891227693993
1377891227709434
1377891227710430
1377891227739532
1377891227741118
1377891227741279
1377891227755642
1377891227755801
1377891227756988
1377891227757138
1377891227757146
1377891227757285
1377891227768485
1377891227772893
1377891227773317
1377891227777514
1377891227777526
1377891227782770
1377891227782782
1377891227782791
1377891227783023
1377891227783150
1377891227787931
1377891227788068
1377891227788169
1377891227788287
1377891227789622
1377891227795099
1377891227803305
1377891227811821
1377891227811838
1377891227819784
1377891227819796
1377891227825324
1377891227825336
1377891227826058
1377891227826070
1377891227826308
1377891227826317
1377891227826563
1377891227826572
1377891227826732
1377891227826739
1377891227826954
1377891227826962
1377891227827064
1377891227827136
1377891227827195
1377891227827250
1377891227827463
1377891227827472
1377891227827555
1377891227827610
1377891227831008
1377891227831017
1377891227831133
1377891227831190
1377891227831372
1377891227831381
1377891227831761
1377891227831771
1377891227832019
1377891227832027
1377891227832272
1377891227832280
1377891227832380
1377891227832450
1377891227832509
1377891227832562
1377891227833926
1377891227833935
1377891227834071
1377891227834074
1377891227834182
1377891227834246
1377891227834304
1377891227834356
1377891227834494
1377891227834783
1377891227834889
1377891227834952
1377891227835062
1377891227835067
1377891227835156
1377891227835213
1377891227835323
1377891227835329
1377891227835436
1377891227835495
1377891227835576
1377891227835662
1377891227835714
1377891227835770
1377891227835825
1377891227835938
1377891227835942
1377891227836082
1377891227836087
1377891227836184
1377891227836239
1377891227836835
1377891227836844
1377891227836927
1377891227837004
1377891227837083
1377891227837271
1377891227838022
1377891227838190
1377891227838199
1377891227838333
1377891227838340
1377891227839143
1377891227839152
1377891227839235
1377891227839315
1377891227839392
1377891227839460
1377891227839523
1377891227839633
1377891227839637
1377891227839755
1377891227839823
1377891227839962
1377891227840120
1377891227840638
1377891227840648
1377891227840813
1377891227840822
1377891227841029
1377891227841036
1377891227841194
1377891227841270
1377891227841333
1377891227841470
1377891227841474
1377891227841731
1377891227841737
1377891227841937
1377891227842057
1377891227842107
1377891227842176
1377891227842250
1377891227842319
1377891227842455
1377891227842733
1377891227842808
1377891227842930
1377891227843117
1377891227843186
1377891227844288
1377891227846094
1377891227846154
1377891227846299
1377891227846451
1377891227846644
1377891227846701
1377891227846757
1377891227846807
1377891227847010
1377891227847088
1377891227847261
1377891227847472
1377891227847481
1377891227847645
1377891227847746
1377891227847955
1377891227847963
1377891227848045
1377891227848102
1377891227848216
1377891227848379
1377891227848430
1377891227848536
1377891227848677
1377891227848681
1377891227848799
1377891227848858
1377891227848939
1377891227849063
1377891227849141
1377891227849311
1377891227849318
1377891227849436
1377891227849570
1377891227850865
1377891227851009
1377891227851114
1377891227851319
1377891227851376
1377891227851639
1377891227851648
1377891227851732
1377891227851790
1377891227851941
1377891227852065
1377891227852130
1377891227852305
1377891227852364
1377891227852570
1377891227852652
1377891227852723
1377891227852941
1377891227852947
1377891227854183
1377891227854194
1377891227854280
1377891227854337
1377891227854509
1377891227854576
1377891227854659
1377891227854848
1377891227858264
1377891227858388
1377891227858392
1377891227858525
1377891227858529
1377891227858773
1377891227858778
1377891227858905
1377891227858909
1377891227858997
1377891227859042
1377891227859093
1377891227859126
1377891227859202
1377891227859281
1377891227859331
1377891227859396
1377891227859473
1377891227859524
1377891227859609
1377891227859660
1377891227859751
1377891227859755
1377891227859876
1377891227860106
1377891227860240
1377891227860244
1377891227860447
1377891227860449
1377891227860500
1377891227860622
1377891227860674
1377891227860755
1377891227860822
1377891227860924
1377891227860928
1377891227860998
1377891227861059
1377891227861116
1377891227861165
1377891227861268
1377891227861272
1377891227861398
1377891227861402
1377891227861515
1377891227861520
1377891227861634
1377891227861639
1377891227861752
1377891227861756
1377891227861884
1377891227861888
1377891227862078
1377891227862082
1377891227863266
1377891227863270
1377891227863401
1377891227863406
1377891227863527
1377891227863531
1377891227864085
1377891227864089
1377891227864443
1377891227864447
1377891227864616
1377891227864620
1377891227864748
1377891227864752
1377891227864917
1377891227864921
1377891227865034
1377891227865039
1377891227866059
1377891227866064
1377891227866187
1377891227866191
1377891227866319
1377891227866324
1377891227866437
1377891227866441
1377891227866684
1377891227866689
1377891227866810
1377891227866814
1377891227866931
1377891227866935
1377891227867057
1377891227867061
1377891227867176
1377891227867180
1377891227867317
1377891227867322
1377891227867708
1377891227867712
1377891227867964
1377891227867968
1377891227868088
1377891227868092
1377891227868212
1377891227868216
1377891227868584
1377891227868588
1377891227868740
1377891227868745
1377891227868970
1377891227868974
1377891227869090
1377891227869094
1377891227869342
1377891227869346
1377891227869463
1377891227869467
1377891227869724
1377891227869729
1377891227869848
1377891227869852
1377891227869967
1377891227869970
1377891227870218
1377891227870222
1377891227870343
1377891227870347
1377891227870476
1377891227870480
1377891227870605
1377891227870609
1377891227870737
1377891227870741
1377891227870854
1377891227870858
1377891227870971
1377891227870975
1377891227871111
1377891227871116
1377891227871234
1377891227871239
1377891227871372
1377891227871377
1377891227871493
1377891227871497
1377891227871624
1377891227871628
1377891227871690
1377891227871747
1377891227871751
1377891227871917
1377891227871923
1377891227872001
1377891227872055
1377891228182658
1377891228187819
1377891228225858
1377891228226508
1377891228245774
1377891228245801
1377891228246563
1377891228246574
1377891228246671
1377891228246757
1377891228246981
1377891228246989
1377891228247101
1377891228247163
1377891228247695
1377891228247704
1377891228247789
1377891228247847
1377891228247961
1377891228247968
1377891228248125
1377891228253880
1377891228254012
1377891228254017
1377891228254126
1377891228254250
1377891228254371
1377891228254525
1377891228254528
1377891228254602
1377891228254668
1377891228254700
1377891228254779
1377891228254788
1377891228257719
1377891228257737
1377891228257904
1377891228259270
1377891228259399
1377891228259407
1377891228261866
1377891228261876
1377891228261988
1377891228262053
1377891228262224
1377891228262233
1377891228262333
1377891228262392
1377891228262574
1377891228262582
1377891228262845
1377891228262853
1377891228263092
1377891228263100
1377891228263470
1377891228263478
1377891228263608
1377891228263615
1377891228263721
1377891228263781
1377891228263841
1377891228263896
1377891228264103
1377891228264111
1377891228264217
1377891228264267
1377891228264274
1377891228264487
1377891228264601
1377891228264674
1377891228264784
1377891228264792
1377891228265020
1377891228265026
1377891228265132
1377891228265264
1377891228265389
1377891228265477
1377891228265542
1377891228265669
1377891228265780
1377891228265936
1377891228266005
1377891228267167
1377891228267175
1377891228267297
1377891228267299
1377891228267401
1377891228267434
1377891228267491
1377891228267634
1377891228267638
1377891228267926
1377891228267931
1377891228268028
1377891228268082
1377891228268398
1377891228268403
1377891228268854
1377891228268859
1377891228269027
1377891228269032
1377891228269347
1377891228269353
1377891228269602
1377891228269607
1377891228269700
1377891228269751
1377891228269877
1377891228269881
1377891228270103
1377891228270108
1377891228270373
1377891228270377
1377891228270493
1377891228270498
1377891228270765
1377891228270769
1377891228270904
1377891228270909
1377891228270993
1377891228271035
1377891228271231
1377891228271236
1377891228271366
1377891228271370
1377891228271622
1377891228271626
1377891228271771
1377891228271776
1377891228271907
1377891228271912
1377891228272041
1377891228272045
1377891228272158
1377891228272163
1377891228272287
1377891228272292
1377891228272595
1377891228272917
1377891228273054
1377891228273058
1377891228273196
1377891228273199
1377891228273298
1377891228273354
1377891228273520
1377891228273526
1377891228273667
1377891228273725
1377891228273886
1377891228274686
1377891228274836
1377891228277156
1377891228278811
1377891228286786
1377891228286814
1377891228295003
1377891228295013
1377891228313345
1377891228371560
1377891228374717
1377891228374873
1377891228376652
1377891228376885
1377891228380301
1377891228381117
1377891228381124
1377891228381365
1377891228381370
1377891228381489
1377891228381494
1377891228381742
1377891228381747
1377891228381836
1377891228381884
1377891228381993
1377891228381997
1377891228382229
1377891228382234
1377891228382366
1377891228382371
1377891228382498
1377891228382503
1377891228384891
1377891228384904
1377891228385093
1377891228385098
1377891228386129
1377891228386138
1377891228386223
1377891228386273
1377891228386380
1377891228386386
1377891228386642
1377891228386648
1377891228386754
1377891228386892
1377891228386899
1377891228387005
1377891228387083
1377891228387519
1377891228387526
1377891228387769
1377891228387776
1377891228387903
1377891228388055
1377891228388320
1377891228388387
1377891228388458
1377891228388533
1377891228388593
1377891228388653
1377891228388758
1377891228388763
1377891228388852
1377891228388969
1377891228388973
1377891228389027
1377891228389067
1377891228389133
1377891228389698
1377891228389708
1377891228389812
1377891228389880
1377891228389936
1377891228389988
1377891228390093
1377891228390099
1377891228391095
1377891228391102
1377891228391360
1377891228391366
1377891228391490
1377891228391496
1377891228391588
1377891228391645
1377891228391752
1377891228391758
1377891228391883
1377891228391889
1377891228392011
1377891228392016
1377891228392210
1377891228392216
1377891228392346
1377891228392352
1377891228392794
1377891228392800
1377891228393040
1377891228393046
1377891228393417
1377891228393422
1377891228393661
1377891228393667
1377891228393791
1377891228393797
1377891228393892
1377891228393957
1377891228394064
1377891228394070
1377891228394162
1377891228394219
1377891228394406
1377891228394412
1377891228394553
1377891228394560
1377891228394683
1377891228394689
1377891228394940
1377891228394946
1377891228395088
1377891228395094
1377891228395321
1377891228395327
1377891228395418
1377891228395486
1377891228395593
1377891228395599
1377891228395788
1377891228395794
1377891228396039
1377891228396045
1377891228396240
1377891228396245
1377891228396387
1377891228396393
1377891228396625
1377891228396629
1377891228396875
1377891228397001
1377891228397254
1377891228397379
1377891228397529
1377891228400310
1377891228400319
1377891228400322
1377891228400325
1377891228400359
1377891228400362
1377891228400365
1377891228400408
1377891228400411
1377891228400414
1377891228400635
1377891228400752
1377891228400757
1377891228400759
1377891228400762
1377891228400801
1377891228400805
1377891228400808
1377891228400811
1377891228401241
1377891228401248
1377891228401250
1377891228401343
1377891228401684
1377891228401812
1377891228402011
1377891228402136
1377891228402259
1377891228404664
1377891228404674
1377891228404676
1377891228404679
1377891228404712
1377891228404716
1377891228404719
1377891228404762
1377891228404767
1377891228404771
1377891228404774
1377891228404777
1377891228404813
1377891228405061
1377891228405065
1377891228405227
1377891228405232
1377891228405347
1377891228405475
1377891228405531
1377891228405693
1377891228408094
1377891228408244
1377891228408338
1377891228408451
1377891228418014
1377891228436060
1377891228436361
1377891228465013
1377891228501873
1377891228650540
1377891228661734
1377891228662039
1377891228677108
1377891228677575
1377891228677714
1377891228700444
1377891228719556
1377891228719566
1377891228725119
1377891228770451
1377891228789977
1377891228790007
1377891228790238
1377891228790354
1377891228790458
1377891228790569
1377891228790779
1377891228790901
1377891228791047
1377891228791517
1377891228795929
1377891228796141
1377891228796190
1377891228796291
1377891228796415
1377891228796422
1377891228796537
1377891228796595
1377891228796756
1377891228796762
1377891228796878
1377891228796884
1377891228796998
1377891228797004
1377891228797410
1377891228797419
1377891228797560
1377891228797564
1377891228801371
1377891228801379
1377891228801471
1377891228801528
1377891228801745
1377891228801753
1377891228801857
1377891228801920
1377891228801977
1377891228802035
1377891228802142
1377891228802146
1377891228802386
1377891228802394
1377891228802651
1377891228802659
1377891228803156
1377891228803166
1377891228803274
1377891228803356
1377891228803439
1377891228803539
1377891228803595
1377891228803704
1377891228803765
1377891228804215
1377891228804223
1377891228804362
1377891228804365
1377891228804473
1377891228804544
1377891228804635
1377891228804731
1377891228804736
1377891228806345
1377891228806355
1377891228806443
1377891228806499
1377891228806616
1377891228806694
1377891228806762
1377891228806906
1377891228806959
1377891228807039
1377891228807097
1377891228807649
1377891228807658
1377891228807744
1377891228807801
1377891228807968
1377891228807974
1377891228808141
1377891228808144
1377891228808267
1377891228808322
1377891228808607
1377891228808615
1377891228808765
1377891228809410
1377891228809549
1377891228809739
1377891228903958
1377891228908086
1377891228908472
1377891228913110
1377891228913121
1377891228913367
1377891228913372
1377891228916991
1377891228923395
1377891228923416
1377891228942370
1377891228942399
1377891228947431
1377891228947448
1377891228947692
1377891228947701
1377891228947924
1377891228947933
1377891228948037
1377891228948101
1377891228948170
1377891228948239
1377891228948294
1377891228948358
1377891228948467
1377891228948474
1377891228988387
1377891229077689
1377891229078466
1377891229168486
1377891229168993
1377891229169425
1377891229169432
1377891229169550
1377891229169630
1377891229169907
1377891229209850
1377891229219071
1377891229229968
1377891229230255
1377891229244869
1377891229245432
1377891229245585
1377891229259629
1377891229259786
1377891229259843
1377891229260043
1377891229266398
1377891229266516
1377891229278379
1377891229357185
1377891229358096
1377891229368446
1377891229369280
1377891229464104
1377891229501625
1377891242063532
1377891288148161
1377891302064057
1377891316973957
1377891316973982
1377891316974268
1377891316978358
