1380349807587647
1380349807611131
1380349807611219
1380349807611443
1380349807616174
1380349807616305
1380349807725381
1380349807737844
1380349807748393
1380349807748540
1380349807758898
1380349807759184
1380349807769451
1380349807769560
1380349807769918
1380349807770029
1380349807770142
1380349807770336
1380349807771967
1380349807780617
1380349807780874
1380349807781025
1380349807781307
1380349807781382
1380349807781546
1380349807781980
1380349807783007
1380349807783241
1380349807783660
1380349807783683
1380349807791583
1380349807791676
1380349807792220
1380349807792707
1380349807792980
1380349807793472
1380349807793580
1380349807793654
1380349807794216
1380349807794406
1380349807794626
1380349807794709
1380349807794775
1380349807795448
1380349807795547
1380349807796406
1380349807806316
1380349807806461
1380349807806754
1380349807809196
1380349807809317
1380349807809336
1380349807809347
1380349807817673
1380349807817717
1380349807817935
1380349807817991
1380349807818178
1380349807818565
1380349807818831
1380349807819257
1380349807819488
1380349807819790
1380349807819914
1380349807820172
1380349807821431
1380349807821566
1380349807821661
1380349807821869
1380349807821965
1380349807822240
1380349807822368
1380349807830037
1380349807830191
1380349807830216
1380349807830354
1380349807830466
1380349807830811
1380349807833692
1380349807834035
1380349807834083
1380349807834156
1380349807834613
1380349807834693
1380349807834903
1380349807835285
1380349807835485
1380349807835550
1380349807835785
1380349807836598
1380349807836776
1380349807836815
1380349807841147
1380349807841269
1380349807842971
1380349807843089
1380349807843543
1380349807843570
1380349807845667
1380349807845768
1380349807846230
1380349807846390
1380349807846480
1380349807846565
1380349807846665
1380349807847214
1380349807847415
1380349807847628
1380349807848093
1380349807848348
1380349807848567
1380349807848845
1380349807848947
1380349807849193
1380349807849546
1380349807849740
1380349807849876
1380349807850028
1380349807850617
1380349807850727
1380349807853474
1380349807853635
1380349807853817
1380349807853928
1380349807855315
1380349807855451
1380349807859189
1380349807859366
1380349807859496
1380349807859609
1380349807859798
1380349807859902
1380349807860021
1380349807860140
1380349807860262
1380349807860396
1380349807860524
1380349807860631
1380349807860709
1380349807860711
1380349807861065
1380349807861170
1380349807861285
1380349807861478
1380349807861600
1380349807861707
1380349807862240
1380349807862393
1380349807862496
1380349807862621
1380349807862720
1380349807862847
1380349807862946
1380349807863074
1380349807876079
1380349807876346
1380349807876481
1380349807876713
1380349807876818
1380349807887178
1380349807887789
1380349807887859
1380349807900418
1380349807947517
1380349807958418
1380349807958611
1380349807969043
1380349807969223
1380349807969277
1380349807969521
1380349807969587
1380349807969684
1380349807981768
1380349807982583
1380349807982883
1380349807982984
1380349807983068
1380349807983385
1380349807983576
1380349807995905
1380349807997008
1380349807997123
1380349807997203
1380349807997329
1380349807997553
1380349807997655
1380349808010037
1380349808010848
1380349808011068
1380349808011357
1380349808011434
1380349808011559
1380349808060818
1380349808061580
1380349808061865
1380349808062028
1380349808062379
1380349808062481
1380349808074438
1380349808075510
1380349808075753
1380349808075854
1380349808075951
1380349808076052
1380349808076436
1380349808076536
1380349808084930
1380349808085825
1380349808086072
1380349808086410
1380349808086634
1380349808086720
1380349808087175
1380349808087274
1380349808087382
1380349808087466
1380349808087762
1380349808087847
1380349808087969
1380349808088222
1380349808088335
1380349808088607
1380349808088720
1380349808088995
1380349808089084
1380349808089361
1380349808089471
1380349808089559
1380349808089678
1380349808090003
1380349808090088
1380349808090192
1380349808090305
1380349808090638
1380349808091247
1380349808091495
1380349808091746
1380349808091931
1380349808092031
1380349808092182
1380349808092241
1380349808092489
1380349808092994
1380349808093205
1380349808093303
1380349808093363
1380349808093675
1380349808095849
1380349808095987
1380349808104714
1380349808104962
1380349808105084
1380349808105435
1380349808105795
1380349808105931
1380349808106800
1380349808106923
1380349808107262
1380349808107443
1380349808107469
1380349808107729
1380349808107850
1380349808107987
1380349808108415
1380349808108535
1380349808108663
1380349808108696
1380349808108749
1380349808108869
1380349808108976
1380349808109083
1380349808109432
1380349808109615
1380349808109688
1380349808109736
1380349808115552
1380349808115688
1380349808116208
1380349808116611
1380349808116733
1380349808116959
1380349808117066
1380349808117212
1380349808117308
1380349808117366
1380349808118458
1380349808118636
1380349808119041
1380349808119095
1380349808120227
1380349808122079
1380349808122994
1380349808123174
1380349808123406
1380349808123529
1380349808123589
1380349808123794
1380349808124284
1380349808124734
1380349808124852
1380349808124966
1380349808125026
1380349808126243
1380349808126886
1380349808127156
1380349808127452
1380349808127754
1380349808127952
1380349808128065
1380349808128405
1380349808129720
1380349808129965
1380349808130213
1380349808130466
1380349808130573
1380349808130863
1380349808130985
1380349808131143
1380349808131208
1380349808131394
1380349808131769
1380349808132058
1380349808132263
1380349808132351
1380349808132568
1380349808137052
1380349808137073
1380349808137594
1380349808137803
1380349808138048
1380349808138181
1380349808138247
1380349808138456
1380349808138473
1380349808138599
1380349808138752
1380349808139150
1380349808139207
1380349808139385
1380349808139589
1380349808139675
1380349808140011
1380349808140126
1380349808140295
1380349808140495
1380349808144949
1380349808145411
1380349808145562
1380349808145675
1380349808145767
1380349808145835
1380349808147906
1380349808150188
1380349808151136
1380349808151218
1380349808151463
1380349808151593
1380349808151886
1380349808152033
1380349808152208
1380349808152863
1380349808153007
1380349808153023
1380349808153090
1380349808153942
1380349808154192
1380349808154288
1380349808154372
1380349808154494
1380349808154555
1380349808154953
1380349808155106
1380349808155222
1380349808155274
1380349808159523
1380349808159541
1380349808159766
1380349808159905
1380349808160026
1380349808160132
1380349808160258
1380349808160379
1380349808160497
1380349808160554
1380349808160969
1380349808162049
1380349808162205
1380349808163219
1380349808163325
1380349808163505
1380349808163614
1380349808163738
1380349808163860
1380349808164228
1380349808164997
1380349808165045
1380349808165126
1380349808170636
1380349808170658
1380349808171378
1380349808171425
1380349808171571
1380349808171694
1380349808172034
1380349808172147
1380349808172157
1380349808172277
1380349808172682
1380349808172816
1380349808172934
1380349808173095
1380349808173337
1380349808173427
1380349808173533
1380349808173616
1380349808173736
1380349808173849
1380349808174057
1380349808175251
1380349808175472
1380349808175535
1380349808175702
1380349808175915
1380349808176047
1380349808176148
1380349808176275
1380349808176401
1380349808176539
1380349808176615
1380349808176705
1380349808177879
1380349808179997
1380349808180090
1380349808180245
1380349808180363
1380349808180506
1380349808180654
1380349808180874
1380349808180940
1380349808185243
1380349808185391
1380349808185868
1380349808186731
1380349808187007
1380349808187250
1380349808187501
1380349808187878
1380349808188237
1380349808188418
1380349808188545
1380349808188704
1380349808188875
1380349808189019
1380349808189124
1380349808189268
1380349808189370
1380349808189424
1380349808189933
1380349808190774
1380349808190866
1380349808191080
1380349808191239
1380349808191301
1380349808192464
1380349808193411
1380349808193609
1380349808193933
1380349808194148
1380349808194279
1380349808194291
1380349808194652
1380349808194758
1380349808194901
1380349808195008
1380349808195165
1380349808195412
1380349808195543
1380349808195618
1380349808197434
1380349808197530
1380349808201406
1380349808202226
1380349808202448
1380349808202769
1380349808203032
1380349808203135
1380349808203559
1380349808203585
1380349808203635
1380349808203663
1380349808203747
1380349808203858
1380349808204185
1380349808204272
1380349808204388
1380349808204500
1380349808204552
1380349808204749
1380349808205370
1380349808205871
1380349808205919
1380349808206099
1380349808206159
1380349808207893
1380349808208756
1380349808209001
1380349808209196
1380349808209411
1380349808209520
1380349808209589
1380349808209865
1380349808211103
1380349808211168
1380349808211311
1380349808211456
1380349808211571
1380349808211676
1380349808211731
1380349808217393
1380349808218351
1380349808218485
1380349808218602
1380349808218878
1380349808219453
1380349808219713
1380349808219898
1380349808220166
1380349808220411
1380349808220595
1380349808220603
1380349808221353
1380349808221494
1380349808221595
1380349808221707
1380349808221865
1380349808222331
1380349808223279
1380349808224994
1380349808225049
1380349808225270
1380349808257563
1380349808262023
1380349808262437
1380349808262491
1380349808262519
1380349808262548
1380349808275153
1380349808276342
1380349808276478
1380349808276495
1380349808276503
1380349808287362
1380349808297902
1380349808298029
1380349808308421
1380349808323351
1380349808323421
1380349808333064
1380349808374165
1380349808374420
1380349808374524
1380349808379199
1380349808379270
1380349808573106
1380349808672565
1380349808672732
1380349808672963
1380349808770403
1380349808838763
1380349808866785
1380349808866864
1380349808886015
1380349808985576
1380349808986554
1380349809084497
1380349809084915
1380349809085457
1380349809125342
