1380152660811280
1380152661069331
1380152661069522
1380152661112276
1380152661143031
1380152661148205
1380152661148268
1380152661320154
1380152661321345
1380152661337006
1380152661343827
1380152661344027
1380152661344251
1380152661344305
1380152661344498
1380152661344667
1380152661344840
1380152661348603
1380152661348755
1380152661349007
1380152661349175
1380152661349469
1380152661350217
1380152661350362
1380152661350666
1380152661350879
1380152661351031
1380152661351112
1380152661351312
1380152661351378
1380152661351775
1380152661351935
1380152661353314
1380152661353481
1380152661353651
1380152661353791
1380152661354502
1380152661357801
1380152661358117
1380152661358349
1380152661358515
1380152661358521
1380152661358801
1380152661359325
1380152661364336
1380152661364580
1380152661364830
1380152661404322
1380152661410204
1380152661410366
1380152661410596
1380152661410698
1380152661414391
1380152661414639
1380152661414806
1380152661415018
1380152661415058
1380152661415097
1380152661420655
1380152661420925
1380152661421064
1380152661421125
1380152661421330
1380152661421691
1380152661421801
1380152661422169
1380152661422448
1380152661422570
1380152661422782
1380152661423141
1380152661423594
1380152661423645
1380152661424042
1380152661424155
1380152661424445
1380152661424548
1380152661424645
1380152661424870
1380152661425093
1380152661425258
1380152661425366
1380152661425723
1380152661425976
1380152661427878
1380152661428069
1380152661428387
1380152661428648
1380152661429354
1380152661429711
1380152661429847
1380152661429931
1380152661431033
1380152661431302
1380152661431672
1380152661431940
1380152661432036
1380152661432185
1380152661432558
1380152661432781
1380152661432916
1380152661433017
1380152661433097
1380152661433227
1380152661433554
1380152661433700
1380152661433975
1380152661435835
1380152661436052
1380152661436365
1380152661436590
1380152661436870
1380152661437086
1380152661437403
1380152661437553
1380152661438997
1380152661439250
1380152661439664
1380152661439957
1380152661440265
1380152661440532
1380152661440897
1380152661441126
1380152661441245
1380152661571140
1380152661571339
1380152661683454
1380152661688608
1380152661690684
1380152661692814
1380152661717485
1380152661717712
1380152661717780
1380152661717969
1380152661718037
1380152661718469
1380152661718543
1380152661718805
1380152661719056
1380152661719419
1380152661719668
1380152661719916
1380152661720166
1380152661720454
1380152661720621
1380152661720797
1380152661720862
1380152661721054
1380152661721120
1380152661721220
1380152661721441
1380152661722060
1380152661722211
1380152661722300
1380152661722490
1380152661724419
1380152661727091
1380152661727261
1380152661727473
1380152661727704
1380152661727915
1380152661764404
1380152661783165
1380152661800918
1380152661801008
1380152661801211
1380152661844146
1380152661873335
1380152661911321
1380152661948127
1380152661979786
1380152662003893
1380152662022512
1380152662140286
1380152662141201
1380152662261353
1380152662261662
1380152662262177
1380152662301800
