1380308690278746
1380308690293633
1380308690293823
1380308690305332
1380308690305597
1380308690305730
1380308690305845
1380308690306031
1380308690316270
1380308690316427
1380308690316744
1380308690316918
1380308690317047
1380308690317344
1380308690317571
1380308690318458
1380308690318500
1380308690318670
1380308690318794
1380308690319025
1380308690328284
1380308690328322
1380308690341408
1380308690347138
1380308690347336
1380308690347620
1380308690351818
1380308690351980
1380308690352127
1380308690352232
1380308690352491
1380308690352691
1380308690352821
1380308690353098
1380308690358692
1380308690358951
1380308690359148
1380308690365322
1380308690365340
1380308690365547
1380308690365681
1380308690365903
1380308690366077
1380308690366420
1380308690366507
1380308690366937
1380308690367047
1380308690367233
1380308690371322
1380308690371529
1380308690371770
1380308690371899
1380308690372252
1380308690372336
1380308690372525
1380308690372807
1380308690373163
1380308690373351
1380308690373470
1380308690373601
1380308690373708
1380308690377214
1380308690377897
1380308690378756
1380308690379020
1380308690384082
1380308690384189
1380308690384212
1380308690384407
1380308690384558
1380308690390346
1380308690390548
1380308690390639
1380308690394775
1380308690394989
1380308690395175
1380308690395424
1380308690395569
1380308690395652
1380308690395874
1380308690396305
1380308690396419
1380308690400084
1380308690400216
1380308690400421
1380308690400557
1380308690401714
1380308690401823
1380308690401938
1380308690402065
1380308690404279
1380308690404565
1380308690404678
1380308690404931
1380308690441777
1380308690470600
1380308690532743
1380308690544641
1380308690569022
1380308690595845
1380308690634090
1380308690669616
1380308690674500
1380308690714142
1380308690741789
1380308690753130
1380308690753205
1380308690753266
1380308690753295
1380308690753325
1380308690753351
1380308690753425
1380308690753782
1380308690754038
1380308690759344
1380308690759517
1380308690760025
1380308690760165
1380308690760586
1380308690760841
1380308690761097
1380308690761745
1380308690762304
1380308690762585
1380308690762790
1380308690763026
1380308690763102
1380308690764075
1380308690764274
1380308690764351
1380308690764577
1380308690764669
1380308690764979
1380308690765139
1380308690765303
1380308690765375
1380308690765470
1380308690765650
1380308690765770
1380308690765867
1380308690767220
1380308690767322
1380308690767461
1380308690767746
1380308690767953
1380308690769644
1380308690769765
1380308690769890
1380308690770005
1380308690770196
1380308690770205
1380308690770415
1380308690770675
1380308690771414
1380308690772469
1380308690772595
1380308690772738
1380308690772888
1380308690773426
1380308690773630
1380308690773775
1380308690773944
1380308690774081
1380308690774202
1380308690774311
1380308690774475
1380308690774605
1380308690775009
1380308690775050
1380308690775769
1380308690775957
1380308690776253
1380308690779579
1380308690779683
1380308690779790
1380308690780046
1380308690780166
1380308690780442
1380308690780569
1380308690781062
1380308690781310
1380308690781556
1380308690781701
1380308690781874
1380308690782025
1380308690782114
1380308690782240
1380308690782390
1380308690791586
1380308690791591
1380308690791700
1380308690791775
1380308690791873
1380308690791921
1380308690791952
1380308690791997
1380308690792025
1380308690792104
1380308690792656
1380308690792783
1380308690792894
1380308690793025
1380308690793195
1380308690793533
1380308690793653
1380308690793798
1380308690793909
1380308690794021
1380308690794205
1380308690803939
1380308690804878
1380308690805093
1380308690805224
1380308690805352
1380308690805420
1380308690805558
1380308690805751
1380308690805876
1380308690805944
1380308690806057
1380308690806247
1380308690806359
1380308690806418
1380308690815103
1380308690815112
1380308690815120
1380308690815161
1380308690815463
1380308690815579
1380308690815654
1380308690815943
1380308690816207
1380308690816433
1380308690816687
1380308690817275
1380308690817424
1380308690817761
1380308690817995
1380308690818233
1380308690818399
1380308690818631
1380308690818766
1380308690820878
1380308690853827
1380308690853841
1380308690857181
1380308690857269
1380308690893830
1380308690894328
1380308690894434
1380308690894518
1380308690894591
1380308690899695
1380308690932680
1380308690966560
1380308690972561
1380308690994378
1380308691006460
1380308691006541
1380308691006635
1380308691006811
1380308691006868
1380308691010721
1380308691014048
1380308691014286
1380308691014464
1380308691014734
1380308691015073
1380308691016419
1380308691016502
1380308691016750
1380308691019229
1380308691019379
1380308691019718
1380308691019775
1380308691019944
1380308691020058
1380308691020501
1380308691020596
1380308691020677
1380308691020781
1380308691020936
1380308691021494
1380308691021761
1380308691021891
1380308691022054
1380308691022606
1380308691022735
1380308691022877
1380308691024719
1380308691024794
1380308691024916
1380308691025066
1380308691025185
1380308691026906
1380308691026991
1380308691027234
1380308691027385
1380308691027896
1380308691027985
1380308691028644
1380308691028746
1380308691028931
1380308691029042
1380308691029405
1380308691032100
1380308691032158
1380308691032192
1380308691032226
1380308691034024
1380308691034107
1380308691034173
1380308691038355
1380308691038607
1380308691038788
1380308691038907
1380308691039043
1380308691039167
1380308691039410
1380308691039531
1380308691039771
1380308691040101
1380308691040168
1380308691040440
1380308691040543
1380308691040813
1380308691040920
1380308691041032
1380308691041205
1380308691041285
1380308691041375
1380308691041674
1380308691041903
1380308691042166
1380308691042234
1380308691042388
1380308691042510
1380308691042618
1380308691042680
1380308691042856
1380308691043209
1380308691043369
1380308691043473
1380308691043645
1380308691043753
1380308691043866
1380308691043978
1380308691049275
1380308691049296
1380308691049367
1380308691049370
1380308691049419
1380308691049555
1380308691049694
1380308691049903
1380308691050070
1380308691050316
1380308691050467
1380308691050884
1380308691050990
1380308691051282
1380308691051353
1380308691051699
1380308691051863
1380308691051969
1380308691052131
1380308691052235
1380308691052366
1380308691052479
1380308691052796
1380308691052914
1380308691052925
1380308691052965
1380308691053784
1380308691054080
1380308691054144
1380308691054614
1380308691056538
1380308691056806
1380308691056915
1380308691057027
1380308691057284
1380308691057400
1380308691057542
1380308691057811
1380308691058055
1380308691058218
1380308691058550
1380308691058693
1380308691058791
1380308691059030
1380308691059164
1380308691059307
1380308691059394
1380308691059526
1380308691059681
1380308691059843
1380308691059983
1380308691060098
1380308691060201
1380308691060364
1380308691060445
1380308691060984
1380308691061037
1380308691061175
1380308691061342
1380308691061553
1380308691061792
1380308691061844
1380308691062260
1380308691062304
1380308691062619
1380308691062738
1380308691062868
1380308691062982
1380308691063103
1380308691063626
1380308691063768
1380308691063908
1380308691064078
1380308691064176
1380308691064310
1380308691064860
1380308691065044
1380308691065114
1380308691065798
1380308691065908
1380308691066029
1380308691066146
1380308691066506
1380308691066583
1380308691066750
1380308691066853
1380308691066982
1380308691067104
1380308691067475
1380308691067586
1380308691067695
1380308691067776
1380308691067903
1380308691068076
1380308691068244
1380308691068995
1380308691069085
1380308691069199
1380308691069375
1380308691069959
1380308691070050
1380308691072044
1380308691072150
1380308691072607
1380308691072660
1380308691074117
1380308691074202
1380308691074886
1380308691075170
1380308691075269
1380308691075334
1380308691075436
1380308691075754
1380308691075815
1380308691076069
1380308691076141
1380308691078786
1380308691078929
1380308691079145
1380308691079225
1380308691079238
1380308691080511
1380308691080523
1380308691080566
1380308691082158
1380308691082711
1380308691082890
1380308691083074
1380308691122763
1380308691122843
1380308691122903
1380308691122952
1380308691122999
1380308691123047
1380308691123094
1380308691128874
1380308691129059
1380308691129149
1380308691129276
1380308691129381
1380308691129500
1380308691129756
1380308691129873
1380308691129975
1380308691130285
1380308691130424
1380308691130596
1380308691130723
1380308691130802
1380308691130923
1380308691131208
1380308691131392
1380308691136115
1380308691136226
1380308691136465
1380308691136541
1380308691136749
1380308691137054
1380308691137223
1380308691137473
1380308691137616
1380308691137628
1380308691137800
1380308691137900
1380308691138098
1380308691142565
1380308691142767
1380308691143040
1380308691143219
1380308691143341
1380308691143664
1380308691143723
1380308691149662
1380308691149798
1380308691149905
1380308691150145
1380308691150257
1380308691151264
1380308691151506
1380308691151617
1380308691151740
1380308691151859
1380308691156284
1380308691161699
1380308691161761
1380308691162009
1380308691162111
1380308691162239
1380308691162354
1380308691162665
1380308691162817
1380308691162926
1380308691163453
1380308691163600
1380308691163785
1380308691164413
1380308691195510
1380308691210704
1380308691227862
1380308691248580
1380308691251565
1380308691267057
1380308691351046
1380308691450285
1380308691450405
1380308691450499
1380308691548801
1380308691582201
1380308691606247
1380308691606341
1380308691628344
1380308691733861
1380308691734470
1380308691846817
1380308691847174
1380308691847461
1380308691884660
