1380463206374406
1380463206448606
1380463206485960
1380463206503809
1380463206504021
1380463206504181
1380463206551923
1380463206559161
1380463206559231
1380463206614852
1380463206654107
1380463206713445
1380463206749755
1380463206750225
1380463206750536
1380463206772600
1380463206772739
1380463206773805
1380463206773914
1380463206822724
1380463206822861
1380463206861991
1380463206862019
1380463206862384
1380463206881406
1380463206881446
1380463206881712
1380463206881874
1380463206922059
1380463206922192
1380463206962010
1380463206962255
1380463206981171
1380463206981280
1380463206981486
1380463206981611
1380463207025659
1380463207025795
1380463207040064
1380463207040132
1380463207040301
1380463207087775
1380463207099586
1380463207099652
1380463207141966
1380463207204960
1380463207238716
1380463207238975
1380463207267388
1380463207267472
1380463207267753
1380463207267879
1380463207298729
1380463207298884
1380463207324418
1380463207324644
1380463207330896
1380463207331030
1380463207331118
1380463207331364
1380463207331458
1380463207349060
1380463207349165
1380463207349268
1380463207349540
1380463207356684
1380463207372875
1380463207372975
1380463207373236
1380463207373335
1380463207373652
1380463207375459
1380463207375634
1380463207381063
1380463207393448
1380463207399773
1380463207399959
1380463207409654
1380463207409825
1380463207433867
1380463207433980
1380463207434068
1380463207434236
1380463207460077
1380463207460273
1380463207484122
1380463207484367
1380463207484531
1380463207510100
1380463207510625
1380463207534443
1380463207534635
1380463207534684
1380463207535830
1380463207560267
1380463207560379
1380463207560546
1380463207584285
1380463207584540
1380463207584762
1380463207586314
1380463207608585
1380463207608899
1380463207608977
1380463207609040
1380463207610622
1380463207611048
1380463207634664
1380463207660367
1380463207660471
1380463207660686
1380463207660755
1380463207669107
1380463207669241
1380463207669307
1380463207673325
1380463207673537
1380463207673663
1380463207674021
1380463207723770
1380463207723969
1380463207724503
1380463207727469
1380463207730448
1380463207736324
1380463207736466
1380463207736572
1380463207737859
1380463207737997
1380463207738222
1380463207738463
1380463207738617
1380463207784598
1380463207784891
1380463207784997
1380463207790176
1380463207790678
1380463207790723
1380463207790781
1380463207790863
1380463207790933
1380463207791047
1380463207791104
1380463207791156
1380463207791247
1380463207799383
1380463207799653
1380463207799794
1380463207799936
1380463207800141
1380463207800395
1380463207800508
1380463207801046
1380463207801153
1380463207802748
1380463207802856
1380463207802987
1380463207803132
1380463207817112
1380463207817188
1380463207817308
1380463207818585
1380463207818688
1380463207819049
1380463207819780
1380463207819889
1380463207820013
1380463207820249
1380463207820370
1380463207820478
1380463207843607
1380463207843918
1380463207844090
1380463207844163
1380463207844673
1380463207844701
1380463207844792
1380463207845461
1380463207845648
1380463207845893
1380463207846426
1380463207846451
1380463207846603
1380463207846625
1380463207846747
1380463207847362
1380463207847388
1380463207847934
1380463207848220
1380463207848244
1380463207848560
1380463207848587
1380463207848675
1380463207851177
1380463207863629
1380463207863785
1380463207863872
1380463207864180
1380463207864234
1380463207864319
1380463207864426
1380463207864485
1380463207864538
1380463207864594
1380463207865112
1380463207865237
1380463207865326
1380463207865691
1380463207865858
1380463207865953
1380463207866342
1380463207866866
1380463207867076
1380463207872565
1380463207872696
1380463207873400
1380463207873727
1380463207874092
1380463207874401
1380463207891923
1380463207892165
1380463207892340
1380463207892669
1380463207892867
1380463207893006
1380463207893120
1380463207893587
1380463207898375
1380463207898578
1380463207898720
1380463207898849
1380463207898981
1380463207899358
1380463207899557
1380463207899686
1380463207900164
1380463207900295
1380463207900432
1380463207900539
1380463207900725
1380463207900815
1380463207902970
1380463207903235
1380463207903948
1380463207904400
1380463207904551
1380463207904668
1380463207904884
1380463207905000
1380463207916921
1380463207916938
1380463207917000
1380463207917358
1380463207917377
1380463207918570
1380463207918640
1380463207918747
1380463207919031
1380463207919203
1380463207919321
1380463207919423
1380463207919494
1380463207919601
1380463207924955
1380463207925070
1380463207925284
1380463207926723
1380463207942061
1380463207944929
1380463207944949
1380463207945023
1380463207945182
1380463207949342
1380463207950965
1380463207951095
1380463207951266
1380463207951421
1380463207962575
1380463207962659
1380463207963881
1380463207964004
1380463207964209
1380463207964461
1380463207964618
1380463207964698
1380463207964994
1380463207965111
1380463207965202
1380463207965293
1380463207969375
1380463207969517
1380463207969704
1380463207975566
1380463207993185
1380463207993234
1380463208030361
1380463208030447
1380463208030504
1380463208030576
1380463208030626
1380463208030677
1380463208030728
1380463208057129
1380463208057345
1380463208057866
1380463208057946
1380463208058514
1380463208058915
1380463208058994
1380463208059104
1380463208059350
1380463208059433
1380463208059512
1380463208059981
1380463208082830
1380463208082990
1380463208083389
1380463208083614
1380463208083740
1380463208084057
1380463208084291
1380463208084524
1380463208084760
1380463208085007
1380463208085122
1380463208085214
1380463208085511
1380463208085648
1380463208085765
1380463208086241
1380463208107553
1380463208107636
1380463208110035
1380463208110084
1380463208110316
1380463208110652
1380463208110727
1380463208125570
1380463208125677
1380463208159149
1380463208159375
1380463208170859
1380463208171324
1380463208207520
1380463208207658
1380463208207833
1380463208242403
1380463208242475
1380463208275805
1380463208299654
1380463208305556
1380463208343867
1380463208344721
1380463208380847
1380463208381275
1380463208420371
1380463208457758
