1380026834056102
1380026834299556
1380026834299696
1380026834476536
1380026834476831
1380026834476928
1380026834477159
1380026834477458
1380026834477624
1380026834477683
1380026834478146
1380026834478231
1380026834478424
1380026834478512
1380026834526002
1380026834654314
1380026834654391
1380026834655018
1380026834655382
1380026834655660
1380026834656919
1380026834656984
1380026834657169
1380026834657232
1380026834657974
1380026834658031
1380026834658290
1380026834658369
1380026834658610
1380026834658666
1380026834658887
1380026834659312
1380026834706336
1380026834887956
1380026834888020
1380026834888971
1380026835065312
1380026835065394
1380026835065463
1380026835065693
1380026835077285
1380026835077336
1380026835077500
1380026835080279
1380026835256917
1380026835263408
1380026835263605
1380026835266489
1380026835442683
1380026835442742
1380026835442963
1380026835464540
1380026835464604
1380026835488182
1380026835489160
1380026835489219
1380026835489268
1380026835621158
1380026835621231
1380026835621428
1380026835621547
1380026835621654
1380026835653800
1380026835653934
1380026835654087
1380026835669458
1380026835669532
1380026835669688
1380026835669825
1380026835673527
1380026835673705
1380026835673934
1380026835674882
1380026835675251
1380026835675391
1380026835675537
1380026835675835
1380026835676496
1380026835676635
1380026835676762
1380026835676915
1380026835677419
1380026835706918
1380026835842593
1380026835842803
1380026835843065
1380026835843429
1380026835843749
1380026835843818
1380026835844000
1380026835844286
1380026835848445
1380026835848654
1380026835848721
1380026835848915
1380026835848983
1380026835849046
1380026835850782
1380026835851020
1380026835851267
1380026835851508
1380026835852014
1380026835858444
1380026835858616
1380026835859621
1380026835859726
1380026835859959
1380026835860044
1380026835860111
1380026835860199
1380026835860689
1380026835860756
1380026835861039
1380026835861445
1380026835861616
1380026835861777
1380026835861918
1380026835862200
1380026835862775
1380026835862940
1380026835863126
1380026835863187
1380026835887600
1380026835895131
1380026835986773
1380026836028935
1380026836029164
1380026836029935
1380026836030288
1380026836030627
1380026836031139
1380026836031210
1380026836031307
1380026836032588
1380026836032650
1380026836032914
1380026836033091
1380026836033258
1380026836033666
1380026836033744
1380026836033929
1380026836034367
1380026836034485
1380026836034716
1380026836034770
1380026836035000
1380026836035256
1380026836035288
1380026836041841
1380026836042115
1380026836042333
1380026836043725
1380026836043790
1380026836044702
1380026836044889
1380026836045310
1380026836045393
1380026836045462
1380026836045546
1380026836045874
1380026836045938
1380026836046175
1380026836047186
1380026836047845
1380026836047938
1380026836052390
1380026836052478
1380026836053713
1380026836054052
1380026836054391
1380026836058526
1380026836058596
1380026836058939
1380026836071217
1380026836071319
1380026836071391
1380026836072664
1380026836093221
1380026836093536
1380026836190836
1380026836207223
1380026836207321
1380026836207377
1380026836207468
1380026836208697
1380026836209138
1380026836209263
1380026836209488
1380026836222463
1380026836222533
1380026836222636
1380026836222890
1380026836222960
1380026836223166
1380026836226488
1380026836226540
1380026836230718
1380026836234784
1380026836234888
1380026836235157
1380026836249220
1380026836249308
1380026836249559
1380026836252567
1380026836252671
1380026836252942
1380026836253012
1380026836385399
1380026836385480
1380026836385555
1380026836385852
1380026836386086
1380026836386146
1380026836386238
1380026836387291
1380026836408623
1380026836413142
1380026836413613
1380026836413692
1380026836413940
1380026836417641
1380026836417739
1380026836417799
1380026836417908
1380026836417959
1380026836418224
1380026836427096
1380026836427212
1380026836427320
1380026836427512
1380026836427624
1380026836427694
1380026836427949
1380026836428013
1380026836432129
1380026836432223
1380026836432297
1380026836432643
1380026836432728
1380026836433001
1380026836446112
1380026836470155
1380026836490225
1380026836588900
1380026836589932
1380026836592166
1380026836592353
1380026836592569
1380026836592647
1380026836592908
1380026836593101
1380026836593222
1380026836598177
1380026836598255
1380026836598354
1380026836598736
1380026836598834
1380026836598934
1380026836599030
1380026836599437
1380026836599683
1380026836599803
1380026836600213
1380026836600602
1380026836600675
1380026836602930
1380026836603247
1380026836603520
1380026836603787
1380026836604071
1380026836604248
1380026836606013
1380026836606086
1380026836606484
1380026836606552
1380026836606652
1380026836606753
1380026836607034
1380026836607232
1380026836607332
1380026836607404
1380026836607720
1380026836607797
1380026836607910
1380026836608215
1380026836608459
1380026836608668
1380026836608828
1380026836609053
1380026836609174
1380026836609299
1380026836609862
1380026836609973
1380026836610119
1380026836610313
1380026836610477
1380026836610748
1380026836610939
1380026836611255
1380026836611406
1380026836611948
1380026836612254
1380026836612433
1380026836614008
1380026836614591
1380026836614692
1380026836658265
1380026836687906
1380026836726792
1380026836727126
1380026836732159
1380026836732407
1380026836733060
1380026836733078
1380026836737004
1380026836740153
1380026836740229
1380026836740336
1380026836740427
1380026836740924
1380026836741033
1380026836741121
1380026836741178
1380026836744528
1380026836744775
1380026836745381
1380026836745456
1380026836745881
1380026836745948
1380026836746360
1380026836746447
1380026836746553
1380026836746869
1380026836747253
1380026836747332
1380026836747688
1380026836747756
1380026836747861
1380026836748157
1380026836748420
1380026836773573
1380026836774084
1380026836774203
1380026836774561
1380026836774639
1380026836774924
1380026836774998
1380026836775085
1380026836775219
1380026836779205
1380026836779600
1380026836779719
1380026836779741
1380026836780286
1380026836780382
1380026836780785
1380026836780995
1380026836781256
1380026836781508
1380026836781601
1380026836781907
1380026836781983
1380026836782074
1380026836782488
1380026836782588
1380026836782667
1380026836782744
1380026836783259
1380026836783335
1380026836783431
1380026836783757
1380026836785876
1380026836786158
1380026836786349
1380026836786630
1380026836787196
1380026836787325
1380026836792002
1380026836792073
1380026836792178
1380026836792499
1380026836793384
1380026836793609
1380026836793707
1380026836793810
1380026836794167
1380026836794215
1380026836794323
1380026836805328
1380026836805710
1380026836805819
1380026836806218
1380026836806294
1380026836806379
1380026836806711
1380026836806822
1380026836955802
1380026836955899
1380026836955995
1380026836956495
1380026836956578
1380026836958032
1380026836958109
1380026836958369
1380026836958516
1380026836959069
1380026836959395
1380026836959490
1380026836959831
1380026836960106
1380026836960172
1380026836960397
1380026836960603
1380026836960956
1380026836961025
1380026836961128
1380026836961227
1380026836961564
1380026836961984
1380026836962157
1380026836962233
1380026836962352
1380026836962481
1380026836962691
1380026836962796
1380026836998712
1380026836998984
1380026836999212
1380026836999278
1380026836999569
1380026837005434
1380026837005837
1380026837006027
1380026837006304
1380026837006378
1380026837006483
1380026837006895
1380026837006960
1380026837007164
1380026837007270
1380026837108013
1380026837108092
1380026837108193
1380026837108678
1380026837112429
1380026837112497
1380026837112777
1380026837112864
1380026837113341
1380026837113404
1380026837113746
1380026837113988
1380026837114243
1380026837114664
1380026837114738
1380026837117304
1380026837117552
1380026837117836
1380026837118234
1380026837118523
1380026837118598
1380026837118854
1380026837119148
1380026837119213
1380026837119444
1380026837119811
1380026837119997
1380026837139745
1380026837140561
1380026837140692
1380026837144485
1380026837144553
1380026837145076
1380026837145150
1380026837145239
1380026837145329
1380026837145701
1380026837145760
1380026837145981
1380026837146086
1380026837180085
1380026837180149
1380026837180399
1380026837193635
1380026837193968
1380026837194133
1380026837222214
1380026837222275
1380026837222516
1380026837228835
1380026837228890
1380026837229073
1380026837321369
1380026837321465
1380026837321695
1380026837326439
1380026837326498
1380026837326714
1380026837361249
1380026837361324
1380026837361586
1380026837380970
1380026837381043
1380026837381281
1380026837417782
1380026837418060
1380026837418188
1380026837418481
1380026837418708
1380026837505696
1380026837506027
1380026837506167
1380026837506805
1380026837506885
1380026837507124
1380026837540834
1380026837541073
1380026837566698
1380026837567067
1380026837567201
1380026837604099
1380026837604178
1380026837604407
1380026837648973
1380026837649204
1380026837686883
1380026837686951
1380026837687046
1380026837687471
1380026837687656
1380026837687969
1380026837688188
1380026837719716
1380026837719798
1380026837720271
1380026837758314
1380026837758362
1380026837803365
1380026837803874
1380026837803987
1380026837804253
1380026837839290
1380026837839784
1380026837839872
1380026837840189
1380026837840289
1380026837869230
1380026837869311
1380026837869796
