1379774432376584
1379774432606401
1379774432610274
1379774432610478
1379774432661693
1379774432667884
1379774432668064
1379774432668318
1379774432671984
1379774432672238
1379774432672451
1379774432672579
1379774432672784
1379774432673003
1379774432673460
1379774432673617
1379774432676894
1379774432678274
1379774432681148
1379774432681430
1379774432681511
1379774432681577
1379774432681847
1379774432681925
1379774432682289
1379774432684965
1379774432685192
1379774432708532
1379774432711718
1379774432713956
1379774432714691
1379774432718980
1379774432722863
1379774432724413
1379774432726999
1379774432728382
1379774432731876
1379774432732294
1379774432734495
1379774432737966
1379774432738494
1379774432738776
1379774432741250
1379774432743071
1379774432743159
1379774432745434
1379774432745527
1379774432745791
1379774432746092
1379774432746238
1379774432746415
1379774432746559
1379774432746760
1379774432746905
1379774432747083
1379774432747140
1379774432747345
1379774432747484
1379774432747646
1379774432747826
1379774432748290
1379774432748585
1379774432750472
1379774432750545
1379774432750636
1379774432751460
1379774432751619
1379774432751884
1379774432751999
1379774432752251
1379774432752647
1379774432753285
1379774432753417
1379774432753492
1379774432753680
1379774432753835
1379774432753901
1379774432754095
1379774432754253
1379774432754422
1379774432754478
1379774432754726
1379774432755167
1379774432755319
1379774432755485
1379774432755565
1379774432755745
1379774432756184
1379774432756358
1379774432756430
1379774432756803
1379774432757092
1379774432757237
1379774432757318
1379774432758408
1379774432758488
1379774432758791
1379774432758981
1379774432759082
1379774432759132
1379774432759233
1379774432759506
1379774432759690
1379774432759907
1379774432760498
1379774432761004
1379774432761090
1379774432761218
1379774432761515
1379774432761795
1379774432761880
1379774432762166
1379774432762388
1379774432762472
1379774432762711
1379774432764273
1379774432764927
1379774432765372
1379774432765455
1379774432766370
1379774432766690
1379774432766905
1379774432767075
1379774432767144
1379774432767967
1379774432768232
1379774432768517
1379774432768676
1379774432768788
1379774432768979
1379774432769348
1379774432769498
1379774432769759
1379774432770224
1379774432770478
1379774432770626
1379774432770833
1379774432771132
1379774432771233
1379774432771468
1379774432771710
1379774432772008
1379774432772148
1379774432772326
1379774432772411
1379774432772574
1379774432772767
1379774432772915
1379774432773148
1379774432773292
1379774432773439
1379774432773640
1379774432773967
1379774432774114
1379774432774295
1379774432775017
1379774432775168
1379774432775429
1379774432775593
1379774432775762
1379774432775912
1379774432776014
1379774432776266
1379774432776363
1379774432776533
1379774432776789
1379774432776932
1379774432777227
1379774432777343
1379774432777540
1379774432777683
1379774432777941
1379774432778105
1379774432778252
1379774432778420
1379774432778551
1379774432778698
1379774432778767
1379774432778897
1379774432779078
1379774432779211
1379774432779346
1379774432779795
1379774432779918
1379774432780134
1379774432780170
1379774432780404
1379774432780503
1379774432780774
1379774432780912
1379774432781109
1379774432781282
1379774432781418
1379774432781583
1379774432781760
1379774432781908
1379774432783574
1379774432783882
1379774432784009
1379774432784343
1379774432784854
1379774432785022
1379774432785256
1379774432785492
1379774432785700
1379774432785831
1379774432785985
1379774432786121
1379774432786458
1379774432786628
1379774432786778
1379774432786905
1379774432788144
1379774432788746
1379774432788908
1379774432789034
1379774432789149
1379774432791246
1379774432791496
1379774432791774
1379774432791914
1379774432792115
1379774432792227
1379774432792366
1379774432792518
1379774432794383
1379774432794664
1379774432794927
1379774432795047
1379774432795261
1379774432795354
1379774432795605
1379774432795753
1379774432796018
1379774432796268
1379774432796401
1379774432796775
1379774432796993
1379774432797226
1379774432797353
1379774432797481
1379774432797686
1379774432797817
1379774432797923
1379774432798068
1379774432798229
1379774432798488
1379774432798862
1379774432799010
1379774432799194
1379774432799350
1379774432799504
1379774432799681
1379774432799785
1379774432799929
1379774432800102
1379774432800253
1379774432800860
1379774432801010
1379774432801324
1379774432801480
1379774432801685
1379774432801855
1379774432801956
1379774432802247
1379774432802405
1379774432803023
1379774432803206
1379774432803375
1379774432803555
1379774432803648
1379774432803937
1379774432804109
1379774432804271
1379774432804480
1379774432804622
1379774432804623
1379774432804813
1379774432804925
1379774432810325
1379774432810747
1379774432811012
1379774432811261
1379774432811472
1379774432811621
1379774432811969
1379774432812138
1379774432812424
1379774432812863
1379774432813260
1379774432813457
1379774432813709
1379774432813943
1379774432814208
1379774432814462
1379774432814692
1379774432814911
1379774432815078
1379774432815697
1379774432815890
1379774432816042
1379774432816233
1379774432818032
1379774432818317
1379774432818466
1379774432818710
1379774432818860
1379774432819093
1379774432819257
1379774432819475
1379774432819699
1379774432819777
1379774432819954
1379774432820173
1379774432820378
1379774432820505
1379774432820663
1379774432820871
1379774432821070
1379774432821151
1379774432821371
1379774432821491
1379774432821707
1379774432822055
1379774432822301
1379774432822466
1379774432822652
1379774432822802
1379774432822984
1379774432823117
1379774432823251
1379774432823385
1379774432823627
1379774432823749
1379774432824353
1379774432824648
1379774432824825
1379774432824923
1379774432825101
1379774432825290
1379774432825432
1379774432825660
1379774432825838
1379774432825985
1379774432826391
1379774432826540
1379774432826744
1379774432826976
1379774432827083
1379774432827342
1379774432827496
1379774432827766
1379774432827906
1379774432828044
1379774432828416
1379774432828757
1379774432829025
1379774432829158
1379774432829319
1379774432829478
1379774432829715
1379774432829893
1379774432830052
1379774432830157
1379774432830338
1379774432830528
1379774432830664
1379774432830889
1379774432830989
1379774432831249
1379774432831393
1379774432831645
1379774432831773
1379774432832037
1379774432832218
1379774432832286
1379774432832328
1379774432832468
1379774432832713
1379774432832904
1379774432833033
1379774432833247
1379774432833457
1379774432841840
1379774432842100
1379774432842227
1379774432843747
1379774432843898
1379774432844162
1379774432844327
1379774432844458
1379774432847959
1379774432848633
1379774432849254
1379774432849771
1379774432850080
1379774432850347
1379774432850598
1379774432851511
1379774432851885
1379774432852122
1379774432852263
1379774432853723
1379774432854013
1379774432854265
1379774432854524
1379774432854744
1379774432854859
1379774432857520
1379774432857703
1379774432857887
1379774432858578
1379774432858704
1379774432858946
1379774432860053
1379774432860233
1379774432860403
1379774432860951
1379774432861109
1379774432861758
1379774432861942
1379774432862364
1379774432862971
1379774432863256
1379774432863506
1379774432865707
1379774432867234
1379774432867997
1379774432869213
1379774432869348
1379774432873076
1379774432873083
1379774432873286
1379774432878065
1379774432878291
1379774432878425
1379774432878545
1379774432878798
1379774432878879
1379774432879059
1379774432879240
1379774432879355
1379774432889508
1379774432889735
1379774432889929
1379774432890058
1379774432890303
1379774432890462
1379774432890606
1379774432890759
1379774432890996
1379774432891140
1379774432891241
1379774432891588
1379774432892127
1379774432892419
1379774432892883
1379774432893105
1379774432893218
1379774432904434
1379774432904619
1379774432904796
1379774432904997
1379774432905144
1379774432905241
1379774432905608
1379774432905727
1379774432905911
1379774432906184
1379774432906319
1379774432918682
1379774432918959
1379774432919242
1379774432919354
1379774432919532
1379774432919645
1379774432931857
1379774432932054
1379774432932188
1379774432932371
1379774432932518
1379774432932749
1379774432932907
1379774432933140
1379774432933339
1379774432994914
1379774432999220
1379774432999383
1379774432999559
1379774432999681
1379774433005337
1379774433005597
1379774433005766
1379774433006162
1379774433006347
1379774433006539
1379774433006733
1379774433007385
1379774433007550
1379774433007666
1379774433012470
1379774433012622
1379774433012997
1379774433013126
1379774433013235
1379774433013533
1379774433013978
1379774433014317
1379774433014549
1379774433014657
1379774433014882
1379774433014998
1379774433015153
1379774433015341
1379774433016127
1379774433016390
1379774433016577
1379774433016719
1379774433016963
1379774433017080
1379774433017492
1379774433017894
1379774433018062
1379774433022080
1379774433022344
1379774433022707
1379774433022941
1379774433023216
1379774433023374
1379774433023601
1379774433023885
1379774433024003
1379774433025478
1379774433025631
1379774433025919
1379774433026050
1379774433026232
1379774433026378
1379774433026629
1379774433026773
1379774433027047
1379774433027219
1379774433027395
1379774433027584
1379774433027730
1379774433027840
1379774433028344
1379774433028496
1379774433028681
1379774433028840
1379774433029076
1379774433029212
1379774433029457
1379774433029657
1379774433029786
1379774433029866
1379774433030087
1379774433030303
1379774433030442
1379774433037578
1379774433037792
1379774433038437
1379774433038824
1379774433039098
1379774433039259
1379774433039488
1379774433039889
1379774433040002
1379774433042331
1379774433043672
1379774433044238
1379774433045822
1379774433045986
1379774433046221
1379774433046397
1379774433055900
1379774433056143
1379774433056257
1379774433056522
1379774433056682
1379774433056900
1379774433059393
1379774433059571
1379774433067108
1379774433067302
1379774433067467
1379774433067700
1379774433067875
1379774433068019
1379774433070203
1379774433070323
1379774433070463
1379774433070978
1379774433076600
1379774433076869
1379774433080819
1379774433080974
1379774433081170
1379774433081250
1379774433081329
1379774433081445
1379774433091829
1379774433091982
1379774433092161
1379774433092365
1379774433092536
1379774433092824
1379774433093004
1379774433093277
1379774433096224
1379774433102088
1379774433102280
1379774433102560
1379774433102777
1379774433102933
1379774433103198
1379774433103440
1379774433103955
1379774433104103
1379774433104263
1379774433104378
1379774433113014
1379774433113337
1379774433113597
1379774433113766
1379774433114017
1379774433114140
1379774433115202
1379774433115590
1379774433115913
1379774433116344
1379774433116741
1379774433116936
1379774433117392
1379774433117683
1379774433117862
1379774433118029
1379774433121774
1379774433122016
1379774433122268
1379774433122401
1379774433123851
1379774433124132
1379774433124255
1379774433124804
1379774433126770
1379774433126903
1379774433127201
1379774433127302
1379774433131390
1379774433131863
1379774433132159
1379774433132392
1379774433132655
1379774433132857
1379774433138801
1379774433139126
1379774433139447
1379774433139631
1379774433139922
1379774433140124
1379774433140311
1379774433140549
1379774433140656
1379774433140743
1379774433148042
1379774433148334
1379774433148457
1379774433151506
1379774433151795
1379774433152043
1379774433152256
1379774433152477
1379774433152714
1379774433152899
1379774433153165
1379774433153333
1379774433153471
1379774433156541
1379774433160331
1379774433160652
1379774433160910
1379774433161124
1379774433161261
1379774433166534
1379774433166972
1379774433167244
1379774433167488
1379774433167732
1379774433167986
1379774433168264
1379774433168501
1379774433168841
1379774433169001
1379774433169287
1379774433169418
1379774433173218
1379774433173537
1379774433173750
1379774433173935
1379774433174126
1379774433174835
1379774433175061
1379774433175239
1379774433175458
1379774433175616
1379774433185646
1379774433186852
1379774433188954
1379774433189778
1379774433189975
1379774433190131
1379774433190367
1379774433190473
1379774433190636
1379774433190767
1379774433190852
1379774433190872
1379774433190889
1379774433190942
1379774433191235
1379774433191332
1379774433191510
1379774433193510
1379774433209352
1379774433209688
1379774433209936
1379774433210039
1379774433235411
1379774433235586
1379774433235770
1379774433244810
1379774433244939
1379774433250851
1379774433251205
1379774433251399
1379774433251531
1379774433256464
1379774433256621
1379774433257011
1379774433257162
1379774433257314
1379774433257434
1379774433264371
1379774433264567
1379774433264964
1379774433265106
1379774433265341
1379774433265558
1379774433266145
1379774433270755
1379774433271008
1379774433271102
1379774433271560
1379774433271716
1379774433271857
1379774433271971
1379774433277695
1379774433278292
1379774433278474
1379774433278669
1379774433278663
1379774433278903
1379774433279113
1379774433279307
1379774433279396
1379774433281509
1379774433281522
1379774433281861
1379774433281877
1379774433282135
1379774433289105
1379774433289297
1379774433289479
1379774433289630
1379774433289845
1379774433290059
1379774433290278
1379774433290405
1379774433298318
1379774433298553
1379774433305953
1379774433306167
1379774433314020
1379774433314175
1379774433314310
1379774433320499
1379774433321843
1379774433321995
1379774433329242
1379774433329547
1379774433329680
1379774433364342
1379774433365688
1379774433367029
1379774433368542
1379774433369842
1379774433371157
1379774433392815
1379774433404131
1379774433404290
1379774433408022
1379774433408132
1379774433408296
1379774433408452
1379774433412204
1379774433412335
1379774433412564
1379774433412780
1379774433412941
1379774433414389
1379774433414568
1379774433414724
1379774433421580
1379774433421818
1379774433421930
1379774433422163
1379774433422328
1379774433422490
1379774433422694
1379774433444444
1379774433444705
1379774433460586
1379774433460595
1379774433461317
1379774433461561
1379774433461899
1379774433462123
1379774433464844
1379774433472578
1379774433473070
1379774433473427
1379774433473486
1379774433500041
1379774433504190
1379774433504267
1379774433504357
1379774433504442
1379774433504535
1379774433504740
1379774433504817
1379774433508774
1379774433508882
1379774433510282
1379774433510302
1379774433510320
1379774433510489
1379774433510512
1379774433510529
1379774433510549
1379774433510565
1379774433510582
1379774433511206
1379774433511226
1379774433511234
1379774433511315
1379774433511719
1379774433512276
1379774433512749
1379774433512964
1379774433513464
1379774433513632
1379774433513784
1379774433514010
1379774433514166
1379774433514364
1379774433514761
1379774433515022
1379774433516015
1379774433516197
1379774433516828
1379774433518317
1379774433518411
1379774433518669
1379774433518940
1379774433519420
1379774433519803
1379774433520004
1379774433520394
1379774433521290
1379774433521469
1379774433522645
1379774433524148
1379774433524240
1379774433524305
1379774433524383
1379774433525613
1379774433525944
1379774433526852
1379774433528693
1379774433530551
1379774433531856
1379774433531875
1379774433531893
1379774433531907
1379774433531921
1379774433531977
1379774433532315
1379774433532874
1379774433534384
1379774433535835
1379774433537423
1379774433538814
1379774433540291
1379774433544328
1379774433544851
1379774433546239
1379774433554341
1379774433555324
1379774433556273
1379774433557192
1379774433558216
1379774433559099
1379774433561110
1379774433562539
1379774433564103
1379774433565581
1379774433567333
1379774433569052
1379774433580901
1379774433581837
1379774433583727
1379774433584657
1379774433587443
1379774433588882
1379774433590240
1379774433591804
1379774433593284
1379774433594642
1379774433605246
1379774433607148
1379774433607159
1379774433608223
1379774433608383
1379774433608605
1379774433613355
1379774433614743
1379774433616168
1379774433617631
1379774433619038
1379774433621493
1379774433642219
1379774433643722
1379774433645341
1379774433646886
1379774433648413
1379774433649912
1379774433658631
1379774433660602
1379774433662145
1379774433663639
1379774433665172
1379774433666660
1379774433672455
1379774433673999
1379774433675490
1379774433677279
1379774433678757
1379774433680339
1379774433682527
1379774433684067
1379774433685583
1379774433687081
1379774433688663
1379774433690562
1379774433692512
1379774433694136
1379774433695790
1379774433697313
1379774433698961
1379774433700530
1379774433702420
1379774433704522
1379774433706011
1379774433707437
1379774433707593
1379774433709200
1379774433710672
1379774433712764
1379774433714118
1379774433715516
1379774433716959
1379774433718433
1379774433719824
1379774433722348
1379774433723727
1379774433725115
1379774433731063
1379774433731326
1379774433735557
1379774433735622
1379774433735699
1379774433735828
1379774433739638
1379774433739725
1379774433740084
1379774433740173
1379774433740556
1379774433740643
1379774433741070
1379774433741196
1379774433744524
1379774433744597
1379774433744827
1379774433744924
1379774433745178
1379774433745324
1379774433759520
1379774433759528
1379774433759534
1379774433759834
1379774433760008
1379774433760105
1379774433761426
1379774433761662
1379774433761814
1379774433762018
1379774433762245
1379774433762406
1379774433762593
1379774433762719
1379774433762943
1379774433763129
1379774433763244
1379774433763359
1379774433765620
1379774433765846
1379774433766066
1379774433766302
1379774433766445
1379774433766590
1379774433766805
1379774433766972
1379774433767207
1379774433767372
1379774433767600
1379774433767719
1379774433768362
1379774433768382
1379774433768647
1379774433768799
1379774433769053
1379774433769280
1379774433769412
1379774433769695
1379774433769868
1379774433770064
1379774433770205
1379774433770300
1379774433770488
1379774433770677
1379774433770768
1379774433771849
1379774433771981
1379774433772154
1379774433772357
1379774433772580
1379774433772775
1379774433772876
1379774433773103
1379774433773210
1379774433773341
1379774433773494
1379774433773584
1379774433773773
1379774433774089
1379774433774180
1379774433774473
1379774433774584
1379774433774868
1379774433775027
1379774433775110
1379774433775116
1379774433775273
1379774433775474
1379774433775620
1379774433778232
1379774433778241
1379774433778426
1379774433778618
1379774433778802
1379774433778944
1379774433779122
1379774433779332
1379774433779746
1379774433779865
1379774433780813
1379774433781068
1379774433781226
1379774433781501
1379774433781677
1379774433781799
1379774433781935
1379774433782155
1379774433782339
1379774433782475
1379774433782718
1379774433782920
1379774433783110
1379774433783316
1379774433783533
1379774433783757
1379774433783924
1379774433784106
1379774433784294
1379774433784427
1379774433787779
1379774433787938
1379774433788161
1379774433788346
1379774433788504
1379774433788615
1379774433789905
1379774433790091
1379774433790211
1379774433790453
1379774433790575
1379774433790811
1379774433790968
1379774433791168
1379774433791316
1379774433791516
1379774433793465
1379774433793473
1379774433793669
1379774433793874
1379774433794107
1379774433794268
1379774433794467
1379774433794622
1379774433794823
1379774433794959
1379774433795119
1379774433796860
1379774433796994
1379774433797196
1379774433797391
1379774433797527
1379774433797777
1379774433797967
1379774433798084
1379774433798870
1379774433799025
1379774433799301
1379774433799476
1379774433799588
1379774433799736
1379774433799931
1379774433800079
1379774433800350
1379774433800476
1379774433800693
1379774433801263
1379774433801480
1379774433801598
1379774433801738
1379774433801959
1379774433802077
1379774433802323
1379774433802477
1379774433802642
1379774433802778
1379774433802925
1379774433803172
1379774433803410
1379774433803664
1379774433803807
1379774433804108
1379774433804257
1379774433804348
1379774433816691
1379774433816700
1379774433816706
1379774433824770
1379774433824975
1379774433825191
1379774433825380
1379774433825790
1379774433825966
1379774433826193
1379774433826482
1379774433826763
1379774433826993
1379774433830374
1379774433834053
1379774433834405
1379774433834623
1379774433835074
1379774433835410
1379774433836101
1379774433836344
1379774433836421
1379774433836792
1379774433837018
1379774433837079
1379774433837361
1379774433837438
1379774433837640
1379774433837701
1379774433837891
1379774433841675
1379774433865939
1379774433869953
1379774433870027
1379774433870241
1379774433870314
1379774433870397
1379774433870626
1379774433870709
1379774433870773
1379774433871080
1379774433871162
1379774433873659
1379774433873757
1379774433874693
1379774433874915
1379774433875544
1379774433875693
1379774433876080
1379774433876356
1379774433876467
1379774433876952
1379774433877240
1379774433877365
1379774433877643
1379774433877803
1379774433877974
1379774433878084
1379774433878232
1379774433878357
1379774433878553
1379774433878924
1379774433879163
1379774433879431
1379774433879650
1379774433881110
1379774433881954
1379774433882542
1379774433883056
1379774433883470
1379774433883797
1379774433883964
1379774433884804
1379774433884916
1379774433885116
1379774433885333
1379774433885523
1379774433885803
1379774433885936
1379774433886205
1379774433886317
1379774433886470
1379774433886620
1379774433886777
1379774433886937
1379774433887122
1379774433887264
1379774433887417
1379774433887526
1379774433891090
1379774433891350
1379774433891505
1379774433891767
1379774433891930
1379774433892182
1379774433892364
1379774433892552
1379774433892781
1379774433892951
1379774433893161
1379774433893356
1379774433893462
1379774433894298
1379774433894623
1379774433894827
1379774433894963
1379774433895189
1379774433895333
1379774433895575
1379774433895739
1379774433895915
1379774433896135
1379774433896300
1379774433896471
1379774433896699
1379774433896849
1379774433896951
1379774433898133
1379774433898272
1379774433898422
1379774433898607
1379774433898773
1379774433898952
1379774433899208
1379774433899478
1379774433899612
1379774433901256
1379774433901704
1379774433901968
1379774433902223
1379774433902352
1379774433902498
1379774433902717
1379774433902884
1379774433903083
1379774433903201
1379774433903347
1379774433903516
1379774433903980
1379774433904116
1379774433904304
1379774433904476
1379774433904646
1379774433904829
1379774433905023
1379774433905188
1379774433905368
1379774433905566
1379774433905769
1379774433905956
1379774433906066
1379774433906268
1379774433906418
1379774433906614
1379774433906717
1379774433906934
1379774433908061
1379774433908216
1379774433908531
1379774433908689
1379774433908825
1379774433909052
1379774433909293
1379774433909497
1379774433909744
1379774433909948
1379774433910179
1379774433910409
1379774433910605
1379774433910795
1379774433911009
1379774433911160
1379774433911349
1379774433912221
1379774433912382
1379774433912591
1379774433912800
1379774433912973
1379774433913143
1379774433913329
1379774433913550
1379774433913784
1379774433913921
1379774433914179
1379774433914396
1379774433914524
1379774433914650
1379774433914851
1379774433915199
1379774433915337
1379774433916057
1379774433916309
1379774433916464
1379774433916726
1379774433916875
1379774433917077
1379774433917451
1379774433917655
1379774433917814
1379774433918011
1379774433918166
1379774433918287
1379774433918574
1379774433918854
1379774433919002
1379774433919180
1379774433919337
1379774433919432
1379774433919875
1379774433920193
1379774433920427
1379774433920621
1379774433920749
1379774433920989
1379774433921158
1379774433921307
1379774433921468
1379774433921662
1379774433921771
1379774433922015
1379774433922136
1379774433922372
1379774433922577
1379774433922744
1379774433922844
1379774433923103
1379774433923258
1379774433923364
1379774433923615
1379774433923725
1379774433924593
1379774433924782
1379774433924920
1379774433925086
1379774433925304
1379774433925447
1379774433925679
1379774433925926
1379774433926054
1379774433926194
1379774433926434
1379774433926620
1379774433926748
1379774433926998
1379774433927170
1379774433927337
1379774433927431
1379774433928187
1379774433928344
1379774433928621
1379774433928719
1379774433928937
1379774433929115
1379774433929291
1379774433929424
1379774433929651
1379774433929786
1379774433929947
1379774433930150
1379774433930353
1379774433930487
1379774433930723
1379774433930896
1379774433931061
1379774433931269
1379774433931379
1379774433931849
1379774433932468
1379774433932779
1379774433932913
1379774433933095
1379774433933225
1379774433933471
1379774433933666
1379774433933822
1379774433933978
1379774433934209
1379774433934426
1379774433934656
1379774433934805
1379774433935001
1379774433935177
1379774433935343
1379774433935548
1379774433935689
1379774433936442
1379774433936554
1379774433936769
1379774433936929
1379774433937182
1379774433937326
1379774433937501
1379774433937741
1379774433937858
1379774433938031
1379774433938271
1379774433938446
1379774433938655
1379774433938793
1379774433938980
1379774433939190
1379774433939482
1379774433939630
1379774433939755
1379774433940022
1379774433940132
1379774433940498
1379774433940640
1379774433940802
1379774433940960
1379774433941161
1379774433941276
1379774433941430
1379774433941635
1379774433941768
1379774433942238
1379774433942367
1379774433942593
1379774433942702
1379774433942931
1379774433943027
1379774433943199
1379774433943385
1379774433943635
1379774433943775
1379774433943873
1379774433944404
1379774433944617
1379774433944929
1379774433945190
1379774433945487
1379774433945667
1379774433945991
1379774433946201
1379774433946460
1379774433946729
1379774433946992
1379774433947068
1379774433947274
1379774433947539
1379774433947692
1379774433948504
1379774433948712
1379774433949114
1379774433949309
1379774433949555
1379774433949758
1379774433949970
1379774433950189
1379774433950454
1379774433950703
1379774433950964
1379774433951223
1379774433951496
1379774433951793
1379774433952044
1379774433952193
1379774433952753
1379774433952914
1379774433953139
1379774433953295
1379774433953469
1379774433953731
1379774433953951
1379774433954224
1379774433954446
1379774433954722
1379774433955008
1379774433955259
1379774433955414
1379774433955638
1379774433955761
1379774433956028
1379774433956150
1379774433956363
1379774433956531
1379774433956724
1379774433957178
1379774433957452
1379774433957611
1379774433957919
1379774433958168
1379774433958467
1379774433958686
1379774433958839
1379774433959081
1379774433959296
1379774433959513
1379774433959757
1379774433959968
1379774433960181
1379774433960508
1379774433960692
1379774433960949
1379774433961127
1379774433961402
1379774433961661
1379774433961922
1379774433962127
1379774433962362
1379774433962636
1379774433962860
1379774433963095
1379774433963262
1379774433963507
1379774433963722
1379774433963878
1379774433965521
1379774433965757
1379774433965972
1379774433966246
1379774433966429
1379774433966995
1379774433967237
1379774433967431
1379774433967685
1379774433967883
1379774433968120
1379774433968382
1379774433968704
1379774433968996
1379774433969246
1379774433969496
1379774433969758
1379774433970014
1379774433970357
1379774433970662
1379774433970951
1379774433971184
1379774433971467
1379774433971707
1379774433971985
1379774433972197
1379774433972369
1379774433974112
1379774433974357
1379774433974636
1379774433974908
1379774433975283
1379774433975562
1379774433975788
1379774433976028
1379774433976216
1379774433976494
1379774433976659
1379774433976910
1379774433977090
1379774433977247
1379774433977560
1379774433977871
1379774433978029
1379774433978243
1379774433978512
1379774433978806
1379774433979065
1379774433979245
1379774433979513
1379774433979709
1379774433979868
1379774433980180
1379774433980375
1379774433980591
1379774433980841
1379774433981016
1379774433981291
1379774433981456
1379774433981682
1379774433981930
1379774433982233
1379774433982465
1379774433982637
1379774433982842
1379774433983057
1379774433983259
1379774433983526
1379774433983789
1379774433984047
1379774433984248
1379774433984498
1379774433984628
1379774433985255
1379774433985502
1379774433986000
1379774433986331
1379774433986532
1379774433986801
1379774433986939
1379774433987272
1379774433987547
1379774433987807
1379774433988039
1379774433988303
1379774433988559
1379774433988824
1379774433989079
1379774433989245
1379774433989379
1379774433989977
1379774433990253
1379774433990453
1379774433990737
1379774433991034
1379774433991148
1379774433991569
1379774433991740
1379774433991979
1379774433992230
1379774433992574
1379774433992772
1379774433992982
1379774433993155
1379774433993527
1379774433993749
1379774433993985
1379774433994257
1379774433994510
1379774433994720
1379774433995256
1379774433995473
1379774433995671
1379774433995924
1379774433996087
1379774433996304
1379774433996496
1379774433996693
1379774433996941
1379774433997136
1379774433997289
1379774434000642
1379774434000868
1379774434001175
1379774434001426
1379774434001665
1379774434001901
1379774434002539
1379774434002998
1379774434003251
1379774434003815
1379774434004355
1379774434005301
1379774434005722
1379774434006304
1379774434006837
1379774434007244
1379774434007420
1379774434009001
1379774434009523
1379774434009731
1379774434009991
1379774434010183
1379774434010607
1379774434010853
1379774434011015
1379774434011164
1379774434011524
1379774434011680
1379774434011899
1379774434012142
1379774434012358
1379774434012610
1379774434012777
1379774434012953
1379774434013212
1379774434013374
1379774434013570
1379774434013823
1379774434014012
1379774434014235
1379774434014442
1379774434014714
1379774434014859
1379774434015070
1379774434015274
1379774434015456
1379774434015733
1379774434015908
1379774434016124
1379774434016322
1379774434016602
1379774434016849
1379774434017114
1379774434017343
1379774434017534
1379774434018020
1379774434018425
1379774434018801
1379774434019094
1379774434019303
1379774434019503
1379774434019773
1379774434020002
1379774434020148
1379774434021237
1379774434021436
1379774434021657
1379774434021877
1379774434022108
1379774434022332
1379774434022638
1379774434022888
1379774434023202
1379774434023393
1379774434023724
1379774434023953
1379774434024180
1379774434024317
1379774434025875
1379774434026784
1379774434027017
1379774434027422
1379774434027687
1379774434028026
1379774434028333
1379774434028671
1379774434028948
1379774434029204
1379774434029473
1379774434029702
1379774434029869
1379774434030127
1379774434030371
1379774434030539
1379774434030899
1379774434031162
1379774434031405
1379774434031640
1379774434031932
1379774434032185
1379774434032506
1379774434032775
1379774434032971
1379774434034275
1379774434034480
1379774434034705
1379774434034874
1379774434035042
1379774434035286
1379774434035502
1379774434035759
1379774434036041
1379774434036390
1379774434036648
1379774434036906
1379774434037108
1379774434037357
1379774434037538
1379774434037742
1379774434037958
1379774434038222
1379774434038404
1379774434038592
1379774434038804
1379774434039057
1379774434039297
1379774434039524
1379774434039798
1379774434040089
1379774434040345
1379774434040517
1379774434040716
1379774434040938
1379774434041130
1379774434041331
1379774434041926
1379774434042219
1379774434042356
1379774434042656
1379774434042818
1379774434043033
1379774434043291
1379774434043535
1379774434043703
1379774434043939
1379774434044273
1379774434044530
1379774434044821
1379774434045026
1379774434045296
1379774434045581
1379774434045801
1379774434046077
1379774434046343
1379774434046609
1379774434046885
1379774434047119
1379774434047256
1379774434047861
1379774434048107
1379774434048280
1379774434048513
1379774434048686
1379774434048906
1379774434049046
1379774434049252
1379774434049454
1379774434049600
1379774434050486
1379774434050710
1379774434050911
1379774434051116
1379774434051517
1379774434051989
1379774434052310
1379774434052759
1379774434053287
1379774434054718
1379774434055053
1379774434055162
1379774434055465
1379774434055572
1379774434055615
1379774434056521
1379774434056691
1379774434056860
1379774434057039
1379774434057139
1379774434057285
1379774434057468
1379774434057738
1379774434057843
1379774434058031
1379774434058179
1379774434058327
1379774434058438
1379774434058542
1379774434058651
1379774434058886
1379774434059051
1379774434059222
1379774434059349
1379774434059526
1379774434060215
1379774434060337
1379774434060796
1379774434060930
1379774434061077
1379774434061189
1379774434061325
1379774434061468
1379774434061712
1379774434061873
1379774434062090
1379774434062228
1379774434062344
1379774434062607
1379774434062744
1379774434062917
1379774434063072
1379774434063198
1379774434063316
1379774434063443
1379774434063562
1379774434063687
1379774434063854
1379774434064004
1379774434064146
1379774434064340
1379774434064479
1379774434064601
1379774434064733
1379774434064840
1379774434064974
1379774434066352
1379774434066473
1379774434066614
1379774434068089
1379774434068260
1379774434068374
1379774434068542
1379774434068674
1379774434068783
1379774434068962
1379774434069131
1379774434069266
1379774434069430
1379774434069587
1379774434069713
1379774434069910
1379774434070034
1379774434070169
1379774434070287
1379774434070471
1379774434070612
1379774434070766
1379774434070897
1379774434071009
1379774434071509
1379774434071625
1379774434071880
1379774434072047
1379774434072514
1379774434072633
1379774434072875
1379774434073038
1379774434073260
1379774434073376
1379774434073631
1379774434073750
1379774434074012
1379774434074175
1379774434074350
1379774434074499
1379774434074619
1379774434074720
1379774434075040
1379774434075225
1379774434075414
1379774434075574
1379774434075748
1379774434075886
1379774434076043
1379774434076138
1379774434076301
1379774434076498
1379774434076617
1379774434076737
1379774434076919
1379774434077078
1379774434077253
1379774434077424
1379774434077559
1379774434077746
1379774434077941
1379774434078060
1379774434078303
1379774434078420
1379774434078674
1379774434078826
1379774434079178
1379774434079432
1379774434079560
1379774434079676
1379774434079856
1379774434080016
1379774434080129
1379774434080295
1379774434080423
1379774434080815
1379774434080974
1379774434081108
1379774434081236
1379774434081382
1379774434081562
1379774434081660
1379774434081778
1379774434081892
1379774434082024
1379774434082139
1379774434082345
1379774434082502
1379774434083865
1379774434083982
1379774434084200
1379774434084369
1379774434084551
1379774434084794
1379774434084967
1379774434085100
1379774434085300
1379774434086282
1379774434086621
1379774434086931
1379774434087086
1379774434087270
1379774434087478
1379774434087645
1379774434087857
1379774434088036
1379774434088214
1379774434088389
1379774434088547
1379774434088764
1379774434088943
1379774434089150
1379774434089326
1379774434089444
1379774434089572
1379774434089768
1379774434089895
1379774434090149
1379774434090282
1379774434090435
1379774434090650
1379774434090771
1379774434090915
1379774434091030
1379774434091208
1379774434091369
1379774434091480
1379774434091644
1379774434091762
1379774434091875
1379774434092001
1379774434092160
1379774434092291
1379774434092439
1379774434092619
1379774434092817
1379774434092939
1379774434093101
1379774434093255
1379774434093413
1379774434093592
1379774434093891
1379774434094058
1379774434094189
1379774434094386
1379774434095651
1379774434095800
1379774434096019
1379774434096171
1379774434099603
1379774434099911
1379774434100120
1379774434100343
1379774434100562
1379774434100815
1379774434101108
1379774434101342
1379774434101595
1379774434101805
1379774434102025
1379774434102252
1379774434102593
1379774434102874
1379774434103113
1379774434103441
1379774434103703
1379774434103923
1379774434104170
1379774434104380
1379774434104661
1379774434104871
1379774434105079
1379774434105321
1379774434105487
1379774434105724
1379774434105928
1379774434106148
1379774434106339
1379774434106481
1379774434107450
1379774434107674
1379774434107940
1379774434108199
1379774434108455
1379774434108782
1379774434109060
1379774434109270
1379774434109443
1379774434110258
1379774434110436
1379774434110950
1379774434111146
1379774434111341
1379774434111538
1379774434111705
1379774434111976
1379774434112218
1379774434112473
1379774434112689
1379774434112902
1379774434113215
1379774434113483
1379774434113769
1379774434113969
1379774434114118
1379774434114716
1379774434115070
1379774434115289
1379774434115516
1379774434115675
1379774434115932
1379774434116165
1379774434116357
1379774434116582
1379774434116732
1379774434116987
1379774434117226
1379774434117452
1379774434117687
1379774434117970
1379774434118242
1379774434118456
1379774434118705
1379774434118936
1379774434119196
1379774434119462
1379774434119726
1379774434119956
1379774434120178
1379774434120383
1379774434120528
1379774434120773
1379774434120893
1379774434121169
1379774434121291
1379774434121498
1379774434121651
1379774434122449
1379774434122713
1379774434122883
1379774434123153
1379774434123469
1379774434123714
1379774434124016
1379774434124235
1379774434124462
1379774434124765
1379774434125023
1379774434125321
1379774434125473
1379774434126317
1379774434126475
1379774434126652
1379774434127000
1379774434127323
1379774434127479
1379774434127652
1379774434127874
1379774434128127
1379774434128324
1379774434128566
1379774434128779
1379774434128962
1379774434129194
1379774434129413
1379774434129634
1379774434129921
1379774434130098
1379774434130333
1379774434130561
1379774434130844
1379774434130966
1379774434131233
1379774434131377
1379774434131578
1379774434131755
1379774434131987
1379774434132215
1379774434132386
1379774434132590
1379774434132798
1379774434132925
1379774434133178
1379774434133305
1379774434133524
1379774434133655
1379774434133912
1379774434134134
1379774434134398
1379774434134668
1379774434134934
1379774434135184
1379774434135446
1379774434135717
1379774434135991
1379774434136254
1379774434136506
1379774434136774
1379774434136991
1379774434137128
1379774434137385
1379774434137511
1379774434138868
1379774434139186
1379774434139437
1379774434139708
1379774434139939
1379774434140203
1379774434140388
1379774434140700
1379774434140967
1379774434141240
1379774434141511
1379774434141682
1379774434142108
1379774434142260
1379774434142435
1379774434142968
1379774434143249
1379774434143416
1379774434143665
1379774434143798
1379774434144037
1379774434144284
1379774434144473
1379774434144724
1379774434144976
1379774434145145
1379774434145416
1379774434145660
1379774434145964
1379774434146187
1379774434146434
1379774434146693
1379774434146932
1379774434147258
1379774434147463
1379774434147661
1379774434147832
1379774434148197
1379774434148419
1379774434148641
1379774434148784
1379774434149082
1379774434149297
1379774434149494
1379774434149722
1379774434149901
1379774434150158
1379774434150426
1379774434150560
1379774434150859
1379774434151022
1379774434151294
1379774434151554
1379774434151813
1379774434152085
1379774434152319
1379774434152505
1379774434152745
1379774434153000
1379774434153184
1379774434153379
1379774434153508
1379774434154789
1379774434155105
1379774434155398
1379774434155626
1379774434155833
1379774434156103
1379774434156379
1379774434156637
1379774434156942
1379774434157239
1379774434157540
1379774434157674
1379774434157943
1379774434158804
1379774434159059
1379774434159243
1379774434159469
1379774434159602
1379774434159852
1379774434160046
1379774434160230
1379774434160455
1379774434160643
1379774434160846
1379774434161116
1379774434161369
1379774434161640
1379774434161866
1379774434162095
1379774434162359
1379774434162530
1379774434162828
1379774434163112
1379774434163391
1379774434163708
1379774434163872
1379774434165460
1379774434165679
1379774434165878
1379774434165997
1379774434166306
1379774434166490
1379774434166762
1379774434166907
1379774434167706
1379774434167891
1379774434168179
1379774434168418
1379774434168686
1379774434168946
1379774434169202
1379774434169478
1379774434169805
1379774434170054
1379774434170349
1379774434170560
1379774434170725
1379774434171803
1379774434172102
1379774434172279
1379774434172524
1379774434172762
1379774434173002
1379774434173302
1379774434173549
1379774434173861
1379774434174151
1379774434174416
1379774434174663
1379774434174770
1379774434175142
1379774434175853
1379774434176131
1379774434176287
1379774434176474
1379774434176670
1379774434176887
1379774434177071
1379774434177324
1379774434177529
1379774434177728
1379774434177972
1379774434178263
1379774434178445
1379774434178716
1379774434178876
1379774434179056
1379774434179331
1379774434179493
1379774434179695
1379774434179892
1379774434180178
1379774434180321
1379774434180535
1379774434180744
1379774434180916
1379774434181141
1379774434181386
1379774434181551
1379774434181758
1379774434181899
1379774434182085
1379774434182343
1379774434182473
1379774434182777
1379774434182994
1379774434183161
1379774434183454
1379774434183732
1379774434184012
1379774434184291
1379774434184537
1379774434184813
1379774434185058
1379774434185249
1379774434185543
1379774434185729
1379774434185976
1379774434186161
1379774434186372
1379774434186598
1379774434186783
1379774434187843
1379774434188106
1379774434188359
1379774434188671
1379774434188935
1379774434189164
1379774434189399
1379774434189650
1379774434189954
1379774434190166
1379774434190423
1379774434191069
1379774434191564
1379774434191743
1379774434192031
1379774434192245
1379774434192492
1379774434192655
1379774434192914
1379774434193089
1379774434193278
1379774434193554
1379774434193789
1379774434193983
1379774434194260
1379774434194508
1379774434194630
1379774434194959
1379774434195162
1379774434195443
1379774434195655
1379774434195816
1379774434197396
1379774434197652
1379774434197860
1379774434198097
1379774434198326
1379774434198544
