1379218512751822
1379218513788684
1379218513901535
1379218513901844
1379218513901903
1379218514001044
1379218514114189
1379218514127083
1379218514127159
1379218514151685
1379218514254907
1379218514255822
1379218514355515
1379218514355828
1379218514356396
1379218514394647
1379218514413352
1379218514413437
1379218514413509
1379218514418872
1379218514418968
1379218514419192
1379218514419264
1379218514419461
1379218514419543
1379218514419597
1379218514419829
1379218514419890
1379218514419988
1379218514420074
1379218514420349
1379218514424453
1379218514424695
1379218514424776
1379218514425118
1379218514425178
1379218514425455
1379218514425608
1379218514425957
1379218514426164
1379218514426239
1379218514426403
1379218514426784
1379218514426916
1379218514505157
1379218514522664
1379218514561417
1379218514561595
1379218514570576
1379218514570826
1379218514608351
1379218514620933
1379218514621103
1379218514660264
1379218514660453
1379218514662786
1379218514664933
1379218514665032
1379218514665102
1379218514665181
1379218514665304
1379218514665421
1379218514665615
1379218514665834
1379218514665977
1379218514666150
1379218514666379
1379218514666436
1379218514666510
1379218514670021
1379218514670077
1379218514673505
1379218514673669
1379218514704006
1379218514912697
1379218514912888
1379218514913106
1379218514913244
1379218514913497
1379218514913584
1379218514913985
1379218514914127
1379218514914365
1379218514914533
1379218514914825
1379218514914963
1379218514915112
1379218514915256
1379218514917281
1379218514917673
1379218515170156
1379218515170785
1379218515212358
1379218515422177
1379218515422585
1379218515422811
1379218515466242
1379218515466949
1379218515467493
1379218515674403
1379218515717829
1379218515720209
1379218515720996
1379218515721778
1379218515722111
1379218515722365
1379218515969199
1379218515969940
1379218515974096
1379218515975055
1379218515975261
1379218516012216
1379218516012555
1379218516220384
1379218516220903
1379218516220989
1379218516227889
1379218516228198
1379218516270837
1379218516271729
1379218516302557
1379218516529154
1379218516529930
1379218516530120
1379218516555563
1379218516556332
1379218516787055
1379218516787210
1379218516788385
1379218516788457
1379218516788717
1379218516788787
1379218516808610
1379218516808829
1379218516809024
1379218516913917
1379218516914075
1379218516914318
1379218516914526
1379218516914713
1379218516915880
1379218516915958
1379218516916011
1379218516921315
1379218516922784
1379218516925888
1379218516926124
1379218516926211
1379218516926275
1379218516926363
1379218516926712
1379218516926911
1379218516927896
1379218516931538
1379218516931794
1379218516931873
1379218516931991
1379218516932081
1379218516932387
1379218516932534
1379218516932708
1379218516933252
1379218516938428
1379218516938502
1379218516938728
1379218516938790
1379218516939159
1379218516939222
1379218516939400
1379218516942139
1379218516942227
1379218516942322
1379218516942396
1379218516943446
1379218516943529
1379218516943741
1379218516943813
1379218516948171
1379218517045267
1379218517167291
1379218517168137
1379218517168409
1379218517168442
1379218517169097
1379218517169241
1379218517170026
1379218517170835
1379218517171209
1379218517171233
1379218517171554
1379218517171625
1379218517190607
1379218517418701
1379218517419811
1379218517420279
1379218517420362
1379218517420579
1379218517420666
1379218517420689
1379218517424138
1379218517424328
1379218517424919
1379218517425231
1379218517425369
1379218517443941
1379218517444066
1379218517444314
1379218517449358
1379218517449450
1379218517488568
1379218517493553
1379218517504484
1379218517508886
1379218517521086
1379218517533429
1379218517533521
1379218517533608
1379218517533760
1379218517533823
1379218517533888
1379218517533947
1379218517534001
1379218517534053
1379218517534109
1379218517534203
1379218517534257
1379218517534315
1379218517534367
1379218517545035
1379218517545117
1379218517545281
1379218517547618
1379218517547800
1379218517550204
1379218517550377
1379218517552513
1379218517552608
1379218517552630
1379218517552948
1379218517562565
1379218517562664
1379218517563116
1379218517563200
1379218517563287
1379218517563613
1379218517670840
1379218517671261
1379218517671504
1379218517671607
1379218517671830
1379218517671976
1379218517706355
1379218517744229
1379218517787524
1379218517788485
1379218517788566
1379218517788769
1379218517789149
1379218517789790
1379218517789945
1379218517789981
1379218517790602
1379218517790692
1379218517790796
1379218517791137
1379218517791410
1379218517791454
1379218517791525
1379218517791626
1379218517792015
1379218517794450
1379218517795247
1379218517795552
1379218517795642
1379218517797865
1379218517798109
1379218517922918
1379218517923637
1379218517923746
1379218517924014
1379218517924108
1379218517924222
1379218517998314
1379218518039878
1379218518040237
1379218518040546
1379218518040890
1379218518041256
1379218518042211
1379218518042355
1379218518043049
1379218518043303
1379218518043451
1379218518043563
1379218518044523
1379218518044829
1379218518045465
1379218518045680
1379218518045950
1379218518046170
1379218518046442
1379218518046788
1379218518046991
1379218518047108
1379218518047237
1379218518053293
1379218518053611
1379218518053724
1379218518054032
1379218518054251
1379218518054340
1379218518055163
1379218518082960
1379218518083096
1379218518083946
1379218518095078
1379218518095413
1379218518175207
1379218518175920
1379218518176200
1379218518176455
1379218518176677
1379218518176910
1379218518177058
1379218518296319
1379218518297164
1379218518297457
1379218518297640
1379218518297814
1379218518297927
1379218518298490
1379218518298618
1379218518301490
1379218518302421
1379218518302540
1379218518302805
1379218518312445
1379218518313471
1379218518314073
1379218518316075
1379218518316258
1379218518335821
1379218518336660
1379218518336864
1379218518427988
1379218518428689
1379218518468238
1379218518468417
1379218518550639
1379218518551432
1379218518551697
1379218518551811
1379218518552311
1379218518553327
1379218518553493
1379218518555941
1379218518556088
1379218518588891
1379218518589693
1379218518589922
1379218518590156
1379218518590313
1379218518603679
1379218518604708
1379218518604973
1379218518605044
1379218518605365
1379218518605579
1379218518720302
1379218518720585
1379218518721025
1379218518721098
1379218518721394
1379218518721516
1379218518804510
1379218518805429
1379218518805554
1379218518805655
1379218518805957
1379218518806037
1379218518807184
1379218518808054
1379218518808299
1379218518808570
1379218518808761
1379218518808854
1379218518809047
1379218518809157
1379218518810338
1379218518811187
1379218518811570
1379218518811641
1379218518811869
1379218518842174
1379218518843090
1379218518843348
1379218518843554
1379218518843782
1379218518843854
1379218518862857
1379218518863002
1379218518972569
1379218518973336
1379218518973623
1379218518973879
1379218518974120
1379218518974232
1379218519058741
1379218519058888
1379218519058997
1379218519059061
1379218519059192
1379218519063416
1379218519063814
1379218519064133
1379218519064217
1379218519064292
1379218519064392
1379218519064948
1379218519065092
1379218519095881
1379218519096050
1379218519121506
1379218519122232
1379218519122445
1379218519122693
1379218519122764
1379218519122871
1379218519225093
1379218519225995
1379218519226256
1379218519226489
1379218519226706
1379218519226775
1379218519226901
1379218519314825
1379218519315904
1379218519316035
1379218519316135
1379218519316416
1379218519316498
1379218519316616
1379218519318257
1379218519319082
1379218519319304
1379218519319524
1379218519320670
1379218519320812
1379218519321090
1379218519321575
1379218519321645
1379218519321745
1379218519347909
1379218519348916
1379218519349112
1379218519349173
1379218519349306
1379218519381122
1379218519382146
1379218519382365
1379218519382437
1379218519382538
1379218519382646
1379218519382930
1379218519383043
1379218519477969
1379218519478880
1379218519479116
1379218519479218
1379218519479337
1379218519569133
1379218519570296
1379218519570425
1379218519570647
1379218519570780
1379218519570972
1379218519571184
1379218519574854
1379218519575903
1379218519576146
1379218519576243
1379218519576506
1379218519576542
1379218519576689
1379218519577070
1379218519577279
1379218519577449
1379218519577572
1379218519577835
1379218519577933
1379218519601212
1379218519602066
1379218519602355
1379218519602463
1379218519640603
1379218519640809
1379218519640944
1379218519641054
1379218519730413
1379218519731283
1379218519731549
1379218519731844
1379218519732714
1379218519732977
1379218519823225
1379218519823354
1379218519823458
1379218519823611
1379218519830966
1379218519831902
1379218519832035
1379218519832283
1379218519832321
1379218519832479
1379218519832517
1379218519832660
1379218519832750
1379218519833037
1379218519833138
1379218519833235
1379218519854427
1379218519855266
1379218519855552
1379218519855686
1379218519899120
1379218519900028
1379218519900235
1379218519900347
1379218519982722
1379218519982897
1379218520076522
1379218520077323
1379218520077571
1379218520077638
1379218520077772
1379218520086619
1379218520087504
1379218520087704
1379218520087880
1379218520087903
1379218520088060
1379218520088457
1379218520088734
1379218520088941
1379218520089069
1379218520107702
1379218520108584
1379218520108848
1379218520109067
1379218520109186
1379218520158427
1379218520159288
1379218520159492
1379218520196239
1379218520257159
1379218520257879
1379218520258144
1379218520330478
1379218520331276
1379218520331536
1379218520331632
1379218520331894
1379218520341981
1379218520342766
1379218520342867
1379218520343116
1379218520343595
1379218520344090
1379218520344317
1379218520361304
1379218520363509
1379218520363718
1379218520363965
1379218520364052
