1380467647219566
1380467647301009
1380467647301062
1380467647301132
1380467647301243
1380467647333318
1380467647408305
1380467647454226
1380467647454303
1380467647454454
1380467647454562
1380467647477805
1380467647486012
1380467647486342
1380467647486638
1380467647486736
1380467647486817
1380467647487212
1380467647487312
1380467647487376
1380467647511267
1380467647550188
1380467647583629
1380467647621988
1380467647622216
1380467647654378
1380467647694116
1380467647728870
1380467647729001
1380467647729201
1380467647729255
1380467647760547
1380467647760651
1380467647761715
1380467647761964
1380467647762225
1380467647762330
1380467647762633
1380467647762761
1380467647762941
1380467647763131
1380467647763679
1380467647794425
1380467647794594
1380467647794749
1380467647796870
1380467647796945
1380467647797205
1380467647797290
1380467647797589
1380467647797679
1380467647798107
1380467647798324
1380467647798606
1380467647798692
1380467647799135
1380467647800184
1380467647800296
1380467647800413
1380467647800629
1380467647800799
1380467647801707
1380467647806738
1380467647806962
1380467647810813
1380467647826058
1380467647826117
1380467647829277
1380467647829317
1380467647829542
1380467647829599
1380467647829834
1380467647829889
1380467647829933
1380467647830168
1380467647830200
1380467647832300
1380467647832549
1380467647832891
1380467647833099
1380467647833252
1380467647833441
1380467647833830
1380467647833936
1380467647834029
1380467647864683
1380467647864784
1380467647864988
1380467647866808
1380467647866909
1380467647866996
1380467647867138
1380467647906165
1380467647978962
1380467647989326
1380467647989433
1380467647989531
1380467648004948
1380467648032180
1380467648032338
1380467648032691
1380467648052957
1380467648053018
1380467648053243
1380467648053314
1380467648057423
1380467648057655
1380467648057746
1380467648058588
1380467648058779
1380467648058872
1380467648059313
1380467648059432
1380467648059537
1380467648059691
1380467648069202
1380467648069472
1380467648069745
1380467648069846
1380467648070061
1380467648070169
1380467648070539
1380467648070632
1380467648070836
1380467648070925
1380467648071398
1380467648071558
1380467648076749
1380467648083425
1380467648083684
1380467648122171
1380467648122190
1380467648122292
1380467648122422
1380467648122490
1380467648125749
1380467648129218
1380467648129311
1380467648129382
1380467648129467
1380467648129682
1380467648129818
1380467648129908
1380467648130052
1380467648130127
1380467648150586
1380467648150697
1380467648150818
1380467648150892
1380467648151150
1380467648152278
1380467648152396
1380467648152476
1380467648152727
1380467648152830
1380467648152945
1380467648153248
1380467648153337
1380467648153495
1380467648153760
1380467648153869
1380467648157150
1380467648157228
1380467648157465
1380467648157551
1380467648160503
1380467648160772
1380467648166617
1380467648166708
1380467648166910
1380467648166990
1380467648167071
1380467648167256
1380467648189112
1380467648189193
1380467648189410
1380467648189497
1380467648189813
1380467648189893
1380467648190094
1380467648190514
1380467648190638
1380467648190752
1380467648190942
1380467648194481
1380467648194586
1380467648194701
1380467648194783
1380467648198459
1380467648210807
1380467648211041
1380467648211715
1380467648211759
1380467648212062
1380467648212145
1380467648212889
1380467648213054
1380467648213165
1380467648213320
1380467648221224
1380467648221394
1380467648221766
1380467648221955
1380467648222204
1380467648222881
1380467648222971
1380467648223170
1380467648223543
1380467648223815
1380467648223856
1380467648224199
1380467648224243
1380467648224479
1380467648224847
1380467648230265
1380467648230321
1380467648230572
1380467648230613
1380467648230735
1380467648230838
1380467648231040
1380467648231109
1380467648231313
1380467648231371
1380467648231436
1380467648231655
1380467648231711
1380467648231920
1380467648231991
1380467648232126
1380467648233094
1380467648233341
1380467648233599
1380467648233876
1380467648233924
1380467648234214
1380467648234273
1380467648234511
1380467648234751
1380467648235060
1380467648235113
1380467648235349
1380467648235395
1380467648235650
1380467648235850
1380467648235913
1380467648236004
1380467648242545
1380467648242749
1380467648243109
1380467648253318
1380467648253470
1380467648253818
1380467648253903
1380467648254092
1380467648254209
1380467648254318
1380467648255651
1380467648255771
1380467648256028
1380467648256151
1380467648257909
1380467648258032
1380467648258260
1380467648258384
1380467648258612
1380467648258737
1380467648259096
1380467648259247
1380467648259354
1380467648259711
1380467648259861
1380467648259971
1380467648264461
1380467648264583
1380467648264847
1380467648264880
1380467648269378
1380467648269430
1380467648269646
1380467648269750
1380467648270057
1380467648270155
1380467648270640
1380467648270810
1380467648270916
1380467648271973
1380467648272228
1380467648272472
1380467648272572
1380467648272686
1380467648272889
1380467648272989
1380467648273077
1380467648273341
1380467648273427
1380467648273554
1380467648273717
1380467648277975
1380467648278183
1380467648278729
1380467648278811
1380467648286579
1380467648286769
1380467648301584
1380467648301679
1380467648302006
1380467648302254
1380467648302627
1380467648302875
1380467648303332
1380467648304139
1380467648304158
1380467648304244
1380467648304358
1380467648304820
1380467648305125
1380467648305150
1380467648305359
1380467648305793
1380467648305821
1380467648305926
1380467648306025
1380467648306114
1380467648306298
1380467648306313
1380467648306882
1380467648307088
1380467648307345
1380467648307874
1380467648308236
1380467648308342
1380467648308499
1380467648308664
1380467648308789
1380467648309191
1380467648309324
1380467648312471
1380467648312549
1380467648312640
1380467648312827
1380467648312905
1380467648313078
1380467648313187
1380467648313278
1380467648313460
1380467648316171
1380467648316421
1380467648316664
1380467648316726
1380467648316911
1380467648317009
1380467648317249
1380467648317318
1380467648317506
1380467648317811
1380467648318507
1380467648319294
1380467648319545
1380467648319801
1380467648319854
1380467648320049
1380467648320178
1380467648320186
1380467648320617
1380467648329093
1380467648329096
1380467648329396
1380467648329399
1380467648329567
1380467648329696
1380467648329781
1380467648334162
1380467648334470
1380467648334669
1380467648334755
1380467648336794
1380467648337058
1380467648337298
1380467648337423
1380467648337693
1380467648337820
1380467648338107
1380467648338596
1380467648338759
1380467648338869
1380467648340009
1380467648340251
1380467648340429
1380467648340534
1380467648343103
1380467648343526
1380467648345802
1380467648345911
1380467648346089
1380467648346193
1380467648348000
1380467648348114
1380467648348232
1380467648348350
1380467648348482
1380467648348594
1380467648356043
1380467648356102
1380467648356242
1380467648356438
1380467648356573
1380467648356670
1380467648367836
1380467648372444
1380467648373854
1380467648373859
1380467648373899
1380467648374081
1380467648374308
1380467648374490
1380467648374608
1380467648374748
1380467648374894
1380467648375007
1380467648375109
1380467648375190
1380467648375402
1380467648375501
1380467648375603
1380467648375713
1380467648376335
1380467648377021
1380467648397166
1380467648397349
1380467648397597
1380467648397716
1380467648397974
1380467648398148
1380467648398485
1380467648398602
1380467648398877
1380467648398986
1380467648399260
1380467648399508
1380467648399621
1380467648399949
1380467648400033
1380467648400312
1380467648400400
1380467648401264
1380467648401356
1380467648402550
1380467648402685
1380467648413720
1380467648413729
1380467648413951
1380467648414219
1380467648414519
1380467648414775
1380467648415071
1380467648415157
1380467648415265
1380467648431393
1380467648431493
1380467648437829
1380467648437842
1380467648448173
1380467648448269
1380467648448272
1380467648448572
1380467648448582
1380467648448593
1380467648448633
1380467648452584
1380467648453026
1380467648453238
1380467648453455
1380467648453566
1380467648453978
1380467648454095
1380467648454349
1380467648454609
1380467648455382
1380467648455633
1380467648477755
1380467648477937
1380467648478167
1380467648478381
1380467648478737
1380467648479100
1380467648479182
1380467648479328
1380467648479610
1380467648479703
1380467648489827
1380467648489840
1380467648489846
1380467648515418
1380467648515434
1380467648515566
1380467648516723
1380467648516865
1380467648522798
1380467648523056
1380467648542128
1380467648569175
1380467648569292
1380467648569412
1380467648569533
1380467648575979
1380467648576902
1380467648577099
1380467648590204
1380467648594021
1380467648594127
1380467648594839
1380467648595393
1380467648595588
1380467648596300
1380467648596376
1380467648596544
1380467648596715
1380467648596802
1380467648596960
1380467648597069
1380467648597210
1380467648597317
1380467648605476
1380467648605574
1380467648605861
1380467648605977
1380467648610665
1380467648610719
1380467648610812
1380467648618425
1380467648618699
1380467648618797
1380467648619072
1380467648619170
1380467648619443
1380467648619560
1380467648620074
1380467648620440
1380467648620733
1380467648620809
1380467648623132
1380467648623220
1380467648623333
1380467648623529
1380467648633520
1380467648633633
1380467648633765
1380467648633855
1380467648643459
1380467648643568
1380467648643803
1380467648643961
1380467648644261
1380467648644356
1380467648644621
1380467648644723
1380467648644845
1380467648644959
1380467648667234
1380467648667328
1380467648667438
1380467648667563
1380467648668400
1380467648668785
1380467648672811
1380467648673078
1380467648673095
1380467648673167
1380467648673254
1380467648673392
1380467648673488
1380467648677201
1380467648677416
1380467648677683
1380467648677833
1380467648678130
1380467648678454
1380467648678604
1380467648678923
1380467648679106
1380467648679268
1380467648679476
1380467648679636
1380467648679799
1380467648680042
1380467648690096
1380467648690246
1380467648690416
1380467648690751
1380467648690823
1380467648713771
1380467648717767
1380467648717881
1380467648738810
1380467648739185
1380467648739279
1380467648739718
1380467648739860
1380467648739956
1380467648740129
1380467648741495
1380467648741616
1380467648741747
1380467648741870
1380467648741975
1380467648742069
1380467648750426
1380467648750501
1380467648750605
1380467648750678
1380467648750845
1380467648753700
1380467648754737
1380467648754871
1380467648755131
1380467648755369
1380467648755541
1380467648755747
1380467648755810
1380467648755963
1380467648756480
1380467648756839
1380467648757069
1380467648757272
1380467648757883
1380467648758022
1380467648768032
1380467648785314
1380467648785580
1380467648793777
1380467648799359
1380467648800418
1380467648800534
1380467648800624
1380467648811043
1380467648811168
1380467648811318
1380467648811417
1380467648811540
1380467648811870
1380467648811966
1380467648812268
1380467648812386
1380467648812475
1380467648812718
1380467648812992
1380467648813248
1380467648813472
1380467648813751
1380467648813855
1380467648814153
1380467648814254
1380467648814343
1380467648814630
1380467648816014
1380467648816140
1380467648816238
1380467648816418
1380467648816515
1380467648826750
1380467648829784
1380467648829903
1380467648829987
1380467648830124
1380467648830217
1380467648833458
1380467648833729
1380467648833870
1380467648835712
1380467648836238
1380467648836357
1380467648836465
1380467648836561
1380467648836770
1380467648836888
1380467648836976
1380467648837532
1380467648838003
1380467648838102
1380467648843938
1380467648844031
1380467648844405
1380467648844514
1380467648844593
1380467648844876
1380467648845082
1380467648845383
1380467648845466
1380467648845931
1380467648846162
1380467648846671
1380467648846990
1380467648847147
1380467648860893
1380467648883363
1380467648883464
1380467648883744
1380467648883978
1380467648884097
1380467648884187
1380467648884525
1380467648884708
1380467648884806
1380467648885287
1380467648885885
1380467648886130
1380467648886455
1380467648886576
1380467648886693
1380467648886792
1380467648886996
1380467648887118
1380467648887774
1380467648888434
1380467648888685
1380467648888947
1380467648894640
1380467648894814
1380467648895036
1380467648895125
1380467648904095
1380467648904276
1380467648905742
1380467648907065
1380467648907156
1380467648907451
1380467648907555
1380467648907630
1380467648913631
1380467648913775
1380467648914065
1380467648914093
1380467648914321
1380467648914426
1380467648914811
1380467648915041
1380467648915549
1380467648915832
1380467648915964
1380467648916065
1380467648916184
1380467648916494
1380467648916595
1380467648916817
1380467648916947
1380467648917065
1380467648917165
1380467648917251
1380467648917359
1380467648917868
1380467648925784
1380467648925790
1380467648925931
1380467648940100
1380467648940715
1380467648940909
1380467648941563
1380467648942025
1380467648955927
1380467648956078
1380467648956292
1380467648956494
1380467648956589
1380467648956734
1380467648957100
1380467648958420
1380467648958651
1380467648959134
1380467648959589
1380467648959714
1380467648959830
1380467648959947
1380467648960078
1380467648961691
1380467648961747
1380467648961857
1380467648962102
1380467648962153
1380467648962218
1380467648962715
1380467648962769
1380467648963022
1380467648963078
1380467648993561
1380467649002365
1380467649015051
1380467649026023
1380467649026146
1380467649029902
1380467649030135
1380467649030246
1380467649030365
1380467649030491
1380467649030582
1380467649030734
1380467649030856
1380467649030962
1380467649031086
1380467649031202
1380467649031441
1380467649031652
1380467649049517
1380467649060691
1380467649060801
1380467649060941
1380467649061031
1380467649063352
1380467649063557
1380467649065550
1380467649072128
1380467649076159
1380467649076281
1380467649076409
1380467649076588
1380467649086104
1380467649086353
1380467649086486
1380467649086585
1380467649086711
1380467649086895
1380467649086988
1380467649088843
1380467649089205
1380467649089301
1380467649089658
1380467649090144
1380467649099871
1380467649101775
1380467649101968
1380467649102217
1380467649102564
1380467649103074
1380467649107387
1380467649107675
1380467649107825
1380467649107835
1380467649108053
1380467649108063
1380467649114893
1380467649114904
1380467649115684
1380467649115694
1380467649116102
1380467649116509
1380467649116919
1380467649118529
1380467649125071
1380467649132643
1380467649132877
1380467649132953
1380467649133016
1380467649133089
1380467649133155
1380467649133225
1380467649149927
1380467649149992
1380467649150034
1380467649160297
1380467649179656
1380467649180009
1380467649180210
1380467649185933
1380467649185949
1380467649186167
1380467649186290
1380467649195421
1380467649200160
1380467649221202
1380467649221311
1380467649255965
1380467649292851
1380467649320815
1380467649320900
1380467649326670
1380467649363632
1380467649364510
1380467649401158
1380467649401585
1380467649439381
1380467650085763
1380467650085863
1380467650127048
1380467650129830
1380467650152938
1380467650153037
1380467650153280
1380467650153393
1380467650185902
1380467650186022
1380467650186142
1380467650186238
1380467650186359
1380467650186889
1380467650187038
1380467650187170
1380467650187295
1380467650187795
1380467650187966
1380467650219380
1380467650219532
1380467650219766
1380467650219861
1380467650220115
1380467650220214
1380467650220635
1380467650220750
1380467650220848
1380467650702258
1380467650792717
1380467650792807
1380467650793023
1380467650882526
1380467650882628
1380467650882726
1380467650882822
1380467650883096
1380467650883207
1380467650922927
1380467650983417
1380467650983532
1380467651042266
