1380109337001997
1380109337138645
1380109337139790
1380109337139899
1380109337139960
1380109337144597
1380109337144696
1380109337144796
1380109337145184
1380109337145294
1380109337145525
1380109337146013
1380109337146107
1380109337149626
1380109337800738
1380109337807285
1380109337807373
1380109337807558
1380109337807689
1380109337812529
1380109337812613
1380109337812693
1380109337812884
1380109337812958
1380109337813336
1380109337813650
1380109337820180
1380109337820282
1380109337857529
1380109337864138
1380109337864242
1380109337864452
1380109337901581
1380109337901659
1380109337901997
1380109337902159
1380109337909433
1380109337909740
1380109337910474
1380109337910574
1380109337910671
1380109337910741
1380109337910991
1380109337911320
1380109337911398
1380109337911654
1380109337911773
1380109337911887
1380109337912175
1380109337915777
1380109337917553
1380109337917595
1380109337917849
1380109337918123
1380109337918940
1380109337919223
1380109337921108
1380109337921209
1380109337921535
1380109337922386
1380109337922534
1380109337922959
1380109337923067
1380109337923164
1380109337923264
1380109337923341
1380109337923816
1380109337930836
1380109337930992
1380109337931661
1380109337931751
1380109337931799
1380109337931847
1380109337931890
1380109337931932
1380109337938882
1380109337939186
1380109337939316
1380109337939539
1380109337939672
1380109337939808
1380109337940055
1380109337940173
1380109337940296
1380109337941165
1380109337941340
1380109337941482
1380109337941585
1380109337941699
1380109337941959
1380109337942079
1380109337942474
1380109337942586
1380109337942844
1380109337943006
1380109337943133
1380109337943275
1380109337943402
1380109337943487
1380109337943614
1380109337943785
1380109337944035
1380109337944208
1380109337944319
1380109337945902
1380109337946148
1380109337946259
1380109337946362
1380109337946458
1380109337946580
1380109337947316
1380109337947910
1380109337948052
1380109337949365
1380109337949631
1380109337949708
1380109337949857
1380109337949932
1380109337950045
1380109337951230
1380109337952121
1380109337952752
1380109337952959
1380109337953274
1380109337953410
1380109337953496
1380109337953572
1380109337953938
1380109337954198
1380109337954420
1380109337954660
1380109337954842
1380109337955035
1380109337955258
1380109337955345
1380109337960127
1380109337960642
1380109337960704
1380109337960751
1380109337960798
1380109337960841
1380109337960898
1380109337961126
1380109337961218
1380109337968133
1380109337968643
1380109337968955
1380109337969125
1380109337969386
1380109337969602
1380109337969888
1380109337969992
1380109337973640
1380109337974030
1380109337974167
1380109337974285
1380109337974535
1380109337974661
1380109337974788
1380109337975330
1380109337975862
1380109337976329
1380109337976907
1380109337977275
1380109337977367
1380109337977602
1380109337981639
1380109337981966
1380109337982084
1380109337990608
1380109337991237
1380109337991700
1380109337992091
1380109338000494
1380109338000868
1380109338001046
1380109338007591
1380109338007883
1380109338007999
1380109338015232
1380109338051482
1380109338058163
1380109338061713
1380109338071362
1380109338173454
1380109338177446
1380109338187757
1380109338187794
1380109338188044
1380109338188173
1380109338188232
1380109338191341
1380109338191773
1380109338191859
1380109338191950
1380109338192062
1380109338192467
1380109338197492
1380109338199346
1380109338199949
1380109338200044
1380109338221615
1380109338221700
1380109338227826
1380109338228182
1380109338290632
1380109338296622
1380109338414772
1380109338418283
1380109338422672
1380109338422846
1380109338423046
1380109338427676
1380109338427910
1380109338428103
1380109338428186
1380109338428465
1380109338432768
1380109338432930
1380109338537455
1380109338537921
1380109338635315
1380109339157702
1380109339181695
1380109339303824
1380109339404248
1380109339405426
1380109339503678
1380109339504500
1380109339505950
1380109339544853
1380109339546928
