1379227674495241
1379227674916200
1379227674916287
1379227674916353
1379227674928623
1379227674928721
1379227674928961
1379227674929052
1379227674929282
1379227674929565
1379227674929621
1379227674929946
1379227674930020
1379227674930280
1379227674930332
1379227674930884
1379227674942087
1379227674942177
1379227674942234
1379227674942646
1379227674942839
1379227674943191
1379227674943270
1379227674943530
1379227674943633
1379227674971316
1379227674971558
1379227674971652
1379227674971868
1379227674971933
1379227674972194
1379227674972287
1379227674972475
1379227674972678
1379227674973185
1379227674973281
1379227674983584
1379227674985005
1379227674996600
1379227674996685
1379227674996897
1379227674997111
1379227674997392
1379227675008920
1379227675008989
1379227675009170
1379227675009326
1379227675009421
1379227675009712
1379227675009804
1379227675010185
1379227675010353
1379227675010533
1379227675010606
1379227675011139
1379227675011351
1379227675021417
1379227675021643
1379227675021745
1379227675021966
1379227675022055
1379227675022116
1379227675022305
1379227675022597
1379227675034706
1379227675076434
1379227675076544
1379227675083386
1379227675089806
1379227675091834
1379227675091910
1379227675134618
1379227675134975
1379227675148063
1379227675196581
1379227675196673
1379227675196933
1379227675197124
1379227675197245
1379227675209640
1379227675210079
1379227675211101
1379227675211564
1379227675211632
1379227675211702
1379227675211838
1379227675221906
1379227675224486
1379227675224651
1379227675224907
1379227675224967
1379227675225148
1379227675225232
1379227675225569
1379227675225745
1379227675226233
1379227675226311
1379227675226785
1379227675226855
1379227675227032
1379227675227685
1379227675227745
1379227675234998
1379227675235059
1379227675235239
1379227675235399
1379227675237711
1379227675237772
1379227675238651
1379227675238868
1379227675238896
1379227675239066
1379227675239507
1379227675239610
1379227675239822
1379227675239992
1379227675240472
1379227675240753
1379227675240807
1379227675241041
1379227675241102
1379227675241278
1379227675241690
1379227675241746
1379227675241828
1379227675242049
1379227675247002
1379227675247160
1379227675247273
1379227675247415
1379227675247733
1379227675247826
1379227675248220
1379227675248283
1379227675248470
1379227675248871
1379227675248974
1379227675249184
1379227675253616
1379227675253859
1379227675254037
1379227675254172
1379227675254177
1379227675254187
1379227675254542
1379227675259417
1379227675260551
1379227675265672
1379227675265705
1379227675265775
1379227675265842
1379227675265885
1379227675266089
1379227675266158
1379227675266298
1379227675266472
1379227675267912
1379227675268051
1379227675268518
1379227675271828
1379227675279909
1379227675280230
1379227675280328
1379227675280414
1379227675280729
1379227675280813
1379227675281249
1379227675281324
1379227675281556
1379227675281775
1379227675282275
1379227675282574
1379227675282656
1379227675282896
1379227675283130
1379227675283329
1379227675283396
1379227675283715
1379227675283776
1379227675284081
1379227675284282
1379227675284463
1379227675284655
1379227675284767
1379227675284995
1379227675285075
1379227675285282
1379227675285692
1379227675285960
1379227675286225
1379227675286291
1379227675286511
1379227675286805
1379227675287031
1379227675287276
1379227675287419
1379227675287696
1379227675287786
1379227675287964
1379227675288075
1379227675288234
1379227675288454
1379227675288689
1379227675288815
1379227675289041
1379227675289314
1379227675289560
1379227675289868
1379227675290287
1379227675290837
1379227675291033
1379227675291333
1379227675291599
1379227675293420
1379227675293663
1379227675293885
1379227675294231
1379227675294533
1379227675294847
1379227675295045
1379227675295564
1379227675295762
1379227675296024
1379227675296507
1379227675296717
1379227675296911
1379227675297140
1379227675297373
1379227675297593
1379227675297807
1379227675297960
1379227675298297
1379227675298595
1379227675298752
1379227675299104
1379227675299310
1379227675299420
1379227675302577
1379227675302767
1379227675303069
1379227675303256
1379227675303481
1379227675303758
1379227675303952
1379227675304523
1379227675304679
1379227675304954
1379227675305228
1379227675305494
1379227675305744
1379227675305922
1379227675306217
1379227675306338
1379227675306796
1379227675307033
1379227675307229
1379227675307454
1379227675307682
1379227675307909
1379227675308215
1379227675308400
1379227675308563
1379227675308811
1379227675309042
1379227675309342
1379227675309567
1379227675309739
1379227675310049
1379227675310288
1379227675310623
1379227675311351
1379227675311801
1379227675312050
1379227675312278
1379227675312427
1379227675312636
1379227675312781
1379227675313191
1379227675313528
1379227675313878
1379227675314255
1379227675314634
1379227675314995
1379227675315201
1379227675315420
1379227675315559
1379227675315791
1379227675316356
1379227675316578
1379227675316785
1379227675317109
1379227675317308
1379227675317538
1379227675317722
1379227675317842
1379227675318499
1379227675318669
1379227675320988
1379227675358430
1379227676185526
1379227676191001
1379227677368749
1379227677399237
1379227677499068
1379227677599827
1379227677599898
1379227677599987
1379227677699235
1379227677720776
1379227677733129
1379227677733186
1379227677752708
1379227677854056
1379227677855105
1379227677954633
1379227677954968
1379227677993945
