1380318208261759
1380318208340094
1380318208340179
1380318208397119
1380318208397185
1380318208397440
1380318208397517
1380318208397987
1380318208398049
1380318208398293
1380318208398495
1380318208398677
1380318208398729
1380318208398949
1380318208399499
1380318208423187
1380318208430727
1380318208430789
1380318208431065
1380318208434940
1380318208435041
1380318208435232
1380318208435302
1380318208435615
1380318208436117
1380318208436174
1380318208436260
1380318208436774
1380318208437080
1380318208437820
1380318208439913
1380318208456211
1380318208456227
1380318208456324
1380318208456392
1380318208456727
1380318208457257
1380318208457574
1380318208457660
1380318208457927
1380318208458054
1380318208464210
1380318208464442
1380318208464519
1380318208464760
1380318208468441
1380318208470521
1380318208470540
1380318208470671
1380318208470983
1380318208472544
1380318208472741
1380318208472790
1380318208472910
1380318208474380
1380318208475612
1380318208475667
1380318208475844
1380318208476085
1380318208476182
1380318208476388
1380318208476461
1380318208478131
1380318208478948
1380318208479188
1380318208479426
1380318208479847
1380318208479866
1380318208479925
1380318208480384
1380318208480486
1380318208480685
1380318208480770
1380318208480958
1380318208481234
1380318208481292
1380318208481560
1380318208481639
1380318208481970
1380318208482210
1380318208482436
1380318208482586
1380318208482638
1380318208482698
1380318208483110
1380318208483151
1380318208483387
1380318208483520
1380318208483670
1380318208483749
1380318208484296
1380318208484395
1380318208484534
1380318208484682
1380318208484835
1380318208485507
1380318208485593
1380318208485648
1380318208486050
1380318208486181
1380318208486257
1380318208486427
1380318208486759
1380318208487033
1380318208487333
1380318208487595
1380318208487874
1380318208488284
1380318208488499
1380318208488898
1380318208489113
1380318208490316
1380318208490538
1380318208490756
1380318208490967
1380318208491184
1380318208491451
1380318208491704
1380318208491908
1380318208492232
1380318208492427
1380318208492553
1380318208492632
1380318208493432
1380318208493583
1380318208493864
1380318208494263
1380318208494433
1380318208494619
1380318208494810
1380318208495007
1380318208495179
1380318208495310
1380318208495369
1380318208495655
1380318208495871
1380318208496107
1380318208496249
1380318208496455
1380318208496535
1380318208496680
1380318208497075
1380318208497386
1380318208497494
1380318208497728
1380318208497982
1380318208498178
1380318208498358
1380318208498508
1380318208498710
1380318208498962
1380318208499371
1380318208499545
1380318208499728
1380318208499891
1380318208500042
1380318208500232
1380318208500338
1380318208500532
1380318208500627
1380318208500783
1380318208500985
1380318208501155
1380318208501233
1380318208501400
1380318208501525
1380318208501556
1380318208503648
1380318208503857
1380318208503972
1380318208504174
1380318208504300
1380318208504523
1380318208504685
1380318208504821
1380318208505016
1380318208505228
1380318208505312
1380318208505473
1380318208505510
1380318208505661
1380318208505809
1380318208505989
1380318208506091
1380318208506818
1380318208506966
1380318208507140
1380318208507264
1380318208507454
1380318208507605
1380318208507825
1380318208507927
1380318208508147
1380318208508399
1380318208508651
1380318208508876
1380318208508916
1380318208509064
1380318208509191
1380318208511637
1380318208512256
1380318208512652
1380318208512900
1380318208513041
1380318208513266
1380318208515135
1380318208515773
1380318208517149
1380318208517293
1380318208517561
1380318208517940
1380318208518013
1380318208519736
1380318208520079
1380318208523194
1380318208524372
1380318208524643
1380318208524700
1380318208525117
1380318208525261
1380318208525616
1380318208525761
1380318208526028
1380318208526231
1380318208526374
1380318208526520
1380318208526799
1380318208526958
1380318208527095
1380318208527174
1380318208527374
1380318208527509
1380318208527664
1380318208527759
1380318208530958
1380318208534967
1380318208535408
1380318208535508
1380318208535871
1380318208538636
1380318208538816
1380318208540929
1380318208541757
1380318208542003
1380318208542336
1380318208542558
1380318208542697
1380318208543121
1380318208543269
1380318208543430
1380318208543507
1380318208543688
1380318208543836
1380318208543999
1380318208544190
1380318208544372
1380318208544565
1380318208544726
1380318208544967
1380318208545100
1380318208545284
1380318208545400
1380318208545566
1380318208545762
1380318208545904
1380318208546066
1380318208546237
1380318208546346
1380318208546348
1380318208546490
1380318208546795
1380318208555316
1380318208555459
1380318208555731
1380318208555997
1380318208556220
1380318208556404
1380318208556442
1380318208556679
1380318208556778
1380318208556972
1380318208557166
1380318208557274
1380318208557468
1380318208557617
1380318208557852
1380318208558015
1380318208558296
1380318208558379
1380318208558609
1380318208558748
1380318208558939
1380318208559063
1380318208559234
1380318208559318
1380318208559491
1380318208559675
1380318208560002
1380318208560195
1380318208560493
1380318208560814
1380318208561183
1380318208561392
1380318208561727
1380318208562010
1380318208562333
1380318208562647
1380318208562888
1380318208563101
1380318208563646
1380318208564013
1380318208564158
1380318208565373
1380318208565813
1380318208566045
1380318208568712
1380318208569006
1380318208569265
1380318208569542
1380318208569808
1380318208570056
1380318208570155
1380318208570830
1380318208571088
1380318208571386
1380318208571644
1380318208572072
1380318208572387
1380318208576310
1380318208576534
1380318208576734
1380318208576920
1380318208577114
1380318208577300
1380318208577553
1380318208577778
1380318208577973
1380318208578254
1380318208578483
1380318208578620
1380318208581367
1380318208581491
1380318208581770
1380318208582180
1380318208582311
1380318208582485
1380318208582740
1380318208582928
1380318208583271
1380318208583566
1380318208583839
1380318208584166
1380318208584490
1380318208598394
1380318208599110
1380318208603146
1380318208603517
1380318208603834
1380318208604006
1380318208604230
1380318208604450
1380318208604667
1380318208604882
1380318208605133
1380318208607970
1380318208608032
1380318208608287
1380318208652685
1380318208711521
1380318208714174
1380318208714991
1380318208715231
1380318208715338
1380318208715666
1380318208715724
1380318208715818
1380318208716118
1380318208716368
1380318208716447
1380318208716763
1380318208716995
1380318208717085
1380318208717314
1380318208717662
1380318208717718
1380318208717968
1380318208718147
1380318208718219
1380318208718448
1380318208718671
1380318208718735
1380318208718827
1380318208719199
1380318208719292
1380318208719353
1380318208719747
1380318208719810
1380318208720076
1380318208720275
1380318208720371
1380318208720427
1380318208720732
1380318208720838
1380318208721062
1380318208721769
1380318208722110
1380318208722320
1380318208722904
1380318208723194
1380318208723429
1380318208723625
1380318208723867
1380318208724127
1380318208724311
1380318208724499
1380318208724789
1380318208725035
1380318208725277
1380318208726900
1380318208755336
1380318208755547
1380318208759762
1380318208760067
1380318208764398
1380318208793349
1380318208795417
1380318208797485
1380318208799551
1380318208801638
1380318208804626
1380318208815777
1380318208818169
1380318208818455
1380318208818583
1380318208818847
1380318208818968
1380318208818990
1380318208823840
1380318208826672
1380318208827130
1380318208831151
1380318208835622
1380318208836322
1380318208836671
1380318208836745
1380318208840342
1380318208840536
1380318208841320
1380318208841503
1380318208841684
1380318208841803
1380318208841991
1380318208842227
1380318208842473
1380318208844690
1380318208844758
1380318208844854
1380318208846387
1380318208846453
1380318208846651
1380318208846788
1380318208846997
1380318208851861
1380318208852569
1380318208852824
1380318208852988
1380318208854320
1380318208855089
1380318208855451
1380318208856539
1380318208856834
1380318208857681
1380318208857868
1380318208858066
1380318208858147
1380318208858347
1380318208858512
1380318208859092
1380318208859304
1380318208859565
1380318208860463
1380318208860734
1380318208860802
1380318208861027
1380318208861090
1380318208861274
1380318208861714
1380318208861914
1380318208861974
1380318208862075
1380318208862309
1380318208862383
1380318208862457
1380318208867705
1380318208867781
1380318208868018
1380318208868076
1380318208868292
1380318208868657
1380318208868776
1380318208868804
1380318208868863
1380318208868950
1380318208870078
1380318208871880
1380318208871988
1380318208872181
1380318208874616
1380318208874685
1380318208874957
1380318208875716
1380318208875800
1380318208876102
1380318208876287
1380318208876356
1380318208876522
1380318208881991
1380318208882100
1380318208882417
1380318208882474
1380318208882589
1380318208885829
1380318208886436
1380318208886648
1380318208887247
1380318208887323
1380318208888103
1380318208888251
1380318208888396
1380318208888584
1380318208888605
1380318208888680
1380318208888871
1380318208889511
1380318208890821
1380318208890941
1380318208891155
1380318208891440
1380318208892074
1380318208892411
1380318208892643
1380318208892864
1380318208892900
1380318208893162
1380318208893341
1380318208893917
1380318208894099
1380318208894207
1380318208894334
1380318208894512
1380318208894635
1380318208894754
1380318208895478
1380318208895734
1380318208895914
1380318208896035
1380318208896189
1380318208896430
1380318208897102
1380318208897237
1380318208897426
1380318208898900
1380318208899693
1380318208899886
1380318208900015
1380318208900076
1380318208900513
1380318208901775
1380318208901985
1380318208902234
1380318208902409
1380318208902535
1380318208902695
1380318208905918
1380318208906108
1380318208906250
1380318208911658
1380318208912308
1380318208912616
1380318208912997
1380318208913138
1380318208913289
1380318208913426
1380318208913570
1380318208917468
1380318208917716
1380318208918117
1380318208918244
1380318208918439
1380318208918520
1380318208923819
1380318208924191
1380318208924351
1380318208924611
1380318208924804
1380318208924926
1380318208925031
1380318208929434
1380318208930222
1380318208930353
1380318208935019
1380318208935855
1380318208935985
1380318208940333
1380318208941123
1380318208941331
1380318208941613
1380318208941856
1380318208941981
1380318208942272
1380318208942422
1380318208942591
1380318208942729
1380318208942887
1380318208945815
1380318208945966
1380318208946146
1380318208946653
1380318208946990
1380318208947129
1380318208947363
1380318208947504
1380318208947874
1380318208948016
1380318208948153
1380318208948327
1380318208948551
1380318208948734
1380318208948843
1380318208948991
1380318208949091
1380318208949289
1380318208950512
1380318208951932
1380318208952048
1380318208952302
1380318208952465
1380318208952643
1380318208953634
1380318208954007
1380318208954661
1380318208955555
1380318208955712
1380318208955848
1380318208955954
1380318208956064
1380318208956234
1380318208956804
1380318208957037
1380318208957164
1380318208957301
1380318208957496
1380318208957659
1380318208957831
1380318208957935
1380318208958049
1380318208958157
1380318208958339
1380318208958473
1380318208960580
1380318208960714
1380318208970683
1380318208971429
1380318208971640
1380318208971925
1380318208972163
1380318208972317
1380318208972679
1380318208972820
1380318208972960
1380318208973109
1380318208973434
1380318208973579
1380318208973776
1380318208973935
1380318208974108
1380318208974234
1380318208974360
1380318208974548
1380318208974666
1380318208974761
1380318208974883
1380318208974984
1380318208975135
1380318208975362
1380318208975559
1380318208975684
1380318208976776
1380318208976896
1380318208977072
1380318208977196
1380318208977706
1380318208978017
1380318208978206
1380318208978513
1380318208978981
1380318208979133
1380318208979274
1380318208979486
1380318208995587
1380318208998289
1380318208998975
1380318209001930
1380318209002026
1380318209002088
1380318209002204
1380318209002275
1380318209002419
1380318209023044
1380318209023195
1380318209023232
1380318209023503
1380318209026095
1380318209026846
1380318209027188
1380318209028043
1380318209028562
1380318209028750
1380318209028820
1380318209033832
1380318209034186
1380318209034559
1380318209037775
1380318209039162
1380318209039995
1380318209040341
1380318209041875
1380318209043922
1380318209047693
1380318209047709
1380318209047802
1380318209048125
1380318209048484
1380318209054004
1380318209054580
1380318209054785
1380318209055039
1380318209055192
1380318209055364
1380318209055467
1380318209055572
1380318209055740
1380318209055928
1380318209060333
1380318209060476
1380318209060842
1380318209068843
1380318209072659
1380318209072757
1380318209072882
1380318209073346
1380318209075475
1380318209075879
1380318209075957
1380318209076019
1380318209076179
1380318209076233
1380318209076291
1380318209076354
1380318209076410
1380318209076481
1380318209078715
1380318209078917
1380318209079072
1380318209080350
1380318209081162
1380318209081449
1380318209081619
1380318209081760
1380318209081874
1380318209082259
1380318209082527
1380318209082694
1380318209083087
1380318209083421
1380318209083779
1380318209083832
1380318209084002
1380318209084351
1380318209084600
1380318209084668
1380318209085551
1380318209085799
1380318209086054
1380318209086304
1380318209086486
1380318209086646
1380318209086734
1380318209086944
1380318209087042
1380318209087409
1380318209087481
1380318209087619
1380318209088823
1380318209089263
1380318209089298
1380318209089541
1380318209089696
1380318209089876
1380318209090105
1380318209090133
1380318209090296
1380318209090551
1380318209090696
1380318209092706
1380318209092824
1380318209093236
1380318209093447
1380318209093655
1380318209094867
1380318209095071
1380318209095197
1380318209095330
1380318209095594
1380318209131609
1380318209131823
1380318209132175
1380318209132439
1380318209132542
1380318209132811
1380318209132948
1380318209133130
1380318209133245
1380318209160852
1380318209176996
1380318209177133
1380318209177194
1380318209177242
1380318209177334
1380318209177422
1380318209177467
1380318209177510
1380318209181958
1380318209182705
1380318209183035
1380318209183127
1380318209184017
1380318209184101
1380318209184127
1380318209184377
1380318209184470
1380318209184659
1380318209184831
1380318209185642
1380318209185746
1380318209185983
1380318209186316
1380318209186406
1380318209186668
1380318209186705
1380318209186804
1380318209186901
1380318209187005
1380318209187327
1380318209188089
1380318209188171
1380318209188489
1380318209188563
1380318209188579
1380318209188598
1380318209188861
1380318209188953
1380318209189025
1380318209189119
1380318209189462
1380318209189574
1380318209189681
1380318209189782
1380318209192255
1380318209192354
1380318209193990
1380318209194063
1380318209194281
1380318209194363
1380318209194433
1380318209194855
1380318209195078
1380318209195256
1380318209195414
1380318209196716
1380318209196795
1380318209196876
1380318209196926
1380318209196971
1380318209197016
1380318209197170
1380318209201839
1380318209202631
1380318209202875
1380318209203207
1380318209203463
1380318209203556
1380318209203761
1380318209203882
1380318209203997
1380318209204175
1380318209204338
1380318209204490
1380318209204524
1380318209204582
1380318209204583
1380318209205299
1380318209205513
1380318209205691
1380318209205763
1380318209205925
1380318209206100
1380318209206191
1380318209206257
1380318209206571
1380318209206670
1380318209206780
1380318209206945
1380318209207032
1380318209207274
1380318209207447
1380318209207613
1380318209207732
1380318209207877
1380318209207914
1380318209208032
1380318209208063
1380318209208385
1380318209208521
1380318209208700
1380318209208941
1380318209209075
1380318209209157
1380318209213664
1380318209217381
1380318209217647
1380318209222131
1380318209222185
1380318209222322
1380318209222433
1380318209226785
1380318209227855
1380318209228058
1380318209228163
1380318209228277
1380318209232609
1380318209233440
1380318209233704
1380318209233886
1380318209234034
1380318209234133
1380318209236005
1380318209238401
1380318209238619
1380318209238827
1380318209238960
1380318209239055
1380318209239153
1380318209239419
1380318209239791
1380318209239976
1380318209240198
1380318209240333
1380318209240418
1380318209243803
1380318209244815
1380318209245052
1380318209245162
1380318209245284
1380318209245381
1380318209245649
1380318209246242
1380318209246330
1380318209249670
1380318209250521
1380318209250763
1380318209252074
1380318209252824
1380318209253018
1380318209253146
1380318209253260
1380318209253608
1380318209253765
1380318209253851
1380318209254230
1380318209254462
1380318209254670
1380318209254844
1380318209255058
1380318209255311
1380318209255461
1380318209255752
1380318209255863
1380318209256090
1380318209256548
1380318209256959
1380318209257301
1380318209257617
1380318209257885
1380318209258325
1380318209258797
1380318209259016
1380318209259816
1380318209260841
1380318209261182
1380318209264512
1380318209264638
1380318209264703
1380318209265074
1380318209265398
1380318209265534
1380318209270425
1380318209271153
1380318209271457
1380318209271653
1380318209271824
1380318209271920
1380318209275186
1380318209275933
1380318209276827
1380318209276920
1380318209277037
1380318209277521
1380318209277748
1380318209277975
1380318209278171
1380318209278359
1380318209278478
1380318209278569
1380318209282200
1380318209282770
1380318209283163
1380318209283299
1380318209283541
1380318209283678
1380318209283798
1380318209284129
1380318209284436
1380318209284637
1380318209284845
1380318209284964
1380318209288987
1380318209289871
1380318209290147
1380318209290333
1380318209290458
1380318209290588
1380318209290783
1380318209291180
1380318209291316
1380318209295534
1380318209296253
1380318209296489
1380318209296590
1380318209297728
1380318209300856
1380318209301237
1380318209301510
1380318209301601
1380318209301663
1380318209302065
1380318209302305
1380318209302573
1380318209302823
1380318209302944
1380318209306631
1380318209307152
1380318209307333
1380318209307554
1380318209307701
1380318209307793
1380318209311048
1380318209311793
1380318209312038
1380318209312232
1380318209312595
1380318209312688
1380318209316117
1380318209316387
1380318209316673
1380318209316982
1380318209317264
1380318209317421
1380318209317594
1380318209318022
1380318209318145
1380318209318358
1380318209318572
1380318209318778
1380318209319343
1380318209319543
1380318209319665
1380318209320068
1380318209320414
1380318209320622
1380318209320831
1380318209321041
1380318209321120
1380318209321276
1380318209321304
1380318209321704
1380318209321982
1380318209322106
1380318209326230
1380318209327045
1380318209327295
1380318209327385
1380318209327705
1380318209328483
1380318209328955
1380318209329127
1380318209329343
1380318209329457
1380318209335103
1380318209335781
1380318209335955
1380318209336279
1380318209336412
1380318209336473
1380318209336849
1380318209337072
1380318209337351
1380318209337498
1380318209337616
1380318209341647
1380318209342507
1380318209342722
1380318209342992
1380318209343257
1380318209343516
1380318209344182
1380318209344403
1380318209374961
1380318209375336
1380318209375514
1380318209375763
1380318209375890
1380318209376051
1380318209376202
1380318209415995
1380318209416000
1380318209416201
1380318209416346
1380318209416511
1380318209416710
1380318209416819
1380318209417002
1380318209421773
1380318209434373
1380318209434440
1380318209441922
1380318209441982
1380318209462618
1380318209464547
1380318209475641
1380318209475789
1380318209475978
1380318209476177
1380318209481992
1380318209490747
1380318209490985
1380318209492905
1380318209493010
1380318209493209
1380318209493415
1380318209493599
1380318209493876
1380318209493976
1380318209494334
1380318209494495
1380318209494626
1380318209494863
1380318209496377
1380318209496552
1380318209506357
1380318209506369
1380318209685231
1380318209685388
1380318209685848
1380318209689184
1380318209689393
1380318209693666
1380318209693810
1380318209705305
1380318209802262
1380318209831114
1380318209855052
1380318209884037
1380318209940119
1380318209979787
1380318210008649
1380318210068569
1380318210088651
1380318210128534
1380318210131486
1380318210131586
1380318210151640
1380318210184079
1380318210201437
1380318210206915
1380318210209867
1380318210217278
1380318210218606
1380318210239909
1380318210247496
1380318210254020
1380318210254024
1380318210370523
1380318210425964
1380318210426452
1380318210426510
1380318210467082
1380318210467571
1380318210485853
1380318210486617
1380318210504313
1380318210504402
1380318210504723
1380318210525873
1380318210531990
1380318210532069
1380318210532150
1380318210532366
1380318210533024
1380318210536150
1380318210536210
1380318210575052
1380318210575372
1380318210599895
1380318210600108
1380318210600328
1380318210654022
1380318210654191
1380318210654224
1380318210654250
1380318210703475
1380318210704190
1380318210713713
1380318210713736
1380318210713817
1380318210714173
1380318210714188
1380318210714809
1380318210715288
1380318210752265
1380318213659015
1380318213664774
1380318213665773
1380318213736860
1380318213737286
1380318213744335
1380318213744356
1380318213744581
1380318213745142
1380318213745164
1380318213745469
1380318213745977
1380318213749203
1380318213749556
1380318213750205
1380318213751678
1380318213751795
1380318213751884
1380318213754338
1380318213756260
1380318213756339
1380318213756676
1380318213760229
1380318213767569
1380318213767897
1380318213775744
1380318213776562
1380318213780326
1380318213790168
1380318213791014
1380318213832493
1380318213837667
1380318213837992
1380318213877828
1380318213878042
1380318213878090
1380318213878137
1380318213887129
1380318213887785
1380318213887807
1380318213887902
1380318213887988
1380318213888001
1380318213888579
1380318213888744
1380318213889418
1380318213889455
1380318213889670
1380318213889881
1380318213889975
1380318213890005
1380318213890041
1380318213896019
1380318213896521
1380318213896686
1380318213896969
1380318213897545
1380318213900645
1380318213901116
1380318213901364
1380318213901622
1380318213901884
1380318213902155
1380318213902510
1380318213902792
1380318213903211
1380318213903306
1380318213903740
1380318213904309
1380318213904682
1380318213905924
1380318213906047
1380318213906330
1380318213906886
1380318213907609
1380318213907815
1380318213908016
1380318213908180
1380318213908442
1380318213908659
1380318213908824
1380318213908898
1380318213909814
1380318213913597
1380318213913691
1380318213913995
1380318213914188
1380318213914478
1380318213917362
1380318213917968
1380318213920128
1380318213920232
1380318213920558
1380318213920782
1380318213960393
1380318213965091
1380318213965836
1380318213966190
1380318213966331
1380318213969543
1380318213969602
1380318213969653
1380318213969698
1380318213969744
1380318213969789
1380318213969835
1380318213969920
1380318213969976
1380318213970032
1380318213977237
1380318213977377
1380318213977600
1380318213977827
1380318213978008
1380318213978125
1380318213978376
1380318213978649
1380318213978752
1380318213979279
1380318213979531
1380318213979681
1380318213979946
1380318213980173
1380318213980340
1380318213980562
1380318213980658
1380318213980927
1380318213981168
1380318213981444
1380318213981547
1380318213981687
1380318213981834
1380318213981873
1380318213982009
1380318213982600
1380318213982841
1380318213982961
1380318213983004
1380318213983061
1380318213983207
1380318213983245
1380318213983289
1380318213983563
1380318213983625
1380318213983763
1380318213983886
1380318213984016
1380318213984158
1380318213984380
1380318213984510
1380318213985669
1380318213985880
1380318213985954
1380318213986098
1380318213986170
1380318213986491
1380318213986552
1380318213986835
1380318213986866
1380318213986925
1380318213987275
1380318213988310
1380318213988888
1380318213988943
1380318213989075
1380318213994718
1380318213994862
1380318213995901
1380318213998835
1380318213999008
1380318213999154
1380318213999292
1380318213999452
1380318214001633
1380318214001851
1380318214001997
1380318214006576
1380318214007177
1380318214044601
1380318214044772
1380318214044829
1380318214044885
1380318214049586
1380318214050103
1380318214050494
1380318214050856
1380318214050881
1380318214051853
1380318214051884
1380318214052222
1380318214052251
1380318214052349
1380318214064400
1380318214064747
1380318214090553
1380318214093754
1380318214132252
1380318214804670
1380318214811965
1380318214824630
1380318214824751
1380318214825345
1380318214825478
1380318214825606
1380318214826611
1380318214836606
1380318214836697
1380318214837783
1380318214837883
1380318214838748
1380318214838813
1380318214839592
1380318214876206
1380318214876801
1380318214914499
