1379885087570411
1379885087772266
1379885087773440
1379885087773532
1379885087925471
1379885087925629
1379885087925776
1379885087925871
1379885087925977
1379885087926221
1379885087926376
1379885087926926
1379885087953585
1379885088101001
1379885088101363
1379885088103980
1379885088104069
1379885088104294
1379885088104379
1379885088248608
1379885088248789
1379885088248995
1379885088249108
1379885088253609
1379885088253689
1379885088254014
1379885088254311
1379885088254332
1379885088276338
1379885088350875
1379885088350934
1379885088351130
1379885088385619
1379885088395840
1379885088396194
1379885088396373
1379885088396457
1379885088396538
1379885088588110
1379885088588153
1379885088738818
1379885088741229
1379885088741333
1379885088741448
1379885088741534
1379885088743034
1379885088743363
1379885088890149
1379885088890448
1379885088892678
1379885088893396
1379885089040081
1379885089042904
1379885089047630
1379885089047720
1379885089047967
1379885089194058
1379885089194161
1379885089194275
1379885089194363
1379885089194706
1379885089194823
1379885089194893
1379885089195832
1379885089195965
1379885089196059
1379885089196127
1379885089201195
1379885089342929
1379885089343810
1379885089345226
1379885089345464
1379885089345586
1379885089345676
1379885089345935
1379885089346023
1379885089347302
1379885089347474
1379885089347593
1379885089347707
1379885089347828
1379885089347988
1379885089349041
1379885089349141
1379885089349856
1379885089350392
1379885089350512
1379885089350667
1379885089350774
1379885089351435
1379885089351518
1379885089351637
1379885089352115
1379885089498859
1379885089538135
1379885089691893
1379885089691999
1379885089692114
1379885089692195
1379885089725033
1379885089747743
1379885089747831
1379885089747900
1379885089747959
1379885089748026
1379885089748087
1379885089748179
1379885089771773
1379885089810004
1379885089829880
1379885089868116
1379885089869102
1379885089875375
1379885089898871
1379885089898971
1379885089899099
1379885089899340
1379885089899763
1379885089899890
1379885089900398
1379885089900664
1379885089900763
1379885089900979
1379885089901203
1379885089901537
1379885089901799
1379885089902070
1379885089902176
1379885089902265
1379885089902367
1379885089902682
1379885089902791
1379885089903109
1379885089903373
1379885089903465
1379885089903633
1379885089903770
1379885089904100
1379885089904195
1379885089904208
1379885089904579
1379885089904749
1379885089905859
1379885089906106
1379885089906476
1379885089906785
1379885089907101
1379885089907457
1379885089907579
1379885089907765
1379885089907913
1379885089908009
1379885089909762
1379885089910036
1379885089924431
1379885089924557
1379885089924998
1379885089925081
1379885089925825
1379885089925844
1379885090047882
1379885090048885
1379885090049097
1379885090049247
1379885090049887
1379885090050721
1379885090050977
1379885090051164
1379885090051390
1379885090051560
1379885090053861
1379885090057545
1379885090057700
1379885090057766
1379885090059156
1379885090059280
1379885090059373
1379885090059437
1379885090059639
1379885090059806
1379885090059913
1379885090060021
1379885090060148
1379885090060194
1379885090061134
1379885090061396
1379885090062028
1379885090062103
1379885090064975
1379885090065283
1379885090065348
1379885090065421
1379885090065519
1379885090065638
1379885090065813
1379885090065926
1379885090066060
1379885090079247
1379885090079380
1379885090208799
1379885090208892
1379885090209143
1379885090209252
1379885090210795
1379885090210900
1379885090211156
1379885090211223
1379885090211324
1379885090212180
1379885090212371
1379885090212653
1379885090213066
1379885090213180
1379885090220733
1379885090220857
1379885090221162
1379885090221267
1379885090221267
1379885090221439
1379885090221562
1379885090221823
1379885090221883
1379885090232259
1379885090232396
1379885090232479
1379885090360096
1379885090360194
1379885090360292
1379885090360497
1379885090360620
1379885090362289
1379885090362473
1379885090362677
1379885090362774
1379885090363092
1379885090363185
1379885090366622
1379885090366874
1379885090366984
1379885090376578
1379885090376671
1379885090376929
1379885090377005
1379885090377124
1379885090377643
1379885090377759
1379885090378088
1379885090378162
1379885090385237
1379885090385304
1379885090385414
1379885090385595
1379885090385753
1379885090385826
1379885090511608
1379885090511705
1379885090511947
1379885090512057
1379885090516828
1379885090516939
1379885090517035
1379885090517108
1379885090517213
1379885090518125
1379885090518207
1379885090518443
1379885090518523
1379885090518618
1379885090531581
1379885090531711
1379885090532018
1379885090532074
1379885090532372
1379885090532466
1379885090532695
1379885090532874
1379885090533247
1379885090533454
1379885090533529
1379885090539081
1379885090539140
1379885090539194
1379885090539401
1379885090539468
1379885090662763
1379885090662978
1379885090663109
1379885090663594
1379885090663717
1379885090668181
1379885090668590
1379885090668751
1379885090669612
1379885090669707
1379885090669847
1379885090670209
1379885090670342
1379885090687549
1379885090687605
1379885090687958
1379885090688032
1379885090688748
1379885090688846
1379885090689270
1379885090689339
1379885090692115
1379885090692245
1379885090692339
1379885090692397
1379885090814511
1379885090817161
1379885090817299
1379885090817504
1379885090817634
1379885090819518
1379885090819703
1379885090819794
1379885090819869
1379885090821678
1379885090821805
1379885090821891
1379885090821985
1379885090842784
1379885090842839
1379885090843055
1379885090843135
1379885090844503
1379885090844682
1379885090844790
1379885090844900
1379885090844970
1379885090846113
1379885090846622
1379885090846764
1379885090846898
1379885090847102
1379885090847207
1379885090968428
1379885090968566
1379885090968686
1379885090970381
1379885090970857
1379885090970944
1379885090971065
1379885090972822
1379885090972930
1379885090973205
1379885090973348
1379885090998137
1379885090998285
1379885090998587
1379885090999439
1379885090999754
1379885090999895
1379885091000088
1379885091000546
1379885091000640
1379885091001008
1379885091001070
1379885091001240
1379885091119954
1379885091120053
1379885091120277
1379885091120348
1379885091122229
1379885091124953
1379885091125062
1379885091125158
1379885091125224
1379885091153324
1379885091153819
1379885091154206
1379885091154462
1379885091154616
1379885091155060
1379885091155204
1379885091155357
