1379824429860864
1379824429934372
1379824429934562
1379824429934660
1379824429934978
1379824429988094
1379824429988594
1379824430025999
1379824430115108
1379824430120127
1379824430120327
1379824430120513
1379824430157891
1379824430162888
1379824430163164
1379824430163390
1379824430167062
1379824430167302
1379824430171971
1379824430175682
1379824430179992
1379824430183738
1379824430190940
1379824430191140
1379824430191375
1379824430194717
1379824430194848
1379824430199851
1379824430200135
1379824430200375
1379824430238052
1379824430243220
1379824430243379
1379824430243549
1379824430243590
1379824430247124
1379824430247265
1379824430247421
1379824430247477
1379824430247522
1379824430247572
1379824430247627
1379824430247652
1379824430253090
1379824430253197
1379824430253480
1379824430253589
1379824430253725
1379824430253833
1379824430253939
1379824430254185
1379824430254204
1379824430254356
1379824430254429
1379824430254973
1379824430255071
1379824430257762
1379824430257860
1379824430258052
1379824430258159
1379824430259330
1379824430259614
1379824430259704
1379824430259823
1379824430260007
1379824430260113
1379824430260131
1379824430639603
1379824430676153
1379824430676340
1379824430676461
1379824430710702
1379824430747989
1379824430775740
1379824430775836
1379824430792550
1379824430831678
1379824430832568
1379824430868366
1379824430868712
1379824430871006
1379824430908549
