1380579229709830
1380579229739937
1380579229740154
1380579229740539
1380579229744248
1380579229744327
1380579229744412
1380579229744624
1380579229831408
1380579229836480
1380579229836992
1380579229837054
1380579229837295
1380579229837383
1380579229837867
1380579229837955
1380579229838174
1380579229838246
1380579229878801
1380579229879183
1380579229883406
1380579229887370
1380579229889088
1380579229889232
1380579229889555
1380579229889611
1380579229889782
1380579229889903
1380579229890345
1380579229890542
1380579229890674
1380579229891033
1380579229891225
1380579229892758
1380579229894204
1380579229894424
1380579229894723
1380579229895057
1380579229900375
1380579229900644
1380579229938819
1380579229943954
1380579229944222
1380579229944459
1380579229947595
1380579229991014
1380579229996676
1380579229996888
1380579230034861
1380579230049165
1380579230060377
1380579230074796
1380579230086285
1380579230086344
1380579230086493
1380579230086533
1380579230086714
1380579230086755
1380579230086794
1380579230093175
1380579230093246
1380579230093341
1380579230093703
1380579230093766
1380579230093967
1380579230094037
1380579230094262
1380579230094333
1380579230094773
1380579230094844
1380579230095258
1380579230095335
1380579230095814
1380579230095909
1380579230096145
1380579230096226
1380579230096471
1380579230096538
1380579230096727
1380579230097261
1380579230097365
1380579230097581
1380579230097830
1380579230098056
1380579230099804
1380579230099867
1380579230100085
1380579230100146
1380579230103596
1380579230103721
1380579230103821
1380579230104506
1380579230105202
1380579230105334
1380579230105427
1380579230108261
1380579230112795
1380579230112855
1380579230150728
1380579230151120
1380579230151208
1380579230151250
1380579230151291
1380579230151331
1380579230157281
1380579230157568
1380579230157663
1380579230157727
1380579230157823
1380579230158120
1380579230158188
1380579230158418
1380579230158603
1380579230158762
1380579230158943
1380579230158973
1380579230159346
1380579230164199
1380579230174346
1380579230174401
1380579230174514
1380579230174593
1380579230174894
1380579230174974
1380579230175071
1380579230175564
1380579230175641
1380579230175739
1380579230179298
1380579230179369
1380579230179685
1380579230179753
1380579230179852
1380579230180087
1380579230180524
1380579230180694
1380579230180769
1380579230241684
1380579230256715
1380579230272010
1380579230284484
1380579231278902
1380579231292631
1380579231300130
1380579231313680
1380579231321875
1380579231335508
1380579231457767
1380579231566007
1380579231568962
1380579231569041
1380579231666114
1380579231699080
1380579231723106
1380579231744837
1380579231844250
1380579231845368
1380579231943280
1380579231943638
1380579231983940
