1380237892742421
1380237892838854
1380237892882796
1380237892978737
1380237892978815
1380237892989722
1380237892995562
1380237893085546
1380237893091313
1380237893091406
1380237893091617
1380237893730335
1380237893832431
1380237893832580
1380237893832670
1380237893929978
1380237893994721
1380237894018959
1380237894040571
1380237894138942
1380237894139956
1380237894239150
1380237894239504
1380237894239739
1380237894277744
1380237929560278
1380237929648004
1380237929648259
1380237929648523
1380237929685940
1380237929688233
1380237929708056
1380237929713564
1380237929714396
1380237929718716
1380237929727647
1380237929727852
1380237929728090
1380237929731822
1380237929739831
1380237929739991
1380237929740195
1380237929779236
1380237929800853
1380237929801215
1380237929899270
1380237929899773
1380237929899847
1380237929906950
1380237929911033
1380237929911292
1380237929911500
1380237929911587
1380237929911901
1380237929912273
1380237929915989
1380237929916336
1380237929916677
1380237929918517
1380237929918662
1380237929918786
1380237929918910
1380237929919035
1380237929919738
1380237929919817
1380237929921134
1380237929921246
1380237929921349
1380237929921753
1380237929925700
1380237929928339
1380237929928469
1380237929966157
1380237929966263
1380237929966294
1380237929966332
1380237929966363
1380237929966393
1380237929973718
1380237929973893
1380237929974165
1380237929974305
1380237929974782
1380237929975070
1380237929975242
1380237929975321
1380237929975807
1380237929976004
1380237929976145
1380237929976788
1380237929976966
1380237929977094
1380237929977312
1380237929977537
1380237929977632
1380237929977681
1380237929977804
1380237929981293
1380237929981337
1380237929981575
1380237929981828
1380237929982052
1380237929982395
1380237929982491
1380237929982714
1380237929984447
1380237929984557
1380237929984789
1380237929985009
1380237929985151
1380237929985305
1380237929985542
1380237929985784
1380237929986032
1380237929986282
1380237929986399
1380237929986536
1380237929986938
1380237929987063
1380237929987321
1380237929987446
1380237929987571
1380237929987829
1380237929987960
1380237929988076
1380237929988199
1380237929988331
1380237929988456
1380237929988642
1380237929988768
1380237929988891
1380237929989164
1380237929989544
1380237929989959
1380237929990150
1380237929990590
1380237929990939
1380237929991043
1380237929991150
1380237929991277
1380237929991506
1380237929991623
1380237929991750
1380237929992013
1380237929992128
1380237929992541
1380237929992659
1380237929992781
1380237929993027
1380237929993156
1380237929993270
1380237929993386
1380237929993516
1380237929993687
1380237929993813
1380237929993930
1380237929994045
1380237929994196
1380237929994301
1380237929998611
1380237929998721
1380237929998876
1380237929999027
1380237929999151
1380237929999256
1380237929999380
1380237929999535
1380237929999645
1380237929999773
1380237929999935
1380237930000073
1380237930000203
1380237930000343
1380237930000447
1380237930000568
1380237930000712
1380237930001195
1380237930001378
1380237930001488
