1379563131966131
1379563131971195
1379563131971274
1379563131975306
1379563131975411
1379563131975517
1379563131976003
1379563131976123
1379563131976182
1379563131976659
1379563131983131
1379563131983365
1379563132043165
1379563132048136
1379563132049940
1379563132050072
1379563132095403
1379563132106866
1379563132141797
1379563132142056
1379563132157776
1379563132158055
1379563132169601
1379563132169701
1379563132169981
1379563132185404
1379563132216447
1379563132216747
1379563132229560
1379563132261587
1379563132261827
1379563132275143
1379563132305745
1379563132319268
1379563132353504
1379563132353772
1379563132353922
1379563132353975
1379563132354101
1379563132354970
1379563132369693
1379563132369735
1379563132369989
1379563132370008
1379563132371330
1379563132371362
1379563132384947
1379563132385332
1379563132395176
1379563132395250
1379563132395515
1379563132407663
1379563132437915
1379563132443099
1379563132446499
1379563132451945
1379563132452030
1379563132455555
1379563132460621
1379563132460717
1379563132497560
1379563132497807
1379563132497932
1379563132505586
1379563132505623
1379563132505713
1379563132509356
1379563132514541
1379563132553694
1379563132559172
1379563132559236
1379563132597937
1379563132605400
1379563132645761
1379563132645840
1379563132651065
1379563132651179
1379563132651357
1379563132652059
1379563132652583
1379563132689528
1379563132689829
1379563132697086
1379563132697168
1379563132733700
1379563132738964
1379563132739167
1379563132739242
1379563132777626
1379563132782912
1379563132783112
1379563132783331
1379563132786898
1379563132792050
1379563132792166
1379563132829602
1379563132834542
1379563132834661
1379563132873606
1379563132878999
1379563132879088
1379563132879304
1379563132917555
1379563132917851
1379563132922872
1379563132923028
1379563132923172
1379563132961632
1379563132966903
1379563132967128
1379563132970677
1379563132970733
1379563132977728
1379563132977895
1379563132978079
1379563132978296
1379563132978382
1379563133018085
1379563133018331
1379563133018685
1379563133018771
1379563133025314
1379563133027092
1379563133027200
1379563133027634
1379563133027749
1379563133027851
1379563133027941
1379563133028209
1379563133028618
1379563133028650
1379563133030905
1379563133031012
1379563133070038
1379563133075032
1379563133075373
1379563133078791
1379563133078921
1379563133079185
1379563133079272
1379563133079318
1379563133080471
1379563133080523
1379563133080573
1379563133080713
1379563133081094
1379563133081543
1379563133081733
1379563133081782
1379563133089304
1379563133089436
1379563133090438
1379563133090862
1379563133091121
1379563133091330
1379563133091410
1379563133091638
1379563133091783
1379563133091999
1379563133092206
1379563133092392
1379563133093344
1379563133093504
1379563133093765
1379563133094621
1379563133094673
1379563133095847
1379563133096442
1379563133096648
1379563133096890
1379563133096968
1379563133097139
1379563133098117
1379563133098179
1379563133098454
1379563133098508
1379563133098650
1379563133099166
1379563133100389
1379563133100850
1379563133101038
1379563133101253
1379563133101529
1379563133101728
1379563133101895
1379563133102105
1379563133102320
1379563133102403
1379563133102680
1379563133102825
1379563133300569
1379563133302107
1379563133306049
1379563133306351
1379563133306447
1379563133306713
1379563133306800
1379563133306868
1379563133307003
1379563133307040
1379563133308973
1379563133309823
1379563133309913
1379563133310784
1379563133311159
1379563133312580
1379563133314740
1379563133318357
1379563133318555
1379563133318687
1379563133709268
1379563133711999
1379563133715058
1379563136099776
1379563136106719
1379563136106745
1379563136106839
1379563136107245
1379563136112411
1379563136112594
1379563136116325
1379563136121662
1379563136121730
1379563136161660
1379563136167305
1379563136167411
1379563136205829
1379563136205921
1379563136205975
1379563136206024
1379563136206072
1379563136206122
1379563136206172
1379563136206231
1379563136206277
1379563136206326
1379563136206372
1379563136206420
1379563136206482
1379563136215337
1379563136215731
1379563136215819
1379563136216242
1379563136216345
1379563136216441
1379563136216530
1379563136216630
1379563136217146
1379563136217260
1379563136219010
1379563136219142
1379563136219322
1379563136219875
1379563136220620
1379563136220671
1379563136220898
1379563136221014
1379563136221758
1379563136221794
1379563136221828
1379563136222009
1379563136222040
1379563136222130
1379563136222790
1379563136224602
1379563136224695
1379563136224725
1379563136225488
1379563136225521
1379563136225566
1379563136225656
1379563136226042
1379563136226173
1379563136226462
1379563136226562
1379563136229264
1379563136229555
1379563136229595
1379563136229628
1379563136229872
1379563136229921
1379563136426638
1379563136428646
1379563136429076
1379563136430938
1379563136435457
1379563136435512
1379563136435605
1379563136440012
1379563136477500
1379563136630605
1379563136630796
1379563136630997
1379563136632742
1379563136632778
1379563136638066
1379563136638167
1379563136638266
1379563136638390
1379563136638531
1379563136642659
1379563136642769
1379563136645243
1379563136645687
1379563136645790
1379563136840002
1379563137041480
1379563137041568
1379563137041856
1379563137042053
1379563137045032
1379563137438314
1379563137442748
1379563137443906
1379563137444595
1379563137444699
1379563137444790
1379563137448129
1379563137448271
1379563137448385
1379563137448698
1379563137448754
1379563137448817
1379563137448863
1379563137448909
1379563137448966
1379563137451569
1379563137451698
1379563137452014
1379563137453029
1379563137453431
1379563137453519
1379563137454862
1379563137459952
1379563137459989
1379563137460112
1379563137460780
1379563137460811
1379563137460910
1379563137460980
1379563137461557
1379563137461665
1379563137461938
1379563137462146
1379563137462753
1379563137464243
1379563137464295
1379563137464341
1379563137465390
1379563137465531
1379563137465972
1379563137466275
1379563137466438
1379563137466632
1379563137466738
1379563137467004
1379563137467127
1379563137467463
1379563137467568
1379563137467775
1379563137467828
1379563137469324
1379563137469384
1379563137469499
1379563137475335
1379563137475423
1379563137475508
1379563137475783
1379563137475835
1379563137475909
1379563137476151
1379563137476208
1379563137476262
1379563137672532
1379563137678266
1379563137685434
1379563137685878
1379563137688795
1379563137688908
1379563137689242
1379563137873888
1379563137873959
1379563137876237
1379563137878409
1379563137878434
1379563137880309
1379563137883543
1379563137887635
1379563138293721
1379563138838009
1379563138843859
1379563138843943
1379563138844188
1379563138847543
1379563138888253
1379563138893854
1379563138893942
1379563138897192
1379563138897462
1379563138897584
1379563138897673
1379563138897949
1379563138898030
1379563138898429
1379563138898520
1379563138898737
1379563138899102
1379563138899390
1379563138902132
1379563138902340
1379563138902893
1379563138903308
1379563138903937
1379563138904007
1379563138905037
1379563138905126
1379563138908591
1379563138908883
1379563138915537
1379563138953553
1379563138953877
1379563138959078
1379563138959181
1379563138959457
1379563138962967
1379563138963237
1379563138963355
1379563138963486
1379563138963580
1379563138963883
1379563138967041
1379563138967260
1379563138967342
1379563139006215
1379563139006307
1379563139006365
1379563139006641
1379563139006694
1379563139006746
1379563139006800
1379563139006853
1379563139006907
1379563139006962
1379563139007035
1379563139015192
1379563139015521
1379563139016138
1379563139016511
1379563139016634
1379563139016982
1379563139018266
1379563139018395
1379563139018989
1379563139019061
1379563139019145
1379563139019630
1379563139019665
1379563139019862
1379563139019891
1379563139020034
1379563139021897
1379563139022917
1379563139023002
1379563139023660
1379563139023704
1379563139024270
1379563139024415
1379563139024453
1379563139024536
1379563139025449
1379563139026113
1379563139026162
1379563139026284
1379563139027263
1379563139027745
1379563139027941
1379563139028464
1379563139028773
1379563139028868
1379563139029239
1379563139029400
1379563139029483
1379563139029622
1379563139029844
1379563139030669
1379563139031139
1379563139031376
1379563139031694
1379563139031858
1379563139032097
1379563139033741
1379563139034150
1379563139034320
1379563139039595
1379563139040010
1379563139040153
1379563139040388
1379563139043682
1379563139050297
1379563139050687
1379563139052107
1379563139054189
1379563139056756
1379563139057174
1379563139059702
1379563139061789
1379563139062185
1379563139066735
1379563139085825
1379563139242264
1379563139270290
1379563139270352
1379563139290669
1379563139329175
1379563139330341
1379563139366479
1379563139366974
1379563139407917
1379563139409963
