1380223022401722
1380223022531089
1380223022531189
1380223022651623
1380223022652039
1380223022652141
1380223022652201
1380223022652660
1380223022652819
1380223022702930
1380223022703272
1380223022822002
1380223022822210
1380223022827726
1380223022827816
1380223022828048
1380223022828151
1380223022859201
1380223022948533
1380223022979846
1380223023011057
1380223023125608
1380223023164382
1380223023283874
1380223023289372
1380223023289429
1380223023404083
1380223023406692
1380223023523483
1380223023524911
1380223023524982
1380223023525039
1380223023641417
1380223023644058
1380223023644275
1380223023686128
1380223023700785
1380223023700984
1380223023701138
1380223023761115
1380223023761294
1380223023761504
1380223023806641
1380223023807478
1380223023880389
1380223023931094
1380223023931346
1380223023931476
1380223023935543
1380223023935630
1380223023935691
1380223023935843
1380223023935904
1380223023935958
1380223023936196
1380223024025057
1380223024057840
1380223024057928
1380223024058045
1380223024058386
1380223024059572
1380223024060513
1380223024060873
1380223024060967
1380223024061254
1380223024061369
1380223024061492
1380223024061589
1380223024061956
1380223024062027
1380223024062212
1380223024062785
1380223024062807
1380223024092678
1380223024097283
1380223024100261
1380223024100331
1380223024100424
1380223024112316
1380223024117445
1380223024117700
1380223024159695
1380223024181887
1380223024182148
1380223024182423
1380223024182644
1380223024183079
1380223024183171
1380223024183584
1380223024183863
1380223024183963
1380223024184282
1380223024184354
1380223024184578
1380223024184638
1380223024184845
1380223024184904
1380223024237786
1380223024237986
1380223024238054
1380223024238113
1380223024238170
1380223024238225
1380223024248660
1380223024257965
1380223024261450
1380223024303133
1380223024303348
1380223024303535
1380223024303606
1380223024303721
1380223024303831
1380223024304054
1380223024304201
1380223024304601
1380223024304734
1380223024357857
1380223024357946
1380223024359070
1380223024359220
1380223024359455
1380223024359571
1380223024359686
1380223024360007
1380223024360096
1380223024360242
1380223024362235
1380223024362370
1380223024362439
1380223024362692
1380223024367311
1380223024405758
1380223024408096
1380223024426363
1380223024459926
1380223024460147
1380223024460228
1380223024460280
1380223024460330
1380223024460380
1380223024460431
1380223024579129
1380223024582034
1380223024582240
1380223024582379
1380223024583115
1380223024585590
1380223024585697
1380223024587436
1380223024628644
1380223024628749
1380223024628801
1380223024628850
1380223024628901
1380223024628951
1380223024629003
1380223024705791
1380223024706250
1380223024706316
1380223024710375
1380223024749615
1380223024749863
1380223024750736
1380223024750939
1380223024753252
1380223024753763
1380223024753868
1380223024753981
1380223024754404
1380223024754638
1380223024754906
1380223024754974
1380223024755287
1380223024755430
1380223024755678
1380223024755918
1380223024756253
1380223024756530
1380223024756688
1380223024756913
1380223024808338
1380223024808835
1380223024821525
1380223024826171
1380223024832686
1380223024832769
1380223024833258
1380223024839622
1380223024872104
1380223024872664
1380223024872761
1380223024872822
1380223024873243
1380223024873302
1380223024873822
1380223024873838
1380223024874027
1380223024878101
1380223024878359
1380223024880988
1380223024881162
1380223024882408
1380223024882562
1380223024909349
1380223024909434
1380223024909519
1380223024948208
1380223024948438
1380223024955068
1380223024994254
1380223024994447
1380223024997708
1380223024997917
1380223025000405
1380223025000616
1380223025002946
1380223025003176
1380223025004990
1380223025005260
1380223025007414
1380223025043189
1380223025068222
1380223025068299
1380223025068314
1380223025068702
1380223025074653
1380223025117114
1380223025117336
1380223025121868
1380223025122090
1380223025123705
1380223025123897
1380223025124471
1380223025124643
1380223025127424
1380223025127610
1380223025177464
1380223025178359
1380223025187921
1380223025188105
1380223025236579
1380223025236813
1380223025243928
1380223025244178
1380223025245364
1380223025245534
1380223025248106
1380223025248378
1380223025248480
1380223025248550
1380223025248946
1380223025249056
1380223025249163
1380223025249235
1380223025249581
1380223025249637
1380223025249773
1380223025276537
1380223025276954
1380223025310717
1380223025311420
1380223025311568
1380223025311629
1380223025311631
1380223025362264
1380223025362338
1380223025362435
1380223025362859
1380223025363006
1380223025364646
1380223025364996
1380223025365088
1380223025365149
1380223025365432
1380223025365516
1380223025365620
1380223025365998
1380223025366065
1380223025366376
1380223025366449
1380223025366555
1380223025368603
1380223025368820
1380223025369065
1380223025369169
1380223025369519
1380223025369583
1380223025369694
1380223025371938
1380223025372002
1380223025372198
1380223025432662
1380223025432758
1380223025433940
1380223025434077
1380223025486981
1380223025487051
1380223025487275
1380223025489121
1380223025489190
1380223025489627
1380223025489812
1380223025489939
1380223025490885
1380223025490956
1380223025491356
1380223025491592
1380223025491740
1380223025491935
1380223025492005
1380223025492219
1380223025495854
1380223025532203
1380223025532446
1380223025560359
1380223025560736
1380223025560895
1380223025611680
1380223025614423
1380223025614446
1380223025614520
1380223025614600
1380223025615046
1380223025615107
1380223025615392
1380223025615461
1380223025615722
1380223025623219
1380223025623345
1380223025623424
1380223025656991
1380223025657235
1380223025657319
1380223025658431
1380223025658518
1380223025658827
1380223025658908
1380223025696152
1380223025744086
1380223025744194
1380223025744288
1380223025744534
1380223025744720
1380223025746341
1380223025746604
1380223025746679
1380223025746874
1380223025746952
1380223025747241
1380223025747500
1380223025747833
1380223025748086
1380223025748242
1380223025748459
1380223025748853
1380223025748996
1380223025749151
1380223025749372
1380223025749529
1380223025749829
1380223025750192
1380223025750472
1380223025750717
1380223025750949
1380223025870237
