1379862660760626
1379862660791844
1379862660852553
1379862660877747
1379862660878053
1379862660927811
1379862660954516
1379862660972113
1379862660983987
1379862660984498
1379862660984561
1379862661017810
1379862661041477
1379862661042139
1379862661068647
1379862661096634
1379862661118072
1379862661118316
1379862661118388
1379862661121348
1379862661149678
1379862661167456
1379862661187371
1379862661187887
1379862661211736
1379862661248123
1379862661324240
1379862661333787
1379862661346593
1379862661346790
1379862661387055
1379862661391922
1379862661428951
1379862661429471
1379862661429550
1379862661429808
1379862661508032
1379862661521432
1379862661755276
1379862661794792
1379862661795154
1379862661829371
1379862661860193
1379862661883818
1379862661883896
1379862661888670
1379862661928961
1379862661929778
1379862661965600
1379862661965929
1379862662007172
