1379615894204848
1379615894383863
1379615894386141
1379615894454758
1379615894478482
1379615894492514
1379615894532396
1379615894555870
1379615894556122
1379615894596770
1379615894596993
1379615894608135
1379615894608504
1379615894609021
1379615894614269
1379615894614522
1379615894614671
1379615894652329
1379615894667507
1379615894674152
1379615894687905
1379615894694537
1379615894698315
1379615894700338
1379615894702559
1379615894716994
1379615894718261
1379615894719985
1379615894720062
1379615894720305
1379615894720620
1379615894720705
1379615894720902
1379615894721057
1379615894721130
1379615894724063
1379615894724260
1379615894724315
1379615894724369
1379615894732180
1379615894732267
1379615894732456
1379615894732570
1379615894736721
1379615894736983
1379615894737077
1379615894737457
1379615894737600
1379615894737968
1379615894738120
1379615894738281
1379615894738347
1379615894738631
1379615894738793
1379615894738967
1379615894739027
1379615894740265
1379615894740373
1379615894740626
1379615894740777
1379615894741047
1379615894741164
1379615894741312
1379615894741463
1379615894741642
1379615894741701
1379615894744925
1379615894745007
1379615894745932
1379615894746178
1379615894746625
1379615894746704
1379615894746888
1379615894747036
1379615894747159
1379615894748193
1379615894748403
1379615894748516
1379615894753248
1379615894753493
1379615894753715
1379615894753871
1379615894754780
1379615894754937
1379615894755040
1379615894755342
1379615894755443
1379615894755666
1379615894756006
1379615894756187
1379615894756590
1379615894758927
1379615894759041
1379615894759246
1379615894759524
1379615894759601
1379615894759675
1379615894759953
1379615894760876
1379615894769346
1379615894769658
1379615894769690
1379615895023172
1379615895061955
1379615895098654
1379615895098806
1379615895099108
1379615895133422
1379615895138220
1379615895169353
1379615895197107
1379615895197349
1379615895215271
1379615895249296
1379615895290154
1379615895291111
1379615895327923
1379615895328271
1379615895367162
1379615931313995
1379615931482292
1379615931482392
1379615931482493
1379615931482814
1379615931568227
1379615931608308
1379615931677820
1379615931678357
1379615931694257
1379615931694350
1379615931694689
1379615931712722
1379615931752675
1379615931762252
1379615931772744
1379615931783526
1379615931783706
1379615931783978
1379615931853103
1379615931853539
1379615931927821
1379615931927960
