1379946782814020
1379946782934477
1379946782934560
1379946783030014
1379946783030084
1379946783069862
1379946783158410
1379946783163137
1379946783171042
1379946783171232
1379946783171489
1379946783175534
1379946783175774
1379946783176088
1379946783176177
1379946783176441
1379946783176533
1379946783178659
1379946783178764
1379946783179040
1379946783179371
1379946783179505
1379946783179589
1379946783179768
1379946783182665
1379946783182754
1379946783183249
1379946783183365
1379946783183448
1379946783183565
1379946783183708
1379946783185534
1379946783185643
1379946783185864
1379946783185961
1379946783186042
1379946783189145
1379946783192074
1379946783192176
1379946783192233
1379946783192426
1379946783192508
1379946783192648
1379946783192948
1379946783193058
1379946783193219
1379946783193930
1379946783194135
1379946783194242
1379946783194395
1379946783194559
1379946783194711
1379946783194851
1379946783196008
1379946783196305
1379946783196422
1379946783197060
1379946783197280
1379946783197370
1379946783197600
1379946783197844
1379946783200045
1379946783200279
1379946783200536
1379946783200742
1379946783200845
1379946783201085
1379946783201315
1379946783201550
1379946783201690
1379946783201990
1379946783202083
1379946783202663
1379946783202915
1379946783202991
1379946783203023
1379946783203708
1379946783203902
1379946783204189
1379946783204407
1379946783204585
1379946783204846
1379946783205147
1379946783205403
1379946783205596
1379946783205653
1379946783206385
1379946783206491
1379946783206696
1379946783207205
1379946783209515
1379946783209651
1379946783209779
1379946783209884
1379946783210010
1379946783210168
1379946783210290
1379946783210414
1379946783210525
1379946783210648
1379946783210794
1379946783210915
1379946783211145
1379946783211294
1379946783211471
1379946783211605
1379946783211714
1379946783211838
1379946783211950
1379946783212072
1379946783212202
1379946783214772
1379946783214861
1379946783214974
1379946783217154
1379946783217314
1379946783217421
1379946783217649
1379946783217858
1379946783217916
1379946783218169
1379946783219201
1379946783219565
1379946783219703
1379946783219812
1379946783219934
1379946783220189
1379946783220322
1379946783220823
1379946783220953
1379946783221065
1379946783221201
1379946783221480
1379946783221586
1379946783221694
1379946783221809
1379946783239180
1379946783239302
1379946783239424
1379946783239536
1379946783241745
1379946783241861
1379946783241970
1379946783242084
1379946783247458
1379946783247543
1379946783252868
1379946783252932
1379946783253147
1379946783253201
1379946783253371
1379946783253446
1379946783253619
1379946783257786
1379946783257792
1379946783257922
1379946783300728
1379946783300927
1379946783301163
1379946783301397
1379946783351419
1379946783351502
1379946783351582
1379946783351644
1379946783351703
1379946783351774
1379946783352667
1379946783356557
1379946783356567
1379946783356576
1379946783356704
1379946783356716
1379946783356730
1379946783356741
1379946783356755
1379946783356767
1379946783357507
1379946783358050
1379946783360946
1379946783362869
1379946783364459
1379946783364462
1379946783395396
1379946783395487
1379946783395655
1379946783422652
1379946783423488
1379946783425556
1379946783457487
1379946783466184
1379946783466303
1379946783466460
1379946783470508
1379946783470731
1379946783470880
1379946783470987
1379946783471252
1379946783471389
1379946783475389
1379946783475710
1379946783475846
1379946783475961
1379946783476124
1379946783476232
1379946783482999
1379946783483122
1379946783483236
1379946783509539
1379946783509708
1379946783513806
1379946783513816
1379946783515648
1379946783518960
1379946783521911
1379946783522103
1379946783522338
1379946783592183
1379946783601613
1379946783603249
1379946783642003
1379946783676408
1379946783686800
1379946783704276
1379946783730329
1379946783864484
1379946783865602
1379946783997549
1379946783997932
1379946783998194
1379946784035718
