1379556914311285
1379556914546420
1379556914546529
1379556914546633
1379556914616628
1379556914616736
1379556914616809
1379556914616890
1379556914792274
1379556914832449
1379556914832536
1379556914832617
1379556914832896
1379556914833168
1379556914871883
1379556914872090
1379556914872170
1379556914872232
1379556914872436
1379556914872648
1379556914872792
1379556914872931
1379556914873474
1379556914873643
1379556914873764
1379556914873936
1379556914874133
1379556914874810
1379556914874959
1379556914875161
1379556914875231
1379556914910205
1379556914910357
1379556914911123
1379556914911248
1379556914911533
1379556914911608
1379556914911758
1379556914911880
1379556914912181
1379556914912322
1379556914912962
1379556914913186
1379556914913348
1379556914913708
1379556914913834
1379556914913908
1379556914914097
1379556914914219
1379556914914346
1379556914914415
1379556914915716
1379556914915841
1379556914916155
1379556914916722
1379556914948389
1379556914948570
1379556914948915
1379556914949210
1379556914950376
1379556914950517
1379556914950627
1379556914950807
1379556914953883
1379556914955808
1379556914956079
1379556914987612
1379556915027312
1379556915027374
1379556915065814
1379556915065895
1379556915065958
1379556915066017
1379556915066072
1379556915066126
1379556915105661
1379556915105732
1379556915105951
1379556915106320
1379556915106662
1379556915106783
1379556915107099
1379556915107374
1379556915107407
1379556915107559
1379556915107805
1379556915107930
1379556915108326
1379556915108596
1379556915108838
1379556915109055
1379556915109121
1379556915109240
1379556915109339
1379556915109618
1379556915110140
1379556915110239
1379556915110693
1379556915110792
1379556915110897
1379556915110965
1379556915111075
1379556915111547
1379556915146763
1379556915147131
1379556915147242
1379556915147341
1379556915147448
1379556915147755
1379556915148002
1379556915148101
1379556915148432
1379556915148533
1379556915148762
1379556915148965
1379556915149190
1379556915149375
1379556915149571
1379556915149768
1379556915150016
1379556915150150
1379556915150373
1379556915150625
1379556915150886
1379556915151056
1379556915151441
1379556915151722
1379556915151946
1379556915152233
1379556915152439
1379556915152702
1379556915152998
1379556915153234
1379556915153708
1379556915153920
1379556915154147
1379556915154382
1379556915154575
1379556915154772
1379556915155078
1379556915155419
1379556915155625
1379556915155961
1379556915156218
1379556915157059
1379556915157428
1379556915157673
1379556915157909
1379556915158214
1379556915159334
1379556915187539
1379556915187826
1379556915187967
1379556915190268
1379556915193582
1379556915193800
1379556915194279
1379556915194614
1379556915195163
1379556915195537
1379556915195767
1379556915196239
1379556915196775
1379556915197388
1379556915197722
1379556915198032
1379556915198225
1379556915199061
1379556915199370
1379556915199744
1379556915200042
1379556915200264
1379556915200517
1379556915200625
1379556915201387
1379556915201531
1379556915201699
1379556915201912
1379556915202095
1379556915226172
1379556915226402
1379556915226553
1379556915226765
1379556915226944
1379556915227059
1379556915227296
1379556915227498
1379556915232952
1379556915233265
1379556915233556
1379556915233771
1379556915233984
1379556915234211
1379556915234471
1379556915234737
1379556915234945
1379556915235417
1379556915235720
1379556915236236
1379556915236467
1379556915236670
1379556915236867
1379556915237099
1379556915237263
1379556915237427
1379556915237669
1379556915237899
1379556915238128
1379556915238415
1379556915238647
1379556915241254
1379556915241374
1379556915241879
1379556915272158
1379556915272330
1379556915272418
1379556915272826
1379556915273097
1379556915273301
1379556915273648
1379556915273845
1379556915275185
1379556915275291
1379556915275485
1379556915275631
1379556915275864
1379556915276061
1379556915276171
1379556915276493
1379556915276708
1379556915289423
1379556915313290
1379556915396044
1379556915470752
1379556915493230
1379556915508066
1379556915508410
1379556915514130
1379556915514355
1379556915546751
1379556915547216
1379556915547488
1379556915552825
1379556915553145
1379556915553415
1379556915553649
1379556915574222
1379556915585447
1379556915585759
1379556915586025
1379556915586255
1379556915586552
1379556915591826
1379556915594132
1379556915594497
1379556915594717
1379556915595008
1379556915595448
1379556915595632
1379556915632991
1379556915633532
1379556915633763
1379556915633950
1379556915634186
1379556915634447
1379556915634802
1379556915634963
1379556915635338
1379556915635586
1379556915672848
1379556915674565
1379556915674811
1379556915675030
1379556915675357
1379556915675694
1379556915675970
1379556915712591
1379556915712887
1379556915713044
1379556915715527
1379556915715900
1379556915716273
1379556915716390
1379556915752564
1379556915752756
1379556915753069
1379556915753289
1379556915753618
1379556915753975
1379556915757263
1379556915834238
1379556915874379
1379556915874486
1379556916110400
1379556916186090
1379556916186300
1379556916186508
1379556916224662
1379556916224895
1379556916225807
1379556916263120
1379556916263393
1379556916263564
1379556916301329
1379556916686571
1379556916690612
1379556916692858
1379556916727159
1379556916727449
1379556916749697
1379556916766556
1379556916766710
1379556916766819
1379556916767141
1379556916767766
1379556916767943
1379556916805428
1379556916805555
1379556916805661
1379556916805936
1379556916806045
1379556916806655
1379556916806770
1379556916806922
1379556916807224
1379556916807320
1379556916807575
1379556916807666
1379556916808596
1379556916809031
1379556916809152
1379556916809243
1379556916809376
1379556916844859
1379556916844952
1379556916845367
1379556916845764
1379556916845813
1379556916845926
1379556916846921
1379556916847020
1379556916847101
1379556916847357
1379556916849569
1379556916849697
1379556916849814
1379556916850039
1379556916884003
1379556916885475
1379556916885672
1379556916885855
1379556916886100
1379556916886304
1379556916886350
1379556916923378
1379556916923603
1379556916926172
1379556916926331
1379556916963040
1379556916963199
1379556917002431
1379556917002831
1379556917003021
1379556917041786
1379556917041883
1379556917042100
1379556917042213
1379556917042431
1379556917042522
1379556917081787
1379556917082187
1379556917082485
1379556917121171
1379556917121635
1379556917121857
1379556917123965
1379556917161041
1379556917161428
1379556917199462
1379556917200478
1379556917200688
1379556917200938
1379556917201068
1379556917237518
1379556917238906
1379556917239109
1379556917239266
1379556917276052
1379556917276418
1379556917314928
1379556917315378
1379556917315575
1379556917315832
1379556917315935
1379556917354798
1379556917354911
1379556917354972
1379556917355081
1379556917355194
1379556917355518
1379556917401671
1379556917401753
1379556917432876
1379556917432987
1379556917433234
1379556917530010
1379556917530037
1379556918290652
1379556918392113
1379556918395035
1379556918395143
1379556918493028
1379556919817290
1379556919845207
1379556919845286
1379556920064202
1379556920088568
1379556920141966
1379556920142358
1379556920142454
1379556920142737
1379556920142941
1379556920143019
1379556920202572
1379556920463422
1379556920563147
1379556920563656
1379556920568220
1379556920570211
