1380134826436262
1380134826750578
1380134826751372
1380134827067297
1380134827067373
1380134827067501
1380134827100580
1380134827386991
1380134827387275
1380134827387370
1380134827387475
1380134827387592
1380134827387810
1380134827414986
1380134827416587
1380134827417180
1380134827698280
1380134827706108
1380134827706433
1380134827706521
1380134827706611
1380134827706704
1380134827706980
1380134827707080
1380134827707196
1380134827707697
1380134827707859
1380134827708277
1380134827708393
1380134827726141
1380134827726290
1380134827726514
1380134827730485
1380134827731299
1380134827770899
1380134827846600
1380134827846743
1380134827846912
1380134827881231
1380134827978913
1380134827979142
1380134828024235
1380134828024361
1380134828024446
1380134828024692
1380134828024789
1380134828024903
1380134828025176
1380134828025451
1380134828025550
1380134828025934
1380134828026045
1380134828026134
1380134828026247
1380134828026354
1380134828026607
1380134828026740
1380134828026854
1380134828027015
1380134828028922
1380134828029218
1380134828042607
1380134828043407
1380134828083348
1380134828345184
1380134828345315
1380134828345433
1380134828345547
1380134828345668
1380134828345776
1380134828346016
1380134828346080
1380134828354382
1380134828354628
1380134828354871
1380134828399271
1380134828400207
1380134828400297
1380134828444297
1380134828716829
1380134828758793
1380134828759565
1380134828759844
1380134828765369
1380134829074129
1380134829074245
1380134829074346
1380134829074461
1380134829083065
1380134829083838
1380134829121988
1380134829356302
1380134829403565
1380134829403729
1380134829404022
1380134829441450
1380134829441541
1380134829590682
1380134829591452
1380134829596857
1380134829619713
1380134829619993
1380134829620562
1380134829643669
1380134829681913
1380134829756884
1380134829756971
1380134829757157
1380134829824957
1380134829825273
1380134829825577
1380134829841519
1380134829841658
1380134829882096
1380134829907669
1380134829946021
1380134829956136
1380134829956245
1380134829956422
1380134829959419
1380134829959532
1380134829959801
1380134829959919
1380134829960076
1380134830059257
1380134830059386
1380134830059492
1380134830059584
1380134830059876
1380134830077356
1380134830081213
1380134830081306
1380134830117149
1380134830117237
1380134830268321
1380134830268429
1380134830269391
1380134830269567
1380134830269859
1380134830276985
1380134830277245
1380134830277361
1380134830277477
1380134830277575
1380134830277826
1380134830277940
1380134830278050
1380134830278465
1380134830278582
1380134830293451
1380134830293701
1380134830350838
1380134830351240
1380134830351527
1380134830352186
1380134830352234
1380134830386316
1380134830422385
1380134830585230
1380134830585333
1380134830585687
1380134830585804
1380134830586194
1380134830586299
1380134830587449
1380134830587940
1380134830588243
1380134830588359
1380134830588474
1380134830588585
1380134830588681
1380134830589011
1380134830589037
1380134830589157
1380134830589278
1380134830589398
1380134830589524
1380134830590015
1380134830590129
1380134830590228
1380134830819982
1380134830820118
1380134830820238
1380134830820533
1380134830820654
1380134830820754
1380134830820969
1380134830821179
1380134830821274
1380134830821840
1380134830821962
1380134830822064
1380134830823203
1380134830824464
1380134830824716
1380134830824823
1380134830976248
1380134830976295
1380134831055586
1380134831055742
1380134831055850
1380134831055994
1380134831056111
1380134831056233
1380134831056581
1380134831056658
1380134831058519
1380134831058765
1380134831059051
1380134831059312
1380134831059647
1380134831293357
1380134831293489
1380134831293581
1380134831293871
1380134831294053
1380134831294133
1380134831294159
1380134831294851
1380134831295049
1380134831295078
1380134831609191
1380134831609298
1380134831609612
1380134831610117
1380134831844349
1380134831844609
1380134831844649
1380134831844926
1380134831844992
1380134831884868
1380134831924320
1380134831924617
1380134831924693
1380134832081031
1380134832081667
1380134832158957
1380134832159218
1380134832159907
1380134832160704
1380134832160862
1380134832160984
1380134832161567
1380134832161679
1380134832162126
1380134832162680
1380134832163697
1380134832163808
1380134832164207
1380134832317030
1380134832317704
1380134832552699
1380134832552837
1380134832552947
1380134832553299
1380134832553674
1380134832788992
1380134832789175
1380134832789321
