1379924614587914
1379924614717136
1379924614717352
1379924614717490
1379924614819259
1379924614882426
1379924614906196
1379924614906250
1379924614930206
1379924615042963
1379924615043883
1379924615148055
1379924615148413
1379924615148909
1379924615188409
1379924650383914
1379924650484960
1379924650485059
1379924650485142
1379924650485233
1379924650489022
1379924650492182
1379924650545668
1379924650550792
1379924650554716
1379924650559541
1379924650563171
1379924650563364
1379924650564801
1379924650565377
1379924650565806
1379924650565950
1379924650566095
1379924650569008
1379924650569482
1379924650569635
1379924650569745
1379924650570092
1379924650570414
1379924650575025
1379924650575296
1379924650575462
1379924650575624
1379924650575742
1379924650577276
1379924650578709
1379924650584442
1379924650584646
1379924650584789
1379924650584851
1379924650588503
1379924650645825
1379924650646099
1379924650646415
1379924650646640
1379924650646931
1379924650647075
1379924650674166
1379924650726044
1379924650726318
1379924650726644
1379924650726872
1379924650727199
1379924650727351
1379924650727569
1379924650740060
1379924650750959
1379924650763303
1379924650764419
1379924650875905
1379924650876114
1379924650876166
1379924650876214
1379924650876263
1379924650876344
1379924650876608
1379924650887351
1379924650887696
1379924650888321
1379924650888698
1379924650893902
1379924650894388
1379924650932491
1379924650937982
1379924650938122
1379924650976318
1379924650976545
1379924650980361
1379924650980616
1379924650981850
1379924650981930
1379924650986661
1379924650987170
1379924650987797
1379924650987831
1379924650987917
1379924650989058
1379924650989468
1379924650992794
1379924650993881
1379924650993978
