1379406947615305
1379406947904169
1379406947904541
1379406947904628
1379406947965862
1379406947972849
1379406947973383
1379406947973517
1379406947973866
1379406947976830
1379406947977882
1379406947978651
1379406947993913
1379406947994001
1379406947994302
1379406947994669
1379406947997601
1379406948036278
1379406948036509
1379406948039073
1379406948039684
1379406948039805
1379406948043012
1379406948043253
1379406948043542
1379406948043922
1379406948044243
1379406948044366
1379406948046637
1379406948047292
1379406948047601
1379406948047690
1379406948048283
1379406948048572
1379406948048726
1379406948049160
1379406948049303
1379406948049382
1379406948049565
1379406948050325
1379406948050999
1379406948051154
1379406948051503
1379406948051820
1379406948052245
1379406948052605
1379406948052809
1379406948053518
1379406948053790
1379406948053869
1379406948054116
1379406948054214
1379406948054584
1379406948054765
1379406948054844
1379406948055022
1379406948055192
1379406948056731
1379406948056940
1379406948057693
1379406948057716
1379406948057919
1379406948058321
1379406948058363
1379406948058454
1379406948060128
1379406948060242
1379406948060449
1379406948060569
1379406948061282
1379406948061370
1379406948061567
1379406948061738
1379406948062063
1379406948062247
1379406948062307
1379406948062506
1379406948062577
1379406948062846
1379406948066662
1379406948066738
1379406948066999
1379406948067268
1379406948073339
1379406948073921
1379406948074094
1379406948074514
1379406948112370
1379406948118566
1379406948119199
1379406948119358
1379406948119843
1379406948160373
1379406948167096
1379406948167696
1379406948167870
1379406948168333
1379406948177994
1379406948178071
1379406948178318
1379406948178944
1379406948179073
1379406948179170
1379406948179923
1379406948180273
1379406948184277
1379406948184838
1379406948185315
1379406948185406
1379406948185602
1379406948196467
1379406948196553
1379406948196793
1379406948197995
1379406948198138
1379406948198391
1379406948200447
1379406948202230
1379406948224147
1379406948224216
1379406948224501
1379406948228198
1379406948451520
1379406948451630
1379406948451692
1379406948452074
1379406948452173
1379406948452414
1379406948469445
1379406948511076
1379406948511257
1379406948511670
1379406948511751
1379406948511798
1379406948511894
1379406948511953
1379406948512060
1379406948512104
1379406948518688
1379406948519169
1379406948519777
1379406948519941
1379406948520037
1379406948520363
1379406948520576
1379406948520606
1379406948521114
1379406948521146
1379406948521297
1379406948521685
1379406948521884
1379406948522088
1379406948522886
1379406948523061
1379406948523082
1379406948523098
1379406948523240
1379406948523455
1379406948523614
1379406948523986
1379406948524003
1379406948524105
1379406948524225
1379406948524237
1379406948524556
1379406948524670
1379406948524775
1379406948527574
1379406948528481
1379406948528675
1379406948528888
1379406948529029
1379406948529083
1379406948530072
1379406948530219
1379406948530370
1379406948530585
1379406948530734
1379406948530941
1379406948531163
1379406948531256
1379406948531424
1379406948533185
1379406948533801
1379406948535550
1379406948535705
1379406948535853
1379406948536055
1379406948536547
1379406948537053
1379406948537190
1379406948537546
1379406948538622
1379406948538678
1379406948538892
1379406948539075
1379406948542095
1379406948543636
1379406948544018
1379406948544638
1379406948544823
1379406948545032
1379406948549318
1379406948550542
1379406948551325
1379406948551696
1379406948551826
1379406948554109
1379406948554891
1379406948555041
1379406948555071
1379406948556307
1379406948556441
1379406948556705
1379406948557185
1379406948557676
1379406948557895
1379406948560402
1379406948560512
1379406948560766
1379406948582013
1379406948582310
1379406948582632
1379406948589858
1379406948590736
1379406948591130
1379406948594678
1379406948595153
1379406948595301
1379406948746269
1379406948802876
1379406948807004
1379406948809420
1379406948837708
1379406948839469
1379406948840331
1379406948844093
1379406948844712
1379406948846152
1379406948846402
1379406948886543
1379406948886706
1379406949219305
1379406949231348
1379406949231644
1379406949307543
1379406949345878
1379406949346724
1379406949382642
1379406949382979
1379406949423951
