1380073946609109
1380073946735098
1380073946834295
1380073946834411
1380073946834572
1380073946908352
1380073946908448
1380073946908551
1380073946908775
1380073946931986
1380073947008827
1380073947032846
1380073947032927
1380073947047999
1380073947147250
1380073947148309
1380073947234461
1380073947234699
1380073947234827
1380073947234996
1380073947235255
1380073947245979
1380073947246242
1380073947246610
1380073947285982
1380073947613531
1380073947904310
1380073947907905
1380073947907993
1380073947908256
1380073947908331
1380073948192141
1380073948193902
1380073948194325
1380073948194426
1380073948199180
1380073948510280
1380073948510395
1380073948510613
1380073948510718
1380073948512545
1380073948513813
1380073948831929
1380073948839032
1380073948876465
1380073949177091
1380073949177202
1380073949177268
1380073949177547
1380073949177611
1380073949179285
1380073949179394
1380073949179527
1380073949461222
1380073949461438
1380073949462525
1380073949462739
1380073949462944
1380073949463222
1380073949466014
1380073949466270
1380073949466376
1380073949466748
1380073949467218
1380073949467304
1380073949467314
1380073949467461
1380073949467853
1380073949468617
1380073949468710
1380073949469137
1380073949764097
1380073949764316
1380073949765948
1380073949766218
1380073949766454
1380073949766553
1380073949766814
1380073949766923
1380073949767183
1380073949767300
1380073949767447
1380073949767587
1380073949768070
1380073949768203
1380073949773751
1380073949773962
1380073949775082
1380073949775262
1380073949778326
1380073949779386
1380073949779483
1380073949779504
1380073949779644
1380073950089642
1380073950089966
1380073950092161
1380073950102102
1380073950103156
1380073950110659
1380073950110687
1380073950119206
1380073951332541
