1379794472497354
1379794472613272
1379794472613511
1379794472613597
1379794472617592
1379794472617678
1379794472617962
1379794472799527
1379794472805204
1379794472805404
1379794472805713
1379794472809341
1379794472809496
1379794472809729
1379794472809975
1379794472810284
1379794472815845
1379794472819692
1379794472824852
1379794472829229
1379794472835756
1379794472835996
1379794472836264
1379794472840695
1379794472840864
1379794472841063
1379794472841235
1379794472841401
1379794472841473
1379794472841731
1379794472841931
1379794472842820
1379794472842906
1379794472843285
1379794472845915
1379794472846063
1379794472846436
1379794472849439
1379794472849675
1379794472850083
1379794472850142
1379794472850349
1379794472850612
1379794472850681
1379794472850855
1379794472851196
1379794472851539
1379794472856051
1379794472856304
1379794472856484
1379794472858213
1379794472858292
1379794472858391
1379794472861597
1379794472863674
1379794472870297
1379794472870502
1379794472870806
1379794472870972
1379794472875132
1379794472875684
1379794472875932
1379794472876080
1379794472876257
1379794472876542
1379794472876592
1379794472876638
1379794472876893
1379794472877100
1379794472883007
1379794472883107
1379794472883180
1379794472883651
1379794472883684
1379794472883748
1379794472887575
1379794472887649
1379794472887889
1379794472887970
1379794472888075
1379794472888185
1379794472888580
1379794472888781
1379794472888926
1379794472889653
1379794472889825
1379794472892112
1379794473121996
1379794473126898
1379794473550782
1379794473654119
1379794473654313
1379794473654529
1379794473755981
1379794473788733
1379794473812482
1379794473812720
1379794473831658
1379794473935428
1379794473936418
1379794474038583
1379794474038948
1379794474077190
