1379605722392254
1379605722656749
1379605722656836
1379605722656949
1379605722670645
1379605722670747
1379605722702133
1379605722755196
1379605722772182
1379605722772232
1379605722773312
1379605722831109
1379605722831291
1379605722831411
1379605722831636
1379605722831748
1379605722831842
1379605722832070
1379605722930730
1379605722957373
1379605722957502
1379605722957796
1379605722971128
1379605722971395
1379605722971646
1379605722971873
1379605722971986
1379605722972471
1379605722972641
1379605722990038
1379605723000626
1379605723009244
1379605723009441
1379605723031610
1379605723031771
1379605723032019
1379605723046228
1379605723046305
1379605723085953
1379605723117650
1379605723117816
1379605723118042
1379605723132329
1379605723135319
1379605723135724
1379605723135919
1379605723136161
1379605723136276
1379605723136429
1379605723136849
1379605723137001
1379605723137319
1379605723137478
1379605723138077
1379605723150429
1379605723152624
1379605723152995
1379605723153862
1379605723154230
1379605723154474
1379605723154662
1379605723154785
1379605723154873
1379605723155106
1379605723155280
1379605723155385
1379605723155509
1379605723155680
1379605723165670
1379605723168586
1379605723168940
1379605723171124
1379605723171305
1379605723200728
1379605723200802
1379605723200923
1379605723201595
1379605723201976
1379605723214823
1379605723215166
1379605723215329
1379605723215343
1379605723215684
1379605723216142
1379605723216557
1379605723216597
1379605723216643
1379605723229579
1379605723230022
1379605723244555
1379605723244782
1379605723255061
1379605723255225
1379605723255394
1379605723256472
1379605723256701
1379605723398396
1379605723431587
1379605723448093
1379605723669685
1379605723710216
1379605723710568
1379605723710665
1379605723710717
1379605723710766
1379605723710831
1379605723710890
1379605723724672
1379605723724848
1379605723737115
1379605723737173
1379605723737407
1379605723737444
1379605723737712
1379605723738724
1379605723738966
1379605723740678
1379605723740810
1379605723741019
1379605723778260
1379605723778387
1379605723778444
1379605723778500
1379605723778553
1379605723779456
1379605723794271
1379605723794389
1379605723794494
1379605723799654
1379605723799917
1379605723804684
1379605723804843
1379605723804991
1379605723809972
1379605723810638
1379605723810762
1379605723821590
1379605723821774
1379605723833107
1379605723833373
1379605723833556
1379605723838506
1379605723883178
1379605723936086
1379605723947981
1379605723948256
1379605723952699
1379605723952903
1379605723960494
1379605723998899
1379605723998989
1379605724000275
1379605724000359
1379605724000424
1379605724000504
1379605724000553
1379605724000602
1379605724000650
1379605724022432
1379605724025024
1379605724025283
1379605724025380
1379605724030523
1379605724030604
1379605724030880
1379605724030954
1379605724032680
1379605724032846
1379605724032939
1379605724033013
1379605724043130
1379605724043358
1379605724043413
1379605724043480
1379605724049503
1379605724049602
1379605724049809
1379605724049918
1379605724049985
1379605724057156
1379605724057219
1379605724057355
1379605724058747
1379605724058862
1379605724059094
1379605724059180
1379605724060358
1379605724060818
1379605724060922
1379605724061070
1379605724061171
1379605724073661
1379605724073890
1379605724073983
1379605724074106
1379605724074431
1379605724074497
1379605724074649
1379605724075078
1379605724075243
1379605724078031
1379605724078217
1379605724078391
1379605724078513
1379605724078637
1379605724079651
1379605724079839
1379605724080072
1379605724080294
1379605724081606
1379605724088011
1379605724088149
1379605724088278
1379605724088424
1379605724088529
1379605724088739
1379605724088778
1379605724169408
1379605724169460
1379605724169652
1379605724169779
1379605724221807
1379605724240119
1379605724240817
1379605724386243
1379605724386406
1379605724386609
1379605724386702
1379605728499431
1379605728552137
1379605728553304
1379605728568444
1379605728568518
1379605728568660
1379605728568951
1379605728583264
1379605728770540
1379605728788988
1379605728872959
1379605728989142
1379605728989413
1379605729028050
1379605729028127
1379605729028252
1379605729028302
1379605729028353
1379605729028402
1379605729028460
1379605729047293
1379605729052083
1379605729052190
1379605729052330
1379605729052338
1379605729052550
1379605729052661
1379605729052768
1379605729052877
1379605729053207
1379605729055302
1379605729055389
1379605729055597
1379605729055919
1379605729055977
1379605729056063
1379605729056219
1379605729056366
1379605729056617
1379605729056799
1379605729056936
1379605729057066
1379605729057342
1379605729057873
1379605729057994
1379605729058121
1379605729058359
1379605729058990
1379605729069127
1379605729069197
1379605729070261
1379605729070316
1379605729070541
1379605729070672
1379605729070778
1379605729070903
1379605729071159
1379605729071449
1379605729071517
1379605729071940
1379605729072169
1379605729072299
1379605729072445
1379605729072646
1379605729072770
1379605729072889
1379605729072996
1379605729073115
1379605729073284
1379605729073387
1379605729073921
1379605729074574
1379605729074714
1379605729074848
1379605729074985
1379605729075150
1379605729075291
1379605729075833
1379605729075956
1379605729076057
1379605729081534
1379605729081732
1379605729081832
1379605729081945
1379605729082110
1379605729082216
1379605729082339
1379605729083309
1379605729083373
1379605729089137
1379605729089285
1379605729089440
1379605729089549
1379605729089781
1379605729089932
1379605729089945
1379605729094882
1379605729095231
1379605729096943
1379605729097778
1379605729097941
1379605729101042
1379605729101183
1379605729101335
1379605729101461
1379605729101676
1379605729108299
1379605729109239
1379605729109541
1379605729109746
1379605729109852
1379605729109981
1379605729110106
1379605729110226
1379605729112168
1379605729112239
1379605729112439
1379605729112562
1379605729112855
1379605729113442
1379605729113655
1379605729115995
1379605729116336
1379605729116828
1379605729122594
1379605729122711
1379605729122974
1379605729123095
1379605729123216
1379605729123347
1379605729125083
1379605729125270
1379605729125396
1379605729126047
1379605729126461
1379605729137021
1379605729137161
1379605729137268
1379605729138527
1379605729138691
1379605729138893
1379605729139000
1379605729141019
1379605729154012
1379605729154080
1379605729154225
1379605729168927
1379605729169014
1379605729169265
1379605729169337
1379605729169565
1379605729169628
1379605729183989
1379605729184050
1379605729184264
1379605729184645
1379605729184866
1379605729184972
1379605729185206
1379605729198860
1379605729199006
1379605729199165
1379605729248172
1379605729281193
1379605729330364
1379605729330437
1379605729344089
1379605729344357
1379605729352186
1379605729390020
1379605729390170
1379605729409910
1379605729430877
1379605729445244
1379605729448231
1379605729448643
1379605729462807
1379605729462861
1379605729463004
1379605729471523
1379605729471819
1379605729494579
1379605729494742
1379605729494770
1379605729542736
1379605729568428
1379605729568566
1379605729568730
1379605729582856
1379605729601678
1379605729644479
1379605729644636
1379605729644793
1379605729644880
1379605729657506
1379605729657611
1379605729657704
1379605729657758
1379605729657815
1379605729657864
1379605729657924
1379605729658044
1379605729662655
1379605729663115
1379605729663512
1379605729663887
1379605729664138
1379605729665187
1379605729665363
1379605729665457
1379605729665791
1379605729665885
1379605729670280
1379605729681813
1379605729681903
1379605729681933
1379605729682272
1379605729682293
1379605729682408
1379605729682555
1379605729687758
1379605729687888
1379605729687995
1379605729689578
1379605729689852
1379605729691144
1379605729691398
1379605729696517
1379605729696742
1379605729704174
1379605729705529
1379605729710582
1379605729833700
1379605729834083
1379605733313428
1379605733376222
1379605733376341
1379605733376468
1379605733376567
1379605733392834
1379605733392990
1379605733393137
1379605733393257
1379605733393364
1379605733393707
1379605733393839
1379605733393961
