1378131169163504
1378131169181291
1378131169181592
1378131169455891
1378131169455961
1378131169456062
1378131169456253
1378131169473882
1378131169473991
1378131169474258
1378131169474367
1378131169474638
1378131169474743
1378131169474883
1378131169475336
1378131169475344
1378131169482311
1378131169499333
1378131169500576
1378131169518698
1378131169518727
1378131169518813
1378131169519083
1378131169519133
1378131169536127
1378131169539051
1378131169539158
1378131169539293
1378131169539394
1378131169539536
1378131169539634
1378131169539791
1378131169539893
1378131169540038
1378131169540168
1378131169540174
1378131169541029
1378131169556584
1378131169556612
1378131169556979
1378131169557029
1378131169557140
1378131169557522
1378131169557699
1378131169558181
1378131169558433
1378131169558614
1378131169559390
1378131169559502
1378131169559643
1378131169559772
1378131169559906
1378131169560007
1378131169560157
1378131169560302
1378131169560592
1378131169560720
1378131169560843
1378131169560950
1378131169575849
1378131169576564
1378131169578736
1378131169578746
1378131169578841
1378131169579151
1378131169579205
1378131169579557
1378131169579565
1378131169579745
1378131169579846
1378131169580086
1378131169580538
1378131169580969
1378131169595537
1378131169596936
1378131169597034
1378131169640041
1378131169640651
1378131169659231
1378131169659259
1378131169697333
1378131169698033
1378131169698257
1378131169716222
1378131169716391
1378131169717098
1378131169738767
1378131169738800
1378131169738867
1378131169739026
1378131169756285
1378131169756874
1378131169775056
1378131169775089
1378131169812112
1378131169812804
1378131169832383
1378131169832417
1378131169832489
1378131169832615
1378131169832834
1378131169850903
1378131169851154
1378131169851167
1378131169851274
1378131169851281
1378131169851577
1378131169870097
1378131169870131
1378131169870317
1378131169870424
1378131169908076
1378131169908458
1378131169909729
1378131169909896
1378131169910067
1378131169928102
1378131169928229
1378131169928364
1378131169928487
1378131169928665
1378131169929293
1378131169929562
1378131169929682
1378131169929869
1378131169930402
1378131169930531
1378131169930538
1378131169930783
1378131169930927
1378131169930934
1378131169931117
1378131169931575
1378131169931585
1378131169931679
1378131169931965
1378131169932035
1378131169932091
1378131169932170
1378131169932360
1378131169932518
1378131169932643
1378131169932780
1378131169932902
1378131169933792
1378131169934342
1378131169934751
1378131169934795
1378131169934873
1378131169946974
1378131169946983
1378131169951800
1378131169951962
1378131169952235
1378131169952242
1378131169952370
1378131169953348
1378131169971767
1378131169971778
1378131169971865
1378131169972132
1378131169972192
1378131169989442
1378131169989702
1378131169989788
1378131169989902
1378131169990044
1378131169990310
1378131169990413
1378131169990574
1378131169990960
1378131169991125
1378131169991226
1378131169991297
1378131169991817
1378131169992105
1378131169992252
1378131170007617
1378131170007632
1378131170007793
1378131170008029
1378131170008407
1378131170008772
1378131170009033
1378131170009309
1378131170009726
1378131170009826
1378131170009988
1378131170010535
1378131170010665
1378131170010829
1378131170010833
1378131170011153
1378131170011755
1378131170012003
1378131170012127
1378131170012261
1378131170012434
1378131170012519
1378131170012618
1378131170012769
1378131170012873
1378131170013184
1378131170013308
1378131170013454
1378131170013555
1378131170013736
1378131170013804
1378131170013904
1378131170014051
1378131170014197
1378131170014256
1378131170014447
1378131170014472
1378131170014569
1378131170015450
1378131170030755
1378131170030853
1378131170030920
1378131170031200
1378131170031318
1378131170031596
1378131170032054
1378131170032234
1378131170032351
1378131170032467
1378131170033086
1378131170033267
1378131170033392
1378131170048749
1378131170048966
1378131170049091
1378131170049697
1378131170049806
1378131170050077
1378131170050212
1378131170050349
1378131170050645
1378131170050653
1378131170095009
1378131170095185
1378131170384477
1378131170402389
1378131170402978
1378131170421880
1378131170421919
1378131170421993
1378131170422147
1378131170422368
1378131170440018
1378131170440134
1378131170440293
1378131170440440
1378131170440448
1378131170440598
1378131170440728
1378131170441304
1378131170459146
1378131170509951
1378131170596728
1378131170597096
1378131170597252
1378131170597402
1378131170600447
1378131170616064
1378131170616329
1378131170616433
1378131170616537
1378131170616685
1378131170616933
1378131170617037
1378131170617171
1378131170617674
1378131170617933
1378131170618182
1378131170618284
1378131170618724
1378131170618827
1378131170619000
1378131170619100
1378131170619236
1378131170619368
1378131170619523
1378131170619624
1378131170619757
1378131170623661
1378131170624276
1378131170634244
1378131170634454
1378131170636195
1378131170636368
1378131170636473
1378131170636646
1378131170636747
1378131170636858
1378131170636982
1378131170638438
1378131170638542
1378131170641252
1378131170641355
1378131170641518
1378131170641610
1378131170641782
1378131170641885
1378131170642025
1378131170642131
1378131170642263
1378131170642392
1378131170642506
1378131170642622
1378131170642754
1378131170642877
1378131170643013
1378131170643116
1378131170643276
1378131170643437
1378131170643540
1378131170643683
1378131170643812
1378131170643888
1378131170644004
1378131170644120
1378131170644245
1378131170644375
1378131170644502
1378131170644604
1378131170648948
1378131170650241
1378131170653550
1378131170653658
1378131170653832
1378131170653937
1378131170656059
1378131170656163
1378131170656292
1378131170656457
1378131170656561
1378131170656757
1378131170656850
1378131170660568
1378131170660674
1378131170660916
1378131170661043
1378131170661308
1378131170661411
1378131170661593
1378131170661693
1378131170661856
1378131170662179
1378131170662343
1378131170662448
1378131170662456
1378131170663753
1378131170663856
1378131170664065
1378131170664197
1378131170700061
1378131170701193
1378131170722777
1378131170722993
1378131170723127
1378131171088118
1378131171089898
1378131171090062
1378131171106965
1378131171106975
1378131171107209
1378131171107341
1378131171107501
1378131171107572
1378131171107735
1378131171107856
1378131171109092
1378131171109354
1378131171109459
1378131171109699
1378131171109813
1378131171109987
1378131171110086
1378131171110185
1378131171110311
1378131171110605
1378131171110613
1378131171110705
1378131171110995
1378131171111100
1378131171111201
1378131171111475
1378131171111540
1378131171111853
1378131171111962
1378131171112122
1378131171112303
1378131171112406
1378131171112568
1378131171112724
1378131171112828
1378131171112981
1378131171113915
1378131171114071
1378131171114192
1378131171114369
1378131171114377
1378131171114718
1378131171125384
1378131171125396
1378131171125565
1378131171125752
1378131171125878
1378131171126284
1378131171127032
1378131171127140
1378131171127314
1378131171127438
1378131171127569
1378131171127879
1378131171127980
1378131171128130
1378131171128588
1378131171131265
1378131171131526
1378131171131631
1378131171131763
1378131171131982
1378131171131989
1378131171132473
1378131171132602
1378131171132610
1378131171133103
1378131171133113
1378131171133250
1378131171133377
1378131171133505
1378131171133754
1378131171133858
1378131171134021
1378131171134068
1378131171134529
1378131171136586
1378131171136751
1378131171136944
1378131171137052
1378131171137205
1378131171137338
1378131171137448
1378131171140646
1378131171140752
1378131171140894
1378131171140901
1378131171141321
1378131171144009
1378131171144264
1378131171144524
1378131171144632
1378131171144882
1378131171144985
1378131171145502
1378131171145678
1378131171145858
1378131171145990
1378131171146401
1378131171146417
1378131171146543
1378131171146922
1378131171146933
1378131171146980
1378131171147093
1378131171147208
1378131171147613
1378131171148701
1378131171148829
1378131171149210
1378131171149317
1378131171149463
1378131171149586
1378131171149732
1378131171149858
1378131171150007
1378131171150053
1378131171151254
1378131171151358
1378131171151494
1378131171151751
1378131171151855
1378131171152056
1378131171152154
1378131171152301
1378131171152682
1378131171152784
1378131171153050
1378131171153307
1378131171153410
1378131171153515
1378131171153653
1378131171153808
1378131171154099
1378131171154202
1378131171154366
1378131171158380
1378131171158485
1378131171158743
1378131171158848
1378131171158988
1378131171159120
1378131171159321
1378131171159467
1378131171160872
1378131171160985
1378131171161147
1378131171161274
1378131171161444
1378131171161939
1378131171162815
1378131171162916
1378131171163182
1378131171163310
1378131171163456
1378131171163560
1378131171163781
1378131171164939
1378131171165046
1378131171165220
1378131171165322
1378131171165461
1378131171165674
1378131171165835
1378131171165839
1378131171167300
1378131171167310
1378131171168832
1378131171169137
1378131171171724
1378131171171868
1378131171172287
1378131171180824
1378131171180962
1378131171186182
1378131171186448
1378131171186572
1378131171186808
1378131171186913
1378131171187285
1378131171187409
1378131171187498
1378131171187535
1378131171187675
1378131171187732
1378131171188069
1378131171188172
1378131171188337
1378131171188425
1378131171188512
1378131171188563
1378131171188731
1378131171189043
1378131171189121
1378131171189274
1378131171189363
1378131171189437
1378131171189570
1378131171189647
1378131171191248
1378131171191464
1378131171191600
1378131171206899
1378131171207062
1378131171207187
1378131171207477
1378131171208507
1378131171208726
1378131171209376
1378131171332584
1378131171351604
1378131171351774
1378131171351914
1378131171352070
1378131171352145
1378131171352213
1378131171457995
1378131171476309
1378131171476567
1378131171476577
1378131171485358
1378131171504191
1378131171504310
1378131171504544
1378131171504669
1378131171504912
1378131171505033
1378131171505197
1378131171505616
1378131171505790
1378131171505916
1378131171506040
1378131171507909
1378131171523514
1378131171523739
1378131171523848
1378131171524014
1378131171524117
1378131171524306
1378131171524431
1378131171524565
1378131171564672
1378131171565280
1378131171604538
1378131171604553
1378131171605013
1378131171605024
1378131171623766
1378131171663647
1378131171681114
1378131171681152
1378131171700215
1378131171734831
1378131171773134
1378131171791836
1378131171792686
1378131171792723
1378131171793071
1378131171793202
1378131171793278
1378131171793452
1378131171793583
1378131171793656
1378131171794143
1378131171794288
1378131171832073
1378131171930173
1378131171930183
1378131171934279
1378131172001048
1378131172039051
1378131172056776
1378131172057452
1378131172076236
1378131172076258
1378131172076456
1378131172076555
1378131172116048
1378131172116702
1378131172136413
1378131172139697
1378131172139830
1378131172142990
1378131172182436
1378131172207118
1378131172225023
1378131172225940
1378131172244105
1378131258338399
1378131258338432
1378131258355611
1378131258356045
1378131258356439
1378131258356825
1378131258356968
1378131258357311
1378131258357542
1378131258357842
1378131258358313
1378131258358709
1378131258358811
1378131258359122
1378131258359421
1378131258359964
1378131258360864
1378131258360963
1378131258364291
1378131258375021
1378131258426940
