1379277637135625
1379277637352093
1379277637361900
1379277637362106
1379277637376410
1379277637376492
1379277637376740
1379277637426862
1379277637462275
1379277637462424
1379277637462607
1379277637462677
1379277637487835
1379277637495869
1379277637514194
1379277637514272
1379277637514358
1379277637526826
1379277637527208
1379277637538212
1379277637559513
1379277637559545
1379277637573125
1379277637573212
1379277637573401
1379277637573523
1379277637605038
1379277637605186
1379277637605189
1379277637605369
1379277637606815
1379277637607150
1379277637607198
1379277637607444
1379277637607823
1379277637607965
1379277637608230
1379277637608885
1379277637609342
1379277637609440
1379277637631872
1379277637636999
1379277637638503
1379277637638561
1379277637643072
1379277637643122
1379277637643348
1379277637643467
1379277637643601
1379277637643874
1379277637644029
1379277637644476
1379277637644598
1379277637644762
1379277637648964
1379277637658011
1379277637658184
1379277637658361
1379277637658405
1379277637660885
1379277637668847
1379277637668963
1379277637669190
1379277637669314
1379277637669406
1379277637669520
1379277637669797
1379277637670305
1379277637670686
1379277637678403
1379277637678478
1379277637680735
1379277637680817
1379277637680892
1379277637682344
1379277637683089
1379277637683171
1379277637683597
1379277637706820
1379277637706900
1379277637706997
1379277637728189
1379277637728602
1379277637734279
1379277637734429
1379277637738325
1379277637777981
1379277637780294
1379277637817854
1379277638136245
1379277638174128
1379277638174256
1379277638174462
1379277638208733
1379277638231274
1379277638244056
1379277638244152
1379277638262630
1379277638300862
1379277638301783
1379277638338058
1379277638338403
1379277638375759
