1379830501893516
1379830502065324
1379830502065436
1379830502145609
1379830502145684
1379830502145983
1379830502225086
1379830502876619
1379830502958552
1379830502958774
1379830502961029
1379830502961412
1379830503042931
1379830503043006
1379830503043223
1379830503043289
1379830503043526
1379830503123320
1379830503123510
1379830503123632
1379830503161494
1379830503161699
1379830503270257
1379830503270434
1379830503323817
1379830503323900
1379830503323984
1379830503324190
1379830503352302
1379830503352380
1379830503352591
1379830503352782
1379830503352843
1379830503352899
1379830503404326
1379830503404400
1379830503433111
1379830503433186
1379830503433484
1379830503434572
1379830503434850
1379830503435201
1379830503435290
1379830503435506
1379830503435879
1379830503435978
1379830503436064
1379830503436168
1379830503483639
1379830503513779
1379830503513920
1379830503515475
1379830503515565
1379830503515919
1379830503515996
1379830503516175
1379830503516358
1379830503516524
1379830503516804
1379830503517011
1379830503517257
1379830503517612
1379830503517819
1379830503518420
1379830503595529
1379830503595612
1379830503595903
1379830503596045
1379830503598837
1379830503599222
1379830503599468
1379830503599619
1379830503600102
1379830503600419
1379830503600563
1379830503679883
1379830505188452
1379830505188538
1379830505188605
1379830505188669
1379830505188734
1379830505188801
1379830505189698
1379830505271266
1379830505271342
1379830505271603
1379830505272011
1379830505272341
1379830505272432
1379830505272487
1379830505272792
1379830505273099
1379830505273209
1379830505273266
1379830505273293
1379830505273656
1379830505273735
1379830505293989
1379830505294059
1379830505353538
1379830505353882
1379830505354112
1379830505354193
1379830505354284
1379830505354720
1379830505354901
1379830505355144
1379830505355186
1379830505355428
1379830505355506
1379830505374816
1379830505374873
1379830505375197
1379830505375280
1379830505397356
1379830505434547
1379830505434658
1379830505434735
1379830505435069
1379830505435321
1379830505435785
1379830505435895
1379830505435995
1379830505436331
1379830505436355
1379830505436607
1379830505455557
1379830505455877
1379830505456185
1379830505456266
1379830505456540
1379830505456713
1379830505456872
1379830505461420
1379830505461697
1379830505515265
1379830505515624
1379830505515860
1379830505516080
1379830505516348
1379830505516762
1379830505517030
1379830505517270
1379830505517545
1379830505517850
1379830505518108
1379830505518327
1379830505518686
1379830505537273
1379830505537506
1379830505538195
1379830505538380
1379830505538713
1379830505577512
1379830505599197
1379830505599275
1379830505599672
1379830505618352
1379830505657537
1379830507663322
1379830507687295
1379830507705799
1379830507743123
1379830507787411
1379830507845657
1379830508359934
1379830508465724
1379830508466208
1379830508470283
1379830508472249
