1380423467882348
1380423468381870
1380423468381987
1380423468382095
1380423468386100
1380423468386183
1380423468386434
1380423468386542
1380423468386601
1380423468386702
1380423468387018
1380423468387136
1380423468387663
1380423468387771
1380423468388023
1380423468388101
1380423468390584
1380423468390793
1380423468391008
1380423468391087
1380423468391755
1380423468392001
1380423468392283
1380423468392531
1380423468392758
1380423468392864
1380423468393124
1380423468393234
1380423468393299
1380423468393396
1380423468393767
1380423468394032
1380423468394213
1380423468394471
1380423468395270
1380423468395407
1380423468663190
1380423468669918
1380423468670015
1380423468670386
1380423468670525
1380423468670771
1380423468670951
1380423468675916
1380423468717398
1380423468724632
1380423468724936
1380423468728805
1380423468728879
1380423468728965
1380423468729304
1380423468735860
1380423468735971
1380423468736186
1380423468736257
1380423468739567
1380423468777488
1380423468792568
1380423468796509
1380423468806545
1380423468806659
1380423468806763
1380423468809815
1380423468810605
1380423468810971
1380423468811041
1380423468811428
1380423468811539
1380423468811849
1380423468812429
1380423468812540
1380423468812640
1380423468812705
1380423468812910
1380423468815237
1380423468815348
1380423468816052
1380423468816269
1380423468816521
1380423468816774
1380423468816874
1380423468817043
1380423468817151
1380423468817414
1380423468817513
1380423468817794
1380423468817890
1380423468818301
1380423468818395
1380423468820063
1380423468820058
1380423468820172
1380423468820254
1380423468820310
1380423468822357
1380423468822444
1380423468822652
1380423468822784
1380423468822965
1380423468823093
1380423468823207
1380423468823497
1380423468823583
1380423468824497
1380423468824584
1380423468824782
1380423468824887
1380423468825109
1380423468825174
1380423468825298
1380423468825553
1380423468825657
1380423468825806
1380423468825937
1380423468828093
1380423468828271
1380423468828512
1380423468828777
1380423468828887
1380423468829117
1380423468829200
1380423468829319
1380423468829420
1380423468829537
1380423468829673
1380423468829839
1380423468830162
1380423468830328
1380423468830743
1380423468830903
1380423468830993
1380423468831397
1380423468831611
1380423468831661
1380423468831757
1380423468831894
1380423468835470
1380423468835698
1380423468835858
1380423468835949
1380423468836081
1380423468836367
1380423468836458
1380423468836813
1380423468836919
1380423468837184
1380423468837434
1380423468837821
1380423468838072
1380423468838168
1380423468838411
1380423468838546
1380423468838649
1380423468838788
1380423468839007
1380423468839127
1380423468839263
1380423468839392
1380423468839620
1380423468839727
1380423468840000
1380423468840111
1380423468840249
1380423468840374
1380423468840763
1380423468841283
1380423468841382
1380423468841557
1380423468842321
1380423468842378
1380423468846423
1380423468846704
1380423468846784
1380423468846912
1380423468847167
1380423468847273
1380423468847687
1380423468847785
1380423468847960
1380423468848114
1380423468848735
1380423468849062
1380423468849667
1380423468849833
1380423468849927
1380423468850151
1380423468851834
1380423468851913
1380423468852102
1380423468852173
1380423468852348
1380423468855613
1380423468855791
1380423468855870
1380423468856498
1380423468856658
1380423468856750
1380423468857196
1380423468857307
1380423468857431
1380423468857577
1380423468857694
1380423468857804
1380423468857931
1380423468858055
1380423468858169
1380423468858310
1380423468858423
1380423468858774
1380423468859272
1380423468859373
1380423468859616
1380423468862694
1380423468864553
1380423468864755
1380423468864998
1380423468865103
1380423468865396
1380423468865746
1380423468866372
1380423468866462
1380423468866632
1380423468866713
1380423468866894
1380423468867054
1380423468868242
1380423468868401
1380423468868487
1380423468868645
1380423468868979
1380423468869985
1380423468870060
1380423468870193
1380423468870372
1380423468870624
1380423468871193
1380423468871324
1380423468871521
1380423468873606
1380423468873668
1380423468874278
1380423468874389
1380423468874504
1380423468874607
1380423468874745
1380423468874845
1380423468874987
1380423468875089
1380423468875245
1380423468875347
1380423468875523
1380423468875777
1380423468877093
1380423468877167
1380423468877427
1380423468877841
1380423468879645
1380423468879736
1380423468879969
1380423468880061
1380423468880243
1380423468880330
1380423468880750
1380423468880995
1380423468881229
1380423468881601
1380423468881834
1380423468882077
1380423468882344
1380423468882589
1380423468882698
1380423468882853
1380423468882978
1380423468883252
1380423468883335
1380423468883523
1380423468883602
1380423468883692
1380423468883885
1380423468884299
1380423468884646
1380423468885328
1380423468885368
1380423468885522
1380423468889191
1380423468889266
1380423468889607
1380423468889683
1380423468889847
1380423468890225
1380423468890464
1380423468890563
1380423468890962
1380423468891491
1380423468891565
1380423468891718
1380423468891823
1380423468892522
1380423468892716
1380423468892822
1380423468894174
1380423468894276
1380423468894391
1380423468894492
1380423468894701
1380423468894806
1380423468894976
1380423468895087
1380423468895233
1380423468895592
1380423468895667
1380423468896235
1380423468896344
1380423468896491
1380423468896567
1380423468898905
1380423468898932
1380423468899137
1380423468899588
1380423468900712
1380423468900799
1380423468901110
1380423468901176
1380423468901365
1380423468901435
1380423468901624
1380423468901706
1380423468901889
1380423468902479
1380423468903093
1380423468903841
1380423468904103
1380423468904179
1380423468904440
1380423468904520
1380423468904827
1380423468904911
1380423468905074
1380423468905215
1380423468905881
1380423468905958
1380423468906125
1380423468906195
1380423468906282
1380423468906495
1380423468906589
1380423468906774
1380423468906884
1380423468906959
1380423468907185
1380423468907349
1380423468907483
1380423468907864
1380423468908585
1380423468908693
1380423468908900
1380423468909157
1380423468909268
1380423468909381
1380423468909453
1380423468909804
1380423468909903
1380423468909932
1380423468910717
1380423468910914
1380423468911021
1380423468912871
1380423468912949
1380423468913089
1380423468913203
1380423468913471
1380423468913579
1380423468913716
1380423468913820
1380423468913961
1380423468914061
1380423468914211
1380423468914315
1380423468914453
1380423468914556
1380423468914888
1380423468915052
1380423468915233
1380423468915339
1380423468915478
1380423468916876
1380423468917182
1380423468917327
1380423468917531
1380423468917562
1380423468918059
1380423468918374
1380423468918481
1380423468918565
1380423468918785
1380423468919018
1380423468919168
1380423468919203
1380423468919312
1380423468919388
1380423468919905
1380423468920010
1380423468920256
1380423468920791
1380423468921887
1380423468922243
1380423468922381
1380423468922528
1380423468922654
1380423468922813
1380423468922936
1380423468923038
1380423468923160
1380423468923267
1380423468925295
1380423468925471
1380423468925546
1380423468925628
1380423468925910
1380423468926438
1380423468926683
1380423468926772
1380423468927038
1380423468927126
1380423468927321
1380423468927944
1380423468928104
1380423468928199
1380423468928355
1380423468928452
1380423468928627
1380423468928999
1380423468929145
1380423468929699
1380423468929920
1380423468930653
1380423468930679
1380423468930923
1380423468930962
1380423468931494
1380423468931599
1380423468933675
1380423468933769
1380423468933859
1380423468936483
1380423468936575
1380423468936667
1380423468936732
1380423468936914
1380423468936983
1380423468937126
1380423468937203
1380423468937981
1380423468938617
1380423468938830
1380423468939068
1380423468939182
1380423468939307
1380423468939452
1380423468939570
1380423468939837
1380423468940096
1380423468940204
1380423468940335
1380423468940442
1380423468941194
1380423468941297
1380423468941403
1380423468941512
1380423468947275
1380423468947516
1380423468947553
1380423468947774
1380423468947953
1380423468947982
1380423468948538
1380423468948677
1380423468948875
1380423468948980
1380423468954871
1380423468955516
1380423468955618
1380423468959416
1380423468959538
1380423468961087
1380423468961639
1380423468964835
1380423468966633
1380423468966854
1380423468966957
1380423468967231
1380423468968762
1380423468968838
1380423468968899
1380423468968960
1380423468969006
1380423468969097
1380423468969142
1380423468969188
1380423468969234
1380423468970921
1380423468971196
1380423468971894
1380423468972129
1380423468973969
1380423468979606
1380423468980011
1380423468980465
1380423468980749
1380423468981005
1380423468981446
1380423468981707
1380423468982135
1380423468982380
1380423468982793
1380423468983027
1380423468983505
1380423468983959
1380423468984171
1380423468984633
1380423468985253
1380423468985634
1380423468986401
1380423468987047
1380423468987276
1380423468993875
1380423468994283
1380423468994483
1380423468994895
1380423468995078
1380423468995333
1380423468995603
1380423468995862
1380423468996190
1380423468996339
1380423470152212
1380423470159313
1380423470590634
1380423470720545
1380423470720645
1380423470720905
1380423470850648
1380423473220959
1380423473227702
1380423473227856
1380423473228372
1380423473228480
1380423473228562
1380423473228890
1380423473232347
1380423473232434
1380423473232836
1380423473232991
1380423473233089
1380423473265916
1380423473268534
1380423473278734
1380423473279255
1380423473279351
1380423473279662
1380423473279752
1380423473279855
1380423473280548
1380423473280792
1380423473280931
1380423473281079
1380423473281607
1380423473281872
1380423473282168
1380423473282437
1380423473282702
1380423473283971
1380423473284708
1380423473285051
1380423473285333
1380423473285470
1380423473285715
1380423473285971
1380423473286407
1380423473286618
1380423473286830
1380423473287098
1380423473287382
1380423473287693
1380423473287853
1380423473288469
1380423473288704
1380423473288957
1380423473289206
1380423473289526
1380423473289671
1380423473289858
1380423473290278
1380423473290431
1380423473290622
1380423473290864
1380423473291095
1380423473291432
1380423473291703
1380423473292095
1380423473292359
1380423473292667
1380423473292857
1380423473292960
1380423473293549
1380423473293871
1380423473294343
1380423473294768
1380423473294978
1380423473295853
1380423473296235
1380423473296512
1380423473296669
1380423473296898
1380423473297159
1380423473297662
1380423473297821
1380423473298091
1380423473298405
1380423473298560
1380423473298789
1380423473299170
1380423473299569
1380423473299850
1380423473300063
1380423473300259
1380423473300748
1380423473300991
1380423473301311
1380423473301601
1380423473301786
1380423473301895
1380423473302052
1380423473302259
1380423473302436
1380423473302666
1380423473302866
1380423473302997
1380423473303257
1380423473303437
1380423473303526
1380423473304486
1380423473304762
1380423473304857
1380423473317303
1380423473317763
1380423473318017
1380423473319102
1380423473319349
1380423473327831
1380423473327936
1380423473329355
1380423473329559
1380423473329793
1380423473330226
1380423473330628
1380423473340021
1380423473340100
1380423473340496
1380423473340826
1380423473341089
1380423473341534
1380423473341559
1380423473341578
1380423473342229
1380423473342254
1380423473342273
1380423473342889
1380423473343079
1380423473343567
1380423473343962
1380423473344243
1380423473344432
1380423473344662
1380423473344849
1380423473345120
1380423473345347
1380423473345556
1380423473345793
1380423473346045
1380423473346363
1380423473350903
1380423473351059
1380423473351485
1380423473351685
1380423473351985
1380423473352258
1380423473352404
1380423473363817
1380423473364147
1380423473364517
1380423473364861
1380423473369731
1380423473369953
1380423473370131
1380423473371282
1380423473381055
1380423473409297
1380423473421046
1380423473506343
1380423473506748
1380423473510306
1380423473611541
1380423473613698
1380423473656576
1380423473794790
1380423473830117
1380423473831706
1380423473838062
1380423473838209
1380423473838335
1380423473838451
1380423473838567
1380423473839235
1380423473839582
1380423473839818
1380423473840154
1380423473840679
1380423473840825
1380423473840928
1380423473841376
1380423473841489
1380423473841858
1380423473841967
1380423473842089
1380423473842194
1380423473843972
1380423473844217
1380423473844518
1380423473844786
1380423473844966
1380423473845186
1380423473845860
1380423473846160
1380423473846403
1380423473846743
1380423473846962
1380423473847273
1380423473847422
1380423473847689
1380423473847843
1380423473963205
1380423473963608
1380423474262657
1380423474273902
1380423474276074
1380423474280700
1380423474280938
1380423474281043
1380423474286971
1380423474287103
1380423474287229
1380423474287340
1380423474287813
1380423474288074
1380423474288188
1380423474288279
1380423474288390
1380423474288502
1380423474289253
1380423474289485
1380423474289723
1380423474289808
1380423474290083
1380423474299583
1380423474299846
1380423474351910
1380423474352165
1380423474352520
1380423474352777
1380423474352962
1380423474353224
1380423474353635
1380423474359309
1380423474359624
1380423474360267
1380423474360680
1380423474361097
1380423474361389
1380423474361666
1380423474363073
1380423474382455
1380423474383766
1380423474384178
1380423474384628
1380423474385209
1380423474385575
1380423474386069
1380423474386402
1380423474386578
1380423474387469
1380423474387610
1380423474879229
1380423474882864
1380423474883103
1380423474887101
1380423474887427
1380423474887575
1380423474891267
1380423474891712
1380423474891883
1380423474893122
1380423474902830
1380423474903436
1380423474903606
1380423474903869
1380423474904111
1380423474904626
1380423474904792
1380423474905079
1380423474905225
1380423474913672
1380423474914212
1380423474914675
1380423474915040
1380423474915409
1380423474916043
1380423474923518
1380423474924244
1380423474924715
