1380585675257167
1380585675359172
1380585675404657
1380585675405680
1380585675405816
1380585675406087
1380585675406186
1380585675458950
1380585675459074
1380585675551128
1380585675551955
1380585675552060
1380585675552336
1380585675552582
1380585675552808
1380585675553063
1380585675553374
1380585675553484
1380585675553708
1380585675553811
1380585675554061
1380585675554623
1380585675556390
1380585675697214
1380585675699747
1380585675700031
1380585675700137
1380585675700334
1380585675733550
1380585675733559
1380585675733777
1380585675845705
1380585675845926
1380585675850245
1380585675850330
1380585675850595
1380585675850675
1380585675850779
1380585675850905
1380585675851227
1380585676105754
1380585678584535
1380585678584749
1380585678584758
1380585678584843
1380585678585070
1380585678734999
1380585678736150
1380585678736252
1380585678736393
1380585678882246
1380585678882449
1380585678882565
1380585678882682
1380585678883110
1380585678883220
1380585678883743
1380585678883833
1380585678883942
1380585678884141
1380585678884236
1380585679029149
1380585679029433
1380585679029526
1380585679029759
1380585679030049
1380585679030203
1380585679030588
1380585679069524
1380585681772398
1380585681921655
1380585681922238
1380585681922314
1380585682068316
1380585682068396
1380585684916481
1380585685064215
1380585685065132
1380585685065362
1380585685214653
1380585685214730
1380585688060344
1380585688207576
1380585688208685
1380585688208768
1380585688208989
1380585688354742
1380585688612051
1380585688711382
1380585691204221
1380585691204924
1380585691204991
1380585691205073
1380585691205180
1380585691229433
1380585691327487
1380585691354015
1380585691354045
1380585691354071
1380585691354168
1380585691354353
1380585691354515
1380585691354675
1380585691354767
1380585691355424
1380585691355532
1380585691355813
1380585691355924
1380585691355967
1380585691356059
1380585691356082
1380585691499100
1380585691499201
1380585691502662
1380585691503082
1380585691503170
1380585691503426
1380585691503526
1380585691541776
1380585694352429
1380585694352779
1380585694352869
1380585694352944
1380585694353005
1380585694353061
1380585694353179
1380585694403866
1380585694498840
1380585694499752
1380585694499871
1380585694499887
1380585694499980
1380585694499987
1380585694499999
1380585694500075
1380585694500384
1380585694500447
1380585694500470
1380585694501084
1380585694501787
1380585694501818
1380585694501943
1380585694502161
1380585694502234
1380585694502839
1380585694502927
1380585694503042
1380585694647413
1380585694649516
1380585694649538
1380585694649552
1380585694649593
1380585694649739
1380585694649847
1380585694649909
1380585694650045
1380585694650066
1380585694650196
1380585694650632
1380585694651084
1380585694651455
1380585694651839
1380585694651864
1380585694652043
1380585694652195
1380585694652273
1380585694652395
1380585694796860
1380585694797796
1380585694797932
1380585694797961
1380585694798243
1380585694798397
1380585694798530
1380585694798963
1380585694798992
1380585694799147
1380585694799267
1380585694799868
1380585694799976
1380585694800302
1380585694800397
1380585694800417
1380585694800464
1380585694800577
1380585694800790
1380585694800816
1380585694800958
1380585694801827
1380585694801953
1380585694946154
1380585694947028
1380585694947503
1380585694947654
1380585694947991
1380585694948087
1380585694948455
1380585694948477
1380585694948656
1380585694949009
1380585694949023
1380585694949136
1380585694949496
1380585694949513
1380585694949669
1380585694950016
1380585694950032
1380585694950199
1380585694950268
1380585695095856
1380585695097402
1380585695097434
1380585695097449
1380585695097527
1380585695097657
1380585695097769
1380585695097955
1380585695098049
1380585695098488
1380585695098574
1380585695099127
1380585695099146
1380585695099193
1380585695099299
1380585695099389
1380585695099648
1380585695099668
1380585695099806
1380585695100225
1380585695100332
1380585695100599
1380585695100684
1380585695100970
1380585695101124
1380585695101356
1380585695101557
1380585695138086
1380585695138232
1380585695244394
1380585695244506
1380585695244596
1380585695246782
1380585695246876
1380585695246977
1380585695247094
1380585695247406
1380585695247476
1380585695247521
1380585695247735
1380585695248216
1380585695248284
1380585695248602
1380585695248736
1380585695248762
1380585695249226
1380585695249300
1380585695249601
1380585695249719
1380585695249848
1380585695249983
1380585695250084
1380585695250156
1380585695250177
1380585695250255
1380585695251058
1380585695251311
1380585695251397
1380585695251459
1380585695251562
1380585695285238
1380585695286283
1380585695286453
1380585695286578
1380585695395988
1380585695396900
1380585695397174
1380585695397333
1380585695397655
1380585695398983
1380585695399005
1380585695399029
1380585695399371
1380585695399677
1380585695399697
1380585695399852
1380585695399942
1380585695400283
1380585695400301
1380585695400553
1380585695400616
1380585695400877
1380585695401011
1380585695433680
1380585695433740
1380585695433916
1380585695544344
1380585695547851
1380585695547871
1380585695547887
1380585695547959
1380585695547971
1380585695547989
1380585695548240
1380585695548305
1380585695548366
1380585695579966
1380585695581315
1380585695581352
1380585695581466
1380585695581523
1380585695581644
1380585695694738
1380585695695713
1380585695695847
1380585695696154
1380585695696295
1380585695696429
1380585695696472
1380585695696848
1380585695696934
1380585695697060
1380585695697193
1380585695697436
1380585695697479
1380585695697583
1380585695697687
1380585695697792
1380585695697907
1380585695697963
1380585695698374
1380585695698507
1380585695698780
1380585695728172
1380585695766003
1380585695766022
1380585695844479
1380585695844642
1380585695845097
1380585695845330
1380585695845348
1380585695845736
1380585695846023
1380585695846127
1380585695846148
1380585695846673
1380585695846755
1380585695846884
1380585695846902
1380585695992946
1380585695993190
1380585695993301
1380585695993398
1380585695993481
1380585695993584
1380585695993723
1380585695993824
