1380307265239915
1380307265379116
1380307265379201
1380307265379308
1380307265379369
1380307265512666
1380307265512723
1380307265512964
1380307265513121
1380307265513335
1380307265513498
1380307265513658
1380307265513924
1380307265514019
1380307265514215
1380307265514382
1380307265514915
1380307265606491
1380307265646397
1380307265646681
1380307265646919
1380307265647178
1380307265647315
1380307265647726
1380307265647860
1380307265648114
1380307265648405
1380307265648475
1380307265648748
1380307265648984
1380307265649394
1380307265649517
1380307265649618
1380307265649762
1380307265649886
1380307265686967
1380307265738536
1380307265774195
1380307265775126
1380307265781290
1380307265781698
1380307265781820
1380307265782063
1380307265783487
1380307265783575
1380307265783878
1380307265783944
1380307265784279
1380307265784330
1380307265784629
1380307265784859
1380307265785133
1380307265785209
1380307265824958
1380307265824965
1380307265825171
1380307265904587
1380307265911681
1380307265913366
1380307266053237
1380307266060027
1380307266060102
1380307266060171
1380307266060393
1380307266183809
1380307266190350
1380307266190878
1380307266190971
1380307266191030
1380307266191332
1380307266191415
1380307266191630
1380307266192039
1380307266192107
1380307266192489
1380307266192662
1380307266194265
1380307266194357
1380307266194632
1380307266314932
1380307266322304
1380307266322596
1380307266362677
1380307266363079
1380307266499513
1380307266499579
1380307266499673
1380307266534510
1380307266535617
1380307266633069
1380307266633151
1380307266633233
1380307266633473
1380307266633660
1380307266633733
1380307266667353
1380307266667574
1380307266670759
1380307266706328
1380307266874264
1380307266874952
1380307266875454
1380307266875698
1380307266875929
1380307267038128
1380307267041466
1380307267042375
1380307267042737
1380307267043461
1380307267043535
1380307267043812
1380307267044133
1380307267044149
1380307267044707
1380307267044784
1380307267203709
1380307267203798
1380307267203870
1380307267204137
1380307267204841
1380307267205148
1380307267205313
1380307267205977
1380307267206618
1380307267206682
1380307267206900
1380307267207079
1380307267207346
1380307267207418
1380307267208090
1380307267208178
1380307267208499
1380307267209150
1380307267209277
1380307267209397
1380307267209459
1380307267210647
1380307267210716
1380307267210805
1380307267211068
1380307267211354
1380307267211425
1380307267211621
1380307267369821
1380307267370313
1380307267370499
1380307267370880
1380307267371056
1380307267371123
1380307267375902
1380307267376399
1380307267377327
1380307267377664
1380307267377776
1380307267541156
1380307267541972
1380307267542402
1380307267544393
1380307267546376
1380307267547547
1380307267548067
1380307267548228
1380307267709789
1380307267710276
1380307267710556
1380307267710857
1380307267710929
1380307267711035
1380307267711348
1380307267713159
1380307267714453
1380307267714874
1380307267715108
1380307267715176
1380307267884518
1380307267884536
1380307267884585
1380307267884862
1380307267885149
1380307267885305
1380307267885599
1380307267885926
1380307267886263
1380307267886552
1380307268057288
1380307268057919
1380307268058016
1380307268058079
1380307268096045
1380307268225750
1380307268225963
1380307268226150
1380307268226465
1380307268226555
1380307268226805
1380307268264515
1380307268264619
1380307268264768
1380307268264983
1380307268414549
1380307268430777
1380307268431495
1380307268431904
1380307268432013
1380307268432090
1380307268432189
1380307268432515
1380307268432630
1380307268432876
1380307268432945
1380307268432963
1380307268433177
1380307268433995
1380307268564488
1380307268600511
1380307268600859
1380307268601007
1380307268652378
1380307268652896
1380307268663820
1380307268664640
1380307268675015
1380307268676084
1380307268676287
1380307268686143
1380307268686351
1380307268687648
1380307268687736
1380307268688015
1380307268697498
1380307268697579
1380307268697668
1380307268697778
1380307268698930
1380307268699011
1380307268734491
1380307268734504
1380307268734646
1380307268754855
1380307268797530
1380307268797641
1380307268797713
1380307268798070
1380307268798150
1380307268798441
1380307268798519
1380307268824153
1380307268826192
1380307268826254
1380307268826305
1380307268826756
1380307268827075
1380307268827132
1380307268842545
1380307268843200
1380307268843639
1380307268843755
1380307268843939
1380307268928424
1380307268929215
1380307268929310
1380307268929553
1380307268929621
1380307268957621
1380307268963867
1380307268965758
1380307268965840
1380307268966073
1380307268966170
1380307268966436
1380307268966506
1380307268966601
1380307268967056
1380307268968897
1380307268969194
1380307268969265
1380307268969533
1380307268969730
1380307268981678
1380307268994384
1380307268994494
1380307268994817
1380307268995162
1380307268995375
1380307268995485
1380307268995598
1380307268995869
1380307268996153
1380307268997378
1380307268997490
1380307268997606
1380307268997936
1380307268998615
1380307268998690
1380307268998940
1380307268999020
1380307268999253
1380307268999293
1380307268999525
1380307268999737
1380307269000160
1380307269000774
1380307269001023
1380307269001372
1380307269001536
1380307269002396
1380307269002675
1380307269002813
1380307269003087
1380307269003375
1380307269003533
1380307269003761
1380307269003958
1380307269004125
1380307269004358
1380307269004592
1380307269004719
1380307269004748
1380307269005515
1380307269005750
1380307269005881
1380307269006094
1380307269006375
1380307269006585
1380307269006735
1380307269006976
1380307269007134
1380307269007408
1380307269007471
1380307269007671
1380307269007912
1380307269097111
1380307269097320
1380307269097534
1380307269097718
1380307269097850
1380307269098181
1380307269098420
1380307269098581
1380307269098840
1380307269099049
1380307269099193
1380307269099338
1380307269138462
1380307269159193
1380307269198801
1380307269227866
1380307269230701
1380307269230877
1380307269231144
1380307269231321
1380307269231540
1380307269266489
1380307269266496
1380307269471668
1380307269476012
1380307269476650
1380307269526444
1380307269634643
1380307269634743
1380307269643751
1380307269643858
1380307269644387
1380307269644775
1380307269677039
1380307269790910
1380307269790991
1380307269791269
1380307269791343
1380307269812906
1380307269814029
1380307269814295
1380307269814376
1380307269814514
1380307269948930
1380307269949033
1380307269949135
1380307269949220
1380307269949580
1380307269985745
1380307269986031
1380307269987501
1380307269987826
1380307269988108
1380307269988363
1380307269988606
1380307270306083
1380307270306160
1380307270307333
1380307270345887
1380307270459863
1380307270460417
1380307270460636
1380307270460886
1380307270515331
1380307270515424
1380307270515676
1380307270616706
1380307270616782
1380307270617055
1380307270617126
1380307270617390
1380307270617856
1380307270618017
1380307270618156
1380307270618458
1380307270675577
1380307270683733
1380307270684481
1380307270684751
1380307270684919
1380307270716576
1380307270853082
1380307270853847
1380307270854069
1380307270854150
1380307270854363
1380307270854453
1380307270879052
1380307270879145
1380307270879442
1380307270879467
1380307271042363
1380307271043124
1380307271043451
1380307271045345
1380307271045491
1380307271082932
1380307271210174
1380307271210428
1380307271210538
1380307271210625
1380307271210703
1380307271211823
1380307271247038
1380307271258636
1380307271259160
1380307271259253
1380307271413379
1380307271414018
1380307271414857
1380307271414948
1380307271415126
1380307271431643
1380307271431756
1380307271431847
1380307271431936
1380307271432036
1380307271432158
1380307271432296
1380307271432397
1380307271432505
1380307271571639
1380307271582104
1380307271583138
1380307271583411
1380307271584338
1380307271584415
1380307271626648
1380307271725061
1380307271725743
1380307271726102
1380307271726190
1380307271746159
1380307271747133
1380307271747363
1380307271747636
1380307271747729
1380307271748028
1380307271748544
1380307271748629
1380307271748753
1380307271753720
1380307271754559
1380307271754617
1380307271754670
1380307271757054
1380307271757915
1380307271759120
1380307271759506
1380307271759654
1380307271767957
1380307271768773
1380307271769140
1380307271769318
1380307271769683
1380307271770119
1380307271770849
1380307271770933
1380307271771051
1380307271771155
1380307271771536
1380307271771629
1380307271771721
1380307271771805
1380307271772088
1380307271875055
1380307271875416
1380307271875635
1380307271875791
1380307271904147
1380307271906836
1380307271907997
1380307271908228
1380307271908400
1380307271908614
1380307271908774
1380307271908851
1380307271909285
1380307271909509
1380307271909766
1380307271909928
1380307271910424
1380307271910562
1380307271910636
1380307271910924
1380307271911178
1380307271913024
1380307271913108
1380307271913341
1380307271913486
1380307271913579
1380307271913723
1380307271913881
1380307271913999
1380307271915047
1380307271915143
1380307271915271
1380307271915411
1380307271915539
1380307271915789
1380307271915890
1380307271916174
1380307271916215
1380307271916419
1380307271916555
1380307271916713
1380307271916826
1380307271916960
1380307271917095
1380307271917362
1380307271917444
1380307271917572
1380307271917699
1380307271917903
1380307271917935
1380307271918138
1380307271918794
1380307271919053
1380307271919302
1380307271919561
1380307271919696
1380307271919800
1380307271920059
1380307271920179
1380307271920371
1380307271920439
1380307271920613
1380307271920797
1380307271920930
1380307271921015
1380307271924411
1380307271925505
1380307271925628
1380307271925868
1380307271926179
1380307271926259
1380307271926503
1380307271926689
1380307271926771
1380307271926897
1380307271926973
1380307271927356
1380307271927562
1380307271927711
1380307271927849
1380307271928105
1380307271928704
1380307271928931
1380307271929185
1380307271929450
1380307271929591
1380307271929825
1380307271929963
1380307271930076
1380307271930499
1380307271931388
1380307271931918
1380307271931961
1380307271934016
1380307271934184
1380307271934383
1380307271934571
1380307271934662
1380307271934755
1380307271934822
1380307271934988
1380307271935066
1380307271935221
1380307271935330
1380307271935476
1380307271935616
1380307271935766
1380307271935795
1380307271936809
1380307271936921
1380307271937090
1380307271937395
1380307271937487
1380307271937653
1380307271937674
1380307271937755
1380307271937887
1380307271937998
1380307271938164
1380307271938299
1380307271938384
1380307271938612
1380307271938687
1380307271938842
1380307271939031
1380307271939169
1380307271939321
1380307271939507
1380307271939663
1380307271939749
1380307271944316
1380307271944816
1380307271944940
1380307271945048
1380307271945199
1380307271945330
1380307271945421
1380307271945552
1380307271945703
1380307272060271
1380307272060454
1380307272060719
1380307272060810
1380307272061278
1380307272061464
1380307272061632
1380307272062254
1380307272062485
1380307272062586
1380307272062689
1380307272063018
1380307272063093
1380307272063225
1380307272063350
1380307272071168
1380307272071266
1380307272072670
1380307272072956
1380307272073162
1380307272073270
1380307272073470
1380307272073598
1380307272073744
1380307272074085
1380307272082528
1380307272082672
1380307272083451
1380307272085792
1380307272086018
1380307272086128
1380307272086335
1380307272086582
1380307272086733
1380307272091073
1380307272092231
1380307272092353
1380307272092477
1380307272092737
1380307272092877
1380307272092998
1380307272093210
1380307272093943
1380307272093950
1380307272094406
1380307272094457
1380307272094882
1380307272095154
1380307272095379
1380307272095474
1380307272095581
1380307272095856
1380307272095973
1380307272096082
1380307272096157
1380307272096235
1380307272096490
1380307272096611
1380307272096761
1380307272096832
1380307272096978
1380307272097059
1380307272097721
1380307272097845
1380307272097993
1380307272098141
1380307272098276
1380307272098441
1380307272098551
1380307272098660
1380307272098795
1380307272100250
1380307272100586
1380307272100696
1380307272100901
1380307272101043
1380307272101187
1380307272103034
1380307272103185
1380307272103247
1380307272103382
1380307272103546
1380307272103677
1380307272103809
1380307272110634
1380307272113138
1380307272113375
1380307272113631
1380307272113744
1380307272114012
1380307272114163
1380307272114370
1380307272114761
1380307272115015
1380307272115159
1380307272115389
1380307272115696
1380307272115946
1380307272116151
1380307272116399
1380307272116671
1380307272116805
1380307272116939
1380307272117536
1380307272117777
1380307272119669
1380307272119823
1380307272119949
1380307272120100
1380307272120303
1380307272120417
1380307272120709
1380307272121112
1380307272121206
1380307272121451
1380307272121593
1380307272121706
1380307272121848
1380307272122005
1380307272122159
1380307272122504
1380307272122646
1380307272122789
1380307272122924
1380307272123072
1380307272123163
1380307272123287
1380307272123417
1380307272123532
1380307272123680
1380307272123821
1380307272123940
1380307272124053
1380307272124201
1380307272124309
1380307272124484
1380307272124598
1380307272124752
1380307272124864
1380307272125009
1380307272126246
1380307272126375
1380307272134964
1380307272142944
1380307272154528
1380307272215396
1380307272215654
1380307272215800
1380307272215973
1380307272216197
1380307272216327
1380307272216467
1380307272216828
1380307272217079
1380307272217204
1380307272217393
1380307272217657
1380307272217785
1380307272217895
1380307272226744
1380307272226876
1380307272226980
1380307272227301
1380307272227466
1380307272227817
1380307272227934
1380307272228061
1380307272228325
1380307272228716
1380307272228889
1380307272228977
1380307272229153
1380307272229286
1380307272229586
1380307272229692
1380307272232974
1380307272241148
1380307272241384
1380307272241504
1380307272244240
1380307272245224
1380307272245433
1380307272245662
1380307272245782
1380307272246264
1380307272246394
1380307272247332
1380307272247473
1380307272250017
1380307272250248
1380307272251322
1380307272251532
1380307272251667
1380307272251991
1380307272252083
1380307272253225
1380307272254145
1380307272255005
1380307272255022
1380307272261087
1380307272261306
1380307272261390
1380307272261648
1380307272261772
1380307272262010
1380307272262228
1380307272264095
1380307272264105
1380307272264292
1380307272264516
1380307272264769
1380307272265498
1380307272265505
1380307272265939
1380307272267173
1380307272267392
1380307272267548
1380307272267657
1380307272268073
1380307272268264
1380307272268787
1380307272268937
1380307272269065
1380307272269150
1380307272271397
1380307272271587
1380307272271728
1380307272282378
1380307272282554
1380307272282667
1380307272285988
1380307272286139
1380307272286344
1380307272286495
1380307272286658
1380307272286773
1380307272286931
1380307272287323
1380307272287945
1380307272288147
1380307272288298
1380307272289770
1380307272290015
1380307272290149
1380307272292266
1380307272292412
1380307272292559
1380307272292978
1380307272293084
1380307272293235
1380307272293479
1380307272293619
1380307272293984
1380307272294103
1380307272294240
1380307272294349
1380307272294497
1380307272295001
1380307272295148
1380307272295366
1380307272295479
1380307272295623
1380307272295867
1380307272295977
1380307272296122
1380307272296231
1380307272296496
1380307272296635
1380307272296861
1380307272297000
1380307272297112
1380307272297262
1380307272297393
1380307272297635
1380307272297778
1380307272297898
1380307272298178
1380307272298322
1380307272298604
1380307272298729
1380307272298812
1380307272298893
1380307272299034
1380307272299145
1380307272299285
1380307272300116
1380307272302635
1380307272302776
1380307272302932
1380307272303068
1380307272303209
1380307272303348
1380307272303408
1380307272303537
1380307272303662
1380307272303817
1380307272303951
1380307272304050
1380307272304166
1380307272304309
1380307272307365
1380307272307617
1380307272307727
1380307272307864
1380307272307998
1380307272308189
1380307272308320
1380307272308548
1380307272326957
1380307272334977
1380307272334982
1380307272334990
1380307272344230
1380307272346930
1380307272382862
1380307272391291
1380307272391375
1380307272391556
1380307272391665
1380307272391855
1380307272391985
1380307272392126
1380307272392466
1380307272392722
1380307272392831
1380307272393220
1380307272393351
1380307272393582
1380307272393689
1380307272403141
1380307272403374
1380307272403530
1380307272403664
1380307272403756
1380307272403994
1380307272404112
1380307272404242
1380307272404409
1380307272404619
1380307272404772
1380307272405108
1380307272405246
1380307272405377
1380307272407046
1380307272407258
1380307272407382
1380307272408738
1380307272408983
1380307272409238
1380307272409343
1380307272409606
1380307272409739
1380307272410120
1380307272410258
1380307272410509
1380307272410652
1380307272411149
1380307272412688
1380307272412815
1380307272412970
1380307272413101
1380307272413172
1380307272413424
1380307272413546
1380307272413654
1380307272425330
1380307272425574
1380307272426699
1380307272426833
1380307272427074
1380307272427242
1380307272427329
1380307272427495
1380307272427695
1380307272430998
1380307272431004
1380307272432964
1380307272433026
1380307272433283
1380307272433603
1380307272433805
1380307272433908
1380307272434145
1380307272434228
1380307272434437
1380307272434584
1380307272438281
1380307272438296
1380307272438300
1380307272438895
1380307272440048
1380307272440173
1380307272440230
1380307272440512
1380307272440987
1380307272449140
1380307272449355
1380307272449519
1380307272449651
1380307272449736
1380307272449972
1380307272450082
1380307272450243
1380307272450445
1380307272450585
1380307272450739
1380307272452627
1380307272452766
1380307272452897
1380307272453025
1380307272454542
1380307272454754
1380307272462300
1380307272462485
1380307272462565
1380307272464384
1380307272464503
1380307272464769
1380307272464904
1380307272465092
1380307272465200
1380307272465566
1380307272465803
1380307272466057
1380307272466448
1380307272466724
1380307272466972
1380307272467089
1380307272467222
1380307272467356
1380307272467850
1380307272468128
1380307272468231
1380307272468365
1380307272468590
1380307272468724
1380307272468983
1380307272469092
1380307272469524
1380307272470061
1380307272470180
1380307272470289
1380307272470431
1380307272470638
1380307272470772
1380307272471062
1380307272473470
1380307272473626
1380307272473766
1380307272473901
1380307272473980
1380307272475861
1380307272476018
1380307272476167
1380307272476287
1380307272478202
1380307272478312
1380307272478810
1380307272478928
1380307272479208
1380307272479361
1380307272479499
1380307272479680
1380307272479828
1380307272479983
1380307272480088
1380307272504092
1380307272504198
1380307272504457
1380307272504618
1380307272504825
1380307272504961
1380307272505114
1380307272505476
1380307272505696
1380307272505836
1380307272506990
1380307272506994
1380307272507010
1380307272507284
1380307272507388
1380307272519282
1380307272519374
1380307272519496
1380307272519597
1380307272520438
1380307272542866
1380307272543073
1380307272543334
1380307272543504
1380307272543806
1380307272544056
1380307272544335
1380307272544597
1380307272544734
1380307272545251
1380307272545390
1380307272545845
1380307272546086
1380307272546172
1380307272550900
1380307272551068
1380307272551235
1380307272551320
1380307272553508
1380307272553604
1380307272553868
1380307272553978
1380307272554167
1380307272554393
1380307272554510
1380307272554988
1380307272555270
1380307272555354
1380307272555576
1380307272555967
1380307272556124
1380307272556381
1380307272556601
1380307272556777
1380307272565520
1380307272565709
1380307272565881
1380307272566079
1380307272566333
1380307272566481
1380307272567121
1380307272567349
1380307272567986
1380307272568072
1380307272568293
1380307272568504
1380307272568723
1380307272568891
1380307272569060
1380307272569175
1380307272569354
1380307272569583
1380307272569679
1380307272570079
1380307272570203
1380307272572332
1380307272572484
1380307272572650
1380307272582675
1380307272582964
1380307272583095
1380307272589965
1380307272590471
1380307272590658
1380307272590883
1380307272591042
1380307272591127
1380307272591233
1380307272591239
1380307272591539
1380307272591731
1380307272592082
1380307272592235
1380307272593211
1380307272593222
1380307272593387
1380307272593498
1380307272594163
1380307272595110
1380307272595299
1380307272595544
1380307272595740
1380307272598960
1380307272599453
1380307272600547
1380307272600816
1380307272600962
1380307272601057
1380307272601309
1380307272601469
1380307272601610
1380307272602132
1380307272602367
1380307272602610
1380307272602891
1380307272602941
1380307272603380
1380307272603501
1380307272603760
1380307272604018
1380307272604268
1380307272604378
1380307272604522
1380307272604655
1380307272604797
1380307272605018
1380307272605414
1380307272611723
1380307272613515
1380307272613763
1380307272614105
1380307272614369
1380307272614636
1380307272614791
1380307272614900
1380307272615045
1380307272615173
1380307272615294
1380307272615402
1380307272615535
1380307272615681
1380307272615849
1380307272615923
1380307272634027
1380307272637157
1380307272638740
1380307272639092
1380307272639226
1380307272639336
1380307272639565
1380307272639659
1380307272639804
1380307272640022
1380307272640204
1380307272640324
1380307272640715
1380307272640810
1380307272640997
1380307272641088
1380307272643016
1380307272643035
1380307272643043
1380307272643500
1380307272643812
1380307272653006
1380307272653312
1380307272653477
1380307272653577
1380307272653714
1380307272653836
1380307272653980
1380307272654296
1380307272654442
1380307272658230
1380307272658432
1380307272658615
1380307272666744
1380307272667115
1380307272667371
1380307272667595
1380307272667744
1380307272668203
1380307272668347
1380307272668586
1380307272668700
1380307272669286
1380307272669426
1380307272669566
1380307272669708
1380307272671426
1380307272671594
1380307272671733
1380307272681595
1380307272681790
1380307272681955
1380307272682077
1380307272682169
1380307272682425
1380307272682592
1380307272682686
1380307272683070
1380307272691900
1380307272692084
1380307272692154
1380307272692341
1380307272692457
1380307272704533
1380307272704711
1380307272705642
1380307272705779
1380307272705889
1380307272706026
1380307272706200
1380307272706884
1380307272707044
1380307272707392
1380307272707659
1380307272708015
1380307272708128
1380307272708273
1380307272708516
1380307272708649
1380307272711588
1380307272712651
1380307272712739
1380307272723450
1380307272724326
1380307272724590
1380307272724675
1380307272724968
1380307272725063
1380307272725166
1380307272725464
1380307272725532
1380307272725757
1380307272728303
1380307272728368
1380307272728669
1380307272728738
1380307272732208
1380307272732334
1380307272744976
1380307272746961
1380307272750397
1380307272750790
1380307272750988
1380307272751101
1380307272757751
1380307272757754
1380307272758973
1380307272760644
1380307272760736
1380307272761121
1380307272761217
1380307272761849
1380307272762284
1380307272762805
1380307272762928
1380307272763026
1380307272763521
1380307272763614
1380307272763915
1380307272764057
1380307272764416
1380307272764531
1380307272764619
1380307272764761
1380307272764873
1380307272765104
1380307272768733
1380307272769473
1380307272769846
1380307272769925
1380307272770212
1380307272770306
1380307272770560
1380307272772643
1380307272772844
1380307272772908
1380307272772999
1380307272773290
1380307272806115
1380307272806244
1380307272807714
1380307272814440
1380307272821455
1380307272821572
1380307272821683
1380307272823367
1380307272823533
1380307272824393
1380307272824701
1380307272824965
1380307272825032
1380307272825152
1380307272825219
1380307272825554
1380307272825611
1380307272825707
1380307272829281
1380307272830374
1380307272832898
1380307272832993
1380307272833078
1380307272833371
1380307272833458
1380307272833755
1380307272833857
1380307272833926
1380307272834285
1380307272834387
1380307272834499
1380307272834591
1380307272834685
1380307272835156
1380307272835272
1380307272835369
1380307272835447
1380307272835550
1380307272844928
1380307272845294
1380307272845518
1380307272845808
1380307272846214
1380307272846384
1380307272846790
1380307272846956
1380307272864036
1380307272864309
1380307272864482
1380307272864674
1380307272864827
1380307272867654
1380307272867925
1380307272868046
1380307272870991
1380307272871200
1380307272871409
1380307272871541
1380307272871666
1380307272871869
1380307272872029
1380307272872118
1380307272872314
1380307272872522
1380307272872628
1380307272873084
1380307272873330
1380307272873449
1380307272873557
1380307272883007
1380307272883218
1380307272883362
1380307272885112
1380307272885367
1380307272885684
1380307272885804
1380307272885975
1380307272886145
1380307272886527
1380307272886723
1380307272886919
1380307272887391
1380307272887548
1380307272887750
1380307272887916
1380307272887996
1380307272893709
1380307272904571
1380307272914495
1380307272914503
1380307272914777
1380307272915439
1380307272915594
1380307272919253
1380307272919412
1380307272919585
1380307272919682
1380307272919924
1380307272920019
1380307272922903
1380307272923002
1380307272923007
1380307272923258
1380307272924309
1380307272924475
1380307272924726
1380307272924886
1380307272925083
1380307272926054
1380307272926454
1380307272926690
1380307272930418
1380307272930427
1380307272930781
1380307272932799
1380307272932980
1380307272934379
1380307272934512
1380307272934581
1380307272934689
1380307272934831
1380307272934960
1380307272936104
1380307272936210
1380307272936376
1380307272937059
1380307272945744
1380307272957397
1380307272958160
1380307272968921
1380307272969165
1380307272970561
1380307272971027
1380307272980212
1380307272980414
1380307272981819
1380307272981931
1380307272982402
1380307272982451
1380307272982680
1380307272982757
1380307272982847
1380307272983005
1380307272983196
1380307272983331
1380307272983423
1380307272983942
1380307272984112
1380307272984283
1380307272991484
1380307272991586
1380307272991765
1380307272991866
1380307272992791
1380307272993494
1380307272995119
1380307272995813
1380307272996179
1380307272996509
1380307272997698
1380307272997975
1380307272999065
1380307272999212
1380307272999437
1380307272999577
1380307272999736
1380307273000006
1380307273000097
1380307273000237
1380307273000611
1380307273000787
1380307273000906
1380307273001099
1380307273001240
1380307273001712
1380307273001852
1380307273002040
1380307273002127
1380307273002252
1380307273002392
1380307273002558
1380307273002689
1380307273002941
1380307273003083
1380307273003217
1380307273003394
1380307273003536
1380307273003667
1380307273011001
1380307273011562
1380307273011758
1380307273012057
1380307273012192
1380307273012420
1380307273012723
1380307273012860
1380307273013008
1380307273031983
1380307273037187
1380307273037933
1380307273038125
1380307273038189
1380307273038331
1380307273038704
1380307273038876
1380307273039047
1380307273039479
1380307273041323
1380307273041475
1380307273041759
1380307273041953
1380307273042126
1380307273053029
1380307273076172
1380307273076206
1380307273076299
1380307273076384
1380307273085871
1380307273085954
1380307273086229
1380307273086316
1380307273086593
1380307273086682
1380307273087343
1380307273087469
1380307273087564
1380307273088636
1380307273088734
1380307273088833
1380307273089596
1380307273089672
1380307273089949
1380307273090233
1380307273090308
1380307273090643
1380307273091381
1380307273091618
1380307273092090
1380307273092187
1380307273092296
1380307273092376
1380307273093767
1380307273094818
1380307273094914
1380307273095196
1380307273095289
1380307273095561
1380307273095652
1380307273096085
1380307273096174
1380307273103844
1380307273103860
1380307273103950
1380307273104246
1380307273104628
1380307273104642
1380307273105903
1380307273106009
1380307273106510
1380307273106579
1380307273106642
1380307273106699
1380307273106903
1380307273107261
1380307273107415
1380307273107554
1380307273107929
1380307273147292
1380307273147382
1380307273148117
1380307273148187
1380307273148429
1380307273148716
1380307273148805
1380307273149275
1380307273149375
1380307273149453
1380307273149811
1380307273149901
1380307273150021
1380307273150169
1380307273160466
1380307273160577
1380307273160649
1380307273161136
1380307273161652
1380307273161824
1380307273161978
1380307273162096
1380307273167165
1380307273167349
1380307273167445
1380307273167613
1380307273167704
1380307273167881
1380307273168004
1380307273168204
1380307273168854
1380307273168968
1380307273169299
1380307273169396
1380307273171957
1380307273172079
1380307273172395
1380307273172463
1380307273172563
1380307273172658
1380307273172950
1380307273176924
1380307273177015
1380307273177266
1380307273181743
1380307273181845
1380307273181936
1380307273182050
1380307273182154
1380307273182504
1380307273186980
1380307273187056
1380307273206984
1380307273210628
1380307273218867
1380307273219052
1380307273219143
1380307273219325
1380307273242270
1380307273242490
1380307273242810
1380307273243291
1380307273243408
1380307273243662
1380307273245166
1380307273260386
1380307273261294
1380307273261860
1380307273262111
1380307273262423
1380307273262539
1380307273262621
1380307273263011
1380307273263272
1380307273263664
1380307273263768
1380307273263849
1380307273264151
1380307273264594
1380307273264678
1380307273266026
1380307273266337
1380307273266457
1380307273266558
1380307273266650
1380307273266790
1380307273274046
1380307273274659
1380307273274905
1380307273275351
1380307273275412
1380307273276185
1380307273276291
1380307273276555
1380307273276625
1380307273276769
1380307273277011
1380307273277297
1380307273277570
1380307273277599
1380307273277833
1380307273279432
1380307273279716
1380307273280334
1380307273280625
1380307273280868
1380307273281139
1380307273281238
1380307273282263
1380307273282404
1380307273282631
1380307273282891
1380307273283437
1380307273283613
1380307273283867
1380307273284155
1380307273284405
1380307273284648
1380307273284735
1380307273284979
1380307273285237
1380307273285513
1380307273285744
1380307273286355
1380307273286607
1380307273287208
1380307273287391
1380307273287707
1380307273288165
1380307273288334
1380307273288538
1380307273290651
1380307273292631
1380307273293492
1380307273293697
1380307273294281
1380307273294422
1380307273294752
1380307273295247
1380307273295622
1380307273295873
1380307273296271
1380307273296799
1380307273304450
1380307273304537
1380307273310684
1380307273310851
1380307273311042
1380307273311612
1380307273312294
1380307273312562
1380307273313029
1380307273313673
1380307273315067
1380307273315081
1380307273315924
1380307273321580
1380307273321821
1380307273321940
1380307273322106
1380307273322223
1380307273323011
1380307273323238
1380307273323383
1380307273323720
1380307273323851
1380307273323882
1380307273324578
1380307273325096
1380307273326655
1380307273326881
1380307273326976
1380307273327262
1380307273327479
1380307273327797
1380307273328014
1380307273328108
1380307273334469
1380307273335240
1380307273335335
1380307273335611
1380307273335724
1380307273336121
1380307273336287
1380307273336372
1380307273336637
1380307273336832
1380307273336976
1380307273340880
1380307273341120
1380307273341360
1380307273341566
1380307273341742
1380307273341825
1380307273350875
1380307273351155
1380307273351380
1380307273351511
1380307273361574
1380307273369952
1380307273370152
1380307273370329
1380307273375878
1380307273375974
1380307273377674
1380307273377853
1380307273378088
1380307273378243
1380307273378809
1380307273379261
1380307273389304
1380307273389561
1380307273389840
1380307273392628
1380307273392817
1380307273393017
1380307273398945
1380307273411813
1380307273412937
1380307273413044
1380307273413233
1380307273413611
1380307273413747
1380307273414188
1380307273414436
1380307273415620
1380307273416058
1380307273416349
1380307273416480
1380307273422597
1380307273423443
1380307273423949
1380307273424082
1380307273424275
1380307273424496
1380307273424627
1380307273424843
1380307273425001
1380307273425114
1380307273427676
1380307273427914
1380307273428297
1380307273428511
1380307273428767
1380307273428940
1380307273429078
1380307273429374
1380307273433527
1380307273433726
1380307273433984
1380307273434169
1380307273434378
1380307273434711
1380307273434921
1380307273441030
1380307273441398
1380307273441696
1380307273441825
1380307273451191
1380307273451340
1380307273451551
1380307273460094
1380307273460575
1380307273461143
1380307273461308
1380307273461511
1380307273461943
1380307273462065
1380307273462562
1380307273462657
1380307273462818
1380307273464625
1380307273465399
1380307273471617
1380307273478262
1380307273482378
1380307273482571
1380307273482825
1380307273483061
1380307273484413
1380307273485490
1380307273485793
1380307273485942
1380307273498552
1380307273498558
1380307273498573
1380307273498580
1380307273499209
1380307273499275
1380307273499402
1380307273504039
1380307273504120
1380307273504608
1380307273504674
1380307273504947
1380307273505028
1380307273505285
1380307273505541
1380307273505745
1380307273507576
1380307273507841
1380307273508730
1380307273508942
1380307273509376
1380307273509504
1380307273509709
1380307273509991
1380307273510256
1380307273510380
1380307273514048
1380307273514279
1380307273514559
1380307273514752
1380307273518533
1380307273518542
1380307273521807
1380307273523416
1380307273523512
1380307273537262
1380307273537583
1380307273537661
1380307273537931
1380307273538021
1380307273547797
1380307273553951
1380307273557970
1380307273558032
1380307273558225
1380307273558364
1380307273558440
1380307273558496
1380307273558558
1380307273559142
1380307273559540
1380307273560155
1380307273560886
1380307273560986
1380307273561306
1380307273561419
1380307273562775
1380307273562910
1380307273595716
1380307273595731
1380307273595812
1380307273596171
1380307273596485
1380307273596618
1380307273596702
1380307273596875
1380307273596973
1380307273598008
1380307273599157
1380307273599432
1380307273599505
1380307273601769
1380307273601854
1380307273602158
1380307273602233
1380307273602466
1380307273612931
1380307273613176
1380307273614199
1380307273614644
1380307273616208
1380307273617193
1380307273617795
1380307273617890
1380307273617906
1380307273618204
1380307273621912
1380307273622170
1380307273622384
1380307273622537
1380307273622601
1380307273622917
1380307273623015
1380307273623454
1380307273623664
1380307273623871
1380307273627233
1380307273627519
1380307273627785
1380307273630332
1380307273630529
1380307273632507
1380307273638491
1380307273638751
1380307273638991
1380307273639153
1380307273639260
1380307273639266
1380307273639419
1380307273641493
1380307273642860
1380307273642929
1380307273643551
1380307273644174
1380307273644240
1380307273644775
1380307273644851
1380307273645112
1380307273645246
1380307273649272
1380307273649534
1380307273649947
1380307273650257
1380307273651465
1380307273651480
1380307273657073
1380307273660661
1380307273660937
1380307273661144
1380307273661839
1380307273662280
1380307273662402
1380307273662704
1380307273662794
1380307273663115
1380307273664283
1380307273665385
1380307273666727
1380307273669629
1380307273669969
1380307273670290
1380307273670620
1380307273670878
1380307273670997
1380307273671371
1380307273674278
1380307273674493
1380307273675932
1380307273675954
1380307273676406
1380307273676587
1380307273676728
1380307273676734
1380307273678691
1380307273678934
1380307273679188
1380307273679480
1380307273679903
1380307273680046
1380307273680371
1380307273680602
1380307273680720
1380307273680840
1380307273681077
1380307273682798
1380307273692989
1380307273693549
1380307273693956
1380307273694085
1380307273694271
1380307273695083
1380307273695207
1380307273695213
1380307273702938
1380307273703205
1380307273703445
1380307273703848
1380307273704123
1380307273704462
1380307273704739
1380307273704920
1380307273705056
1380307273705301
1380307273710486
1380307273710496
1380307273722466
1380307273724426
1380307273724837
1380307273725392
1380307273725615
1380307273725750
1380307273725963
1380307273726189
1380307273726358
1380307273726715
1380307273727034
1380307273727248
1380307273727319
1380307273727454
1380307273727707
1380307273727911
1380307273728038
1380307273728282
1380307273728467
1380307273728708
1380307273728847
1380307273729330
1380307273729424
1380307273729643
1380307273729934
1380307273730222
1380307273730389
1380307273730554
1380307273730772
1380307273730842
1380307273731575
1380307273731854
1380307273731962
1380307273732176
1380307273732362
1380307273732488
1380307273732634
1380307273732873
1380307273733100
1380307273733383
1380307273733606
1380307273733647
1380307273733847
1380307273733971
1380307273737684
1380307273737871
1380307273738110
1380307273738610
1380307273738846
1380307273739097
1380307273739380
1380307273739624
1380307273739831
1380307273739907
1380307273763969
1380307273764237
1380307273764395
1380307273764592
1380307273764858
1380307273765012
1380307273765101
1380307273765328
1380307273765604
1380307273770445
1380307273774452
1380307273776801
1380307273777056
1380307273777148
1380307273777383
1380307273777545
1380307273777647
1380307273778093
1380307273783067
1380307273783233
1380307273783438
1380307273787395
1380307273787550
1380307273787725
1380307273787823
1380307273788028
1380307273788142
1380307273791202
1380307273792064
1380307273793268
1380307273793711
1380307273793852
1380307273794041
1380307273794743
1380307273795003
1380307273804029
1380307273804311
1380307273804558
1380307273805443
1380307273805641
1380307273805757
1380307273807347
1380307273808062
1380307273808515
1380307273808606
1380307273809025
1380307273809136
1380307273812273
1380307273813512
1380307273813759
1380307273813901
1380307273814197
1380307273814404
1380307273814979
1380307273814990
1380307273822113
1380307273822359
1380307273822791
1380307273823067
1380307273823886
1380307273824705
1380307273825108
1380307273825463
1380307273825529
1380307273825782
1380307273828123
1380307273829407
1380307273830076
1380307273830152
1380307273830842
1380307273834419
1380307273839261
1380307273839576
1380307273840294
1380307273840627
1380307273844797
1380307273844897
1380307273845582
1380307273845823
1380307273846101
1380307273846203
1380307273846454
1380307273850521
1380307273850529
1380307273850548
1380307273851243
1380307273851549
1380307273851821
1380307273852057
1380307273852176
1380307273852653
1380307273852923
1380307273862497
1380307273867469
1380307273867695
1380307273867928
1380307273868215
1380307273868385
1380307273868469
1380307273868708
1380307273871963
1380307273872166
1380307273884182
1380307273884189
1380307273885098
1380307273885167
1380307273887557
1380307273887822
1380307273889764
1380307273889881
1380307273889987
1380307273890294
1380307273890488
1380307273891282
1380307273898335
1380307273898571
1380307273901755
1380307273902851
1380307273903755
1380307273903854
1380307273903934
1380307273904207
1380307273906463
1380307273922480
1380307273926482
1380307273926489
1380307273938457
1380307273938746
1380307273939491
1380307273939869
1380307273940159
1380307273940678
1380307273940938
1380307273941260
1380307273943148
1380307273944501
1380307273958847
1380307273959082
1380307273959282
1380307273959610
1380307273961127
1380307273961296
1380307273961693
1380307273962181
1380307273962265
1380307273962679
1380307273962957
1380307273972911
1380307273973007
1380307273973091
1380307273973334
1380307273977004
1380307273982441
1380307273991324
1380307273991607
1380307273992827
1380307273993054
1380307273993267
1380307273993570
1380307273993810
1380307273993957
1380307273994064
1380307273998481
1380307274002625
1380307274002794
1380307274003699
1380307274004058
1380307274004180
1380307274010443
1380307274022451
1380307274030455
1380307274031419
1380307274033211
1380307274033345
1380307274033542
1380307274033613
1380307274034084
1380307274034462
1380307274034736
1380307274034848
1380307274035672
1380307274041246
1380307274048091
1380307274048324
1380307274048418
1380307274054206
1380307274059222
1380307274061995
1380307274062574
1380307274068375
1380307274068601
1380307274069732
1380307274069937
1380307274070059
1380307274070185
1380307274086437
1380307274099566
1380307274099778
1380307274099863
1380307274100113
1380307274100280
1380307274100431
1380307274100586
1380307274100794
1380307274101069
1380307274129130
1380307274129306
1380307274129626
1380307274132150
1380307274132914
1380307274133100
1380307274133305
1380307274133535
1380307274133617
1380307274133840
1380307274133963
1380307274134162
1380307274138901
1380307274139064
1380307274139280
1380307274142681
1380307274142863
1380307274143010
1380307274149683
1380307274150436
1380307274155266
1380307274165431
1380307274165498
1380307274165612
1380307274166452
1380307274178470
1380307274186445
1380307274194427
1380307274197497
1380307274197787
1380307274198157
1380307274198421
1380307274198571
1380307274198740
1380307274198891
1380307274209644
1380307274210265
1380307274210440
1380307274210695
1380307274224431
1380307274224621
1380307274234941
1380307274235266
1380307274235401
1380307274235572
1380307274235727
1380307274262964
1380307274263193
1380307274270883
1380307274301993
1380307274302104
1380307274302182
1380307274304746
1380307274304862
1380307274305108
1380307274458461
1380307274472937
1380307274473772
1380307274476505
1380307274477090
1380307274482583
1380307274482828
1380307274491686
1380307274498932
1380307274509430
1380307274509484
1380307274509629
1380307274642445
1380307274738449
1380307274738464
1380307274746504
1380307274911490
1380307274911578
1380307274911581
1380307274911817
1380307274958456
1380307274977424
1380307274977630
1380307274982288
1380307274982733
1380307274982966
1380307274983050
1380307274986621
1380307274993790
1380307274993874
1380307274994074
1380307274994229
1380307275018447
1380307275034639
1380307275088315
1380307275089025
1380307275089408
1380307275089487
1380307275093711
1380307275147706
1380307275214991
1380307275252398
1380307275253228
1380307275253582
1380307275254420
1380307275255274
1380307275255545
1380307275255643
1380307275255740
1380307275255873
1380307275256143
1380307275294933
1380307275295102
1380307275295155
1380307275295422
1380307275295473
1380307275295524
1380307275414101
1380307275414460
1380307275414549
1380307275414795
1380307275414994
1380307275415330
1380307275433537
1380307275434146
1380307275457090
1380307275457236
1380307275457638
1380307275458321
1380307275458459
1380307275458551
1380307275459015
1380307275464421
1380307275464793
1380307275465112
1380307275465217
1380307275465297
1380307275465341
1380307275465456
1380307275466647
1380307275466753
1380307275469272
1380307275470145
1380307275470326
1380307275470365
1380307275470550
1380307275470808
1380307275471531
1380307275471675
1380307275471920
1380307275472166
1380307275472487
1380307275472628
1380307275472701
1380307275472924
1380307275473126
1380307275474091
1380307275474343
1380307275474523
1380307275474691
1380307275474926
1380307275475111
1380307275475226
1380307275475318
1380307275475410
1380307275475719
1380307275476007
1380307275476209
1380307275476479
1380307275476674
1380307275476827
1380307275477736
1380307275478030
1380307275478142
1380307275478340
1380307275478636
1380307275478765
1380307275479651
1380307275479690
1380307275480044
1380307275481986
1380307275482897
1380307275483550
1380307275483708
1380307275483853
1380307275484919
1380307275485043
1380307275485295
1380307275485604
1380307275485810
1380307275486009
1380307275486082
1380307275486234
1380307275498506
1380307275498521
1380307275565153
1380307275565256
1380307275565349
1380307275565615
1380307275604743
1380307275605490
1380307275606695
1380307275633784
1380307275634482
1380307275634819
1380307275634944
1380307275635324
1380307275636377
1380307275636452
1380307275636741
1380307275636826
1380307275636924
1380307275637177
1380307275637437
1380307275637526
1380307275637647
1380307275637748
1380307275638051
1380307275650984
1380307275652449
1380307275653569
1380307275653654
1380307275664876
1380307275665247
1380307275665353
1380307275665644
1380307275696979
1380307275697097
1380307275697213
1380307275697333
1380307275697430
1380307275697554
1380307275747339
1380307275750906
1380307275751016
1380307275791163
1380307275791381
1380307275791388
1380307275792101
1380307275792446
1380307275792542
1380307275801602
1380307275801972
1380307275818081
1380307275826183
1380307275826303
1380307275826417
1380307275826506
1380307275826943
1380307275827253
1380307275827658
1380307275828847
1380307275829121
1380307275829443
1380307275829779
1380307275830087
1380307275830304
1380307275839169
1380307275847728
1380307275847943
1380307275848381
1380307275848735
1380307275848935
1380307275890782
1380307275890990
1380307275891172
1380307275891338
1380307275894243
1380307275894399
1380307275923456
1380307275924235
1380307275928065
1380307275933988
1380307275939597
1380307275940038
1380307275940378
1380307275952805
1380307275959555
1380307275959889
1380307275960131
1380307275960160
1380307275960364
1380307275961905
1380307275962017
1380307275962824
1380307275963405
1380307275963656
1380307275963921
1380307275964198
1380307275964515
1380307275964805
1380307275964975
1380307275965942
1380307275966037
1380307275966462
1380307275966668
1380307275967102
1380307275967357
1380307275967952
1380307275968357
1380307275968416
1380307275968611
1380307275968774
1380307275969059
1380307275969579
1380307275969823
1380307275977921
1380307275978237
1380307275980331
1380307275980420
1380307275998477
1380307276000331
1380307276000578
1380307276000860
1380307276001581
1380307276001671
1380307276002055
1380307276002273
1380307276003636
1380307276003981
1380307276006469
1380307276007135
1380307276007339
1380307276032967
1380307276034107
1380307276038453
1380307276050298
1380307276074832
1380307276074894
1380307276075327
1380307276075403
1380307276075492
1380307276075866
1380307276075947
1380307276076031
1380307276076338
1380307276076416
1380307276122816
1380307276123143
1380307276123202
1380307276123257
1380307276123311
1380307276123464
1380307276128937
1380307276129137
1380307276133363
1380307276134008
1380307276134219
1380307276134684
1380307276134854
1380307276136341
1380307276136514
1380307276136743
1380307276136982
1380307276137115
1380307276145898
1380307276146000
1380307276146488
1380307276146824
1380307276147211
1380307276147338
1380307276148857
1380307276149471
1380307276149487
1380307276153290
1380307276153959
1380307276170909
1380307276171197
1380307276171430
1380307276171478
1380307276171735
1380307276171865
1380307276174845
1380307276174990
1380307276175267
1380307276175380
1380307276175580
1380307276175679
1380307276176013
1380307276176181
1380307276176285
1380307276176638
1380307276176812
1380307276177074
1380307276207348
1380307276207602
1380307276207769
1380307276208086
1380307276211018
1380307276211139
1380307276211243
1380307276214486
1380307276223732
1380307276223988
1380307276224065
1380307276231154
1380307276234623
1380307276234697
1380307276255779
1380307276255853
1380307276256095
1380307276257247
1380307276257322
1380307276257412
1380307276257712
1380307276257781
1380307276258230
1380307276258299
1380307276258398
1380307276258758
1380307276258867
1380307276259144
1380307276259207
1380307276290498
1380307276291312
1380307276291670
1380307276291819
1380307276292409
1380307276297436
1380307276298040
1380307276298275
1380307276298592
1380307276302140
1380307276302154
1380307276302235
1380307276302662
1380307276303358
1380307276303387
1380307276303454
1380307276303548
1380307276303853
1380307276304030
1380307276304392
1380307276304488
1380307276304880
1380307276305274
1380307276305595
1380307276305716
1380307276307986
1380307276308890
1380307276309273
1380307276336398
1380307276336712
1380307276336949
1380307276337250
1380307276337415
1380307276337510
1380307276337931
1380307276338123
1380307276341729
1380307276341869
1380307276349657
1380307276349883
1380307276350542
1380307276351298
1380307276351557
1380307276351717
1380307276351988
1380307276352174
1380307276352199
1380307276352221
1380307276379852
1380307276379901
1380307276379926
1380307276380123
1380307276380234
1380307276380322
1380307276380762
1380307276380850
1380307276388107
1380307276394119
1380307276402730
1380307276402977
1380307276403230
1380307276403490
1380307276404045
1380307276432996
1380307276435846
1380307276436120
1380307276436374
1380307276436448
1380307276436547
1380307276494186
1380307276494475
1380307276494876
1380307276494976
1380307276518573
1380307276518775
1380307276523128
1380307276523386
1380307276523474
1380307276523753
1380307276524971
1380307276525206
1380307276525605
1380307276525684
1380307276526842
1380307276527033
1380307276527492
1380307276527885
1380307276529609
1380307276549196
1380307276549450
1380307276549524
1380307276549852
1380307276549987
1380307276550103
1380307276550372
1380307276562441
1380307276586475
1380307276615985
1380307276679820
1380307276680040
1380307276680143
1380307276683399
1380307276683576
1380307276683848
1380307276683974
1380307276691813
1380307276692021
1380307276692198
1380307276692989
1380307276694681
1380307276695516
1380307276695694
1380307276696675
1380307276696841
1380307276696993
1380307276697154
1380307276697388
1380307276697553
1380307276844382
1380307276844505
1380307276844598
1380307276844705
1380307276845082
1380307276850395
1380307276850613
1380307276850698
1380307276858373
1380307276858624
1380307276858717
1380307276858850
1380307276859196
1380307276859267
1380307276864288
1380307276864378
1380307276864615
1380307276868447
1380307276868547
1380307276868845
1380307276868979
1380307276870778
1380307276871016
1380307276879127
1380307276879222
1380307276879317
1380307276879676
1380307276909497
1380307276925615
1380307276925711
1380307276999653
1380307277000450
1380307277000763
1380307277010614
1380307277010974
1380307277011053
1380307277011381
1380307277011522
1380307277011982
1380307277012089
1380307277012197
1380307277031907
1380307277033814
1380307277033906
1380307277033967
1380307277041254
1380307277043472
1380307277044003
1380307277044087
1380307277044362
1380307277044446
1380307277044857
1380307277044954
1380307277053198
1380307277053494
1380307277053582
1380307277053703
1380307277053832
1380307277093766
1380307277093861
1380307277093946
1380307277099338
1380307277124201
1380307277178695
1380307277179398
1380307277179594
1380307277179835
1380307277180185
1380307277180294
1380307277180408
1380307277180758
1380307277180851
1380307277211404
1380307277211502
1380307277212196
1380307277212463
1380307277212569
1380307277212902
1380307277213723
1380307277213995
1380307277214098
1380307277214200
1380307277214526
1380307277214600
1380307277221613
1380307277221707
1380307277221985
1380307277222235
1380307277222649
1380307277222736
1380307277250470
1380307277260594
1380307277262212
1380307277262621
1380307277262700
1380307277332428
1380307277348241
1380307277348351
1380307277348843
1380307277349047
1380307277349254
1380307277371400
1380307277379224
1380307277379431
1380307277379938
1380307277380490
1380307277381029
1380307277381109
1380307277381461
1380307277381553
1380307277381656
1380307277381753
1380307277382301
1380307277383697
1380307277383798
1380307277384106
1380307277384172
1380307277386469
1380307277528307
1380307277528415
1380307277547075
1380307277547157
1380307277547422
1380307277548362
1380307277586950
1380307277685203
1380307279435180
1380307279566123
1380307279605613
1380307279605724
1380307279605777
1380307279605827
1380307279605876
1380307279605927
1380307279605977
1380307279607197
1380307279607450
1380307279607674
1380307279607767
1380307279740884
1380307279740968
1380307279741463
1380307279741547
1380307279741807
1380307279742088
1380307279742282
1380307279767298
1380307279768428
1380307279768816
1380307279768842
1380307279769180
1380307279769524
1380307279769548
1380307279769631
1380307279770154
1380307279770209
1380307279770425
1380307279770807
1380307279770900
1380307279770930
1380307279771231
1380307279771948
1380307279772045
1380307279772173
1380307279772481
1380307279772656
1380307279773335
1380307279773910
1380307279774106
1380307279774448
1380307279774905
1380307279777383
1380307279777542
1380307279777794
1380307279778130
1380307279778261
1380307279778586
1380307279778984
1380307279779159
1380307279779262
1380307279779573
1380307279780302
1380307279780719
1380307279781067
1380307279781241
1380307279781675
1380307279781943
1380307279782145
1380307279782441
1380307279782526
1380307279782805
1380307279783121
1380307279783225
1380307279783269
1380307279783446
1380307279784300
1380307279784612
1380307279784894
1380307279785140
1380307279785301
1380307279785531
1380307279785697
1380307279786034
1380307279786341
1380307279786721
1380307279786918
1380307279789647
1380307279790047
1380307279790310
1380307279790488
1380307279790969
1380307279791326
1380307279791684
1380307279791833
1380307279791932
1380307279792484
1380307279792955
1380307279793092
1380307279793282
1380307279793566
1380307279793811
1380307279794705
1380307279795047
1380307279795291
1380307279795563
1380307279795837
1380307279796171
1380307279796457
1380307279796622
1380307279796941
1380307279797097
1380307279797955
1380307279798659
1380307279799102
1380307279799434
1380307279799837
1380307279800179
1380307279800386
1380307279801426
1380307279873140
1380307279873683
1380307279874015
1380307279874369
1380307279874550
1380307279875198
1380307279875530
1380307279875662
1380307279931269
1380307279931530
1380307279935582
1380307279936178
1380307279936597
1380307279936969
1380307279937396
1380307279937860
1380307279938555
1380307279939046
1380307279939747
1380307279939973
1380307279940166
1380307279940632
1380307279940807
1380307279941376
1380307279941519
1380307279941994
1380307279942095
1380307279945598
1380307279945746
1380307279946324
1380307279946480
1380307279946830
1380307279947147
1380307279947509
1380307279947675
1380307279948279
1380307279948448
1380307279948951
1380307279949126
1380307279949552
1380307279949714
1380307279950055
1380307279950207
1380307279950557
1380307279957857
1380307279959255
1380307279959391
1380307279959485
1380307279959903
1380307279961483
1380307279963658
1380307279964216
1380307279964242
1380307279964422
1380307279964661
1380307279969173
1380307279969205
1380307279969677
1380307279969699
1380307279970159
1380307279970175
1380307279970262
1380307279970731
1380307279971083
1380307279971211
1380307279971636
1380307279971971
1380307279972084
1380307279972189
1380307279972274
1380307279972375
1380307279973243
1380307279973656
1380307279973749
1380307279974162
1380307279974316
1380307279974702
1380307279975030
1380307279975157
1380307279975281
1380307279975440
1380307279975468
1380307279975561
1380307279976644
1380307279976744
1380307279977017
1380307279977376
1380307279978949
1380307279979343
1380307279979709
1380307279979943
1380307279982491
1380307279982967
1380307279983368
1380307279983721
1380307279983937
1380307279984729
1380307279985063
1380307279987712
1380307279988069
1380307279988365
1380307279988713
1380307279988974
1380307279989199
1380307279989517
1380307279989750
1380307279990086
1380307280006229
1380307280006502
1380307280046623
1380307280046875
1380307280047007
1380307280047132
1380307280094668
1380307280095454
1380307280095811
1380307280095889
1380307280096136
1380307280101019
1380307280101126
1380307280101243
1380307280101380
1380307280101487
1380307280101867
1380307280102325
1380307280102420
1380307280102547
1380307280102951
1380307280103223
1380307280103442
1380307280103699
1380307280103980
1380307280104076
1380307280104151
1380307280104583
1380307280104711
1380307280105132
1380307280105216
1380307280105583
1380307280105680
1380307280105923
1380307280106063
1380307280106521
1380307280107077
1380307280107461
1380307280107663
1380307280108565
1380307280108871
1380307280110149
1380307280110591
1380307280111071
1380307280111374
1380307280111528
1380307280111936
1380307280112255
1380307280112404
1380307280113845
1380307280114020
1380307280119528
1380307280120414
1380307280121064
1380307280121077
1380307280121248
1380307280130040
1380307280130399
1380307280130630
1380307280130743
1380307280131326
1380307280132226
1380307280132540
1380307280136012
1380307280136140
1380307280136864
1380307280137132
1380307280137579
1380307280137722
1380307280137920
1380307280138389
1380307280138587
1380307280139067
1380307280139266
1380307280139706
1380307280139880
1380307280140277
1380307280140642
1380307280140760
1380307280141004
1380307280141591
1380307280141918
1380307280142288
1380307280142588
1380307280142961
1380307280143112
1380307280143536
1380307280143702
1380307280143879
1380307280144191
1380307280144408
1380307280144869
1380307280145158
1380307280145493
1380307280146187
1380307280146691
1380307280146818
1380307280146996
1380307280147413
1380307280147746
1380307280148093
1380307280148322
1380307280149877
1380307280150233
1380307280150637
1380307280151036
1380307280151273
1380307280164536
1380307280164759
1380307280165330
1380307280165851
1380307280166258
1380307280166628
1380307280166959
1380307280167171
1380307280167532
1380307280167872
1380307280168238
1380307280168870
1380307280169886
1380307280170606
1380307280171277
1380307280171746
1380307280171957
1380307280172183
1380307280175240
1380307280178091
1380307280178602
1380307280178874
1380307280179038
1380307280180627
1380307280180914
1380307280181239
1380307280181442
1380307280202553
1380307280259998
1380307280260229
1380307280260331
1380307280260579
1380307280260742
1380307280261047
1380307280261236
1380307280261452
1380307280270617
1380307280270679
1380307280270874
1380307280271492
1380307280271604
1380307280271881
1380307280272059
1380307280272518
1380307280272761
1380307280272906
1380307280274534
1380307280274672
1380307280274985
1380307280275254
1380307280275551
1380307280275861
1380307280277134
1380307280297110
1380307280297144
1380307280297481
1380307280297903
1380307280298014
1380307280298530
1380307280298628
1380307280298703
1380307280299154
1380307280299227
1380307280299588
1380307280299673
1380307280299748
1380307280300129
1380307280300208
1380307280300323
1380307280300425
1380307280300884
1380307280301158
1380307280301261
1380307280301674
1380307280301757
1380307280301817
1380307280302187
1380307280302781
1380307280302840
1380307280302986
1380307280303498
1380307280303958
1380307280304251
1380307280304430
1380307280304624
1380307280304916
1380307280305238
1380307280305506
1380307280305834
1380307280305983
1380307280306214
1380307280306610
1380307280306730
1380307280306823
1380307280306976
1380307280307552
1380307280307869
1380307280308095
1380307280308315
1380307280308456
1380307280308809
1380307280309449
1380307280309718
1380307280309887
1380307280310007
1380307280310121
1380307280310541
1380307280310698
1380307280310944
1380307280311233
1380307280311449
1380307280311819
1380307280312026
1380307280312429
1380307280312594
1380307280313111
1380307280313284
1380307280313397
1380307280313712
1380307280313886
1380307280314141
1380307280314277
1380307280314761
1380307280314932
1380307280315111
1380307280315294
1380307280315451
1380307280315525
1380307280316017
1380307280316224
1380307280316327
1380307280316490
1380307280322433
1380307280322668
1380307280323344
1380307280323621
1380307280323862
1380307280325871
1380307280327261
1380307280327482
1380307280328253
1380307280328586
1380307280329210
1380307280329413
1380307280329763
1380307280330124
1380307280330246
1380307280330587
1380307280330970
1380307280331124
1380307280343043
1380307280343283
1380307280343433
1380307280343618
1380307280343724
1380307280344003
1380307280344292
1380307280355962
1380307280356153
1380307280356533
1380307280356947
1380307280357245
1380307280357667
1380307280357834
1380307280358047
1380307280358367
1380307280358622
1380307280358927
1380307280359237
1380307280359498
1380307280359648
1380307280359951
1380307280360244
1380307280360576
1380307280360845
1380307280361026
1380307280361377
1380307280361513
1380307280361813
1380307280361961
1380307280362310
1380307280362491
1380307280362721
1380307280362837
1380307280362988
1380307280363865
1380307280364331
1380307280364455
1380307280364842
1380307280365048
1380307280365513
1380307280365654
1380307280365839
1380307280366176
1380307280366429
1380307280366637
1380307280367201
1380307280367742
1380307280368268
1380307280368495
1380307280410679
1380307280410905
1380307280425992
1380307280426279
1380307280426534
1380307280426735
1380307280427143
1380307280427627
1380307280428375
1380307280428591
1380307280437647
1380307280438200
1380307280438573
1380307280438874
1380307280439487
1380307280439779
1380307280440006
1380307280440139
1380307280441158
1380307280441494
1380307280441882
1380307280442154
1380307280442366
1380307280442588
1380307280443068
1380307280443300
1380307280443628
1380307280443806
1380307280443888
1380307280445130
1380307280464307
1380307280464570
1380307280464613
1380307280464934
1380307280465167
1380307280465536
1380307280465734
1380307280465908
1380307280466438
1380307280466651
1380307280466734
1380307280466830
1380307280467190
1380307280467475
1380307280467578
1380307280467779
1380307280467890
1380307280468589
1380307280469077
1380307280470110
1380307280470481
1380307280471032
1380307280471710
1380307280472109
1380307280472332
1380307280472605
1380307280472749
1380307280472844
1380307280473318
1380307280474025
1380307280474175
1380307280474283
1380307280474682
1380307280476670
1380307280482480
1380307280486555
1380307280486706
1380307280486816
1380307280487577
1380307280487871
1380307280488175
1380307280488277
1380307280488483
1380307280488656
1380307280488800
1380307280489250
1380307280489457
1380307280489835
1380307280490055
1380307280490138
1380307280491616
1380307280492025
1380307280492302
1380307280492421
1380307280492600
1380307280492835
1380307280493074
1380307280493293
1380307280499649
1380307280499816
1380307280499908
1380307280500455
1380307280500696
1380307280500825
1380307280505080
1380307280505090
1380307280505093
1380307280507532
1380307280507736
1380307280507936
1380307280508068
1380307280513962
1380307280514359
1380307280518888
1380307280518925
1380307280519055
1380307280519231
1380307280528409
1380307280534470
1380307280534480
1380307280540678
1380307280540769
1380307280540936
1380307280541140
1380307280541358
1380307280541601
1380307280541683
1380307280548739
1380307280552207
1380307280552466
1380307280552791
1380307280553050
1380307280553217
1380307280553460
1380307280553642
1380307280553761
1380307280553971
1380307280554151
1380307280554775
1380307280555190
1380307280555388
1380307280555510
1380307280579032
1380307280579261
1380307280579267
1380307280580025
1380307280580139
1380307280580197
1380307280580250
1380307280591397
1380307280591486
1380307280591790
1380307280591875
1380307280592165
1380307280592263
1380307280592350
1380307280592803
1380307280592907
1380307280593018
1380307280593271
1380307280594652
1380307280594751
1380307280594979
1380307280595157
1380307280595424
1380307280595496
1380307280609937
1380307280610025
1380307280610113
1380307280611643
1380307280611728
1380307280611836
1380307280612183
1380307280612247
1380307280612507
1380307280612638
1380307280614142
1380307280614269
1380307280614551
1380307280614673
1380307280614966
1380307280615198
1380307280615360
1380307280633219
1380307280633862
1380307280639390
1380307280639754
1380307280640021
1380307280640159
1380307280650492
1380307280650500
1380307280650733
1380307280657912
1380307280658307
1380307280660295
1380307280660378
1380307280660481
1380307280680345
1380307280680456
1380307280682219
1380307280682346
1380307280682690
1380307280690080
1380307280690308
1380307280690396
1380307280713432
1380307280716083
1380307280716102
1380307280716171
1380307280716273
1380307280716719
1380307280717508
1380307280718107
1380307280718887
1380307280741746
1380307280741841
1380307280741950
1380307280742037
1380307280747080
1380307280747301
1380307280747481
1380307280747816
1380307280747848
1380307280748419
1380307280748659
1380307280749143
1380307280749826
1380307280750169
1380307280751928
1380307280753103
1380307280753395
1380307280753618
1380307280753745
1380307280753783
1380307280753803
1380307280753930
1380307280754388
1380307280754482
1380307280754595
1380307280754681
1380307280755106
1380307280755235
1380307280755353
1380307280755681
1380307280755859
1380307280756156
1380307280756378
1380307280756700
1380307280757080
1380307280757196
1380307280757430
1380307280757610
1380307280757892
1380307280758038
1380307280758267
1380307280758334
1380307280758509
1380307280759210
1380307280759552
1380307280759829
1380307280759925
1380307280760097
1380307280760355
1380307280760414
1380307280760540
1380307280761635
1380307280761804
1380307280761985
1380307280762216
1380307280762687
1380307280762871
1380307280763021
1380307280765182
1380307280765891
1380307280766129
1380307280766279
1380307280766432
1380307280766938
1380307280767109
1380307280767343
1380307280767477
1380307280767718
1380307280767883
1380307280768143
1380307280768266
1380307280775119
1380307280775409
1380307280775560
1380307280775786
1380307280775956
1380307280776072
1380307280776386
1380307280776546
1380307280806991
1380307280807234
1380307280807511
1380307280807662
1380307280807826
1380307280807980
1380307280808085
1380307280826618
1380307280826826
1380307280828384
1380307280828574
1380307280828794
1380307280840310
1380307280841756
1380307280841858
1380307280842039
1380307280842248
1380307280842421
1380307280842503
1380307280844331
1380307280844577
1380307280844845
1380307280845230
1380307280845743
1380307280845892
1380307280846029
1380307280850004
1380307280851422
1380307280851840
1380307280851970
1380307280852661
1380307280855525
1380307280855848
1380307280856262
1380307280856427
1380307280866966
1380307280922496
1380307280922581
1380307280923574
1380307280923671
1380307280923949
1380307280924022
1380307280924151
1380307280924250
1380307280924718
1380307280924792
1380307280924903
1380307280925167
1380307280925226
1380307280925531
1380307280925597
1380307280925994
1380307280926377
1380307280926644
1380307280926731
1380307280927035
1380307280927138
1380307280927878
1380307280928138
1380307280928240
1380307280928332
1380307280928435
1380307280928543
1380307280929010
1380307280929127
1380307280929217
1380307280929566
1380307280929701
1380307280929721
1380307280929815
1380307280944167
1380307280944903
1380307280945879
1380307280946140
1380307280946284
1380307280960137
1380307280966454
1380307280973025
1380307280973151
1380307280973419
1380307280973626
1380307280973728
1380307280984141
1380307280993298
1380307280993524
1380307280996421
1380307280996509
1380307280996569
1380307280996628
1380307280996691
1380307280996701
1380307280996800
1380307280996862
1380307280996951
1380307280997015
1380307280997021
1380307280997100
1380307280997160
1380307280997220
1380307280997282
1380307280997344
1380307280997385
1380307280997464
1380307280997520
1380307280997779
1380307280997876
1380307281002273
1380307281002401
1380307281003127
1380307281003799
1380307281003973
1380307281004591
1380307281004714
1380307281004820
1380307281004932
1380307281005033
1380307281005376
1380307281010065
1380307281011120
1380307281026708
1380307281026936
1380307281027045
1380307281027140
1380307281027236
1380307281080707
1380307281084324
1380307281090286
1380307281090573
1380307281092137
1380307281092713
1380307281092978
1380307281093187
1380307281093303
1380307281093387
1380307281093685
1380307281093781
1380307281093865
1380307281094135
1380307281094217
1380307281094328
1380307281095846
1380307281095922
1380307281097786
1380307281097892
1380307281098185
1380307281098276
1380307281101396
1380307281101685
1380307281101839
1380307281102895
1380307281128507
1380307281128753
1380307281138182
1380307281138200
1380307281138226
1380307281138470
1380307281138613
1380307281141822
1380307281142365
1380307281142432
1380307281142499
1380307281142557
1380307281142615
1380307281143205
1380307281155030
1380307281155828
1380307281156727
1380307281156949
1380307281157759
1380307281158114
1380307281158384
1380307281158511
1380307281158591
1380307281158849
1380307281159009
1380307281159407
1380307281160650
1380307281160790
1380307281161055
1380307281161422
1380307281161466
1380307281161876
1380307281162015
1380307281162649
1380307281162744
1380307281164535
1380307281164655
1380307281164743
1380307281165101
1380307281165137
1380307281165500
1380307281165688
1380307281165806
1380307281165958
1380307281166044
1380307281166185
1380307281166278
1380307281166401
1380307281166507
1380307281166999
1380307281167291
1380307281167447
1380307281167557
1380307281167877
1380307281168534
1380307281168795
1380307281168839
1380307281169017
1380307281169164
1380307281169424
1380307281169488
1380307281169637
1380307281169718
1380307281169819
1380307281169979
1380307281170121
1380307281170160
1380307281170356
1380307281170571
1380307281170837
1380307281171079
1380307281171219
1380307281171416
1380307281172229
1380307281172464
1380307281172497
1380307281172971
1380307281173108
1380307281173242
1380307281173382
1380307281173566
1380307281173756
1380307281173868
1380307281174005
1380307281174151
1380307281174295
1380307281174502
1380307281174649
1380307281176826
1380307281177750
1380307281178168
1380307281178351
1380307281178469
1380307281178621
1380307281178736
1380307281179227
1380307281179431
1380307281179543
1380307281179631
1380307281179898
1380307281180049
1380307281180283
1380307281180426
1380307281185467
1380307281188958
1380307281189193
1380307281189297
1380307281189468
1380307281189616
1380307281191253
1380307281191349
1380307281202765
1380307281202900
1380307281202989
1380307281218979
1380307281218990
1380307281219085
1380307281219115
1380307281233062
1380307281236224
1380307281261925
1380307281265570
1380307281265820
1380307281265887
1380307281266202
1380307281266387
1380307281266582
1380307281266713
1380307281266882
1380307281273939
1380307281278828
1380307281278858
1380307281279092
1380307281279130
1380307281279245
1380307281279481
1380307281280118
1380307281280386
1380307281280497
1380307281282816
1380307281283034
1380307281283215
1380307281283452
1380307281283665
1380307281300363
1380307281301437
1380307281311661
1380307281311923
1380307281312234
1380307281312393
1380307281312549
1380307281322012
1380307281326617
1380307281327009
1380307281327087
1380307281327213
1380307281328332
1380307281328574
1380307281329279
1380307281329397
1380307281329662
1380307281329832
1380307281329915
1380307281331306
1380307281331572
1380307281332468
1380307281332701
1380307281333005
1380307281333106
1380307281333503
1380307281340555
1380307281340707
1380307281340912
1380307281358096
1380307281358246
1380307281358452
1380307281359368
1380307281359579
1380307281362816
1380307281364095
1380307281364225
1380307281364603
1380307281364753
1380307281365002
1380307281365273
1380307281365525
1380307281365785
1380307281365969
1380307281366190
1380307281366519
1380307281366730
1380307281367657
1380307281367679
1380307281374440
1380307281392058
1380307281392236
1380307281402477
1380307281403325
1380307281403422
1380307281403597
1380307281408547
1380307281408750
1380307281414204
1380307281414387
1380307281414608
1380307281421685
1380307281421944
1380307281422193
1380307281422382
1380307281422590
1380307281422826
1380307281422967
1380307281423437
1380307281423675
1380307281423802
1380307281427890
1380307281428094
1380307281429274
1380307281429673
1380307281429912
1380307281430170
1380307281436880
1380307281436947
1380307281439267
1380307281439490
1380307281439659
1380307281440411
1380307281447260
1380307281447367
1380307281447474
1380307281447604
1380307281447711
1380307281448115
1380307281483220
1380307281483528
1380307281483651
1380307281483735
1380307281484028
1380307281484113
1380307281484334
1380307281484455
1380307281484714
1380307281484799
1380307281484884
1380307281492112
1380307281492394
1380307281492506
1380307281492584
1380307281492897
1380307281493126
1380307281493254
1380307281493612
1380307281494083
1380307281494279
1380307281494352
1380307281494508
1380307281494698
1380307281494709
1380307281496068
1380307281496133
1380307281498711
1380307281498930
1380307281499244
1380307281499358
1380307281499451
1380307281499621
1380307281499718
1380307281500215
1380307281503837
1380307281503926
1380307281504004
1380307281504322
1380307281504389
1380307281507503
1380307281507592
1380307281507887
1380307281508416
1380307281526977
1380307281542528
1380307281561508
1380307281561633
1380307281561945
1380307281562116
1380307281562357
1380307281562720
1380307281562820
1380307281563044
1380307281564411
1380307281564498
1380307281564605
1380307281564876
1380307281565065
1380307281565130
1380307281593250
1380307281593353
1380307281593428
1380307281593805
1380307281594770
1380307281594876
1380307281594983
1380307281595059
1380307281595360
1380307281608356
1380307281608569
1380307281612859
1380307281612903
1380307281613149
1380307281614440
1380307281614538
1380307281614611
1380307281615199
1380307281615290
1380307281615547
1380307281615624
1380307281615828
1380307281615887
1380307281626624
1380307281627298
1380307281627373
1380307281631832
1380307281631948
1380307281632410
1380307281632679
1380307281645863
1380307281646192
1380307281646289
1380307281646363
1380307281646655
1380307281646750
1380307281646823
1380307281653327
1380307281654276
1380307281654552
1380307281654770
1380307281654862
1380307281655100
1380307281655181
1380307281655584
1380307281655665
1380307281655862
1380307281655880
1380307281659004
1380307281659865
1380307281660638
1380307281660788
1380307281661082
1380307281661394
1380307281661604
1380307281661844
1380307281661995
1380307281664465
1380307281664752
1380307281665362
1380307281676726
1380307281676949
1380307281677270
1380307281677409
1380307281677856
1380307281678241
1380307281682440
1380307281685660
1380307281685668
1380307281686430
1380307281700574
1380307281700729
1380307281701514
1380307281701678
1380307281702683
1380307281702975
1380307281703094
1380307281703261
1380307281703490
1380307281703608
1380307281703767
1380307281703946
1380307281704269
1380307281704462
1380307281704571
1380307281757951
1380307281758117
1380307281758281
1380307281758459
1380307281758565
1380307281780981
1380307281781055
1380307281781526
1380307281797557
1380307281810014
1380307281810119
1380307281810210
1380307281810309
1380307281810451
1380307281810583
1380307281810712
1380307281816663
1380307281816892
1380307281816984
1380307281818263
1380307281819168
1380307281819395
1380307281819488
1380307281819761
1380307281819852
1380307281820073
1380307281820287
1380307281820511
1380307281820981
1380307281821094
1380307281821192
1380307281821469
1380307281825866
1380307281826296
1380307281826581
1380307281827443
1380307281827793
1380307281827880
1380307281828112
1380307281828180
1380307281828393
1380307281830885
1380307281831084
1380307281831203
1380307281831443
1380307281840989
1380307281841099
1380307281841270
1380307281841424
1380307281841585
1380307281841756
1380307281841905
1380307281842110
1380307281846182
1380307281846458
1380307281846587
1380307281846679
1380307281858443
1380307281859519
1380307281859523
1380307281860094
1380307281860097
1380307281860235
1380307281860790
1380307281868640
1380307281869497
1380307281870083
1380307281880145
1380307281881460
1380307281881822
1380307281882058
1380307281886468
1380307281886689
1380307281886846
1380307281887190
1380307281887298
1380307281887694
1380307281887960
1380307281888062
1380307281888222
1380307281888597
1380307281888745
1380307281888877
1380307281889003
1380307281889126
1380307281889232
1380307281892573
1380307281893541
1380307281893864
1380307281904025
1380307281905432
1380307281905530
1380307281905948
1380307281916750
1380307281917089
1380307281917344
1380307281924449
1380307281924521
1380307281924611
1380307281928166
1380307281928336
1380307281928468
1380307281928582
1380307281961851
1380307281973889
1380307281974284
1380307281974530
1380307281974722
1380307281982758
1380307281982848
1380307281985582
1380307281985844
1380307281986135
1380307281986286
1380307281986556
1380307281986798
1380307281986970
1380307281987354
1380307281987844
1380307281988005
1380307281988294
1380307281988504
1380307281988788
1380307281990033
1380307281990543
1380307281990832
1380307281990993
1380307281991111
1380307281991344
1380307281991502
1380307281991744
1380307281991965
1380307281992427
1380307281992694
1380307281992844
1380307281992930
1380307281993090
1380307281994230
1380307281994370
1380307281994650
1380307282010459
1380307282024507
1380307282026476
1380307282030479
1380307282030495
1380307282040983
1380307282041404
1380307282042773
1380307282045807
1380307282046742
1380307282046892
1380307282047109
1380307282047251
1380307282047367
1380307282047474
1380307282048013
1380307282048160
1380307282049702
1380307282049854
1380307282049991
1380307282050073
1380307282050363
1380307282050823
1380307282054402
1380307282054613
1380307282056599
1380307282056706
1380307282056930
1380307282057060
1380307282057167
1380307282057285
1380307282057550
1380307282057813
1380307282058327
1380307282058449
1380307282058569
1380307282058819
1380307282058883
1380307282058972
1380307282059169
1380307282087963
1380307282088120
1380307282088196
1380307282088401
1380307282088537
1380307282094536
1380307282138676
1380307282139046
1380307282139369
1380307282139531
1380307282139724
1380307282148520
1380307282148639
1380307282148950
1380307282149125
1380307282149249
1380307282149423
1380307282149646
1380307282152080
1380307282152254
1380307282152460
1380307282153546
1380307282153833
1380307282153984
1380307282154203
1380307282154398
1380307282154729
1380307282155587
1380307282155674
1380307282156718
1380307282156843
1380307282157028
1380307282157256
1380307282157491
1380307282157617
1380307282157778
1380307282157942
1380307282158217
1380307282158349
1380307282158606
1380307282158695
1380307282158923
1380307282159076
1380307282159709
1380307282172780
1380307282172935
1380307282173180
1380307282173184
1380307282173348
1380307282174120
1380307282175883
1380307282176547
1380307282189827
1380307282216888
1380307282217028
1380307282217554
1380307282217999
1380307282218574
1380307282219839
1380307282219936
1380307282220107
1380307282221093
1380307282222084
1380307282222276
1380307282222585
1380307282222866
1380307282222914
1380307282223080
1380307282223186
1380307282223396
1380307282223565
1380307282223994
1380307282224328
1380307282224433
1380307282224600
1380307282224757
1380307282225076
1380307282225257
1380307282225483
1380307282225544
1380307282225662
1380307282225887
1380307282226088
1380307282226163
1380307282226645
1380307282253029
1380307282253399
1380307282253606
1380307282253938
1380307282262471
1380307282304912
1380307282305157
1380307282305253
1380307282305354
1380307282305435
1380307282305869
1380307282305998
1380307282307042
1380307282307328
1380307282307535
1380307282315326
1380307282322862
1380307282323182
1380307282323452
1380307282323618
1380307282323803
1380307282323985
1380307282324304
1380307282324476
1380307282324566
1380307282324981
1380307282325120
1380307282325256
1380307282326116
1380307282326336
1380307282326655
1380307282326791
1380307282326995
1380307282327196
1380307282327492
1380307282327526
1380307282338640
1380307282338833
1380307282338962
1380307282360868
1380307282363393
1380307282363407
1380307282396951
1380307282397036
1380307282399526
1380307282401014
1380307282401294
1380307282401461
1380307282401651
1380307282401821
1380307282402202
1380307282402377
1380307282402492
1380307282403433
1380307282403820
1380307282404240
1380307282404463
1380307282404667
1380307282420762
1380307282421151
1380307282421345
1380307282421577
1380307282421703
1380307282437921
1380307282438443
1380307282471816
1380307282472258
1380307282489893
1380307282490049
1380307282490338
1380307282490633
1380307282490815
1380307282491087
1380307282491380
1380307282491470
1380307282492071
1380307282492245
1380307282492489
1380307282492775
1380307282498255
1380307282498546
1380307282526554
1380307282526563
1380307282570932
1380307282571014
1380307282571207
1380307282571305
1380307282571675
1380307282571743
1380307282571866
1380307282571961
1380307282575616
1380307282575799
1380307282575888
1380307282576926
1380307282576997
1380307282577277
1380307282577344
1380307282577436
1380307282577549
1380307282577899
1380307282589534
1380307282589865
1380307282590015
1380307282590272
1380307282590372
1380307282590573
1380307282590708
1380307282605916
1380307282614467
1380307282614473
1380307282614638
1380307282643358
1380307282658635
1380307282658899
1380307282659033
1380307282659126
1380307282659456
1380307282659540
1380307282659636
1380307282659911
1380307282660201
1380307282660461
1380307282660562
1380307282660687
1380307282660957
1380307282661307
1380307282661382
1380307282661483
1380307282666989
1380307282686863
1380307282686869
1380307282687004
1380307282715718
1380307282746615
1380307282746633
1380307282746725
1380307282747008
1380307282750839
1380307282751046
1380307282751300
1380307282751379
1380307282751698
1380307282751760
1380307282752314
1380307282752392
1380307282752632
1380307282752698
1380307282752812
1380307282753217
1380307282753294
1380307282753545
1380307282753617
1380307282759949
1380307282760021
1380307282760277
1380307282760348
1380307282760629
1380307282760708
1380307282760945
1380307282761224
1380307282785685
1380307282790982
1380307282823567
1380307282823804
1380307282823888
1380307282824184
1380307282824258
1380307282824540
1380307282824626
1380307282824728
1380307282825169
1380307282825361
1380307282825514
1380307282825716
1380307282825987
1380307282826141
1380307282826303
1380307282826390
1380307282860393
1380307282860400
1380307282860735
1380307282860947
1380307282861095
1380307282861148
1380307282862778
1380307282862839
1380307282917182
1380307282929554
1380307282929958
1380307282930045
1380307282930352
1380307282930431
1380307282930632
1380307282930718
1380307282930938
1380307282967777
1380307282982184
1380307282982456
1380307282982546
1380307282982831
1380307282982901
1380307282983015
1380307282983306
1380307282983389
1380307282983611
1380307282983975
1380307282984045
1380307282984250
1380307282984322
1380307282984434
1380307282984868
1380307282984972
1380307282985045
1380307282996307
1380307282997981
1380307282998062
1380307282998160
1380307283001829
1380307283002225
1380307283002375
1380307283002428
1380307283005796
1380307283012165
1380307283016340
1380307283016416
1380307283016758
1380307283022497
1380307283022514
1380307283025087
1380307283026018
1380307283026475
1380307283026565
1380307283026987
1380307283029499
1380307283033186
1380307283033227
1380307283033529
1380307283033708
1380307283033963
1380307283034053
1380307283034265
1380307283034660
1380307283034950
1380307283041119
1380307283041343
1380307283041543
1380307283041576
1380307283042116
1380307283042700
1380307283043193
1380307283043501
1380307283043843
1380307283070494
1380307283070501
1380307283095342
1380307283095486
1380307283095648
1380307283095753
1380307283140061
1380307283141387
1380307283141579
1380307283141938
1380307283142225
1380307283142395
1380307283142546
1380307283142594
1380307283142608
1380307283142852
1380307283142963
1380307283143373
1380307283143560
1380307283143771
1380307283144156
1380307283144382
1380307283148990
1380307283152940
1380307283153199
1380307283165115
1380307283165213
1380307283165302
1380307283165379
1380307283165708
1380307283178526
1380307283178538
1380307283183625
1380307283273766
1380307283298580
1380307283298608
1380307283298637
1380307283298722
1380307283299035
1380307283299294
1380307283301111
1380307283301183
1380307283301405
1380307283302310
1380307283302577
1380307283302788
1380307283302857
1380307283302971
1380307283303088
1380307283303388
1380307283303459
1380307283303659
1380307283303987
1380307283338524
1380307283338541
1380307283351196
1380307283460166
1380307283460244
1380307283460443
1380307283465333
1380307283465430
1380307283465811
1380307283465886
1380307283466122
1380307283466337
1380307283466421
1380307283466538
1380307283466635
1380307283467037
1380307283467133
1380307283467413
1380307283468352
1380307283468469
1380307283476593
1380307283498514
1380307283512867
1380307283513229
1380307283513269
1380307283576628
1380307283576665
1380307283588507
1380307283589284
1380307283589361
1380307283589731
1380307283599985
1380307283600938
1380307283601272
1380307283601286
1380307283601367
1380307283601609
1380307283611983
1380307283612699
1380307283612945
1380307283613058
1380307283613288
1380307283613509
1380307283613592
1380307283613942
1380307283624383
1380307283624459
1380307283624667
1380307283624720
1380307283628401
1380307283628610
1380307283628711
1380307283628822
1380307283628946
1380307283629405
1380307283629489
1380307283629740
1380307283629946
1380307283630046
1380307283630129
1380307283630483
1380307283630735
1380307283630835
1380307283630939
1380307283638619
1380307283638879
1380307283638963
1380307283639270
1380307283639369
1380307283639455
1380307283639725
1380307283666459
1380307283674071
1380307283724987
1380307283730350
1380307283789539
1380307283789688
1380307283789775
1380307283790142
1380307283790321
1380307283790399
1380307283790519
1380307283790840
1380307283790967
1380307283791166
1380307283791518
1380307283791602
1380307283791841
1380307283791913
1380307283792302
1380307283800995
1380307283801131
1380307283801227
1380307283801548
1380307283801633
1380307283873364
1380307283916582
1380307283916679
1380307283916735
1380307283916788
1380307283916839
1380307283916889
1380307283916941
1380307283916991
1380307283953479
1380307283953594
1380307283953623
1380307283953711
1380307283953817
1380307283954061
1380307283954181
1380307283954609
1380307283954724
1380307283954835
1380307283955148
1380307283955434
1380307283955539
1380307283955635
1380307283955765
1380307283955911
1380307283964408
1380307283965869
1380307283965982
1380307283966088
1380307283966224
1380307283966329
1380307283967124
1380307283967238
1380307283967387
1380307283967518
1380307284048776
1380307284048942
1380307284049047
1380307284049057
1380307284049537
1380307284049670
1380307284049698
1380307284049769
1380307284050034
1380307284050147
1380307284050235
1380307284050321
1380307284052880
1380307284053032
1380307284053121
1380307284053213
1380307284053557
1380307284053700
1380307284056589
1380307284056706
1380307284056825
1380307284065162
1380307284065742
1380307284066020
1380307284079442
1380307284080615
1380307284080840
1380307284081188
1380307284083836
1380307284084042
1380307284084384
1380307284084653
1380307284084823
1380307284085214
1380307284085391
1380307284085618
1380307284086193
1380307284086516
1380307284086623
1380307284086880
1380307284086990
1380307284087125
1380307284088570
1380307284088970
1380307284089373
1380307284089560
1380307284093473
1380307284119260
1380307284119495
1380307284119731
1380307284120067
1380307284120291
1380307284120420
1380307284120722
1380307284120875
1380307284121197
1380307284121383
1380307284121675
1380307284121844
1380307284122044
1380307284135255
1380307284135497
1380307284135682
1380307284135778
1380307284181020
1380307284181144
1380307284181365
1380307284181693
1380307284182005
1380307284182129
1380307284184078
1380307284184196
1380307284184403
1380307284187783
1380307284187901
1380307284188384
1380307284188509
1380307284188920
1380307284189012
1380307284189376
1380307284189475
1380307284189593
1380307284195701
1380307284196192
1380307284196314
1380307284196389
1380307284196855
1380307284196928
1380307284213435
1380307284213797
1380307284214046
1380307284214255
1380307284214501
1380307284214827
1380307284214920
1380307284215067
1380307284215156
1380307284215578
1380307284249747
1380307284251944
1380307284252003
1380307284252096
1380307284253269
1380307284253352
1380307284253803
1380307284254651
1380307284254908
1380307284255154
1380307284260538
1380307284260660
1380307284261019
1380307284261453
1380307284261797
1380307284261880
1380307284262006
1380307284262114
1380307284287777
1380307284287880
1380307284287965
1380307284288065
1380307284288166
1380307284288795
1380307284288894
1380307284289171
1380307284289444
1380307284289704
1380307284289792
1380307284290175
1380307284290336
1380307284300391
1380307284300829
1380307284300946
1380307284301383
1380307284301470
1380307284301876
1380307284301953
1380307284302104
1380307284302181
1380307284302721
1380307284302978
1380307284303182
1380307284313107
1380307284313315
1380307284314355
1380307284314552
1380307284314903
1380307284315057
1380307284322252
1380307284322356
1380307284322467
1380307284322541
1380307284322713
1380307284323577
1380307284323756
1380307284334680
1380307284338240
1380307284338356
1380307284338459
1380307284338518
1380307284339228
1380307284339349
1380307284339432
1380307284339495
1380307284339919
1380307284361880
1380307284361983
1380307284362806
1380307284363065
1380307284363138
1380307284363421
1380307284363526
1380307284363615
1380307284363936
1380307284364220
1380307284364292
1380307284365768
1380307284365876
1380307284365974
1380307284366450
1380307284366537
1380307284367040
1380307284416524
1380307284416625
1380307284418905
1380307284419273
1380307284420170
1380307284420260
1380307284421098
1380307284421849
1380307284422130
1380307284422199
1380307284422470
1380307284434235
1380307284434771
1380307284438116
1380307284438196
1380307284438300
1380307284438765
1380307284438890
1380307284443875
1380307284444097
1380307284445237
1380307284445379
1380307284445767
1380307284445914
1380307284455241
1380307284455480
1380307284455589
1380307284455665
1380307284455764
1380307284456247
1380307284456341
1380307284456662
1380307284456763
1380307284456857
1380307284457292
1380307284457529
1380307284457815
1380307284457954
1380307284458096
1380307284460804
1380307284460935
1380307284467823
1380307284468106
1380307284468402
1380307284468623
1380307284468919
1380307284469227
1380307284469500
1380307284469882
1380307284470178
1380307284470403
1380307284475070
1380307284478059
1380307284478319
1380307284478625
1380307284478852
1380307284479042
1380307284479288
1380307284479661
1380307284479796
1380307284480044
1380307284480245
1380307284480467
1380307284480563
1380307284575286
1380307284575351
1380307284575620
1380307284578904
1380307284578935
1380307284579383
1380307284579449
1380307284585717
1380307284587855
1380307284588075
1380307284589019
1380307284589262
1380307284590911
1380307284591009
1380307284591089
1380307284591483
1380307284593005
1380307284593186
1380307284595712
1380307284595849
1380307284607874
1380307284607956
1380307284608326
1380307284608574
1380307284608846
1380307284608971
1380307284609295
1380307284609373
1380307284619399
1380307284619799
1380307284620104
1380307284620199
1380307284620534
1380307284620612
1380307284620712
1380307284621060
1380307284621269
1380307284621352
1380307284621452
1380307284621551
1380307284621957
1380307284622165
1380307284622262
1380307284622328
1380307284622546
1380307284629618
1380307284631607
1380307284631696
1380307284631972
1380307284632271
1380307284632443
1380307284632665
1380307284632849
1380307284633196
1380307284633510
1380307284633775
1380307284634061
1380307284634259
1380307284644310
1380307284644397
1380307284709482
1380307284709739
1380307284710227
1380307284710244
1380307284710503
1380307284710567
1380307284727110
1380307284727300
1380307284729946
1380307284730162
1380307284755617
1380307284755724
1380307284758049
1380307284758168
1380307284759190
1380307284759323
1380307284761038
1380307284774136
1380307284774156
1380307284774285
1380307284774684
1380307284775254
1380307284775338
1380307284775437
1380307284775875
1380307284776117
1380307284780046
1380307284780137
1380307284780560
1380307284780654
1380307284780738
1380307284781171
1380307284781398
1380307284781780
1380307284781854
1380307284781984
1380307284782351
1380307284782704
1380307284782801
1380307284782899
1380307284792059
1380307284792174
1380307284792280
1380307284792373
1380307284810762
1380307284810863
1380307284810946
1380307284840695
1380307284840915
1380307284841361
1380307284841376
1380307284841747
1380307284841810
1380307284865703
1380307284865929
1380307284867655
1380307284867850
1380307284915102
1380307284915371
1380307284939928
1380307284940031
1380307284941466
1380307284941553
1380307284941656
1380307284941897
1380307284941970
1380307284942289
1380307284971215
1380307284971445
1380307284973194
1380307284973302
1380307284973397
1380307284973907
1380307284974044
1380307284974058
1380307284974339
1380307284974392
1380307284977056
1380307284977302
1380307285009682
1380307285009799
1380307285009834
1380307285009936
1380307285010064
1380307285019817
1380307285057050
1380307285057469
1380307285057583
1380307285057790
1380307285057917
1380307285058030
1380307285058307
1380307285058536
1380307285058618
1380307285059034
1380307285059140
1380307285059223
1380307285059316
1380307285059616
1380307285102782
1380307285102877
1380307285102991
1380307285103105
1380307285103206
1380307285103312
1380307285105182
1380307285105452
1380307285105820
1380307285105961
1380307285108585
1380307285108851
1380307285110503
1380307285110721
1380307285110975
1380307285111197
1380307285111444
1380307285111563
1380307285144185
1380307285144416
1380307285146400
1380307285153627
1380307285153823
1380307285199331
1380307285199419
1380307285199478
1380307285199944
1380307285200022
1380307285200108
1380307285200445
1380307285200516
1380307285200822
1380307285200891
1380307285201219
1380307285201285
1380307285201381
1380307285201740
1380307285202025
1380307285202085
1380307285202211
1380307285233776
1380307285233908
1380307285234019
1380307285234527
1380307285234632
1380307285234726
1380307285234821
1380307285235277
1380307285235371
1380307285239274
1380307285239395
1380307285239418
1380307285239691
1380307285239747
1380307285248297
1380307285248383
1380307285276733
1380307285276841
1380307285279240
1380307285279362
1380307285279375
1380307285279676
1380307285280044
1380307285280151
1380307285287745
1380307285287946
1380307285314706
1380307285314785
1380307285341246
1380307285341458
1380307285364990
1380307285366064
1380307285366154
1380307285366591
1380307285366677
1380307285368151
1380307285368380
1380307285368526
1380307285370850
1380307285371160
1380307285371269
1380307285371789
1380307285372160
1380307285372271
1380307285372375
1380307285372469
1380307285372609
1380307285373127
1380307285373212
1380307285373490
1380307285414253
1380307285414508
1380307285419195
1380307285419455
1380307285421540
1380307285421703
1380307285447258
1380307285447364
1380307285450058
1380307285450442
1380307285450535
1380307285450601
1380307285450959
1380307285482210
1380307285482302
1380307285482365
1380307285482644
1380307285485423
1380307285485665
1380307285499086
1380307285503804
1380307285503901
1380307285504152
1380307285504449
1380307285504536
1380307285504626
1380307285504997
1380307285505097
1380307285505221
1380307285505731
1380307285505812
1380307285505931
1380307285506039
1380307285506435
1380307285548612
1380307285556176
1380307285556419
1380307285592793
1380307285592947
1380307285620706
1380307285621078
1380307285622517
1380307285622743
1380307285622820
1380307285623086
1380307285623158
1380307285623254
1380307285624206
1380307285624495
1380307285624570
1380307285624827
1380307285624914
1380307285635375
1380307285638750
1380307285638830
1380307285638970
1380307285639078
1380307285639175
1380307285639290
1380307285639868
1380307285640024
1380307285640120
1380307285640227
1380307285640317
1380307285659506
1380307285659600
1380307285675535
1380307285675861
1380307285675965
1380307285676072
1380307285676186
1380307285676316
1380307285676672
1380307285766420
1380307285766516
1380307285770345
1380307285770475
1380307285770904
1380307285771065
1380307285771599
1380307285771676
1380307285771978
1380307285772070
1380307285772162
1380307285772560
1380307285793744
1380307285793834
1380307285797436
1380307285797524
1380307285797641
1380307285798098
1380307285806116
1380307285806224
1380307285806319
1380307285807075
1380307285807172
1380307285807293
1380307285807702
1380307285831164
1380307285831486
1380307285843454
1380307285843829
1380307285843916
1380307285844006
1380307285875057
1380307285935689
1380307285938941
1380307285963437
1380307285963514
1380307285967405
1380307285967760
1380307285967834
1380307285967935
1380307285968375
1380307285999733
1380307286086020
1380307286108646
1380307286108737
1380307286133383
1380307286137309
1380307286138952
1380307286139037
1380307286139108
1380307286139539
1380307286168862
1380307286168962
1380307286210012
1380307286278035
1380307286278140
1380307286303657
1380307286303764
1380307286310070
1380307286310177
1380307286310258
1380307286310809
1380307286310911
1380307286339771
1380307286339877
1380307286377960
1380307286447818
1380307286447897
1380307286472813
1380307286472901
1380307286479596
1380307286479701
1380307286479798
1380307286480247
1380307286480313
1380307286480619
1380307286480693
1380307286511122
1380307286608680
1380307286619652
1380307286619870
1380307286646041
1380307286646133
1380307286653637
1380307286653977
1380307286654221
1380307286654286
