1380372026157412
1380372026561248
1380372026567269
1380372026690225
1380372026691834
1380372026692077
1380372026813055
1380372026813198
1380372026814770
1380372026814853
1380372026815253
1380372026815602
1380372026936209
1380372026936347
1380372026978621
1380372027102864
1380372027116278
1380372027116381
1380372027116500
1380372027227251
1380372027236477
1380372027236675
1380372027236915
1380372027237060
1380372027237244
1380372027237330
1380372027237487
1380372027237915
1380372027238101
1380372027358661
1380372027358739
1380372027358963
1380372027359045
1380372027359244
1380372027359327
1380372027359616
1380372027360386
1380372027397531
1380372027404563
1380372027404649
1380372027404933
1380372027525708
1380372027528897
1380372027655585
1380372027655805
1380372027795928
1380372027833487
1380372027956482
1380372027958036
1380372028081218
1380372028081250
1380372028205782
1380372028245458
1380372028367815
1380372028373442
1380372028494836
1380372028494933
1380372028497048
1380372028497154
1380372028497386
1380372028499081
1380372028616771
1380372028627866
1380372028628061
1380372028665576
1380372028750561
1380372028750869
1380372028751220
1380372028789749
1380372028873392
1380372028873755
1380372028873970
1380372028874317
1380372028874524
1380372028874609
1380372028912137
1380372028949658
1380372028996658
1380372028996780
1380372028996885
1380372028997207
1380372028997291
1380372028997552
1380372028997652
1380372028997870
1380372028998290
1380372028998474
1380372028998568
1380372028998798
1380372029072648
1380372029073344
1380372029074737
1380372029074952
1380372029193335
1380372029204706
1380372029326213
1380372029328526
1380372029403724
1380372029445513
1380372029445560
1380372029445650
1380372029476120
1380372029476148
1380372029590292
1380372029590340
1380372029639332
1380372029639416
1380372029639553
1380372029639663
1380372029640027
1380372029648421
1380372029683146
1380372029683185
1380372029683267
1380372029765214
1380372029765708
1380372029766267
1380372029766908
1380372029767179
1380372029767253
1380372029771212
1380372029771568
1380372029771648
1380372029890792
1380372029899740
1380372030019892
1380372030020589
1380372030020660
1380372030141321
1380372030144308
1380372030286099
1380372030286176
1380372030286273
1380372030325540
1380372030406131
1380372030450802
1380372030450910
1380372030451025
1380372030489479
1380372030489681
1380372030489860
1380372030489924
1380372030489977
1380372030491563
1380372030531092
1380372030570093
1380372030571518
1380372030571645
1380372030571861
1380372030571941
1380372030572178
1380372030572258
1380372030575207
1380372030575387
1380372030613295
1380372030615159
1380372030617241
1380372030617282
1380372030617309
1380372030617976
1380372030618408
1380372030654443
1380372030676751
1380372030692129
1380372030692477
1380372030692658
1380372030692912
1380372030693485
1380372030693592
1380372030693789
1380372030701218
1380372030701528
1380372030707950
1380372030708086
1380372030711917
1380372030712000
1380372030712306
1380372030712588
1380372030718777
1380372030718865
1380372030723125
1380372030723218
1380372030723295
1380372030723563
1380372030729619
1380372030729964
1380372030734393
1380372030734529
1380372030734931
1380372030734998
1380372030735304
1380372030735399
1380372030735476
1380372030735632
1380372030743230
1380372030746364
1380372030746465
1380372030772653
1380372030811000
1380372030831549
1380372030831589
1380372030859225
1380372030859738
1380372030859780
1380372030869902
1380372030870157
1380372030870762
1380372030871075
1380372030885324
1380372030894072
1380372030894500
1380372030894589
1380372030895984
1380372030898756
1380372030899073
1380372030899144
1380372030899366
1380372030899484
1380372030899743
1380372030900133
1380372030900848
1380372030901045
1380372030903392
1380372030903733
1380372030903962
1380372030904289
1380372030904687
1380372030904763
1380372030905091
1380372030905602
1380372030905713
1380372030905784
1380372030906071
1380372030906345
1380372030906630
1380372030906920
1380372030907253
1380372030907555
1380372030907852
1380372030907973
1380372030908586
1380372030909067
1380372030909211
1380372030910119
1380372030910398
1380372030910768
1380372030910983
1380372030912980
1380372030913292
1380372030913524
1380372030913850
1380372030914189
1380372030914424
1380372030914529
1380372030994026
1380372030994770
1380372030995175
1380372030995320
1380372030995675
1380372030995815
1380372030996104
1380372030996297
1380372030996452
1380372031118981
1380372031119253
1380372031119464
1380372031119688
1380372031120106
1380372031120255
1380372031120447
1380372031120722
1380372031120957
1380372031121370
1380372031121646
1380372031121880
1380372031122109
1380372031122384
1380372031122658
1380372031122820
1380372031123094
1380372031123273
1380372031123415
1380372031522410
1380372031524457
1380372031836977
1380372031976124
