1379836198403723
1379836199048122
1379836199180292
1379836199180384
1379836199180595
1379836199180687
1379836199216973
1379836199312665
1379836199312843
1379836199312965
1379836199313105
1379836199313369
1379836199348601
1379836199358099
1379836199479711
1379836199484450
1379836199621331
1379836199659864
1379836199792227
1379836199792453
1379836199829909
1379836199929585
1379836199929626
1379836199929851
1379836199967840
1379836200062322
1379836200062444
1379836200062955
1379836200063067
1379836200063152
1379836200121905
1379836200121999
1379836200145904
1379836200281877
1379836200328559
1379836200328640
1379836200382616
1379836200431333
1379836200483512
1379836200483629
1379836200483768
1379836200517973
1379836200582719
1379836200648751
1379836200672401
1379836200672480
1379836200691530
1379836200727403
1379836200727570
1379836200727660
1379836200765971
1379836200791378
1379836200791605
1379836200791689
1379836200796365
1379836200809852
1379836200812406
1379836200812941
1379836200828092
1379836200831149
1379836200831407
1379836200831892
1379836200934282
1379836200934378
1379836200957245
1379836200957349
1379836200967931
1379836200968088
1379836200969553
1379836200969677
1379836200970617
1379836200970793
1379836201100343
1379836201100586
1379836201100675
1379836201138214
1379836201138256
1379836201277664
1379836201277772
1379836201277897
1379836201278049
1379836201280671
1379836201281332
1379836201416316
1379836201416530
1379836201417208
1379836201557287
1379836201557402
1379836201557476
1379836201591176
1379836201592596
1379836201732142
1379836201732225
1379836201732400
1379836201763244
1379836201870691
1379836201870857
1379836201897983
1379836201898029
1379836201898282
1379836202031910
1379836202031987
1379836202040713
1379836202041916
1379836202164249
1379836202164356
1379836202164779
1379836202164884
1379836202164975
1379836202165321
1379836202180905
1379836202183481
1379836202183626
1379836202183814
1379836202297236
1379836202297328
1379836202297715
1379836202297832
1379836202297921
1379836202298058
1379836202298400
1379836202320489
1379836202320539
1379836202325494
1379836202325821
1379836202325935
1379836202326021
1379836202326396
1379836202453970
1379836202454046
1379836202468161
1379836202468305
1379836202468435
1379836202468601
1379836202469219
1379836202469446
1379836202469870
1379836202469973
1379836202470069
1379836202470156
1379836202470602
1379836202609247
1379836202610191
1379836202610629
1379836202610994
1379836202611431
1379836202611873
1379836202612366
1379836202612539
1379836202612897
1379836202613088
1379836202613213
1379836202613329
1379836202613481
1379836202613853
1379836202614105
1379836202614604
1379836202614874
1379836202649795
1379836202748770
1379836202750362
1379836202751157
1379836202753942
1379836202754022
1379836202754149
1379836202754267
1379836202754520
1379836202754637
1379836202755228
1379836202755430
1379836202755682
1379836202756050
1379836202756156
1379836202756293
1379836202756718
1379836202756835
1379836202756956
1379836202757258
1379836202760742
1379836202886766
1379836202889981
1379836202890088
1379836202890507
1379836203029090
1379836203066161
1379836203199503
1379836203199776
1379836203334052
1379836203374218
1379836203510920
1379836203554283
1379836203695626
1379836203733892
1379836203867634
1379836203905899
1379836204048789
1379836204049372
1379836204191272
1379836204197284
1379836204325028
1379836204331399
1379836204465802
1379836204506157
1379836204639062
1379836204677917
1379836204809070
1379836204818089
1379836204818165
1379836204950156
1379836204956730
1379836204956999
1379836204957077
1379836204957654
1379836205097250
1379836205116085
1379836205116172
1379836205116387
1379836205238377
1379836205355857
1379836205403667
1379836205403918
1379836205404010
1379836205483890
1379836205542690
1379836205542803
1379836205542892
1379836205543253
1379836205683406
1379836205816135
1379836235454184
1379836235535771
1379836235535823
1379836235535934
1379836235547580
1379836235548942
1379836235549030
1379836235549234
1379836235549350
1379836235549450
1379836235561035
1379836235561241
1379836235688511
1379836235693841
1379836235694142
1379836235694383
1379836235733945
1379836235739398
1379836235739580
1379836235739664
1379836235778164
1379836235783330
1379836235783714
1379836235822177
1379836235834295
1379836235873960
1379836235880534
1379836235883603
1379836235895615
1379836235895795
1379836235896073
1379836235909843
1379836235909976
1379836235910269
1379836235914006
1379836235914292
1379836235914380
1379836235914634
1379836235914906
1379836235919868
1379836235923711
1379836235928901
1379836235929141
1379836235929425
1379836235933159
1379836235933415
1379836235933535
1379836235933641
1379836235933885
1379836235934047
1379836235934198
1379836235939645
1379836235939873
1379836235940104
1379836235978065
1379836235985573
1379836235985752
1379836235986006
