1380146002928041
1380146003103797
1380146003103900
1380146003103982
1380146003108160
1380146003108272
1380146003108347
1380146003108674
1380146003108829
1380146003142424
1380146003149807
1380146003149853
1380146003149999
1380146003150103
1380146003150193
1380146003150321
1380146003156754
1380146003157348
1380146003157485
1380146003161533
1380146003161599
1380146003161922
1380146003162061
1380146003162282
1380146003162549
1380146003162959
1380146003163102
1380146003163203
1380146003163351
1380146003163741
1380146003163889
1380146003164030
1380146003169336
1380146003169387
1380146003169542
1380146003169590
1380146003169733
1380146003169852
1380146003169966
1380146003170090
1380146003170227
1380146003170352
1380146003170480
1380146003170580
1380146003170715
1380146003170835
1380146003171002
1380146003171077
1380146003171286
1380146003171470
1380146003171518
1380146003176870
1380146003176925
1380146003177093
1380146003177484
1380146003177579
1380146003178246
1380146003178550
1380146003178721
1380146003178857
1380146003178982
1380146003179097
1380146003179560
1380146003182622
1380146003182786
1380146003182887
1380146003183036
1380146003183179
1380146003185495
1380146003191523
1380146003191683
1380146003191820
1380146003191927
1380146003194115
1380146003199670
1380146003210490
1380146003216437
1380146003220576
1380146003227734
1380146003271306
1380146003276212
1380146003279582
1380146003285157
1380146003289240
1380146003289273
1380146003294072
1380146003295720
1380146003334089
1380146003341736
1380146003345633
1380146003350504
1380146003354438
1380146003359769
1380146003359811
1380146003858884
1380146003902228
1380146003902317
1380146003902530
1380146003939717
1380146004006402
1380146004030344
1380146004030434
1380146004045852
1380146004084321
1380146004084873
1380146004122188
1380146004122527
1380146004122784
1380146004162039
