1378013811902395
1378013811906355
1378013811906628
1378013812393432
1378013812393648
1378013812393759
1378013812417136
1378013812420848
1378013812421294
1378013812426177
1378013812426224
1378013812426324
1378013812426334
1378013812426548
1378013812426654
1378013812430410
1378013812430645
1378013812430751
1378013812430779
1378013812430884
1378013812431277
1378013812431403
1378013812431667
1378013812431781
1378013812431910
1378013812432072
1378013812432198
1378013812432778
1378013812432901
1378013812434996
1378013812435179
1378013812435676
1378013812435811
1378013812435915
1378013812436113
1378013812436215
1378013812436374
1378013812436384
1378013812436481
1378013812436679
1378013812437288
1378013812437415
1378013812437499
1378013812437587
1378013812442079
1378013812442223
1378013812442231
1378013812442449
1378013812442585
1378013812448005
1378013812448804
1378013812455949
1378013812455999
1378013812456098
1378013812456106
1378013812456318
1378013812456423
1378013812460146
1378013812460384
1378013812460520
1378013812460642
1378013812461031
1378013812468819
1378013812468871
1378013812469158
1378013812469220
1378013812469238
1378013812469484
1378013812469543
1378013812480708
1378013812480816
1378013812481078
1378013812481330
1378013812485095
1378013812485314
1378013812485569
1378013812485823
1378013812485960
1378013812486099
1378013812486153
1378013812486257
1378013812486320
1378013812486356
1378013812486400
1378013812486506
1378013812486629
1378013812487321
1378013812487762
1378013812487870
1378013812487933
1378013812488041
1378013812488190
1378013812488320
1378013812488444
1378013812488599
1378013812488860
1378013812488977
1378013812489104
1378013812489229
1378013812489353
1378013812489475
1378013812489601
1378013812491259
1378013812496319
1378013812496419
1378013812496465
1378013812496677
1378013812496780
1378013812496807
1378013812496912
1378013812497031
1378013812497311
1378013812497576
1378013812497903
1378013812498079
1378013812498170
1378013812498214
1378013812498466
1378013812498716
1378013812498972
1378013812499367
1378013812499478
1378013812499740
1378013812499864
1378013812500139
1378013812500729
1378013812500779
1378013812500798
1378013812502621
1378013812502687
1378013812502740
1378013812502791
1378013812502910
1378013812503538
1378013812503746
1378013812504110
1378013812504276
1378013812504403
1378013812505271
1378013812505545
1378013812505684
1378013812505822
1378013812505952
1378013812698246
1378013812706914
1378013812707046
1378013812707070
1378013812707265
1378013812710961
1378013812711113
1378013812711124
1378013812711703
1378013812712071
1378013812712232
1378013812712339
1378013812715299
1378013812715568
1378013812716004
1378013812716514
1378013812716739
1378013812716845
1378013812717145
1378013812719635
1378013812719773
1378013812719784
1378013812720526
1378013812720841
1378013812720953
1378013812721087
1378013812721193
1378013812721485
1378013812723658
1378013812724803
1378013812724996
1378013812725497
1378013812725710
1378013812725817
1378013812726010
1378013812729144
1378013812729309
1378013815489812
1378013815491895
1378013815491911
1378013815497146
1378013815497295
1378013815497597
1378013815497700
1378013815497909
1378013815498023
1378013815498687
1378013815498804
1378013815499112
1378013815499249
1378013815503397
1378013815503610
1378013815503755
1378013815593061
1378013815621096
1378013815671943
1378013826292936
1378013901168047
1378013901168103
1378013901171982
1378013901172341
1378013901172467
1378013901172700
1378013901172795
