1379637470522211
1379637470702879
1379637470706077
1379637470708673
1379637470774417
1379637470781871
1379637470782001
1379637470782157
1379637470782214
1379637470787966
1379637470788085
1379637470788328
1379637470796232
1379637470796371
1379637470796527
1379637470796596
1379637470802851
1379637470802992
1379637470844320
1379637470852319
1379637470873182
1379637470873250
1379637470873599
1379637470873854
1379637470876019
1379637470876200
1379637471020354
1379637471040724
1379637471041093
1379637471041307
1379637471041513
1379637471042011
1379637471042072
1379637471084297
1379637471090814
1379637471096740
1379637471106150
1379637471202879
1379637471282819
1379637471449459
1379637471449776
1379637471450316
1379637471451065
1379637471457320
1379637471457495
1379637471457700
1379637471465747
1379637471465941
1379637471466212
1379637471473564
1379637471473792
1379637471474091
1379637471480159
1379637471480327
1379637471480486
1379637471480564
1379637471480802
1379637471480964
1379637471481139
1379637471481322
1379637471487605
1379637471493343
1379637471499889
1379637471631399
1379637471676564
1379637471859073
1379637471896468
1379637472078736
1379637472084144
1379637472087164
1379637472093135
1379637472093216
1379637472093318
1379637472093690
1379637472098706
1379637472098980
1379637472099211
1379637472099449
1379637472099520
1379637472099710
1379637472100005
1379637472100185
1379637472100429
1379637472102030
1379637472140484
1379637472148068
1379637472186366
1379637472186596
1379637472194389
1379637472234050
1379637472239222
1379637472247040
1379637472247427
1379637472257918
1379637472258001
1379637472258045
1379637472258089
1379637472258541
1379637472265038
1379637472265703
1379637472266060
1379637472266330
1379637472266448
1379637472267131
1379637472304257
1379637472304758
1379637472312252
1379637472318153
1379637472325619
1379637472325799
1379637472326063
1379637472331610
1379637472331812
1379637472339511
1379637472339598
1379637472339963
1379637472345965
1379637472346060
1379637472346193
1379637472346477
1379637472347041
1379637472347209
1379637472347306
1379637472347742
1379637472347830
1379637472348263
1379637472354884
1379637472355163
1379637472355259
1379637472355499
1379637472355651
1379637472355811
1379637472356420
1379637472367324
1379637472367404
1379637472367696
1379637472367781
1379637472368112
1379637472368193
1379637472368302
1379637472368898
1379637472368945
1379637472369463
1379637472369832
1379637472370649
1379637472370674
1379637472370854
1379637472371127
1379637472371202
1379637472371528
1379637472371603
1379637472371698
1379637472372010
1379637472372036
1379637472372677
1379637472372859
1379637472372936
1379637472373241
1379637472373318
1379637472373535
1379637472373631
1379637472373663
1379637472373759
1379637472374013
1379637472374050
1379637472374123
1379637472374214
1379637472374316
1379637472374405
1379637472374764
1379637472374790
1379637472376281
1379637472376388
1379637472376565
1379637472376822
1379637472376914
1379637472377019
1379637472379697
1379637472379792
1379637472379889
1379637472380159
1379637472380244
1379637472380317
1379637472380651
1379637472380725
1379637472380851
1379637472382652
1379637472382736
1379637472382953
1379637472383015
1379637472383975
1379637472420305
1379637472528794
1379637472703340
1379637472711346
1379637472711427
1379637472715793
1379637472795643
1379637472850482
1379637472864630
1379637472864837
1379637472864909
1379637472877270
1379637472877478
1379637472877718
1379637472881571
1379637472881764
1379637472893532
1379637472893722
1379637472897897
1379637472898107
1379637472898413
1379637472943925
1379637472950831
1379637472951034
1379637472951316
1379637472956510
1379637472956590
1379637472956861
1379637472956960
1379637472957079
1379637472957182
1379637472957547
1379637472957831
1379637472957887
1379637472957937
1379637472957982
1379637472958027
1379637472958121
1379637472958168
1379637472958214
1379637472958260
1379637472958920
1379637472966258
1379637472966614
1379637472966688
1379637472967112
1379637472967136
1379637472967670
1379637472967774
1379637472968058
1379637472968452
1379637472969225
1379637472969510
1379637472969712
1379637472970008
1379637472970230
1379637472970448
1379637472970644
1379637472970687
1379637472971177
1379637472971347
1379637472971467
1379637472971701
1379637472972053
1379637472972318
1379637472972605
1379637472972803
1379637472975518
1379637472975703
1379637472975819
1379637472978987
1379637472979429
1379637472980114
1379637472980424
1379637472980575
1379637472981500
1379637472981567
1379637472981669
1379637472981714
1379637472981781
1379637472981826
1379637472982599
1379637472982892
1379637472983021
1379637472989382
1379637472990223
1379637472990621
1379637472990806
1379637472991107
1379637472991367
1379637472991543
1379637472991903
1379637472992159
1379637472992463
1379637472992645
1379637472992723
1379637472992864
1379637472993118
1379637472993463
1379637472993647
1379637472994046
1379637472994489
1379637472994842
1379637472995097
1379637472995327
1379637472997182
1379637472997556
1379637472997821
1379637472997965
1379637472998556
1379637472999015
1379637472999234
1379637472999392
1379637473001097
1379637473001401
1379637473001765
1379637473001977
1379637473002476
1379637473002894
1379637473003287
1379637473003597
1379637473003876
1379637473004108
1379637473004202
1379637473005149
1379637473005630
1379637473006292
1379637473006431
1379637473006626
1379637473006875
1379637473006962
1379637473009666
1379637473009908
1379637473010119
1379637473010264
1379637473010656
1379637473010769
1379637473011246
1379637473011446
1379637473011920
1379637473012129
1379637473012203
1379637473012626
1379637473012785
1379637473013164
1379637473013354
1379637473013896
1379637473014240
1379637473014433
1379637473015940
1379637473016463
1379637473016618
1379637473017803
1379637473018177
1379637473018443
1379637473018851
1379637473018993
1379637473019063
1379637473019253
1379637473019816
1379637473020011
1379637473020121
1379637473021098
1379637473021376
1379637473021654
1379637473022000
1379637473022370
1379637473022521
1379637473022848
1379637473023119
1379637473023282
1379637473023488
1379637473023848
1379637473023993
1379637473024111
1379637473024473
1379637473024696
1379637473024836
1379637473025089
1379637473025282
1379637473025387
1379637473027434
1379637473027608
1379637473027835
1379637473028334
1379637473028554
1379637473028769
1379637473029049
1379637473029285
1379637473029390
1379637473031233
1379637473031386
1379637473035441
1379637473035632
1379637473035962
1379637473036174
1379637473036334
1379637473036580
1379637473036871
1379637473037173
1379637473037466
1379637473037670
1379637473037823
1379637473038168
1379637473038354
1379637473042988
1379637473043137
1379637473043361
1379637473043791
1379637473043990
1379637473044262
1379637473044462
1379637473045020
1379637473045256
1379637473045451
1379637473045584
1379637473045651
1379637473045789
1379637473046138
1379637473046531
1379637473046648
1379637473046868
1379637473051742
1379637473052036
1379637473053291
1379637473053504
1379637473063375
1379637473063729
1379637473063972
1379637473064108
1379637473067940
1379637473068092
1379637473068453
1379637473068619
1379637473093965
1379637473142616
1379637473230117
1379637473233828
1379637473234193
1379637473234298
1379637473234360
1379637473234722
1379637473234805
1379637473234879
1379637473235351
1379637473237922
1379637473238004
1379637473238304
1379637473238578
1379637473238670
1379637473320843
1379637473327772
1379637473331637
1379637473339189
1379637473376491
1379637473385109
1379637473424311
1379637473424575
1379637473429161
1379637473447499
1379637473452117
1379637473452371
1379637473459893
1379637473460017
1379637473460135
1379637473460300
1379637473521939
1379637473562380
1379637473565811
1379637473605719
1379637473715289
1379637473903957
1379637473907371
1379637473946564
1379637473946915
1379637473958546
1379637473959289
1379637473971583
1379637473983707
1379637473983836
1379637474018210
1379637474055237
1379637474118334
1379637474118402
1379637474123370
1379637474163711
1379637474164645
1379637474200544
1379637474200930
1379637474243356
