1380461776310674
1380461776321925
1380461776322603
1380461776322684
1380461776418320
1380461776426400
1380461776429862
1380461776519994
1380461776525313
1380461776531472
1380461776545255
1380461776546403
1380461776578343
1380461776578593
1380461776578680
1380461776578937
1380461776626297
1380461776654170
1380461776654587
1380461776654740
1380461776655365
1380461776655433
1380461776655489
1380461776655659
1380461776656876
1380461776657039
1380461776657648
1380461776657716
1380461776657770
1380461776657954
1380461776747478
1380461776747886
1380461776748374
1380461776748703
1380461776749035
1380461776749354
1380461776749751
1380461776750092
1380461776755743
1380461776756075
1380461776756410
1380461776756479
1380461776757485
1380461776759248
1380461776759492
1380461776760731
1380461776764862
1380461776765207
1380461776765245
1380461776765266
1380461776765281
1380461776772049
1380461776772074
1380461776772135
1380461776772403
1380461776782929
1380461776809947
1380461776846764
1380461776852217
1380461776856897
1380461776862319
1380461776868659
1380461776882890
1380461776894366
1380461776921618
1380461776954457
1380461776982210
1380461776982674
1380461776982732
1380461777001780
1380461777002588
1380461777007812
1380461777008984
1380461777010073
1380461777011196
1380461777014267
1380461777016579
1380461777022837
1380461777022867
1380461777023065
1380461777026080
1380461777026250
1380461777037638
1380461777037667
1380461777037753
1380461777042244
1380461777042285
1380461777042363
1380461777043916
1380461777044027
1380461777044124
1380461777045368
1380461777045801
1380461777048183
1380461777048471
1380461777048710
1380461777048875
1380461777049074
1380461777049175
1380461777049244
1380461777049666
1380461777049883
1380461777050123
1380461777050185
1380461777053305
1380461777053392
1380461777053470
1380461777053539
1380461777053840
1380461777053932
1380461777054000
1380461777054221
1380461777054869
1380461777055011
1380461777055565
1380461777055701
1380461777055896
1380461777056075
1380461777056186
1380461777056597
1380461777056888
1380461777057114
1380461777057127
1380461777059630
1380461777059799
1380461777066097
1380461777078664
1380461777086486
1380461777086495
1380461777086732
1380461777089971
1380461777090797
1380461777093544
1380461777115915
1380461777116108
1380461777123074
1380461777135912
1380461777136233
1380461777136249
1380461777164838
1380461777165012
1380461777165114
1380461777165183
1380461777165252
1380461777202720
1380461777314012
1380461777315495
1380461777316621
1380461777327040
1380461777331064
1380461777331357
1380461777367995
1380461777368067
1380461777368321
1380461777368387
1380461777368612
1380461777368697
1380461777368761
1380461777369105
1380461777369431
1380461777369591
1380461777370191
1380461777370312
1380461777370527
1380461777370994
1380461777371100
1380461777371311
1380461777371480
1380461777406524
1380461777406534
1380461777406807
1380461777426838
1380461777427695
1380461777430648
1380461777430826
1380461777431006
1380461777431185
1380461777431374
1380461777442106
1380461777462196
1380461777462217
1380461777462362
1380461777462466
1380461777462858
1380461777462914
1380461777463185
1380461777463525
1380461777463668
1380461777464523
1380461777464585
1380461777464830
1380461777464904
1380461777465281
1380461777465359
1380461777465428
1380461777466119
1380461777466336
1380461777466486
1380461777466820
1380461777466909
1380461777466990
1380461777467053
1380461777467328
1380461777467406
1380461777467419
1380461777467618
1380461777467844
1380461777467953
1380461777468748
1380461777469014
1380461777469093
1380461777469162
1380461777469244
1380461777469542
1380461777469622
1380461777469695
1380461777469756
1380461777470014
1380461777470120
1380461777470338
1380461777470586
1380461777470615
1380461777470680
1380461777470905
1380461777471104
1380461777471203
1380461777510465
1380461777510473
1380461777510692
1380461777533699
1380461777533921
1380461777534044
1380461777541983
1380461777545659
1380461777560490
1380461777569859
1380461777569953
1380461777570212
1380461777580787
1380461777581007
1380461777581095
1380461777581167
1380461777581255
1380461777581611
1380461777581700
1380461777581772
1380461777582196
1380461777582504
1380461777582634
1380461777592067
1380461777592159
1380461777592248
1380461777592643
1380461777592715
1380461777592778
1380461777630088
1380461777630340
1380461777630349
1380461777630566
1380461777631604
1380461777662809
1380461777703326
1380461777732668
1380461777737370
1380461777778410
1380461777783169
1380461777783425
1380461777822812
1380461777837013
1380461777841506
1380461777882414
1380461777888437
1380461777896016
1380461777902784
1380461777907325
1380461777907648
1380461777907910
1380461777912620
1380461777913289
1380461777917374
1380461777917795
1380461777917820
1380461777917904
1380461777917962
1380461777921308
1380461777924620
1380461777924867
1380461777926854
1380461777952215
1380461777952232
1380461777952326
1380461777952535
1380461777960322
1380461790453912
1380461790454521
1380461790493799
1380461790521296
