1379900575771188
1379900575953373
1379900575954551
1379900575954854
1379900576186599
1379900576363708
1379900576375849
1379900576375912
1379900576540581
1379900576558851
1379900576558920
1379900576559017
1379900576559291
1379900576596315
1379900576633987
1379900576634056
1379900576669549
1379900576702540
1379900576729520
1379900576729591
1379900576741909
1379900576742106
1379900576742330
1379900576742604
1379900576743067
1379900576743126
1379900576743394
1379900576753300
1379900576791782
1379900576798806
1379900576802422
1379900576825368
1379900576861242
1379900576975514
1379900576982838
1379900576983127
1379900576989153
1379900576989234
1379900576989551
1379900577159483
1379900577161718
1379900577161969
1379900577339284
1379900577339514
1379900577339573
1379900577563519
1379900577563816
1379900577563848
1379900577563989
1379900577564373
1379900577564429
1379900577564480
1379900577603327
1379900577742487
1379900577748876
1379900577748955
1379900577749886
1379900577751838
1379900577753031
1379900577933381
1379900577934947
1379900577935112
1379900578134353
1379900578323560
1379900578324680
1379900578324941
1379900588122102
1379900588364621
1379900588364692
1379900588365197
1379900588535373
1379900588535604
1379900588535674
1379900588535763
1379900588536084
1379900588565631
1379900588706311
1379900588706568
1379900588706764
1379900588706852
1379900588707115
1379900588707281
1379900588707641
1379900588707710
1379900588707796
1379900588708024
1379900588708475
1379900588708635
1379900588741870
1379900588749549
1379900588751063
1379900588877679
1379900588877769
1379900588877874
1379900588878097
1379900588878342
1379900588878396
1379900588878834
1379900588879081
1379900588879458
1379900588879634
1379900588879695
1379900588879892
1379900588880089
1379900588880267
1379900588880324
1379900588880548
1379900588918458
1379900588919555
1379900588919785
1379900588932278
1379900588932552
1379900588932946
1379900588933255
1379900588933440
1379900588940315
1379900589048557
1379900589049068
1379900589049162
1379900589051632
1379900589051913
1379900589051976
1379900589052074
1379900589052325
1379900589052411
1379900589052465
1379900589052811
1379900589052865
1379900589053126
1379900589053207
1379900589053415
1379900589053490
1379900589114213
1379900589114292
1379900589114810
1379900589115143
1379900589115388
1379900589115639
1379900589115738
1379900589115947
1379900589116181
1379900589116278
1379900589116503
1379900589116572
1379900589129990
1379900589130057
1379900589130463
1379900589296669
1379900589296733
1379900589296962
1379900589297368
1379900589297589
1379900589298339
1379900589298727
1379900589298789
1379900589299076
1379900589299158
1379900589299361
1379900589299526
1379900589299686
1379900589299857
1379900589310618
1379900589310717
1379900589317962
1379900589318104
1379900589320744
1379900589320827
1379900589478387
1379900589478731
1379900589478967
1379900589479175
1379900589479994
1379900589480125
1379900589481573
1379900589481894
1379900589482017
1379900589482186
1379900589482353
1379900589482512
1379900589482733
1379900589482974
1379900589483212
1379900589483363
1379900589483501
1379900589491518
1379900589491765
1379900589492042
1379900589492224
1379900589493419
1379900589507680
1379900589660931
1379900589661006
1379900589661075
1379900589661744
1379900589662033
1379900589664017
1379900589664221
1379900589664617
1379900589665017
1379900589665319
1379900589665382
1379900589665786
1379900589665949
1379900589666324
1379900589666515
1379900589666573
1379900589666768
1379900589670779
1379900589672309
1379900589672365
1379900589672695
1379900589695752
1379900589695982
1379900589696805
1379900589697071
1379900589734667
1379900589843186
1379900589843253
1379900589843538
1379900589843602
1379900589843904
1379900589844294
1379900589846326
1379900589846539
1379900589847414
1379900589847475
1379900589847869
1379900589848259
1379900589848837
1379900589848920
1379900589849246
1379900589849300
1379900589849481
1379900589849794
1379900589852313
1379900589852404
1379900589885026
1379900589885739
1379900589886191
1379900590073251
1379900590075466
1379900590075648
1379900590114808
1379900590263602
1379900590299001
1379900590299244
1379900590302255
1379900590473947
1379900590481052
1379900590481258
1379900590491192
1379900590491445
1379900590647603
1379900590677995
1379900590678071
1379900590678134
1379900590678367
1379900590678816
1379900590678919
1379900590853827
1379900590865643
1379900590865925
1379900590866035
1379900590866387
1379900590870397
1379900590906675
1379900591049784
1379900591088828
1379900591088906
1379900591095562
1379900591235232
1379900591235433
1379900591235619
1379900591263520
1379900591263622
1379900591263870
1379900591263951
1379900591269438
1379900591419160
1379900591419392
1379900591454681
1379900591486110
1379900591486466
1379900591667771
1379900591667846
1379900591668114
1379900591671921
1379900591846767
1379900591857923
1379900591858238
1379900591858725
1379900592031641
1379900592034008
1379900592034096
1379900592036908
1379900592041682
1379900592043218
1379900592043310
1379900592043394
1379900592047561
1379900592047662
1379900592047945
1379900592048028
1379900592048289
1379900592048381
1379900592048681
1379900592048765
1379900592048881
1379900592048980
1379900592052852
1379900592052920
1379900592131797
1379900592204682
1379900592204811
1379900592208239
1379900592298297
1379900592298390
1379900592298494
1379900592298704
1379900592326266
1379900592544146
1379900592544212
1379900592550827
1379900592723809
1379900592740129
1379900592740638
1379900592919953
1379900592927992
1379900592929192
1379900592929427
1379900593084998
1379900593100843
1379900593100926
1379900593117159
1379900593251415
1379900593251481
1379900593279990
1379900593282274
1379900593465132
1379900593505271
1379900593693738
1379900593694048
1379900593694125
1379900593694331
1379900593874676
1379900593890434
1379900593890511
1379900593890616
1379900594047301
1379900594047614
1379900594047670
1379900594047774
1379900594047839
1379900594047902
1379900594056338
1379900594056585
1379900594078187
1379900594078440
1379900594078532
1379900594078595
1379900594078689
1379900594079022
1379900594223345
1379900594230567
1379900594230905
1379900594235908
1379900594236369
1379900594237038
1379900594239255
1379900594239327
1379900594239418
1379900594239688
1379900594239761
1379900594241178
1379900594241254
1379900594241457
1379900594242236
1379900594266115
1379900594266202
1379900594266445
1379900594266639
1379900594266702
1379900594267002
1379900594267164
1379900594267671
1379900594267768
1379900594267866
1379900594268136
1379900594417952
1379900594423482
1379900594454033
1379900594454125
1379900594454374
1379900594454651
1379900594454949
1379900594455030
1379900594455238
1379900594455445
1379900594455642
1379900594455715
1379900594455820
1379900594456183
1379900594596565
1379900594600402
1379900594638694
1379900594771884
1379900594792655
1379900594855592
1379900594855816
1379900594855870
1379900594855985
1379900594856035
1379900594894655
1379900594997076
1379900595033999
1379900595038917
1379900595039016
1379900595039218
1379900595039515
1379900595039767
1379900595039910
1379900595047129
1379900595047224
1379900595047439
1379900595047849
1379900595048105
1379900595048390
1379900595048475
1379900595048833
1379900595048996
1379900595049061
1379900595049230
1379900595211381
1379900595211949
1379900595220728
1379900595221045
1379900595221136
1379900595221250
1379900595221568
1379900595221770
1379900595221926
1379900595239140
1379900595239170
1379900595239285
1379900595276169
1379900595276223
1379900595386766
1379900595387003
1379900595387101
1379900595387169
1379900595387436
1379900595387506
1379900595401882
1379900595402023
1379900595418729
1379900595418808
1379900595562628
1379900595562702
1379900595562811
1379900595563127
1379900595563233
1379900595563454
1379900595563528
1379900595768805
1379900595965661
