1378118796348126
1378118796353066
1378118796353279
1378118796379631
1378118796379658
1378118796379772
1378118796379778
1378118796379884
1378118796379890
1378118796380057
1378118796380063
1378118796384916
1378118796384931
1378118796385041
1378118796385045
1378118796385273
1378118796385277
1378118796385378
1378118796385459
1378118796385563
1378118796385570
1378118796385673
1378118796385678
1378118796385781
1378118796385783
1378118796386157
1378118796386165
1378118796386312
1378118796386317
1378118796386422
1378118796386427
1378118796386885
1378118796386893
1378118796387054
1378118796387059
1378118796390622
1378118796390637
1378118796390744
1378118796390748
1378118796390923
1378118796390927
1378118796391037
1378118796391198
1378118796391326
1378118796391823
1378118796391828
1378118796392139
1378118796392146
1378118796392295
1378118796392300
1378118796392431
1378118796392436
1378118796392560
1378118796392566
1378118796393016
1378118796393027
1378118796393134
1378118796393137
1378118796393275
1378118796441597
1378118796446320
1378118796446825
1378118796454968
1378118796466755
1378118796484326
1378118796484522
1378118796503210
1378118796503246
1378118796503363
1378118796503584
1378118796503698
1378118796507206
1378118796507954
1378118796512664
1378118796512694
1378118796512705
1378118796512807
1378118796512944
1378118796513023
1378118796513137
1378118796513146
1378118796516744
1378118796516755
1378118796516963
1378118796516972
1378118796517211
1378118796517219
1378118796517475
1378118796517484
1378118796517848
1378118796517857
1378118796518014
1378118796518021
1378118796518151
1378118796518154
1378118796518525
1378118796518531
1378118796518660
1378118796519004
1378118796521258
1378118796521277
1378118796523761
1378118796523879
1378118796561837
1378118796562243
1378118796567116
1378118796567135
1378118796567148
1378118796567294
1378118796567423
1378118796567503
1378118796567616
1378118796567627
1378118796571298
1378118796571312
1378118796571541
1378118796571553
1378118796571694
1378118796571704
1378118796571825
1378118796571829
1378118796572081
1378118796572092
1378118796572245
1378118796572256
1378118796572389
1378118796572623
1378118796577605
1378118796577622
1378118796577632
1378118796577739
1378118796577853
1378118796577943
1378118796577994
1378118796578051
1378118796581761
1378118796581774
1378118796581884
1378118796581890
1378118796582069
1378118796582075
1378118796582191
1378118796582197
1378118796582434
1378118796582440
1378118796582607
1378118796582613
1378118796582730
1378118796582858
1378118796588134
1378118796588159
1378118796588169
1378118796588466
1378118796588576
1378118796588994
1378118796589114
1378118796625846
1378118796626231
1378118796633267
1378118796633291
1378118796633302
1378118796633429
1378118796633550
1378118796633633
1378118796633745
1378118796633754
1378118796637396
1378118796637405
1378118796637601
1378118796637610
1378118796638107
1378118796638116
1378118796638487
1378118796638495
1378118796638615
1378118796638622
1378118796638932
1378118796638943
1378118796639060
1378118796639068
1378118796639182
1378118796639187
1378118796639306
1378118796639311
1378118796639756
1378118796639765
1378118796639879
1378118796639884
1378118796639918
1378118796640004
1378118796640008
1378118796641642
1378118796641654
1378118796641663
1378118796641928
1378118796642041
1378118796642242
1378118796642353
1378118796642672
1378118796642782
1378118796643369
1378118796643481
1378118796643612
1378118796643719
1378118796643988
1378118796644100
1378118796644365
1378118796644501
1378118796644508
1378118796644614
1378118796644618
1378118796644874
1378118796644883
1378118796645123
1378118796645131
1378118796645383
1378118796645391
1378118796645504
1378118796645512
1378118796645627
1378118796645633
1378118796645890
1378118796645899
1378118796646013
1378118796646020
1378118796646136
1378118796646145
1378118796646259
1378118796646267
1378118796646407
1378118796646416
1378118796646523
1378118796646530
1378118796646645
1378118796646653
1378118796646800
1378118796646808
1378118796646913
1378118796646920
1378118796647360
1378118796647369
1378118796647481
1378118796647489
1378118796647618
1378118796647625
1378118796647764
1378118796647773
1378118796648610
1378118796649103
1378118796649116
1378118796649123
1378118796649280
1378118796649393
1378118796649444
1378118796649554
1378118796649562
1378118796649668
1378118796649675
1378118796649783
1378118796649788
1378118796650038
1378118796650045
1378118796650161
1378118796650168
1378118796650284
1378118796650288
1378118796650408
1378118796650412
1378118796651601
1378118796651611
1378118796651718
1378118796651726
1378118796651854
1378118796652219
1378118796652330
1378118796652474
1378118796652584
1378118796652740
1378118796652862
1378118796652870
1378118796653005
1378118796653013
1378118796653307
1378118796653315
1378118796653449
1378118796654647
1378118796654758
1378118796654931
1378118796655062
1378118796655070
1378118796655208
1378118796655216
1378118796655923
1378118796659034
1378118796659055
1378118796659065
1378118796659167
1378118796659297
1378118796659392
1378118796659520
1378118796660825
1378118796660942
1378118796661048
1378118796661170
1378118796697841
1378118796698402
1378118796703353
1378118796703379
1378118796703388
1378118796703529
1378118796703646
1378118796703734
1378118796703838
1378118796703843
1378118796706879
1378118796745831
1378118796746358
1378118796751076
1378118796751100
1378118796751108
1378118796751247
1378118796751367
1378118796751448
1378118796751565
1378118796751570
1378118796755416
1378118796755428
1378118796755731
1378118796755736
1378118796755988
1378118796755993
1378118796756109
1378118796756114
1378118796756505
1378118796756509
1378118796756772
1378118796756778
1378118796757026
1378118796757029
1378118796757193
1378118796757199
1378118796757303
1378118796757308
1378118796757422
1378118796757442
1378118796757447
1378118796757919
1378118796757925
1378118796757929
1378118796758042
1378118796758150
1378118796760091
1378118796760198
1378118796760347
1378118796760453
1378118796760632
1378118796760738
1378118796760890
1378118796760996
1378118796761251
1378118796761358
1378118796761364
1378118796761470
1378118796761528
1378118796762886
1378118796762995
1378118796763045
1378118796763151
1378118796763156
1378118796763558
1378118796763563
1378118796763669
1378118796764063
1378118796768910
1378118796768924
1378118796769921
1378118796769928
1378118796770035
1378118796770039
1378118796770194
1378118796770198
1378118796770338
1378118796770342
1378118796773552
1378118796773955
1378118796774080
1378118796774087
1378118796778835
1378118796778855
1378118796778962
1378118796778967
1378118796779155
1378118796779159
1378118796779299
1378118796779302
1378118796779672
1378118796783999
1378118796784016
1378118796784023
1378118796784105
1378118796784245
1378118796784331
1378118796784437
1378118796784495
1378118796784610
1378118796821865
1378118796822260
1378118796826398
1378118796826421
1378118796850958
1378118796851385
1378118796876797
1378118796876816
1378118796876826
1378118796876945
1378118796877096
1378118796877186
1378118796877304
1378118796913842
1378118796914266
1378118796939945
1378118796939971
1378118796939982
1378118796940267
1378118796940389
1378118796977851
1378118796978294
1378118797004621
1378118797004649
1378118797004660
1378118797004707
1378118797004822
1378118797004980
1378118797005038
1378118797005091
1378118797029741
1378118797029757
1378118797029978
1378118797029987
1378118797030094
1378118797030102
1378118797030350
1378118797030358
1378118797030470
1378118797030478
1378118797030598
1378118797030606
1378118797030762
1378118797030765
1378118797031210
1378118797031218
1378118797031374
1378118797031378
1378118797031498
1378118797031501
1378118797031617
1378118797032365
1378118797058117
1378118797058142
1378118797058151
1378118797058246
1378118797058358
1378118797058475
1378118797058535
1378118797058587
1378118797083067
1378118797083084
1378118797083307
1378118797083316
1378118797083558
1378118797083567
1378118797083678
1378118797083686
1378118797083954
1378118797083963
1378118797084079
1378118797084087
1378118797084274
1378118797084282
1378118797084824
1378118797084833
1378118797085618
1378118797108709
1378118797108725
1378118797108733
1378118797114883
1378118797115026
1378118797153597
1378118797154041
1378118797154452
1378118797154597
1378118797154624
1378118797159436
1378118797159461
1378118797159471
1378118797159561
1378118797159673
1378118797160767
1378118797160894
1378118797161057
1378118797161167
1378118797161297
1378118797161406
1378118797161552
1378118797161677
1378118797161682
1378118797161862
1378118797161871
1378118797162079
1378118797162086
1378118797162189
1378118797162195
1378118797162340
1378118797162348
1378118797162468
1378118797162473
1378118797162579
1378118797162629
1378118797162737
1378118797162742
1378118797163342
1378118797163352
1378118797163593
1378118797163601
1378118797163714
1378118797163722
1378118797163949
1378118797163957
1378118797164072
1378118797164081
1378118797164329
1378118797164339
1378118797164454
1378118797164458
1378118797164585
1378118797164590
1378118797164713
1378118797164717
1378118797164839
1378118797165692
1378118797165704
1378118797165863
1378118797165934
1378118797166045
1378118797166094
1378118797166208
1378118797166263
1378118797166373
1378118797166430
1378118797166557
1378118797166564
1378118797166688
1378118797166812
1378118797167043
1378118797167162
1378118797167323
1378118797167330
1378118797167422
1378118797167704
1378118797172221
1378118797172350
1378118797174736
1378118797174864
1378118797174873
1378118797174994
1378118797175002
1378118797175132
1378118797179521
1378118797179644
1378118797179940
1378118797181055
1378118797181066
1378118797181408
1378118797181414
1378118797181657
1378118797181663
1378118797187288
1378118797187314
1378118797187324
1378118797187897
1378118797188037
1378118797188116
1378118797188249
1378118797188259
1378118797188379
1378118797188387
1378118797188501
1378118797188505
1378118797188649
1378118797188653
1378118797188788
1378118797188792
1378118797188901
1378118797188903
1378118797189024
1378118797189029
1378118797189169
1378118797189171
1378118797189770
1378118797189776
1378118797189893
1378118797189896
1378118797190024
1378118797190026
1378118797190169
1378118797190171
1378118797190282
1378118797190287
1378118797190402
1378118797190408
1378118797190528
1378118797190841
1378118797205481
1378118797205495
1378118797205888
1378118797207290
1378118797207298
1378118797207510
1378118797207518
1378118797207749
1378118797207753
1378118797207880
1378118797207976
1378118797208082
1378118797208132
1378118797208238
1378118797208242
1378118797208289
1378118797208451
1378118797208457
1378118797208657
1378118797215377
1378118797215390
1378118797215397
1378118797215496
1378118797215609
1378118797215794
1378118797215927
1378118797217348
1378118797217468
1378118797217475
1378118797217595
1378118797217600
1378118797217774
1378118797217777
1378118797217883
1378118797217885
1378118797218010
1378118797220819
1378118797220954
1378118797231019
1378118797231138
1378118797231226
1378118797231335
1378118797231401
1378118797231513
1378118797231517
1378118797232127
1378118797232342
1378118797232348
1378118797232579
1378118797234647
1378118797234662
1378118797234769
1378118797234775
1378118797234900
1378118797234903
1378118797235020
1378118797235265
1378118797235285
1378118797235383
1378118797235432
1378118797235491
1378118797235788
1378118797235793
1378118797235926
1378118797236514
1378118797236521
1378118797236634
1378118797236636
1378118797236772
1378118797236777
1378118797236903
1378118797236907
1378118797237026
1378118797237030
1378118797237171
1378118797237176
1378118797237284
1378118797237288
1378118797237421
1378118797237432
1378118797237434
1378118797237558
1378118797237952
1378118797238064
1378118797238692
1378118797238804
1378118797238878
1378118797239000
1378118797260031
1378118797260157
1378118797260367
1378118797260483
1378118797260534
1378118797260641
1378118797260663
1378118797260739
1378118797260859
1378118797260865
1378118797261492
1378118797261498
1378118797261502
1378118797261614
1378118797261724
1378118797261826
1378118797261933
1378118797262010
1378118797262119
1378118797262169
1378118797262294
1378118797267502
1378118797267625
1378118797267630
1378118797267777
1378118797267780
1378118797267905
1378118797267909
1378118797268029
1378118797268588
1378118797268695
1378118797268746
1378118797268851
1378118797268855
1378118797269015
1378118797269019
1378118797269144
1378118797270473
1378118797270602
1378118797270607
1378118797270721
1378118797270724
1378118797270849
1378118797270854
1378118797270989
1378118797270993
1378118797271150
1378118797271154
1378118797271259
1378118797271679
1378118797298777
1378118797298791
1378118797298798
1378118797298903
1378118797299012
1378118797299155
1378118797299208
1378118797299261
1378118797302900
1378118797302914
1378118797303238
1378118797303242
1378118797303496
1378118797303501
1378118797303754
1378118797303759
1378118797304015
1378118797304019
1378118797304270
1378118797304275
1378118797304392
1378118797304396
1378118797304596
1378118797304602
1378118797305204
1378118797305370
1378118797305467
1378118797305525
1378118797306388
1378118797306392
1378118797306525
1378118797306529
1378118797306667
1378118797306671
1378118797306778
1378118797306782
1378118797309798
1378118797309805
1378118797309932
1378118797312299
1378118797312419
1378118797312425
1378118797312605
1378118797312607
1378118797312748
1378118797312752
1378118797316030
1378118797316902
1378118797317038
1378118797317043
1378118797317278
1378118797317283
1378118797317400
1378118797317405
1378118797317523
1378118797317527
1378118797317648
1378118797317652
1378118797317949
1378118797317953
1378118797318099
1378118797318103
1378118797318220
1378118797318224
1378118797318677
1378118797318685
1378118797318838
1378118797318843
1378118797318988
1378118797318992
1378118797321900
1378118797321911
1378118797322022
1378118797322027
1378118797322201
1378118797322204
1378118797322307
1378118797322311
1378118797322729
1378118797332574
1378118797332690
1378118797332697
1378118797332946
1378118797332952
1378118797333061
1378118797333066
1378118797333182
1378118797333186
1378118797333320
1378118797333324
1378118797333387
1378118797333775
1378118797333782
1378118797334030
1378118797334035
1378118797334258
1378118797334262
1378118797334513
1378118797334518
1378118797334707
1378118797334712
1378118797334833
1378118797334891
1378118797335000
1378118797335050
1378118797335187
1378118797335276
1378118797335382
1378118797335793
1378118797335936
1378118797336018
1378118797336134
1378118797336137
1378118797336254
1378118797336259
1378118797336401
1378118797336451
1378118797336456
1378118797336566
1378118797336571
1378118797336713
1378118797336717
1378118797336821
1378118797336825
1378118797337182
1378118797337491
1378118797337498
1378118797337637
1378118797337642
1378118797337767
1378118797337771
1378118797337886
1378118797337890
1378118797338104
1378118797338109
1378118797338222
1378118797338225
1378118797338343
1378118797338347
1378118797338473
1378118797338476
1378118797338590
1378118797338592
1378118797359029
1378118797359042
1378118797359152
1378118797359157
1378118797359271
1378118797359275
1378118797359433
1378118797359438
1378118797359542
1378118797359546
1378118797360920
1378118797360925
1378118797361044
1378118797361047
1378118797361292
1378118797361296
1378118797361420
1378118797361527
1378118797361654
1378118797361659
1378118797361703
1378118797361762
1378118797361767
1378118797362002
1378118797362008
1378118797362228
1378118797367223
1378118797367245
1378118797367356
1378118797367363
1378118797367472
1378118797367476
1378118797367676
1378118797367681
1378118797367801
1378118797368036
1378118797368094
1378118797368145
1378118797368150
1378118797368313
1378118797368319
1378118797368546
1378118797368555
1378118797368799
1378118797368804
1378118797368926
1378118797368930
1378118797369346
1378118797369351
1378118797369478
1378118797369483
1378118797369595
1378118797369599
1378118797369785
1378118797369789
1378118797369907
1378118797369910
1378118797370167
1378118797370171
1378118797370293
1378118797370297
1378118797370542
1378118797370545
1378118797370663
1378118797370667
1378118797370799
1378118797370812
1378118797370816
1378118797370941
1378118797371015
1378118797371132
1378118797371137
1378118797371244
1378118797371249
1378118797371374
1378118797371612
1378118797371618
1378118797371728
1378118797371731
1378118797371849
1378118797371852
1378118797371982
1378118797371986
1378118797372142
1378118797372147
1378118797372255
1378118797372259
1378118797380059
1378118797384567
1378118797387527
1378118797387655
1378118797387659
1378118797387774
1378118797387779
1378118797387937
1378118797387941
1378118797388233
1378118797388815
1378118797388825
1378118797388938
1378118797388942
1378118797389059
1378118797389063
1378118797389257
1378118797389261
1378118797389484
1378118797394611
1378118797394627
1378118797394633
1378118797397934
1378118797397947
1378118797398054
1378118797398611
1378118797398743
1378118797398747
1378118797398857
1378118797398862
1378118797399003
1378118797399007
1378118797399232
1378118797399237
1378118797399357
1378118797399361
1378118797399475
1378118797399479
1378118797399709
1378118797399713
1378118797399858
1378118797399862
1378118797399980
1378118797400032
1378118797400144
1378118797400149
1378118797400265
1378118797400269
1378118797400403
1378118797400407
1378118797400509
1378118797400513
1378118797400646
1378118797400650
1378118797400759
1378118797400763
1378118797401092
1378118797401096
1378118797401221
1378118797401225
1378118797401339
1378118797401344
1378118797401509
1378118797401514
1378118797401630
1378118797401685
1378118797401794
1378118797401798
1378118797402083
1378118797402087
1378118797402208
1378118797402213
1378118797402329
1378118797402333
1378118797402483
1378118797402487
1378118797402591
1378118797402595
1378118797402746
1378118797402750
1378118797402887
1378118797402892
1378118797403362
1378118797403367
1378118797403372
1378118797406145
1378118797406154
1378118797406397
1378118797406402
1378118797406645
1378118797406648
1378118797406762
1378118797406766
1378118797406881
1378118797406936
1378118797407133
1378118797407138
1378118797407169
1378118797407174
1378118797407276
1378118797407278
1378118797407513
1378118797407518
1378118797407645
1378118797407649
1378118797407755
1378118797407759
1378118797407893
1378118797407897
1378118797408124
1378118797408128
1378118797408278
1378118797408283
1378118797408397
1378118797408551
1378118797408657
1378118797409242
1378118797409347
1378118797409573
1378118797409680
1378118797409731
1378118797409837
1378118797410995
1378118797411129
1378118797411133
1378118797412656
1378118797412660
1378118797412813
1378118797412817
1378118797412931
1378118797412934
1378118797413519
1378118797413524
1378118797413763
1378118797413768
1378118797413903
1378118797413907
1378118797414140
1378118797414145
1378118797414280
1378118797414285
1378118797414394
1378118797414398
1378118797414775
1378118797414780
1378118797414902
1378118797414906
1378118797415025
1378118797415026
1378118797415148
1378118797415150
1378118797415270
1378118797415272
1378118797415397
1378118797415400
1378118797415640
1378118797415644
1378118797415892
1378118797415897
1378118797416022
1378118797416026
1378118797416277
1378118797416281
1378118797416406
1378118797416410
1378118797416523
1378118797416527
1378118797416782
1378118797416787
1378118797416900
1378118797416904
1378118797417030
1378118797417033
1378118797417153
1378118797417157
1378118797417463
1378118797417468
1378118797417614
1378118797417618
1378118797417767
1378118797417772
1378118797417907
1378118797417975
1378118797418083
1378118797418134
1378118797418246
1378118797418250
1378118797418296
1378118797418403
1378118797418406
1378118797418554
1378118797418559
1378118797418612
1378118797418672
1378118797418774
1378118797418776
1378118797418916
1378118797418919
1378118797419332
1378118797419338
1378118797419456
1378118797419460
1378118797419623
1378118797419627
1378118797419745
1378118797419793
1378118797419899
1378118797420020
1378118797420122
1378118797420153
1378118797420158
1378118797421208
1378118797421224
1378118797421231
1378118797421447
1378118797421555
1378118797421689
1378118797421795
1378118797421941
1378118797422067
1378118797422072
1378118797422320
1378118797422324
1378118797422572
1378118797422577
1378118797422703
1378118797422707
1378118797422820
1378118797422824
1378118797423014
1378118797423019
1378118797423127
1378118797423129
1378118797423249
1378118797423251
1378118797423364
1378118797423367
1378118797423485
1378118797423491
1378118797423605
1378118797423609
1378118797423733
1378118797423737
1378118797423854
1378118797423858
1378118797424101
1378118797424106
1378118797424223
1378118797424227
1378118797424356
1378118797424360
1378118797424469
1378118797424472
1378118797424614
1378118797424618
1378118797424726
1378118797424730
1378118797426009
1378118797426014
1378118797426257
1378118797426261
1378118797426381
1378118797426385
1378118797426500
1378118797426503
1378118797426758
1378118797426762
1378118797426880
1378118797426884
1378118797427143
1378118797427147
1378118797427265
1378118797427269
1378118797427410
1378118797427414
1378118797427641
1378118797427645
1378118797427794
1378118797427798
1378118797428318
1378118797428322
1378118797428483
1378118797428487
1378118797428612
1378118797428616
1378118797428732
1378118797428736
1378118797428889
1378118797428894
1378118797429128
1378118797429132
1378118797429378
1378118797429382
1378118797429637
1378118797429641
1378118797429878
1378118797429882
1378118797430134
1378118797430139
1378118797430258
1378118797430262
1378118797430387
1378118797430391
1378118797432750
1378118797432754
1378118797432873
1378118797432876
1378118797432995
1378118797432999
1378118797433406
1378118797433410
1378118797433531
1378118797433536
1378118797433791
1378118797433795
1378118797434301
1378118797434306
1378118797434550
1378118797434555
1378118797434800
1378118797434804
1378118797435042
1378118797435047
1378118797435288
1378118797435293
1378118797435539
1378118797435543
1378118797435791
1378118797435795
1378118797435910
1378118797435914
1378118797436165
1378118797436169
1378118797436418
1378118797436423
1378118797436551
1378118797436556
1378118797436789
1378118797436794
1378118797436924
1378118797436928
1378118797437037
1378118797437041
1378118797437160
1378118797437165
1378118797437378
1378118797437513
1378118797437624
1378118797437649
1378118797437652
1378118797437764
1378118797437767
1378118797438032
1378118797438038
1378118797438154
1378118797438156
1378118797438287
1378118797438292
1378118797438400
1378118797438404
1378118797438589
1378118797438593
1378118797438708
1378118797438713
1378118797438848
1378118797438852
1378118797438964
1378118797438968
1378118797439110
1378118797439114
1378118797439219
1378118797439222
1378118797439347
1378118797439351
1378118797439467
1378118797439471
1378118797439982
1378118797439986
1378118797440115
1378118797440210
1378118797440283
1378118797440317
1378118797440521
1378118797440625
1378118797440629
1378118797440744
1378118797440746
1378118797440854
1378118797440859
1378118797441034
1378118797441038
1378118797441145
1378118797441149
1378118797441266
1378118797441270
1378118797441419
1378118797441423
1378118797441559
1378118797441564
1378118797441670
1378118797441674
1378118797441788
1378118797441793
1378118797441977
1378118797441981
1378118797442095
1378118797442099
1378118797442226
1378118797442230
1378118797443066
1378118797443070
1378118797443584
1378118797443588
1378118797444110
1378118797444115
1378118797444121
1378118797444124
1378118797444161
1378118797444165
1378118797444167
1378118797444170
1378118797444210
1378118797444384
1378118797444389
1378118797444395
1378118797444397
1378118797444435
1378118797444439
1378118797444484
1378118797444573
1378118797444627
1378118797444677
1378118797444780
1378118797444784
1378118797448262
1378118797448267
1378118797448383
1378118797448387
1378118797448505
1378118797448509
1378118797448632
1378118797448636
1378118797448778
1378118797448783
1378118797448903
1378118797448908
1378118797449024
1378118797449027
1378118797449041
1378118797449144
1378118797449201
1378118797449341
1378118797449346
1378118797449398
1378118797449455
1378118797449563
1378118797449568
1378118797449589
1378118797449671
1378118797449676
1378118797449836
1378118797449841
1378118797449943
1378118797449947
1378118797450024
1378118797450054
1378118797450059
1378118797450265
1378118797450271
1378118797450386
1378118797450390
1378118797450576
1378118797450581
1378118797450822
1378118797450826
1378118797450983
1378118797450988
1378118797451851
1378118797451860
1378118797451992
1378118797451997
1378118797452141
1378118797452146
1378118797452280
1378118797452285
1378118797452469
1378118797452473
1378118797452626
1378118797452630
1378118797452735
1378118797452739
1378118797453497
1378118797453501
1378118797453664
1378118797453669
1378118797453801
1378118797453805
1378118797453915
1378118797453919
1378118797454069
1378118797454073
1378118797454178
1378118797454183
1378118797454334
1378118797454338
1378118797454441
1378118797454445
1378118797456098
1378118797456102
1378118797456217
1378118797456221
1378118797456352
1378118797456356
1378118797456465
1378118797456469
1378118797456594
1378118797456598
1378118797456710
1378118797456714
1378118797456846
1378118797456850
1378118797457249
1378118797457254
1378118797457529
1378118797457534
1378118797457882
1378118797457887
1378118797458138
1378118797458143
1378118797458292
1378118797458296
1378118797458404
1378118797458409
1378118797458693
1378118797458697
1378118797458831
1378118797458835
1378118797459072
1378118797459077
1378118797459224
1378118797459228
1378118797459471
1378118797459475
1378118797459639
1378118797459643
1378118797459747
1378118797459752
1378118797460022
1378118797460026
1378118797460697
1378118797460701
1378118797460882
1378118797460886
1378118797461004
1378118797461008
1378118797461242
1378118797461246
1378118797461355
1378118797466733
1378118797466861
1378118797466958
1378118797467062
1378118797467067
1378118797467184
1378118797467187
1378118797467293
1378118797467478
1378118797467575
1378118797467580
1378118797467729
1378118797467734
1378118797467787
1378118797467839
1378118797468063
1378118797468068
1378118797468241
1378118797468245
1378118797468348
1378118797468350
1378118797468755
1378118797468760
1378118797468947
1378118797470461
1378118797470468
1378118797470676
1378118797470681
1378118797470859
1378118797470863
1378118797471028
1378118797471032
1378118797471216
1378118797476655
1378118797476661
1378118797476776
1378118797476780
1378118797476898
1378118797476902
1378118797477052
1378118797477056
1378118797477200
1378118797477204
1378118797477250
1378118797477382
1378118797477386
1378118797477503
1378118797477509
1378118797477774
1378118797477778
1378118797477900
1378118797494198
1378118797494316
1378118797494440
1378118797494573
1378118797494578
1378118797494814
1378118797494818
1378118797494936
1378118797494940
1378118797498136
1378118797498142
1378118797498257
1378118797498261
1378118797498395
1378118797498399
1378118797499052
1378118797499057
1378118797499224
1378118797499229
1378118797499330
1378118797499333
1378118797499459
1378118797499463
1378118797499593
1378118797499597
1378118797499710
1378118797499714
1378118797499834
1378118797499838
1378118797499957
1378118797499961
1378118797500086
1378118797500090
1378118797500201
1378118797500205
1378118797500340
1378118797500344
1378118797500448
1378118797500451
1378118797500582
1378118797500586
1378118797500724
1378118797500728
1378118797500850
1378118797500905
1378118797500971
1378118797501016
1378118797501020
1378118797501159
1378118797501165
1378118797501267
1378118797501269
1378118797501390
1378118797501394
1378118797501506
1378118797501510
1378118797501643
1378118797501647
1378118797503186
1378118797503191
1378118797503304
1378118797503308
1378118797503426
1378118797503432
1378118797503550
1378118797503554
1378118797503705
1378118797503777
1378118797503883
1378118797523779
1378118797523921
1378118797526098
1378118797526206
1378118797526272
1378118797526390
1378118797526482
1378118797526589
1378118797555342
1378118797555462
1378118797555468
1378118797555585
1378118797555588
1378118797555841
1378118797555846
1378118797555964
1378118797555968
1378118797556227
1378118797556231
1378118797556357
1378118797556362
1378118797556745
1378118797556750
1378118797557004
1378118797557008
1378118797557248
1378118797557252
1378118797557373
1378118797557377
1378118797557672
1378118797557676
1378118797557835
1378118797557839
1378118797557942
1378118797557946
1378118797558094
1378118797558098
1378118797558223
1378118797558239
1378118797558243
1378118797558349
1378118797558353
1378118797558495
1378118797558499
1378118797558964
1378118797558968
1378118797559396
1378118797559401
1378118797559407
1378118797559410
1378118797559445
1378118797559449
1378118797559451
1378118797559454
1378118797559494
1378118797559499
1378118797559503
1378118797559676
1378118797559681
1378118797722595
1378118797727899
1378118797728221
1378118797737421
1378118797737447
1378118797754359
1378118797754633
1378118797775610
1378118797775641
1378118797775740
1378118797775856
1378118797781389
1378118797781504
1378118797781511
1378118797781672
1378118797781677
1378118797781779
1378118797781782
1378118797782045
1378118797782049
1378118797881716
1378118797893124
1378118797930927
1378118797936403
1378118797937032
1378118797941880
1378118797941887
1378118797941891
1378118797942049
1378118797942168
1378118797942261
1378118797942364
1378118797942368
1378118797946228
1378118797946234
1378118797946583
1378118797946587
1378118797946772
1378118797946776
1378118797947512
1378118797952756
1378118797952776
1378118797953175
1378118797953185
1378118797953513
1378118797953624
1378118797953675
1378118797953803
1378118797953808
1378118797954345
1378118797954349
1378118797954597
1378118797954602
1378118797954938
1378118797954943
1378118797958355
1378118797958361
1378118797958746
1378118797958752
1378118797958909
1378118797958913
1378118797959021
1378118797959024
1378118797959142
1378118797959146
1378118797959335
1378118797962021
1378118797974172
1378118797974227
1378118797974283
1378118797974559
1378118797974565
1378118797974680
1378118797974684
1378118797974982
1378118797974986
1378118797975125
1378118797975130
1378118797975247
1378118798009028
1378118798009146
1378118798045845
1378118798046107
1378118798059730
1378118798109258
1378118798111003
1378118798111175
1378118798135078
1378118798135102
1378118798135808
1378118798135818
1378118798136316
1378118798136324
1378118798136636
1378118798136642
1378118798161029
1378118798161050
1378118798161059
1378118798161296
1378118798161402
1378118798161407
1378118798161640
1378118798161645
1378118798161763
1378118798161766
1378118798161960
1378118798161966
1378118798162147
1378118798162152
1378118798162663
1378118798162671
1378118798162913
1378118798162918
1378118798163035
1378118798163157
1378118798163162
1378118798163281
1378118798163286
1378118798163594
1378118798163866
1378118798163974
1378118798164113
1378118798164221
1378118798164364
1378118798164498
1378118798164502
1378118798164644
1378118798164649
1378118798164753
1378118798164758
1378118798164875
1378118798164880
1378118798165249
1378118798165256
1378118798165501
1378118798165507
1378118798165622
1378118798165627
1378118798165897
1378118798165902
1378118798166025
1378118798166082
1378118798166190
1378118798166271
1378118798166386
1378118798166391
1378118798166511
1378118798166514
1378118798166732
1378118798166737
1378118798166847
1378118798166852
1378118798167010
1378118798167015
1378118798167633
1378118798167637
1378118798167840
1378118798167844
1378118798167973
1378118798168191
1378118798168200
1378118798168309
1378118798168475
1378118798168480
1378118798168584
1378118798168585
1378118798168836
1378118798168840
1378118798169079
1378118798169084
1378118798169268
1378118798169273
1378118798169383
1378118798169387
1378118798169512
1378118798169517
1378118798169637
1378118798169641
1378118798169766
1378118798169770
1378118798169919
1378118798169923
1378118798170046
1378118798170110
1378118798170215
1378118798170391
1378118798170636
1378118798170644
1378118798170762
1378118798170766
1378118798170929
1378118798170934
1378118798171048
1378118798171052
1378118798171207
1378118798171212
1378118798171342
1378118798171346
1378118798171462
1378118798171466
1378118798171504
1378118798171619
1378118798171623
1378118798171765
1378118798171770
1378118798171898
1378118798171902
1378118798172022
1378118798172087
1378118798172222
1378118798172227
1378118798172335
1378118798172337
1378118798172457
1378118798172463
1378118798172605
1378118798172608
1378118798172716
1378118798172718
1378118798172861
1378118798172865
1378118798172971
1378118798172976
1378118798173092
1378118798173097
1378118798173232
1378118798173234
1378118798173339
1378118798173344
1378118798174700
1378118798177940
1378118798186646
1378118798186765
1378118798186771
1378118798186948
1378118798186952
1378118798187053
1378118798187193
1378118798187197
1378118798187329
1378118798187334
1378118798188569
1378118798188580
1378118798188688
1378118798188695
1378118798188936
1378118798188938
1378118798189059
1378118798189064
1378118798189178
1378118798189183
1378118798189317
1378118798189322
1378118798189635
1378118798189641
1378118798189758
1378118798189762
1378118798189923
1378118798189928
1378118798190075
1378118798190079
1378118798190196
1378118798190200
1378118798190321
1378118798190384
1378118798190489
1378118798190726
1378118798190832
1378118798190905
1378118798191014
1378118798191246
1378118798198288
1378118798198309
1378118798198551
1378118798198610
1378118798198667
1378118798198780
1378118798198784
1378118798198900
1378118798198904
1378118798199073
1378118798199173
1378118798199177
1378118798199295
1378118798199299
1378118798199411
1378118798199413
1378118798199794
1378118798199800
1378118798200051
1378118798200055
1378118798200167
1378118798200413
1378118798200655
1378118798200661
1378118798200763
1378118798200765
1378118798200883
1378118798200887
1378118798201120
1378118798201125
1378118798201244
1378118798201248
1378118798201437
1378118798201441
1378118798201545
1378118798201547
1378118798202104
1378118798202110
1378118798202221
1378118798202223
1378118798202358
1378118798202360
1378118798202610
1378118798202616
1378118798202738
1378118798202794
1378118798202903
1378118798202953
1378118798203009
1378118798203068
1378118798203176
1378118798203178
1378118798203286
1378118798203290
1378118798203481
1378118798203485
1378118798203740
1378118798203745
1378118798203877
1378118798203881
1378118798204118
1378118798204122
1378118798204253
1378118798204257
1378118798204539
1378118798204544
1378118798204659
1378118798204709
1378118798204815
1378118798204820
1378118798204937
1378118798204940
1378118798205064
1378118798205067
1378118798205195
1378118798205199
1378118798205315
1378118798205318
1378118798205473
1378118798205487
1378118798205491
1378118798205985
1378118798205999
1378118798206115
1378118798206223
1378118798206272
1378118798206377
1378118798206382
1378118798206534
1378118798206538
1378118798206645
1378118798206647
1378118798206804
1378118798206808
1378118798206912
1378118798206915
1378118798207036
1378118798207040
1378118798207211
1378118798207215
1378118798207334
1378118798207337
1378118798207452
1378118798207455
1378118798207616
1378118798207620
1378118798207660
1378118798207723
1378118798207728
1378118798207904
1378118798207915
1378118798208158
1378118798210122
1378118798211070
1378118798212127
1378118798215485
1378118798215497
1378118798215604
1378118798215606
1378118798215848
1378118798215853
1378118798215982
1378118798215986
1378118798216094
1378118798216096
1378118798216229
1378118798216233
1378118798216413
1378118798216418
1378118798216557
1378118798216561
1378118798216699
1378118798216906
1378118798217396
1378118798217402
1378118798217519
1378118798217522
1378118798217697
1378118798217700
1378118798217942
1378118798217946
1378118798218061
1378118798218064
1378118798218512
1378118798218516
1378118798218630
1378118798218633
1378118798219025
1378118798219029
1378118798219236
1378118798219240
1378118798219343
1378118798219347
1378118798219504
1378118798219508
1378118798219629
1378118798219689
1378118798219800
1378118798219805
1378118798219947
1378118798219951
1378118798220241
1378118798220245
1378118798220362
1378118798220366
1378118798220499
1378118798220504
1378118798221631
1378118798226317
1378118798226476
1378118798227431
1378118798228073
1378118798228204
1378118798228300
1378118798228407
1378118798228458
1378118798228564
1378118798228568
1378118798228690
1378118798231676
1378118798231787
1378118798231860
1378118798231964
1378118798236172
1378118798236293
1378118798236298
1378118798236455
1378118798236460
1378118798236563
1378118798236622
1378118798240240
1378118798240246
1378118798240381
1378118798240385
1378118798240631
1378118798240636
1378118798240753
1378118798240758
1378118798240946
1378118798240950
1378118798241062
1378118798241066
1378118798243747
1378118798244688
1378118798244775
1378118798244796
1378118798244947
1378118798245057
1378118798245224
1378118798245362
1378118798245366
1378118798245699
1378118798245704
1378118798245830
1378118798245835
1378118798246041
1378118798246045
1378118798246310
1378118798246314
1378118798246439
1378118798246443
1378118798246794
1378118798246798
1378118798246957
1378118798246962
1378118798247064
1378118798247069
1378118798247619
1378118798247623
1378118798247746
1378118798285854
1378118798286403
1378118798297697
1378118798297817
1378118798298733
1378118798298871
1378118798298875
1378118798298988
1378118798298990
1378118798299105
1378118798299110
1378118798308760
1378118798308775
1378118798309008
1378118798309012
1378118798309263
1378118798309269
1378118798309518
1378118798309524
1378118798309636
1378118798309638
1378118798309931
1378118798309937
1378118798310050
1378118798310053
1378118798310193
1378118798310197
1378118798310547
1378118798310551
1378118798310701
1378118798310706
1378118798310812
1378118798310816
1378118798319148
1378118798319161
1378118798319268
1378118798319272
1378118798319405
1378118798319407
1378118798319520
1378118798319522
1378118798319711
1378118798319715
1378118798319840
1378118798342895
1378118798346718
1378118798346883
1378118798351600
1378118798351608
1378118798351784
1378118798351789
1378118798351998
1378118798352002
1378118798352107
1378118798352111
1378118798356071
1378118798356079
1378118798356197
1378118798356199
1378118798356437
1378118798356442
1378118798356560
1378118798356565
1378118798356692
1378118798356696
1378118798356807
1378118798356811
1378118798357088
1378118798357093
1378118798357265
1378118798357269
1378118798357385
1378118798415788
1378118798495664
1378118798495982
1378118798537288
1378118798550409
1378118798552829
1378118798554441
1378118798555081
1378118798555934
1378118798576206
1378118798576227
1378118798576235
1378118798576327
1378118798576440
1378118798576492
1378118798576545
1378118798576603
1378118798576708
1378118798576711
1378118798576813
1378118798576818
1378118798577206
1378118798577213
1378118798577328
1378118798577332
1378118798577465
1378118798577467
1378118798577598
1378118798577604
1378118798578096
1378118798578104
1378118798578232
1378118798578386
1378118798578496
1378118798578645
1378118798578752
1378118798578913
1378118798579027
1378118798579031
1378118798579614
1378118798579622
1378118798579737
1378118798579739
1378118798579986
1378118798579991
1378118798580233
1378118798580238
1378118798580353
1378118798580356
1378118798580475
1378118798580480
1378118798580638
1378118798580737
1378118798580742
1378118798580869
1378118798580876
1378118798581554
1378118798581562
1378118798581676
1378118798581681
1378118798581923
1378118798581927
1378118798582044
1378118798582048
1378118798582311
1378118798582317
1378118798582539
1378118798582544
1378118798582664
1378118798582717
1378118798582822
1378118798582827
1378118798582966
1378118798582970
1378118798583072
1378118798583077
1378118798583202
1378118798583206
1378118798583413
1378118798583418
1378118798583531
1378118798583535
1378118798583654
1378118798583658
1378118798583775
1378118798583777
1378118798584180
1378118798584187
1378118798584445
1378118798584450
1378118798584564
1378118798584679
1378118798584785
1378118798584929
1378118798585038
1378118798585093
1378118798585204
1378118798585209
1378118798585326
1378118798585329
1378118798585461
1378118798585463
1378118798585569
1378118798585574
1378118798585705
1378118798585710
1378118798585848
1378118798585853
1378118798585984
1378118798585989
1378118798586126
1378118798586128
1378118798586251
1378118798586310
1378118798586430
1378118798586435
1378118798586559
1378118798586561
1378118798586693
1378118798586695
1378118798587762
1378118798587771
1378118798587928
1378118798587933
1378118798588058
1378118798588062
1378118798588214
1378118798588219
1378118798588355
1378118798588360
1378118798588472
1378118798588474
1378118798588621
1378118798588627
1378118798588743
1378118798588748
1378118798588864
1378118798588868
1378118798589025
1378118798589027
1378118798589131
1378118798589136
1378118798589255
1378118798589259
1378118798589383
1378118798589387
1378118798589502
1378118798589507
1378118798589650
1378118798589655
1378118798589773
1378118798589777
1378118798603085
1378118798603206
1378118798603261
1378118798603317
1378118798603368
1378118798603554
1378118798603625
1378118798603730
1378118798603734
1378118798603958
1378118798603962
1378118798604078
1378118798604080
1378118798604521
1378118798604525
1378118798604640
1378118798604644
1378118798604832
1378118798604837
1378118798604939
1378118798604941
1378118798605236
1378118798605242
1378118798605409
1378118798605413
1378118798605515
1378118798605518
1378118798605642
1378118798605647
1378118798605770
1378118798605774
1378118798605892
1378118798605896
1378118798606083
1378118798608500
1378118798608621
1378118798608626
1378118798608745
1378118798608747
1378118798608998
1378118798609003
1378118798609117
1378118798609121
1378118798609242
1378118798609246
1378118798609363
1378118798609366
1378118798609546
1378118798609551
1378118798609684
1378118798609688
1378118798610446
1378118798610452
1378118798614544
1378118798614560
1378118798614789
1378118798614794
1378118798615029
1378118798615034
1378118798615152
1378118798615156
1378118798615330
1378118798615335
1378118798615439
1378118798615443
1378118798615561
1378118798615565
1378118798615820
1378118798615825
1378118798616447
1378118798616452
1378118798616580
1378118798616584
1378118798616940
1378118798616945
1378118798617077
1378118798617081
1378118798617190
1378118798617194
1378118798617443
1378118798617447
1378118798617572
1378118798617576
1378118798617691
1378118798617695
1378118798617811
1378118798617813
1378118798617947
1378118798617951
1378118798618059
1378118798618061
1378118798618232
1378118798618237
1378118798618471
1378118798618476
1378118798618595
1378118798618600
1378118798618716
1378118798618719
1378118798618958
1378118798618962
1378118798619072
1378118798619076
1378118798619205
1378118798619209
1378118798619680
1378118798619685
1378118798619848
1378118798619852
1378118798619985
1378118798620085
1378118798620191
1378118798620245
1378118798620354
1378118798620358
1378118798620475
1378118798620480
1378118798620621
1378118798620626
1378118798620753
1378118798682061
1378118798686384
1378118798686407
1378118798690700
1378118798701174
1378118798706003
1378118798706022
1378118798706030
1378118798706221
1378118798706326
1378118798709159
1378118798710991
1378118798711006
1378118798711239
1378118798711244
1378118798711375
1378118798711377
1378118798711490
1378118798711493
1378118798711747
1378118798711752
1378118798711866
1378118798714080
1378118798714193
1378118798714247
1378118798714355
1378118798714446
1378118798714559
1378118799068766
1378118799068783
1378118799080135
1378118799118866
1378118799131685
1378118799238715
1378118799238744
1378118799242357
1378118799250566
1378118799250740
1378118799255820
1378118799255841
1378118799255849
1378118799256175
1378118799256230
1378118799256301
1378118799256562
1378118799256567
1378118799256682
1378118799256684
1378118799256812
1378118799256817
1378118799257358
1378118799257364
1378118799257480
1378118799257482
1378118799257624
1378118799257630
1378118799258068
1378118799258073
1378118799258187
1378118799297866
1378118799334887
1378118799373668
1378118799410878
1378118799414855
1378118799415231
1378118799416477
1378118799416493
1378118799416735
1378118799416739
1378118799416981
1378118799416991
1378118799417100
1378118799417105
1378118799417354
1378118799417364
1378118799417478
1378118799417484
1378118799417797
1378118799417809
1378118799417919
1378118799417927
1378118799418076
1378118799418080
1378118799418228
1378118799418231
1378118799418900
1378118799421694
1378118799421817
1378118799421870
1378118799421993
1378118799422078
1378118799422150
1378118799422197
1378118799422205
1378118799422761
1378118799422874
1378118799423015
1378118799423125
1378118799423391
1378118799423502
1378118799423539
1378118799423557
1378118799423648
1378118799423703
1378118799423767
1378118799424233
1378118799424241
1378118799424350
1378118799424358
1378118799424475
1378118799424479
1378118799424619
1378118799424627
1378118799424764
1378118799424768
1378118799428379
1378118799428760
1378118799432688
1378118799469670
1378118799482218
1378118799482470
1378118799498470
1378118799498480
1378118799503307
1378118799503316
1378118799523391
1378118799528130
1378118799528153
1378118799528159
1378118799533136
1378118799533276
1378118799533281
1378118799533825
1378118799534474
1378118799539990
1378118799540008
1378118799544326
1378118799581847
1378118799618878
1378118799657845
1378118799694852
1378118799699285
1378118799716245
1378118799716366
1378118799716429
1378118799716648
1378118799716769
1378118799733989
1378118799734109
1378118799734224
1378118799734474
1378118799734598
1378118799734785
1378118799734908
1378118799735038
1378118799735566
1378118799735722
1378118799751823
1378118799752004
1378118799752177
1378118799752707
1378118799753046
1378118799753176
1378118799764992
1378118799769458
1378118799769473
1378118799795324
1378118799795332
1378118799795339
1378118799795697
1378118799795816
1378118799833845
1378118799834265
1378118799841991
1378118799842015
1378118799869053
1378118799869189
1378118799909289
1378118799910247
1378118799910422
1378118799917563
1378118799917585
1378118799935283
1378118799935404
1378118799935412
1378118799935634
1378118799935637
1378118799935807
1378118799935812
1378118799935816
1378118799950932
1378118799950956
1378118799951067
1378118799951118
1378118799951236
1378118799951414
1378118799951468
1378118799951522
1378118799955260
1378118799955591
1378118799955713
1378118799955949
1378118799964024
1378118799965886
1378118800005873
1378118800040851
1378118800041000
1378118800067408
1378118800067557
1378118800067652
1378118800067761
1378118800067896
1378118800068031
1378118800068037
1378118800068279
1378118800068285
1378118800068401
1378118800068407
1378118800068725
1378118800068731
1378118800068846
1378118800068852
1378118800068992
1378118800068998
1378118800069103
1378118800069109
1378118800069608
1378118800069615
1378118800069719
1378118800069730
1378118800179222
1378118800192500
1378118800192530
1378118800209639
1378118800209997
1378118800217840
1378118800217991
1378118800228387
1378118800228508
1378118800228652
1378118800228765
1378118800246016
1378118800246099
1378118800246285
1378118800246395
1378118800246529
1378118800250030
1378118800281956
1378118800282215
1378118800315415
1378118800522927
1378118800529185
1378118800529360
1378118800530442
1378118800530611
1378118800542088
1378118800542105
1378118800547669
1378118800548015
1378118800549234
1378118800549243
1378118800549600
1378118800549606
1378118800549726
1378118800549730
1378118800549849
1378118800549852
1378118800549968
1378118800549972
1378118800550094
1378118800550096
1378118800550220
1378118800550225
1378118800550699
1378118800550705
1378118800550957
1378118800550962
1378118800551076
1378118800551081
1378118800551229
1378118800551234
1378118800551355
1378118800551683
1378118800551791
1378118800551846
1378118800551955
1378118800552004
1378118800552125
1378118800552129
1378118800552250
1378118800552277
1378118800552282
1378118800552408
1378118800552411
1378118800553017
1378118800553023
1378118800553149
1378118800554961
1378118800555077
1378118800555082
1378118800555325
1378118800555331
1378118800555450
1378118800555455
1378118800555573
1378118800555576
1378118800555701
1378118800555706
1378118800556078
1378118800556084
1378118800556268
1378118800557001
1378118800557117
1378118800557242
1378118800557353
1378118800557405
1378118800557531
1378118800557534
1378118800557670
1378118800558055
1378118800558173
1378118800558266
1378118800558383
1378118800558389
1378118800558509
1378118800558514
1378118800558634
1378118800558639
1378118800558756
1378118800558761
1378118800558887
1378118800562454
1378118800562572
1378118800562882
1378118800567166
1378118800569435
1378118800574877
1378118800574900
1378118800574906
1378118800574999
1378118800575110
1378118800575223
1378118800575278
1378118800575331
1378118800575521
1378118800575525
1378118800575631
1378118800575634
1378118800579218
1378118800579235
1378118800579394
1378118800579397
1378118800579533
1378118800579538
1378118800580601
1378118800580613
1378118800580847
1378118800580853
1378118800580963
1378118800580965
1378118800581100
1378118800581105
1378118800581208
1378118800581210
1378118800581335
1378118800581339
1378118800581459
1378118800581464
1378118800581777
1378118800581784
1378118800581898
1378118800581900
1378118800582057
1378118800582063
1378118800582166
1378118800582171
1378118800585922
1378118800585939
1378118800586063
1378118800613711
1378118800613827
1378118800624811
1378118800625268
1378118800638003
1378118800638021
1378118800677848
1378118800678410
1378118800678417
1378118800683454
1378118800683581
1378118800683586
1378118800688563
1378118800693272
1378118800693291
1378118800693297
1378118800699950
1378118800700093
1378118800700515
1378118800705231
1378118800705250
1378118800712668
1378118800749840
1378118800894029
1378118800894053
1378118800897810
1378118800934816
1378118800938418
1378118800938934
1378118800939447
1378118800939453
1378118800939800
1378118800946673
1378118800946857
1378118800947039
1378118800947043
1378118800947160
1378118800947286
1378118800980067
1378118800992480
1378118800992758
1378118801007584
1378118801008476
1378118801008577
1378118801008583
1378118801015346
1378118801092924
1378118801119176
1378118801119200
1378118801119309
1378118801119314
1378118801119542
1378118801119548
1378118801119658
1378118801119663
1378118801119778
1378118801119782
1378118801119910
1378118801119913
1378118801120183
1378118801120190
1378118801120364
1378118801120372
1378118801153171
1378118801176770
1378118801176946
1378118801179872
1378118801204064
1378118801204187
1378118801204194
1378118801204571
1378118801204616
1378118801204625
1378118801204769
1378118801204775
1378118801204910
1378118801218139
1378118801218276
1378118801218615
1378118801218746
1378118801257841
1378118801258331
1378118801258342
1378118801275143
1378118801275468
1378118801286896
1378118801287006
1378118801287256
1378118801299374
1378118801299699
1378118801312908
1378118801312928
1378118801324243
1378118801324515
1378118801336659
1378118801353008
1378118801363801
1378118801364100
1378118801364107
1378118801376444
1378118801522925
1378118801522933
1378118801523161
1378118801523165
1378118801541457
1378118801548269
1378118801566114
1378118801566227
1378118801605844
1378118801606250
1378118801622127
1378118801622145
1378118801627015
1378118801627312
1378118801631961
1378118801631980
1378118801632117
1378118801632123
1378118801632262
1378118801654064
1378118801654072
1378118801660425
1378118801668313
1378118801668336
1378118801680623
1378118801718774
1378118801727819
1378118801733632
1378118801740170
1378118801741850
1378118801742225
1378118801754624
1378118801754644
1378118801793848
1378118801794255
1378118801809310
1378118801809327
1378118801813132
1378118803722293
1378118803735121
1378118804641679
1378118804645521
1378118804645756
1378118804650521
1378118807726899
1378118807739791
1378118810875314
1378118810875608
1378118810876039
1378118814640602
1378118814644443
1378118814644764
1378118814649370
1378118815734784
1378118815747714
1378118825876160
1378118831728731
1378118831741482
1378118831741821
1378118831756445
1378118831756477
1378118831769443
1378118860927200
1378118860927540
1378118860939176
1378118860939527
1378118860939538
1378118860982537
1378118861021608
1378118863741232
1378118863754030
1378118876726522
1378118876739073
1378118876739378
1378118876754031
1378118876757511
1378118885746595
1378118885783527
1378118885787634
1378118885788133
1378118885788623
1378118885788736
1378118885789339
1378118885789786
1378118885790311
1378118885790422
1378118885790762
1378118885798013
1378118885802704
1378118885802728
1378118885809873
1378118885809998
1378118885810416
1378118885810640
1378118885810758
1378118885813768
1378118885813876
1378118885816619
