1379398361583552
1379398362120641
1379398362120967
1379398362200150
1379398362204906
1379398362209314
1379398362215014
1379398362215198
1379398362218000
1379398362330402
1379398362330690
1379398362330761
1379398362330948
1379398362336166
1379398362340606
1379398362344569
1379398362349459
1379398362349747
1379398362349848
1379398362350006
1379398362353570
1379398362353817
1379398362354106
1379398362354287
1379398362354368
1379398362354566
1379398362354805
1379398362363430
1379398362368486
1379398362468460
1379398362473255
1379398362540361
1379398362540475
1379398362540542
1379398362540734
1379398362540912
1379398362541108
1379398362541279
1379398362541448
1379398362632033
1379398362749534
1379398362757179
1379398362757267
1379398362757327
1379398362757795
1379398362854972
1379398362875205
1379398362887190
1379398362887451
1379398362905212
1379398363004614
1379398363006214
1379398363105543
1379398363105882
1379398363146575
