1380227345296836
1380227345739765
1380227345739874
1380227345739961
1380227345862342
1380227345862485
1380227345864133
1380227345864330
1380227345894695
1380227345986805
1380227345987005
1380227345987095
1380227345987206
1380227345987359
1380227345987709
1380227345987815
1380227345988567
1380227345988957
1380227346026128
1380227346031328
1380227346031517
1380227346150476
1380227346154902
1380227346155141
1380227346155496
1380227346155808
1380227346163730
1380227346163843
1380227346164047
1380227346277704
1380227346281211
1380227346281444
1380227346281546
1380227346281712
1380227346281862
1380227346282047
1380227346282123
1380227346282381
1380227346287906
1380227346405547
1380227346405722
1380227346406136
1380227346407563
1380227346529739
1380227346581250
1380227346581372
1380227346581526
1380227346670369
1380227346670554
1380227346670673
1380227346688736
1380227346816411
1380227346816506
1380227346848540
1380227346937072
1380227346937167
1380227346937487
1380227346937739
1380227346967541
1380227347058939
1380227347059205
1380227347059316
1380227347059414
1380227347059507
1380227347059700
1380227347059794
1380227347059904
1380227347091438
1380227347138956
1380227347139043
1380227347180548
1380227347181366
1380227347182057
1380227347182143
1380227347182304
1380227347182347
1380227347182494
1380227347182646
1380227347184979
1380227347185165
1380227347241066
1380227347250752
1380227347384485
1380227347421961
1380227347541135
1380227347546696
1380227347660533
1380227347665601
1380227347789846
1380227347830182
1380227347954618
1380227347956929
1380227347957101
1380227348044756
1380227348081326
1380227348081854
1380227348082035
1380227348083071
1380227348083161
1380227348086525
1380227348092263
1380227348139631
1380227348139731
1380227348178226
1380227348207031
1380227348207181
1380227348207501
1380227348207590
1380227348251296
1380227348301712
1380227348304859
1380227348306622
1380227348308047
1380227348308184
1380227348308309
1380227348308388
1380227348430588
1380227348448333
1380227348562566
1380227348562648
1380227348562771
1380227348571308
1380227348685771
1380227348685867
1380227348685984
1380227348686621
1380227348686727
1380227348695806
1380227348734216
1380227348859065
1380227348867527
1380227348983737
1380227348993211
1380227349029769
1380227349116407
1380227349119675
1380227349119927
1380227349157766
1380227349243220
1380227349250029
1380227349250303
1380227349250506
1380227349350290
1380227349350854
1380227349355970
1380227349371408
1380227349371495
1380227349373059
1380227349373259
1380227349373767
1380227349374144
1380227349374265
1380227349374545
1380227349405310
1380227349456171
1380227349458453
1380227349458591
1380227349458694
1380227349458784
1380227349458811
1380227349458937
1380227349459008
1380227349459070
1380227349459209
1380227349459341
1380227349467401
1380227349473654
1380227349473870
1380227349474099
1380227349477923
1380227349478006
1380227349478321
1380227349478374
1380227349478527
1380227349487151
1380227349487241
1380227349487473
1380227349487526
1380227349491187
1380227349491443
1380227349491673
1380227349491999
1380227349492061
1380227349492200
1380227349495744
1380227349495952
1380227349496068
1380227349496148
1380227349497296
1380227349497659
1380227349497784
1380227349497898
1380227349498336
1380227349498451
1380227349498548
1380227349498662
1380227349498813
1380227349499291
1380227349499431
1380227349499760
1380227349499913
1380227349500052
1380227349501309
1380227349504918
1380227349505094
1380227349505449
1380227349505511
1380227349507005
1380227349525352
1380227349556730
1380227349581033
1380227349585392
1380227349585408
1380227349585477
1380227349586551
1380227349586580
1380227349586647
1380227349619458
1380227349619720
1380227349619989
1380227349620247
1380227349620737
1380227349620817
1380227349621119
1380227349632428
1380227349683609
1380227349683703
1380227349683765
1380227349683833
1380227349706165
1380227349706362
1380227349706504
1380227349706588
1380227349708834
1380227349717944
1380227349718053
1380227349718164
1380227349718521
1380227349718630
1380227349719030
1380227349719159
1380227349719670
1380227349719867
1380227349729050
1380227349743585
1380227349743812
1380227349744749
1380227349745466
1380227349745584
1380227349745700
1380227349745859
1380227349745974
1380227349746097
1380227349746201
1380227349746314
1380227349746406
1380227349746737
1380227349748095
1380227349753277
1380227349753385
1380227349753609
1380227349753856
1380227349762153
1380227349762180
1380227349762253
1380227349762872
1380227349763022
1380227349763267
1380227349763371
1380227349763610
1380227349763707
1380227349773527
1380227349807862
1380227349845778
1380227349845811
1380227349873035
1380227349978321
1380227349979622
1380227350110434
1380227350149752
1380227350150162
1380227350188958
