1380395194265783
1380395195847466
1380395195847567
1380395195847652
1380395195970269
1380395195970358
1380395195970724
1380395195970989
1380395195971091
1380395196091310
1380395196094409
1380395196094566
1380395196094662
1380395196094769
1380395196095491
1380395196095608
1380395196215484
1380395196216805
1380395196217057
1380395196217256
1380395196217356
1380395196217459
1380395196217745
1380395196218009
1380395196218200
1380395196218723
1380395196218898
1380395196219128
1380395196219540
1380395196219789
1380395196220102
1380395196851800
1380395196888645
1380395196888721
1380395196888828
1380395196923324
1380395197145551
1380395197268389
1380395197269110
1380395197269188
1380395197269582
1380395197309517
1380395197397412
1380395197397510
1380395197434738
1380395197434825
1380395197435114
1380395197435544
1380395197514864
1380395197519829
1380395197519889
1380395197520217
1380395197523015
1380395197557329
1380395197557371
1380395197557854
1380395197558595
1380395197559364
1380395197681667
1380395197721534
1380395197834424
1380395197835608
1380395197835714
1380395197835776
1380395197835832
1380395197835888
1380395197850392
1380395197851118
1380395197851222
1380395197851653
1380395197950340
1380395197950796
1380395197951011
1380395197951440
1380395197961809
1380395197962969
1380395197963469
1380395197963696
1380395197963725
1380395197964375
1380395197964424
1380395197964519
1380395197964618
1380395197964700
1380395197965185
1380395197971929
1380395197974049
1380395198054249
1380395198081301
1380395198081368
1380395198081465
1380395198081524
1380395198081580
1380395198081637
1380395198100460
1380395198100532
1380395198111181
1380395198111250
1380395198197137
1380395198197241
1380395198197857
1380395198198942
1380395198199532
1380395198199956
1380395198200047
1380395198206759
1380395198207350
1380395198207613
1380395198208381
1380395198208778
1380395198208945
1380395198215448
1380395198236546
1380395198236628
1380395198326549
1380395198327191
1380395198327592
1380395198327784
1380395198354529
1380395198436425
1380395198438357
1380395198438534
1380395198438829
1380395198439001
1380395198472715
1380395198472801
1380395198473123
1380395198473254
1380395198519829
1380395198587590
1380395198589540
1380395198589816
1380395198589999
1380395198590545
1380395198624731
1380395198647374
1380395198648585
1380395198700515
1380395198731026
1380395198731116
1380395198731382
1380395198731491
1380395198764937
1380395198773565
1380395198774004
1380395198774549
1380395198777797
1380395198777945
1380395198817346
1380395198837964
1380395198838987
1380395198841000
1380395198841249
1380395198841366
1380395198841921
1380395198842022
1380395198885248
1380395198901217
1380395198902164
1380395198905126
1380395198905437
1380395198905655
1380395198906063
1380395198906228
1380395198906327
1380395198906599
1380395198907039
1380395198946638
1380395198947174
1380395198950575
1380395198950924
1380395198951095
1380395198951567
1380395198951717
1380395198951843
1380395198952166
1380395198953142
1380395198953231
1380395198953551
1380395198991089
1380395198991320
1380395198991574
1380395198991779
1380395198991874
1380395198995453
1380395199013913
1380395199013998
1380395199097279
1380395199101078
1380395199101494
1380395199126090
1380395199137710
1380395199137926
1380395199138095
1380395199177577
1380395199177659
1380395199177848
1380395199177909
1380395199177967
1380395199178026
1380395199252014
1380395199252367
1380395199252487
1380395199252581
1380395199252827
1380395199252946
1380395199264888
1380395199291722
1380395199291848
1380395199292316
1380395199292456
1380395199296930
1380395199297098
1380395199297203
1380395199297323
1380395199297442
1380395199298375
1380395199298635
1380395199298874
1380395199299034
1380395199299160
1380395199299513
1380395199299626
1380395199299728
1380395199299976
1380395199300140
1380395199300407
1380395199300825
1380395199300862
1380395199301167
1380395199301198
1380395199301256
1380395199302292
1380395199302365
1380395199302424
1380395199302482
1380395199302809
1380395199302914
1380395199303916
1380395199341283
1380395199341464
1380395199341672
1380395199363628
1380395199363901
1380395199364152
1380395199364401
1380395199364430
1380395199364895
1380395199365242
1380395199365649
1380395199365918
1380395199401582
1380395199402099
1380395199408124
1380395199408420
1380395199408546
1380395199408718
1380395199418395
1380395199418566
1380395199418696
1380395199419108
1380395199419316
1380395199419614
1380395199419790
1380395199420250
1380395199420664
1380395199420766
1380395199420884
1380395199421426
1380395199421639
1380395199421850
1380395199422109
1380395199422242
1380395199422371
1380395199422571
1380395199422848
1380395199422992
1380395199423473
1380395199423828
1380395199424405
1380395199424545
1380395199424680
1380395199425628
1380395199425885
1380395199426003
1380395199426146
1380395199426665
1380395199426960
1380395199427095
1380395199427250
1380395199427745
1380395199428000
1380395199428136
1380395199458197
1380395199458409
1380395199458559
1380395199459113
1380395199459428
1380395199459837
1380395199460110
1380395199460210
1380395199472167
1380395199509350
1380395199509488
1380395199530446
1380395199530852
1380395199531040
1380395199531138
1380395199531244
1380395199534998
1380395199535750
1380395199536065
1380395199536236
1380395199537309
1380395199537590
1380395199537726
1380395199539720
1380395199540139
1380395199540312
1380395199543574
1380395199543778
1380395199543904
1380395199545562
1380395199545732
1380395199545850
1380395199546213
1380395199546961
1380395199547172
1380395199547275
1380395199577111
1380395199577480
1380395199577916
1380395199577957
1380395199578131
1380395199580307
1380395199580361
1380395199580558
1380395199580593
1380395199581065
1380395199581503
1380395199581629
1380395199618227
1380395199619033
1380395199619118
1380395199619543
1380395199619671
1380395199642816
1380395199643759
1380395199643930
1380395199645117
1380395199646254
1380395199646437
1380395199647315
1380395199648417
1380395199648501
1380395199649032
1380395199649062
1380395199649248
1380395199649488
1380395199649819
1380395199649936
1380395199655707
1380395199656610
1380395199656688
1380395199656851
1380395199659070
1380395199659288
1380395199661777
1380395199662730
1380395199662811
1380395199663232
1380395199663309
1380395199663790
1380395199664050
1380395199664180
1380395199668803
1380395199668893
1380395199668950
1380395199669166
1380395199698551
1380395199699519
1380395199699594
1380395199699897
1380395199700205
1380395199700495
1380395199700774
1380395199700904
1380395199700987
1380395199701159
1380395199701723
1380395199702562
1380395199702685
1380395199702755
1380395199702908
1380395199704477
1380395199704738
1380395199727231
1380395199728046
1380395199728112
1380395199728256
1380395199752143
1380395199752282
1380395199752386
1380395199752488
1380395199752599
1380395199753443
1380395199753522
1380395199753669
1380395199754439
1380395199754540
1380395199754616
1380395199754807
1380395199759310
1380395199759741
1380395199759850
1380395199760199
1380395199760492
1380395199760665
1380395199765351
1380395199765484
1380395199765576
1380395199773685
1380395199773756
1380395199782137
1380395199782160
1380395199782219
1380395199782469
1380395199782540
1380395199789644
1380395199790552
1380395199790639
1380395199790909
1380395199791162
1380395199791268
1380395199820583
1380395199821673
1380395199821865
1380395199822017
1380395199822849
1380395199823172
1380395199823600
1380395199823870
1380395199824118
1380395199824239
1380395199824357
1380395199824693
1380395199825084
1380395199825507
1380395199825662
1380395199837431
1380395199837716
1380395199862378
1380395199862496
1380395199862918
1380395199863182
1380395199863221
1380395199863448
1380395199863869
1380395199870900
1380395199871136
1380395199899252
1380395199899506
1380395199899845
1380395199900574
1380395199900642
1380395199908947
1380395199909012
1380395199909280
1380395199909364
1380395199940577
1380395199940810
1380395199972645
1380395200009336
1380395200012978
1380395200022638
1380395200026454
1380395200056809
1380395200140719
1380395200206524
1380395200314532
