1380045412447529
1380045412702369
1380045412702720
1380045412702778
1380045412791573
1380045412806480
1380045412818319
1380045412824242
1380045412866670
1380045412866917
1380045412872914
1380045412873050
1380045412873140
1380045412873412
1380045412873704
1380045412877383
1380045412877635
1380045412877867
1380045412879556
1380045412879728
1380045412879788
1380045412881834
1380045412883296
1380045412889363
1380045412897447
1380045412904536
1380045412904851
1380045412904952
1380045412905262
1380045412905533
1380045412905589
1380045412905676
1380045412909441
1380045412909748
1380045412909808
1380045412910080
1380045412910136
1380045412910505
1380045412910651
1380045413390626
1380045413525470
1380045413525702
1380045413525781
1380045413623319
1380045413656131
1380045413680033
1380045413680089
1380045413699339
1380045413804907
1380045413806014
1380045413919224
1380045413919576
1380045413920218
1380045413958145
