1379551585116393
1379551585123929
1379551585124007
1379551585128524
1379551585128626
1379551585128735
1379551585129112
1379551585129353
1379551585129468
1379551585129697
1379551585130299
1379551585130361
1379551585130583
1379551585133426
1379551585133542
1379551585133634
1379551585134035
1379551585134634
1379551585134921
1379551585135014
1379551585135110
1379551585135549
1379551585135652
1379551585135957
1379551585136062
1379551585136284
1379551585136384
1379551585136635
1379551585136703
1379551585136787
1379551585137070
1379551585249918
1379551585255749
1379551585255816
1379551585256106
1379551585260257
1379551585260492
1379551585260719
1379551585260821
1379551585261111
1379551585261228
1379551585261590
1379551585261701
1379551585262019
1379551585262525
1379551585262681
1379551585262745
1379551585266436
1379551585266502
1379551585266718
1379551585266778
1379551585268329
1379551585268565
1379551585268651
1379551585305755
1379551585313926
1379551585314101
1379551585314207
1379551585320327
1379551585320437
1379551585320530
1379551585320634
1379551585320880
1379551585321093
1379551585321356
1379551585321461
1379551585326403
1379551585360716
1379551585531415
1379551587034031
1379551587039035
1379551587039122
1379551587039442
1379551587211003
1379551587285429
1379551587385974
1379551587486894
1379551587486971
1379551587487068
1379551587613413
1379551587806867
1379551587830973
1379551587951536
1379551588056732
1379551588568921
1379551588671933
1379551588672007
1379551588672506
1379551588676673
1379551588678800
