1379935864194499
1379935864222417
1379935864222503
1379935864222588
1379935864224163
1379935864235860
1379935864236045
1379935864236119
1379935864236363
1379935864236700
1379935864236846
1379935864236969
1379935864345742
1379935864351225
1379935864351387
1379935864351565
1379935864351619
1379935864355335
1379935864355544
1379935864355630
1379935864355804
1379935864356104
1379935864356162
1379935864356676
1379935864356790
1379935864357076
1379935864357439
1379935864362492
1379935864362698
1379935864362988
1379935864366646
1379935864366897
1379935864367122
1379935864367383
1379935864367531
1379935864367984
1379935864368058
1379935864368314
1379935864368772
1379935864368895
1379935864368961
1379935864369270
1379935864374424
1379935864374502
1379935864374723
1379935864374782
1379935864374963
1379935864375015
1379935864375227
1379935864375366
1379935864375440
1379935864375493
1379935864375706
1379935864375758
1379935864380016
1379935864380140
1379935864380526
1379935864385390
1379935864425376
1379935864464025
1379935864464430
1379935864464585
1379935864464631
1379935864470042
1379935864473511
1379935864473790
1379935864474048
1379935864474289
1379935864474557
1379935864474793
1379935864475047
1379935864475319
1379935864475498
1379935864479172
1379935864479547
1379935864480084
1379935864480262
1379935864480511
1379935864480734
1379935864481160
1379935864481304
1379935864481440
1379935864481592
1379935864481788
1379935864482374
1379935864482525
1379935864482679
1379935864482860
1379935864483127
1379935864483222
1379935864485635
1379935864486258
1379935864486604
1379935864486864
1379935864487007
1379935864487232
1379935864487366
1379935864487442
1379935864487575
1379935864488026
1379935864488196
1379935864488637
1379935864489875
1379935864490252
1379935864490749
1379935864491075
1379935864491242
1379935864491372
1379935864492227
1379935864492387
1379935864492478
1379935864492684
1379935864493060
1379935864493285
1379935864493433
1379935864493561
1379935864493707
1379935864493871
1379935864494007
1379935864494326
1379935864494440
1379935864495363
1379935864495509
1379935864495664
1379935864496136
1379935864496759
1379935864496867
1379935864497156
1379935864497437
1379935864497679
1379935864497851
1379935864498110
1379935864498291
1379935864498845
1379935864499020
1379935864501997
1379935864502159
1379935864502396
1379935864502561
1379935864502789
1379935864503044
1379935864503185
1379935864503424
1379935864503667
1379935864503808
1379935864503882
1379935864504190
1379935864504338
1379935864504430
1379935864504618
1379935864504820
1379935864505617
1379935864505921
1379935864506400
1379935864506538
1379935864507067
1379935864507316
1379935864507511
1379935864508008
1379935864508151
1379935864508367
1379935864508466
1379935864508654
1379935864508906
1379935864509134
1379935864509272
1379935864510454
1379935864510547
1379935864510879
1379935864511073
1379935864511213
1379935864511325
1379935864511441
1379935864511710
1379935864511895
1379935864512032
1379935864512107
1379935864513063
1379935864513165
1379935864513347
1379935864513426
1379935864513575
1379935864514424
1379935864514642
1379935864514795
1379935864514945
1379935864515097
1379935864515245
1379935864515321
1379935864516180
1379935864516526
1379935864517411
1379935864517611
1379935864518152
1379935864518289
1379935864519851
1379935864520269
1379935864520507
1379935864520663
1379935864520786
1379935864520863
1379935864522532
1379935864522745
1379935864522938
1379935864523129
1379935864523394
1379935864523656
1379935864524090
1379935864524232
1379935864524392
1379935864524508
1379935864524656
1379935864525236
1379935864525405
1379935864525524
1379935864530068
1379935864530209
1379935864530379
1379935864530530
1379935864530682
1379935864530781
1379935864531001
1379935864531136
1379935864531271
1379935864531581
1379935864531720
1379935864533275
1379935864533284
1379935864533754
1379935864534578
1379935864545012
1379935864584252
1379935864584516
1379935864584681
1379935864595713
1379935864596138
1379935864596251
1379935864611977
1379935864905500
1379935864956624
1379935864989450
1379935864994934
1379935865030328
1379935865043092
1379935865043660
1379935865066827
1379935865146445
1379935865147116
1379935865184701
1379935865221379
1379935865221459
1379935865221710
1379935865225902
1379935865264123
1379935865285968
1379935865328235
1379935865346312
1379935865352679
1379935865357389
1379935865395671
1379935865396538
1379935865406404
1379935865444135
1379935865444498
1379935865466576
1379935865467273
1379935865526728
1379935865586927
1379935865647060
1379935865708657
1379935865768578
1379935865829403
1379935865832164
1379935865911061
1379935867912111
1379935878271163
