1380306524882592
1380306525093087
1380306525093148
1380306525093232
1380306525172566
1380306525172783
1380306525172871
1380306525173089
1380306525173758
1380306525174121
1380306525219748
1380306525252439
1380306525252814
1380306525252922
1380306525253000
1380306525253472
1380306525253538
1380306525254088
1380306525254700
1380306525254780
1380306525254827
1380306525301449
1380306525301676
1380306525301809
1380306525332499
1380306525333078
1380306525380972
1380306525381060
1380306525381130
1380306525381441
1380306525418110
1380306525418167
1380306525418461
1380306525418637
1380306525418730
1380306525418907
1380306525419291
1380306525419351
1380306525419705
1380306525419868
1380306525419933
1380306525420265
1380306525420702
1380306525420775
1380306525420938
1380306525421055
1380306525421289
1380306525452576
1380306525452748
1380306525497825
1380306525498045
1380306525499094
1380306525499196
1380306525499642
1380306525499702
1380306525500050
1380306525500886
1380306525501707
1380306525501790
1380306525502078
1380306525502184
1380306525502339
1380306525534065
1380306525534134
1380306525534265
1380306525538951
1380306525568999
1380306525613844
1380306525650620
1380306525650812
1380306525650949
1380306525684471
1380306525729335
1380306525766395
1380306525766699
1380306525800742
1380306525845590
1380306525845655
1380306525845727
1380306525882661
1380306525916732
1380306525998003
1380306526033187
1380306526033427
1380306526033478
1380306526033525
1380306526033612
1380306526033660
1380306526033706
1380306526069171
1380306526103365
1380306526115631
1380306526115701
1380306526116705
1380306526116921
1380306526116942
1380306526116990
1380306526117508
1380306526154730
1380306526155490
1380306526155551
1380306526155599
1380306526155647
1380306526155694
1380306526155743
1380306526194656
1380306526194726
1380306526229110
1380306526239085
1380306526239127
1380306526239190
1380306526239505
1380306526239583
1380306526239632
1380306526240108
1380306526240135
1380306526240155
1380306526304313
1380306526304408
1380306526304472
1380306526304530
1380306526321911
1380306526322071
1380306526322347
1380306526322434
1380306526322662
1380306526322878
1380306526333294
1380306526370671
1380306526387464
1380306526387777
1380306526388049
1380306526388142
1380306526388512
1380306526388630
1380306526388755
1380306526390870
1380306526403392
1380306526403602
1380306526403859
1380306526404036
1380306526413495
1380306526413765
1380306526442566
1380306526447743
1380306526469106
1380306526469311
1380306526469827
1380306526469893
1380306526470119
1380306526484671
1380306526484855
1380306526485134
1380306526485305
1380306526485492
1380306526485561
1380306526485914
1380306526485956
1380306526486017
1380306526486434
1380306526486556
1380306526498026
1380306526498092
1380306526498388
1380306526504964
1380306526505530
1380306526525375
1380306526526031
1380306526526304
1380306526526339
1380306526551141
1380306526551527
1380306526551653
1380306526564580
1380306526564659
1380306526565213
1380306526565294
1380306526565667
1380306526565920
1380306526565984
1380306526566337
1380306526566401
1380306526566744
1380306526566823
1380306526566892
1380306526567339
1380306526567458
1380306526568178
1380306526568258
1380306526568680
1380306526568774
1380306526579679
1380306526579766
1380306526580375
1380306526580514
1380306526580909
1380306526581084
1380306526618686
1380306526633953
1380306526634029
1380306526634396
1380306526644497
1380306526645828
1380306526645940
1380306526646001
1380306526646265
1380306526648268
1380306526649529
