1380563494450082
1380563494527299
1380563494527630
1380563495598445
1380563495609214
1380563497657199
1380563497662391
1380563497699240
1380563497699789
1380563497764425
1380563497765946
1380563497839271
1380563497839395
1380563497839698
1380563497850146
1380563497850359
1380563497850757
1380563497850852
1380563497850930
1380563497851007
1380563497895830
1380563497937901
1380563497962554
1380563497962880
1380563497962984
1380563497963043
1380563497963358
1380563497963458
1380563497963648
1380563497963983
1380563498313354
1380563498337519
1380563498337636
1380563498343045
1380563498344533
1380563498345145
1380563498345570
1380563498345965
1380563498346378
1380563498346835
1380563498353496
1380563498353957
1380563498354314
1380563498354695
1380563498355034
1380563498355361
1380563498360292
1380563498360402
1380563498360454
1380563498360818
1380563498360984
1380563498361731
1380563498361807
1380563498368230
1380563498368362
1380563498368470
1380563498368562
1380563498368641
1380563498411568
1380563498413944
1380563498414056
1380563498414347
1380563498414642
1380563498414682
1380563498415668
1380563498424408
1380563498424561
1380563498447138
1380563498532206
1380563498575290
1380563498575863
1380563498575946
1380563498581387
1380563498582777
1380563498583825
1380563498588059
1380563498590360
1380563498591902
1380563498593267
1380563498594627
1380563498596111
1380563498600285
1380563498605248
1380563498638784
1380563498650773
1380563498650903
1380563498651113
1380563498661104
1380563498663042
1380563498663135
1380563498663403
1380563498663498
1380563498663783
1380563498663873
1380563498669702
1380563498669799
1380563498669884
1380563498681181
1380563498694931
1380563498695073
1380563498695296
1380563498695391
1380563498729608
1380563498729786
1380563498729916
1380563498730053
1380563498730210
1380563498730349
1380563498730482
1380563498736358
1380563498736569
1380563498736853
1380563498737111
1380563498737264
1380563498737473
1380563498737621
1380563498737774
1380563498737897
1380563498738321
1380563498738475
1380563498758786
1380563498758923
1380563498807885
1380563498808224
1380563498808335
1380563498808465
1380563498808694
1380563498808856
1380563498809272
1380563498809373
1380563498809587
1380563498809940
1380563498810123
1380563498845047
1380563498878336
1380563498878573
1380563498878720
1380563498878856
1380563498878952
1380563498879099
1380563498879231
1380563498879346
1380563498880160
1380563498880339
1380563498880548
1380563499133043
1380563499622226
1380563499622975
1380563499627576
1380563499627855
1380563499628418
1380563499634324
1380563499634709
1380563499637798
1380563499639995
1380563499642689
1380563499643224
1380563499648961
1380563499649063
1380563500047900
1380563500048867
1380563500052996
1380563500053582
1380563500054309
1380563500054584
1380563500055282
1380563500055530
1380563500055647
1380563500055732
1380563500055834
1380563500056623
1380563500056949
1380563500060308
1380563500061008
1380563500061351
1380563500061452
1380563500061679
1380563500061721
1380563500062111
1380563500062850
1380563500066100
1380563500071908
1380563500072646
1380563500072990
1380563500073475
1380563500078191
1380563500078616
1380563500079450
1380563500079556
1380563500079837
1380563500079958
1380563500080141
1380563500116895
1380563500127631
1380563500343181
1380563500354576
1380563500355135
1380563500355987
1380563500356621
1380563500357173
1380563500357868
1380563500358136
1380563500358945
1380563500360721
1380563500361531
1380563500361639
1380563500388086
1380563500393596
1380563500394167
1380563500397048
1380563500397563
1380563500403683
1380563500403832
1380563500403916
1380563500404617
1380563500423141
1380563500423212
1380563500423242
1380563500423789
1380563500424375
1380563500424825
1380563500425860
1380563500425995
1380563500426538
1380563500432606
1380563500432676
1380563500432693
1380563500433302
1380563500477593
1380563500477709
1380563500477831
1380563500477951
1380563500478059
1380563500478755
1380563500478850
1380563500479170
1380563500479827
1380563500479905
1380563500480043
1380563500480114
1380563500480707
1380563500480805
1380563500480906
1380563500480978
1380563500488415
1380563500488482
1380563500488589
1380563500488702
1380563500488808
1380563500489562
1380563500489663
1380563500489681
1380563500507538
1380563500533215
1380563500533307
1380563500535098
1380563500535556
1380563500535957
1380563500537594
1380563500537777
1380563500539153
1380563500539449
1380563500554675
1380563500554976
1380563500556663
1380563500557004
1380563500590759
1380563500595254
1380563500596347
1380563500625612
1380563500626808
1380563500627081
