1379938196827505
1379938197012886
1379938197043217
1379938197043406
1379938197125826
1379938197125911
1379938197126029
1379938197237262
1379938197252135
1379938197252215
1379938197252408
1379938197252491
1379938197275239
1379938197302938
1379938197303018
1379938197320611
1379938197453642
1379938197454721
1379938197461967
1379938197462057
1379938197462374
1379938197462476
1379938197462583
1379938197462666
1379938197462990
1379938197574395
1379938197574673
1379938197614579
1379938197675156
1379938197675280
1379938197675392
1379938197675484
1379938197675595
1379938197675887
1379938197885441
1379938197885507
1379938197885628
1379938197885814
1379938197885944
1379938197945685
1379938198156536
1379938198161874
1379938198166106
1379938198166458
1379938198173678
1379938198173769
1379938198173925
1379938198178497
1379938198179215
1379938198179579
1379938198179680
1379938198183530
1379938198183745
1379938198185033
1379938198185272
1379938198185361
1379938198185467
1379938198185560
1379938198185644
1379938198185758
1379938198186222
1379938198190655
1379938198190697
1379938198190882
1379938198190892
1379938198191023
1379938198191117
1379938198191232
1379938198191597
1379938198191728
1379938198191970
1379938198192181
1379938198195995
1379938198196309
1379938198196361
1379938198196480
1379938198196585
1379938198196750
1379938198196861
1379938198197007
1379938198197482
1379938198197672
1379938198198805
1379938198199390
1379938198199746
1379938198200635
1379938198200870
1379938198201095
1379938198203739
1379938198204185
1379938198204444
1379938198204701
1379938198204957
1379938198205270
1379938198205659
1379938198205855
1379938198206409
1379938198206828
1379938198207457
1379938198207537
1379938198208858
1379938198209014
1379938198209254
1379938198209929
1379938198210288
1379938198210698
1379938198211177
1379938198211427
1379938198211560
1379938198211676
1379938198212450
1379938198212549
1379938198212679
1379938198212842
1379938198213088
1379938198213217
1379938198213330
1379938198213589
1379938198213632
1379938198215448
1379938198215913
1379938198216219
1379938198216247
1379938198216386
1379938198216598
1379938198216784
1379938198221008
1379938198221088
1379938198221990
1379938198222216
1379938198226764
1379938198227412
1379938198227799
1379938198227916
1379938198266317
1379938198270842
1379938198271534
1379938198271871
1379938198271993
1379938198275912
1379938198276088
1379938198276172
1379938198276325
1379938198280928
1379938198281666
1379938198282046
1379938198282159
1379938198285184
1379938198290112
1379938198290644
1379938198291380
1379938198291605
1379938198295400
1379938198295923
1379938198295956
1379938198295987
1379938198296013
1379938198296098
1379938198296129
1379938198296157
1379938198296189
1379938198296217
1379938198301830
1379938198302376
1379938198302467
1379938198302938
1379938198302954
1379938198303047
1379938198303068
1379938198304140
1379938198304250
1379938198304568
1379938198305025
1379938198305173
1379938198305340
1379938198305351
1379938198305489
1379938198305750
1379938198305829
1379938198305845
1379938198305983
1379938198306086
1379938198306204
1379938198306471
1379938198307882
1379938198308061
1379938198308259
1379938198308374
1379938198308495
1379938198308653
1379938198308759
1379938198308896
1379938198309001
1379938198309183
1379938198309348
1379938198309362
1379938198309466
1379938198309588
1379938198309736
1379938198310090
1379938198310104
1379938198310161
1379938198310184
1379938198310283
1379938198310412
1379938198318768
1379938198318898
1379938198318930
1379938198319082
1379938198319294
1379938198319346
1379938198319631
1379938198319755
1379938198319933
1379938198320439
1379938198320619
1379938198320782
1379938198320903
1379938198321555
1379938198321678
1379938198321828
1379938198321962
1379938198322085
1379938198322242
1379938198324580
1379938198324702
1379938198325205
1379938198325439
1379938198325714
1379938198325913
1379938198325925
1379938198326050
1379938198326121
1379938198326512
1379938198326710
1379938198326722
1379938198326793
1379938198326907
1379938198327046
1379938198327148
1379938198327694
1379938198327810
1379938198327990
1379938198331575
1379938198332390
1379938198332617
1379938198332681
1379938198332921
1379938198334384
1379938198334541
1379938198338727
1379938198338778
1379938198338830
1379938198339259
1379938198339375
1379938198339588
1379938198339699
1379938198340017
1379938198340140
1379938198340318
1379938198340767
1379938198344597
1379938198344618
1379938198344711
1379938198344860
1379938198345010
1379938198345360
1379938198345428
1379938198345470
1379938198349608
1379938198350455
1379938198350541
1379938198350855
1379938198350927
1379938198351127
1379938198351858
1379938198351942
1379938198352325
1379938198352382
1379938198355845
1379938198356616
1379938198356856
1379938198356931
1379938198357261
1379938198358046
1379938198358276
1379938198358393
1379938198358580
1379938198358689
1379938198358981
1379938198359157
1379938198363121
1379938198363174
1379938198364425
1379938198364494
1379938198368054
1379938198368140
1379938198368320
1379938198368443
1379938198368460
1379938198368494
1379938198368506
1379938198368620
1379938198368720
1379938198368776
1379938198368840
1379938198369331
1379938198369714
1379938198373740
1379938198374467
1379938198374712
1379938198375031
1379938198375288
1379938198375530
1379938198376035
1379938198376156
1379938198376327
1379938198376343
1379938198376543
1379938198376746
1379938198376866
1379938198377040
1379938198377214
1379938198377318
1379938198377448
1379938198377569
1379938198377689
1379938198377813
1379938198377965
1379938198378257
1379938198378743
1379938198378876
1379938198380525
1379938198380673
1379938198383133
1379938198383356
1379938198383555
1379938198383675
1379938198410095
1379938198410516
1379938198410722
1379938198410831
1379938198414558
1379938198518040
1379938198518168
1379938198758117
1379938198764751
1379938198765241
1379938198766911
1379938198809903
1379938198816154
1379938198816862
1379938198816984
1379938198817394
1379938198854164
1379938198858399
1379938198859104
1379938198859461
1379938198859589
1379938198897923
1379938198904343
1379938198904978
1379938198905081
1379938198942024
1379938198942243
1379938198948159
1379938198948785
1379938198948911
1379938198985762
1379938198986071
1379938198986142
1379938198986199
1379938198986248
1379938198986297
1379938198986346
1379938198991714
1379938198992452
1379938198992612
1379938198992947
1379938198993207
1379938198993307
1379938198993539
1379938198993965
1379938198994319
1379938198994683
1379938198994863
1379938198994996
1379938198995361
1379938198995394
1379938198995538
1379938198996154
1379938198996326
1379938198996347
1379938198996465
1379938198997385
1379938199001394
1379938199001540
1379938199002282
1379938199002421
1379938199002449
1379938199003373
1379938200527238
1379938200531494
1379938200532181
1379938200532256
1379938200569747
1379938200569980
1379938200576132
1379938200576712
1379938200576801
1379938200614031
1379938200614283
1379938200618745
1379938200619474
1379938200619890
1379938200619971
1379938200658200
1379938200663088
1379938200663704
1379938200663825
1379938200701745
1379938200701976
1379938200706436
1379938200706895
1379938200710754
1379938200710792
1379938200710825
1379938200710854
1379938200710883
1379938200710910
1379938200715288
1379938200716092
1379938200716363
1379938200716568
1379938200717046
1379938200717117
1379938200717129
1379938200717288
1379938200717500
1379938200717569
1379938200718386
1379938200718561
1379938200718794
1379938200718962
1379938200718975
1379938200719106
1379938200719303
1379938200719323
1379938200719572
1379938200719587
1379938200720944
1379938200720995
1379938200725571
1379938200725636
1379938200725644
1379938200726026
1379938200727222
1379938200727274
1379938200962991
1379938201177864
1379938201410929
1379938201625117
1379938201625206
1379938232870593
1379938232877208
1379938232877260
1379938232877383
1379938232877488
1379938232881441
1379938232881691
1379938232881835
1379938232881973
1379938232882091
1379938232983849
1379938232989983
1379938233013208
