1379975389361524
1379975389636286
1379975389676165
1379975389686002
1379975389699102
1379975389703662
1379975389710575
1379975389715227
1379975389722071
1379975389726443
1379975389733142
1379975389737080
1379975389743080
1379975389755330
1379975389755358
1379975389755654
1379975389755708
1379975389755754
1379975389756023
1379975389760602
1379975389762778
1379975389762905
1379975389762941
1379975389763796
1379975389764586
1379975389764718
1379975389768744
1379975389768839
1379975389769935
1379975389772068
1379975389773454
1379975389774421
1379975389777331
1379975389777362
1379975389777542
1379975389778144
1379975389780411
1379975389780746
1379975389780972
1379975389781065
1379975389781334
1379975389781421
1379975389781606
1379975389781776
1379975389783588
1379975389783889
1379975389786843
1379975389786926
1379975389788290
1379975389788384
1379975389788482
1379975389788717
1379975389789188
1379975389789277
1379975389789692
1379975389789773
1379975389789832
1379975389790025
1379975389790782
1379975389790849
1379975389791061
1379975389791473
1379975389791566
1379975389791774
1379975389792011
1379975389792072
1379975389792184
1379975389792428
1379975389792576
1379975389797186
1379975389797698
1379975389797932
1379975389798273
1379975389798414
1379975389798620
1379975389798803
1379975389798972
1379975389799032
1379975389799191
1379975389799341
1379975389805917
1379975389806009
1379975389806086
1379975389806146
1379975389806150
1379975389810647
1379975389811075
1379975389811173
1379975389811429
1379975389811542
1379975389811706
1379975389811981
1379975389812275
1379975389812478
1379975389812637
1379975389813294
1379975389814854
1379975389814947
1379975389815142
1379975389815295
1379975389816200
1379975389816923
1379975389817000
1379975389817120
1379975389817197
1379975389817691
1379975389817778
1379975389818294
1379975389818477
1379975389818533
1379975389818712
1379975389818881
1379975389818951
1379975389819140
1379975389819545
1379975389819608
1379975389819900
1379975389819982
1379975389820308
1379975389820954
1379975389821042
1379975389821137
1379975389821401
1379975389821494
1379975389821566
1379975389821824
1379975389822160
1379975389822270
1379975389822454
1379975389822615
1379975389823300
1379975389823431
1379975389825804
1379975389825878
1379975389825950
1379975389826520
1379975389827119
1379975389827142
1379975389827264
1379975389827628
1379975389828444
1379975389828590
1379975389830291
1379975389830494
1379975389830999
1379975389831426
1379975389831686
1379975389831855
1379975389832024
1379975389832094
1379975389832388
1379975389832548
1379975389832609
1379975389833323
1379975389834298
1379975389834610
1379975389834747
1379975389835538
1379975389835970
1379975389836301
1379975389836959
1379975389837118
1379975389837452
1379975389837742
1379975389837913
1379975389838000
1379975389838201
1379975389838283
1379975389838563
1379975389838732
1379975389838886
1379975389839044
1379975389840029
1379975389840642
1379975389840793
1379975389840954
1379975389841194
1379975389841369
1379975389841527
1379975389841714
1379975389841873
1379975389842052
1379975389842180
1379975389842712
1379975389842841
1379975389843018
1379975389843157
1379975389846309
1379975389846461
1379975389846567
1379975389846715
1379975389849623
1379975389849813
1379975389849945
1379975389850090
1379975389850313
1379975389850440
1379975389850593
1379975389850825
1379975389851019
1379975389851115
1379975389851496
1379975389855811
1379975389874575
1379975389876418
1379975389876508
1379975389881207
1379975389881216
1379975389891269
1379975389891279
1379975389891419
1379975389918951
1379975389919021
1379975389919077
1379975389919123
1379975389919171
1379975389925165
1379975389926330
1379975389928047
1379975389928301
1379975389933922
1379975389934269
1379975389993754
1379975389994480
1379975389994619
1379975390021612
1379975390022184
1379975390024801
1379975390026729
1379975390028429
1379975390028654
1379975390028918
1379975390029187
1379975390029364
1379975390029562
1379975390029786
1379975390030010
1379975390030393
1379975390031058
1379975390031139
1379975390031637
1379975390031784
1379975390031972
1379975390032169
1379975390032333
1379975390032570
1379975390032731
1379975390032951
1379975390033057
1379975390033342
1379975390033473
1379975390033621
1379975390033799
1379975390034125
1379975390034272
1379975390034432
1379975390034846
1379975390035034
1379975390035198
1379975390035312
1379975390035563
1379975390035719
1379975390035814
1379975390036553
1379975390036868
1379975390036998
1379975390037802
1379975390038034
1379975390038148
1379975390038384
1379975390038546
1379975390038640
1379975390038834
1379975390039081
1379975390039377
1379975390039542
1379975390039688
1379975390039896
1379975390040037
1379975390040214
1379975390040383
1379975390040524
1379975390040831
1379975390041291
1379975390041428
1379975390041684
1379975390041839
1379975390041985
1379975390042180
1379975390042364
1379975390042489
1379975390042689
1379975390042849
1379975390043078
1379975390043358
1379975390043523
1379975390043642
1379975390043859
1379975390044144
1379975390044314
1379975390045418
1379975390045626
1379975390045791
1379975390046005
1379975390046671
1379975390046744
1379975390047028
1379975390047168
1379975390047371
1379975390047725
1379975390047960
1379975390048785
1379975390049302
1379975390049473
1379975390049596
1379975390049966
1379975390050127
1379975390050636
1379975390050854
1379975390050995
1379975390051252
1379975390051435
1379975390051579
1379975390054453
1379975390058447
1379975390058624
1379975390058658
1379975390058775
1379975390059029
1379975390059123
1379975390059291
1379975390059733
1379975390059877
1379975390060040
1379975390060462
1379975390060658
1379975390060877
1379975390061111
1379975390061244
1379975390061528
1379975390061701
1379975390061843
1379975390061971
1379975390062166
1379975390062349
1379975390062454
1379975390062624
1379975390062783
1379975390063053
1379975390063167
1379975390063439
1379975390063551
1379975390063781
1379975390063974
1379975390064070
1379975390064238
1379975390064521
1379975390064664
1379975390064890
1379975390065082
1379975390065266
1379975390065486
1379975390065659
1379975390065829
1379975390066197
1379975390066470
1379975390066690
1379975390066920
1379975390067058
1379975390067296
1379975390067434
1379975390067607
1379975390067837
1379975390068023
1379975390068128
1379975390068399
1379975390072082
1379975390072308
1379975390072527
1379975390072761
1379975390072943
1379975390073156
1379975390073315
1379975390073572
1379975390073765
1379975390073863
1379975390074542
1379975390074705
1379975390074893
1379975390075063
1379975390075184
1379975390075367
1379975390075599
1379975390075740
1379975390075976
1379975390076115
1379975390076357
1379975390076564
1379975390076733
1379975390076978
1379975390077360
1379975390077596
1379975390077792
1379975390077941
1379975390080745
1379975390080935
1379975390081190
1379975390081461
1379975390081778
1379975390082124
1379975390082341
1379975390083442
1379975390083657
1379975390083916
1379975390084169
1379975390084342
1379975390084483
1379975390087293
1379975390087587
1379975390087844
1379975390088066
1379975390088305
1379975390088491
1379975390088646
1379975390088917
1379975390089312
1379975390089592
1379975390089804
1379975390089999
1379975390090274
1379975390090539
1379975390090784
1379975390090958
1379975390091130
1379975390092360
1379975390092721
1379975390093017
1379975390093224
1379975390093427
1379975390093600
1379975390093741
1379975390094017
1379975390094138
1379975390094267
1379975390094525
1379975390094695
1379975390094861
1379975390095013
1379975390095419
1379975390095813
1379975390096068
1379975390096262
1379975390096422
1379975390096595
1379975390096750
1379975390097156
1379975390097312
1379975390097525
1379975390097774
1379975390098003
1379975390098164
1379975390098468
1379975390098634
1379975390098787
1379975390098900
1379975390099156
1379975390099319
1379975390099505
1379975390099660
1379975390099847
1379975390099992
1379975390100183
1379975390100416
1379975390100570
1379975390100701
1379975390100963
1379975390101535
1379975390101686
1379975390101789
1379975390101927
1379975390102526
1379975390102670
1379975390102782
1379975390103231
1379975390103556
1379975390103771
1379975390104122
1379975390104346
1379975390104489
1379975390104615
1379975390104893
1379975390105086
1379975390105260
1379975390105401
1379975390105531
1379975390105590
1379975390105688
1379975390105756
1379975390108621
1379975390109004
1379975390110719
1379975390110888
1379975390111069
1379975390111180
1379975390111344
1379975390111474
1379975390112082
1379975390112418
1379975390112775
1379975390112979
1379975390113111
1379975390113276
1379975390113470
1379975390113579
1379975390113786
1379975390113920
1379975390114317
1379975390114475
1379975390114754
1379975390114910
1379975390115038
1379975390115332
1379975390115544
1379975390115658
1379975390115888
1379975390115989
1379975390116138
1379975390116336
1379975390116506
1379975390116851
1379975390117023
1379975390117098
1379975390117226
1379975390117387
1379975390118441
1379975390118610
1379975390118758
1379975390118996
1379975390119130
1379975390119367
1379975390119510
1379975390120475
1379975390120627
1379975390120750
1379975390124109
1379975390124241
1379975390124461
1379975390125355
1379975390125633
1379975390125773
1379975390125934
1379975390126092
1379975390126223
1379975390126616
1379975390126737
1379975390126994
1379975390127150
1379975390127324
1379975390127510
1379975390127610
1379975390128033
1379975390128188
1379975390128375
1379975390128619
1379975390128787
1379975390128892
1379975390129049
1379975390129214
1379975390129411
1379975390129628
1379975390129749
1379975390129898
1379975390130087
1379975390130216
1379975390130659
1379975390130886
1379975390131104
1379975390131245
1379975390131437
1379975390131643
1379975390131748
1379975390131893
1379975390132080
1379975390132193
1379975390132484
1379975390132948
1379975390133104
1379975390133282
1379975390133520
1379975390133584
1379975390133711
1379975390133949
1379975390133983
1379975390134127
1379975390134249
1379975390134893
1379975390135034
1379975390135292
1379975390135457
1379975390135645
1379975390136441
1379975390136566
1379975390136707
1379975390137661
1379975390138032
1379975390138274
1379975390138431
1379975390138614
1379975390138792
1379975390138938
1379975390139114
1379975390139299
1379975390139399
1379975390139865
1379975390140147
1379975390140288
1379975390140573
1379975390140699
1379975390140884
1379975390141049
1379975390141185
1379975390144652
1379975390144820
1379975390145067
1379975390145231
1379975390145371
1379975390145483
1379975390145773
1379975390145929
1379975390146193
1379975390146472
1379975390146584
1379975390146857
1379975390146976
1379975390147158
1379975390147362
1379975390147529
1379975390147637
1379975390147802
1379975390148013
1379975390148152
1379975390148287
1379975390148771
1379975390148901
1379975390149095
1379975390149266
1379975390149417
1379975390149664
1379975390149818
1379975390149965
1379975390150202
1379975390150335
1379975390150490
1379975390150723
1379975390150873
1379975390151002
1379975390152114
1379975390152425
1379975390152538
1379975390152700
1379975390152907
1379975390153040
1379975390153289
1379975390153424
1379975390153674
1379975390153812
1379975390154029
1379975390154187
1379975390154353
1379975390154573
1379975390154817
1379975390155006
1379975390155189
1379975390155357
1379975390155507
1379975390155609
1379975390155859
1379975390156047
1379975390156089
1379975390156546
1379975390156796
1379975390156981
1379975390157166
1379975390157304
1379975390157341
1379975390157495
1379975390157724
1379975390157869
1379975390158265
1379975390158531
1379975390158715
1379975390158864
1379975390159091
1379975390159210
1379975390160203
1379975390163849
1379975390164097
1379975390164410
1379975390164535
1379975390164794
1379975390164901
1379975390165226
1379975390165412
1379975390165569
1379975390165698
1379975390165984
1379975390166207
1379975390166317
1379975390166470
1379975390166670
1379975390166771
1379975390169892
1379975390170050
1379975390170206
1379975390170458
1379975390170628
1379975390170741
1379975390171399
1379975390171605
1379975390171755
1379975390171941
1379975390172087
1379975390172352
1379975390172561
1379975390172724
1379975390172972
1379975390173191
1379975390173367
1379975390173520
1379975390173661
1379975390174142
1379975390174487
1379975390174563
1379975390174802
1379975390174961
1379975390177850
1379975390178025
1379975390178200
1379975390178393
1379975390178579
1379975390178684
1379975390178795
1379975390179174
1379975390179510
1379975390179761
1379975390179932
1379975390180144
1379975390180279
1379975390180523
1379975390180647
1379975390180848
1379975390180999
1379975390181165
1379975390181391
1379975390181500
1379975390181871
1379975390182045
1379975390182194
1379975390182414
1379975390182552
1379975390182554
1379975390182736
1379975390182841
1379975390186690
1379975390186856
1379975390187254
1379975390187420
1379975390187525
1379975390187746
1379975390187897
1379975390188132
1379975390188383
1379975390188514
1379975390188746
1379975390188852
1379975390189320
1379975390189480
1379975390189663
1379975390189760
1379975390189990
1379975390190110
1379975390190296
1379975390190485
1379975390190665
1379975390190763
1379975390191083
1379975390191211
1379975390191431
1379975390191638
1379975390191745
1379975390191973
1379975390192129
1379975390192341
1379975390192582
1379975390192716
1379975390192986
1379975390193148
1379975390193304
1379975390193403
1379975390193732
1379975390193974
1379975390194078
1379975390194337
1379975390194468
1379975390194697
1379975390194812
1379975390194962
1379975390195124
1379975390195476
1379975390195746
1379975390195979
1379975390196231
1379975390196414
1379975390196543
1379975390196771
1379975390196884
1379975390197103
1379975390197200
1379975390197400
1379975390197579
1379975390197761
1379975390197897
1379975390198127
1379975390198267
1379975390198513
1379975390198571
1379975390198701
1379975390198859
1379975390198985
1379975390199134
1379975390199358
1379975390199475
1379975390199632
1379975390200529
1379975390200733
1379975390200902
1379975390201026
1379975390201278
1379975390201439
1379975390201569
1379975390201694
1379975390203545
1379975390203702
1379975390203847
1379975390203952
1379975390204439
1379975390204565
1379975390204749
1379975390204908
1379975390205324
1379975390205496
1379975390205598
1379975390208855
1379975390209013
1379975390209293
1379975390209444
1379975390209611
1379975390209709
1379975390209882
1379975390210046
1379975390210273
1379975390210610
1379975390210770
1379975390211010
1379975390211165
1379975390211379
1379975390211555
1379975390211655
1379975390211830
1379975390212037
1379975390212177
1379975390212356
1379975390212493
1379975390212597
1379975390212751
1379975390213003
1379975390213160
1379975390213262
1379975390214031
1379975390214141
1379975390214402
1379975390214540
1379975390214689
1379975390214961
1379975390215132
1379975390215242
1379975390215575
1379975390215766
1379975390215931
1379975390216124
1379975390216296
1379975390216449
1379975390216664
1379975390216812
1379975390217048
1379975390217203
1379975390217332
1379975390220247
1379975390220601
1379975390220813
1379975390221620
1379975390221790
1379975390222026
1379975390222216
1379975390222420
1379975390222704
1379975390222909
1379975390223056
1379975390223298
1379975390223479
1379975390223690
1379975390223818
1379975390224276
1379975390224471
1379975390224668
1379975390224907
1379975390225291
1379975390225647
1379975390225957
1379975390226152
1379975390226493
1379975390226698
1379975390226986
1379975390227165
1379975390227386
1379975390227635
1379975390227890
1379975390228154
1379975390228359
1379975390228632
1379975390228929
1379975390229241
1379975390229434
1379975390229647
1379975390229875
1379975390230003
1379975390262710
1379975390263922
1379975390264190
1379975390313529
1379975390332281
1379975390337435
1379975390426881
1379975390430201
1379975390434441
1379975390437539
1379975390437889
1379975390437971
1379975390438038
1379975390438329
1379975390438472
1379975390439704
1379975390439786
1379975390439865
1379975390440123
1379975390440224
1379975390440420
1379975390440625
1379975390441019
1379975390441187
1379975390441343
1379975390441500
1379975390443534
1379975390443786
1379975390443887
1379975390443998
1379975390444091
1379975390444353
1379975390445441
1379975390445769
1379975390445914
1379975390446080
1379975390446366
1379975390446541
1379975390446652
1379975390446808
1379975390447134
1379975390447255
1379975390447570
1379975390447789
1379975390447897
1379975390448130
1379975390448395
1379975390448568
1379975390448825
1379975390448990
1379975390449225
1379975390449497
1379975390449782
1379975390450051
1379975390450329
1379975390450562
1379975390450712
1379975390451061
1379975390451597
1379975390451802
1379975390453056
1379975390453306
1379975390453573
1379975390453761
1379975390453931
1379975390454118
1379975390454242
1379975390649889
1379975390650031
1379975390650215
1379975390661202
1379975390740948
1379975390753823
1379975390792192
1379975390793057
1379975390824291
1379975390837621
1379975390897475
1379975390897575
1379975390898017
1379975390997828
1379975391030037
1379975391053931
1379975391054235
1379975391071580
1379975391174143
1379975391175079
1379975391276615
1379975391276926
1379975391277392
1379975391315530
