1379419234143790
1379419234155577
1379419234155866
1379419234156011
1379419234199183
1379419234204941
1379419234274897
1379419234280579
1379419234306849
1379419234319712
1379419234320735
1379419234343673
1379419234343757
1379419234343999
1379419234344115
1379419234391982
1379419234405642
1379419234405859
1379419234406034
1379419234406100
1379419234406174
1379419234406474
1379419234406551
1379419234409590
1379419234409736
1379419234421370
1379419234421461
1379419234421689
1379419234421842
1379419234422080
1379419234422251
1379419234422399
1379419234422870
1379419234423032
1379419234423187
1379419234423350
1379419234423430
1379419234423588
1379419234423809
1379419234423957
1379419234434182
1379419234434371
1379419234434587
1379419234434740
1379419234435838
1379419234435972
1379419234436384
1379419234473585
1379419234473592
1379419234480944
1379419234481018
1379419234481852
1379419234482645
1379419234484660
1379419234484675
1379419234484688
1379419234484734
1379419234484778
1379419234488788
1379419234489056
1379419234489297
1379419234490870
1379419234491139
1379419234491400
1379419234491691
1379419234492686
1379419234493339
1379419234493509
1379419234493820
1379419234494375
1379419234494476
1379419234494688
1379419234494907
1379419234495784
1379419234496306
1379419234496579
1379419234496822
1379419234497104
1379419234498847
1379419234499120
1379419234499377
1379419234499547
1379419234499924
1379419234500461
1379419234500689
1379419234501404
1379419234501655
1379419234502024
1379419234502146
1379419234502825
1379419234502994
1379419234503139
1379419234503841
1379419234504066
1379419234504199
1379419234504430
1379419234504596
1379419234504746
1379419234504848
1379419234505052
1379419234505681
1379419234506286
1379419234506491
1379419234506520
1379419234510131
1379419234510422
1379419234510476
1379419234510519
1379419234510656
1379419234510757
1379419234511794
1379419234511923
1379419234512197
1379419234512325
1379419234512548
1379419234512697
1379419234513564
1379419234514418
1379419234514466
1379419234528844
1379419234540430
1379419234544662
1379419234544728
1379419234544749
1379419234549869
1379419234556128
1379419234556671
1379419234556820
1379419234557715
1379419234558593
1379419234559454
1379419234559465
1379419234561959
1379419234584725
1379419234597317
1379419234597403
1379419234597530
1379419234597626
1379419234608161
1379419234608547
1379419234608861
1379419234608950
1379419234609132
1379419234609319
1379419234609388
1379419234609601
1379419234609696
1379419234609866
1379419234610379
1379419234610547
1379419234610651
1379419234620294
1379419234620373
1379419234621087
1379419234621455
1379419234621579
1379419234621781
1379419234621893
1379419234621981
1379419234622196
1379419234622477
1379419234622669
1379419234622730
1379419234622979
1379419234623355
1379419234623614
1379419234623728
1379419234623933
1379419234624036
1379419234624143
1379419234624364
1379419234638241
1379419234638498
1379419234638620
1379419234638914
1379419234639070
1379419234639326
1379419234639589
1379419234639804
1379419234652393
1379419234652678
1379419234652902
1379419234652996
1379419234653349
1379419234653444
1379419234653829
1379419234654166
1379419234654261
1379419234658454
1379419234658742
1379419234658749
1379419234660842
1379419234663363
1379419234668674
1379419234668846
1379419234668988
1379419234668994
1379419234670115
1379419234674667
1379419234674967
1379419234675269
1379419234675343
1379419234675605
1379419234675746
1379419234675851
1379419234676315
1379419234676476
1379419234679139
1379419234679269
1379419234679498
1379419234679641
1379419234680529
1379419234680683
1379419234682581
1379419234682785
1379419234682958
1379419234683023
1379419234683192
1379419234683213
1379419234718960
1379419234718970
1379419234719175
1379419234719196
1379419234729459
1379419234733996
1379419234742062
1379419234742157
1379419234742428
1379419234780237
1379419234820043
1379419234824237
1379419234832699
1379419234837708
1379419234837931
1379419234838213
1379419234838447
1379419234838557
1379419234838850
1379419234838966
1379419234839186
1379419234839272
1379419234842093
1379419234842335
1379419234842589
1379419234843016
1379419234843385
1379419234843516
1379419234843716
1379419234843991
1379419234844268
1379419234844366
1379419234844472
1379419234844692
1379419234844800
1379419234845063
1379419234845145
1379419234845340
1379419234845642
1379419234845762
1379419234845943
1379419234846513
1379419234915162
1379419234921441
1379419234921553
1379419234921811
1379419234921931
1379419234922132
1379419234922217
1379419234922404
1379419234922556
1379419234923101
1379419234923266
1379419234923414
1379419234931474
1379419234936759
1379419234937058
1379419234937273
1379419234937464
1379419234937661
1379419234937785
1379419234938217
1379419234938369
1379419234938563
1379419234938826
1379419234939319
1379419234939659
1379419234939877
1379419234940436
1379419234940629
1379419234941607
1379419234941758
1379419234941979
1379419234942247
1379419234942761
1379419234943063
1379419234943215
1379419234943416
1379419234943563
1379419234944459
1379419234944630
1379419234944981
1379419234945272
1379419234945444
1379419234945621
1379419234945825
1379419234946003
1379419234946158
1379419234946384
1379419234946544
1379419234946707
1379419234946853
1379419234946953
1379419234947208
1379419234947612
1379419234947826
1379419234947916
1379419234948320
1379419234948444
1379419234948744
1379419234948854
1379419234949582
1379419234949846
1379419234950085
1379419234950377
1379419234950790
1379419234950936
1379419234951225
1379419234951415
1379419234951552
1379419234951708
1379419234951864
1379419234952087
1379419234952596
1379419234952725
1379419234952897
1379419234953052
1379419234953241
1379419234953382
1379419234953500
1379419234953729
1379419234953907
1379419234954065
1379419234954164
1379419234954730
1379419234954860
1379419234955347
1379419234955493
1379419234955695
1379419234955978
1379419234956317
1379419234992607
1379419234992616
1379419234992787
1379419235005785
1379419235084908
1379419235177013
1379419235279394
1379419235329002
1379419235474768
1379419235740478
1379419235786708
1379419235787273
1379419235788742
1379419235788759
1379419235832199
1379419235885838
1379419235885935
1379419235886114
1379419235925948
1379419235964859
1379419235964876
1379419235964883
1379419235983663
1379419236008125
1379419236020165
1379419236020345
1379419236092581
1379419236198399
1379419236316940
1379419236415305
1379419236415692
1379419236418935
1379419271345595
1379419271414133
1379419271414362
1379419271414448
1379419271497721
1379419271563297
1379419271565719
1379419271566058
1379419271566160
1379419271566494
1379419271566586
1379419271571609
1379419271578063
1379419271578215
1379419271578292
1379419271578524
1379419271582649
1379419271582912
1379419271582998
1379419271583292
1379419271583384
1379419271583971
1379419271584069
1379419271584367
1379419271587531
1379419271587636
1379419271588409
1379419271588517
1379419271588961
1379419271589070
1379419271589156
1379419271589664
1379419271590032
1379419271590176
1379419271590600
1379419271592231
1379419271592451
1379419271592823
1379419271593300
1379419271593385
1379419271593566
1379419271594247
1379419271594581
1379419271594965
1379419271595423
1379419271595654
1379419271596017
1379419271596288
1379419271596662
1379419271597038
1379419271597330
1379419271597509
1379419271598738
1379419271599190
1379419271599980
1379419271600232
1379419271600669
1379419271600892
1379419271601477
1379419271601998
1379419271602146
1379419271602731
1379419271603220
1379419271603398
1379419271604792
1379419271605124
1379419271605274
1379419271605616
1379419271605894
1379419271606153
1379419271606353
1379419271607552
1379419271607995
1379419271608323
1379419271608660
1379419271608797
1379419271609056
1379419271609324
1379419271627137
1379419271627527
1379419271627691
1379419271628649
1379419271629040
1379419271629401
1379419271629896
1379419271630138
1379419271630431
1379419271630627
1379419271688961
1379419271691697
1379419271691804
1379419271691899
1379419271692710
1379419271692795
1379419271693129
1379419271729619
