1380408072231934
1380408072344613
1380408072344719
1380408072344822
1380408072344886
1380408072459605
1380408072461463
1380408072461582
1380408072461671
1380408072461740
1380408072461826
1380408072462507
1380408072462604
1380408072575759
1380408072634218
1380408072640478
1380408072640677
1380408072640755
1380408072644579
1380408072644700
1380408072644792
1380408072645077
1380408072645176
1380408072645403
1380408072645669
1380408072652535
1380408072652639
1380408072652723
1380408072652788
1380408072656783
1380408072656978
1380408072657075
1380408072657249
1380408072657323
1380408072657566
1380408072657653
1380408072658138
1380408072658222
1380408072658407
1380408072658481
1380408072662194
1380408072662517
1380408072663283
1380408072663355
1380408072663445
1380408072663928
1380408072668245
1380408072668697
1380408072669799
1380408072669886
1380408072669967
1380408072675308
1380408072675455
1380408072675553
1380408072677401
1380408072677433
1380408072677582
1380408072677726
1380408072677816
1380408072677867
1380408072677899
1380408072678178
1380408072678323
1380408072679123
1380408072679219
1380408072679369
1380408072679456
1380408072679640
1380408072679713
1380408072679880
1380408072679967
1380408072680128
1380408072680246
1380408072681275
1380408072681355
1380408072681417
1380408072684040
1380408072684149
1380408072684388
1380408072684469
1380408072684645
1380408072684722
1380408072685093
1380408072685392
1380408072685603
1380408072685899
1380408072689486
1380408072689682
1380408072689834
1380408072690111
1380408072692725
1380408072692845
1380408072696848
1380408072696949
1380408072697053
1380408072697304
1380408072697659
1380408072701335
1380408072701403
1380408072703932
1380408072704181
1380408072704262
1380408072708239
1380408072791635
1380408072889177
1380408072925548
1380408072925701
1380408072925751
1380408072925797
1380408072925878
1380408072926193
1380408072926664
1380408072926711
1380408072927229
1380408072933464
1380408072934286
1380408072934614
1380408072934825
1380408072934915
1380408072935213
1380408072935293
1380408072935969
1380408072936067
1380408072936338
1380408072936591
1380408072936673
1380408072937414
1380408072937634
1380408072937721
1380408072937908
1380408072938124
1380408072938268
1380408072938357
1380408072938530
1380408072938621
1380408072938817
1380408072939275
1380408072939358
1380408072939435
1380408072939825
1380408072939851
1380408072940005
1380408072940083
1380408072944483
1380408072944545
1380408072944747
1380408072944783
1380408072945032
1380408072945058
1380408072945091
1380408072946397
1380408072947256
1380408072951722
1380408072951896
1380408072951981
1380408072952118
1380408072952226
1380408072954847
1380408072955061
1380408072993615
1380408072999856
1380408073000015
1380408073000104
1380408073037632
1380408073043838
1380408073044043
1380408073045932
1380408073046228
1380408073046357
1380408073046524
1380408073046692
1380408073046921
1380408073047200
1380408073047455
1380408073047593
1380408073047836
1380408073047925
1380408073049433
1380408073049639
1380408073049836
1380408073049985
1380408073050632
1380408073054839
1380408073057868
1380408073058102
1380408073058214
1380408073065909
1380408073066016
1380408073106424
1380408073155842
1380408073155954
1380408073193459
1380408073193765
1380408073193802
1380408073193863
1380408073193916
1380408073193968
1380408073194016
1380408073194065
1380408073194115
1380408073194166
1380408073194217
1380408073194269
1380408073194318
1380408073194402
1380408073201157
1380408073201872
1380408073202317
1380408073202474
1380408073202609
1380408073203133
1380408073203368
1380408073203608
1380408073203807
1380408073204061
1380408073204290
1380408073204529
1380408073204867
1380408073205381
1380408073205586
1380408073205835
1380408073205977
1380408073206131
1380408073206522
1380408073206909
1380408073207188
1380408073207587
1380408073207857
1380408073208147
1380408073217541
1380408073218005
1380408073218136
1380408073218457
1380408073218822
1380408073218926
1380408073219083
1380408073219470
1380408073219578
1380408073219932
1380408073220133
1380408073220326
1380408073220773
1380408073226334
1380408073226642
1380408073227051
1380408073227302
1380408073227467
1380408073233570
1380408073233927
1380408073234090
1380408073234229
1380408073234363
1380408073234501
1380408073236734
1380408073236912
1380408073239560
1380408073239860
1380408073240161
1380408073240630
1380408073240917
1380408073241183
1380408073241552
1380408073241847
1380408073242255
1380408073242548
1380408073249548
1380408073250046
1380408073250193
1380408073250340
1380408073250557
1380408073250658
1380408073250743
1380408073250853
1380408073257248
1380408073257817
1380408073258155
1380408073258283
1380408073263493
1380408073264200
1380408073264591
1380408073265054
1380408073265261
1380408073265712
1380408073266118
1380408073266377
1380408073266791
1380408073267171
1380408073273593
1380408073273792
1380408073273915
1380408073274116
1380408073274409
1380408073274754
1380408073274950
1380408073280653
1380408073281436
1380408073281910
1380408073282077
1380408073282596
1380408073282981
1380408073283336
1380408073283630
1380408073283962
1380408073284130
1380408073284305
1380408073286934
1380408073287329
1380408073287569
1380408073287947
1380408073288190
1380408073288322
1380408073288620
1380408073288937
1380408073289345
1380408073289595
1380408073289984
1380408073290127
1380408073290460
1380408073290652
1380408073297568
1380408073298262
1380408073298438
1380408073298710
1380408073299131
1380408073299356
1380408073299481
1380408073299864
1380408073300149
1380408073300281
1380408073306354
1380408073306943
1380408073307170
1380408073312393
1380408073312961
1380408073313401
1380408073313599
1380408073313919
1380408073314194
1380408073314436
1380408073314820
1380408073315122
1380408073315231
1380408073315611
1380408073316244
1380408073316607
1380408073316930
1380408073317389
1380408073317572
1380408073317703
1380408073322044
1380408073322367
1380408073322514
1380408073323360
1380408073323780
1380408073324139
1380408073324285
1380408073324620
1380408073324786
1380408073325087
1380408073325242
1380408073325477
1380408073333927
1380408073334167
1380408073334770
1380408073335352
1380408073335767
1380408073336142
1380408073336552
1380408073336923
1380408073337189
1380408073337466
1380408073337658
1380408073337749
1380408073337871
1380408073337988
1380408073338153
1380408073338255
1380408073346793
1380408073349812
1380408073350271
1380408073350498
1380408073350956
1380408073351118
1380408073351230
1380408073351367
1380408073351465
1380408073351697
1380408073351856
1380408073363961
1380408073368976
1380408073369599
1380408073369867
1380408073370001
1380408073370517
1380408073370804
1380408073370956
1380408073382570
1380408073383160
1380408073383398
1380408073394791
1380408073395301
1380408073395509
1380408073410408
1380408073411013
1380408073411170
1380408073411615
1380408073411782
1380408073411940
1380408073412067
1380408073412321
1380408073412918
1380408073413411
1380408073413852
1380408073414051
1380408073418498
1380408073418717
1380408073421947
1380408073422689
1380408073422896
1380408073423047
1380408073423311
1380408073423777
1380408073424273
1380408073424818
1380408073425153
1380408073425382
1380408073426833
1380408073427029
1380408073427279
1380408073427619
1380408073428716
1380408073428908
1380408073434076
1380408073434560
1380408073434722
1380408073434974
1380408073435363
1380408073435838
1380408073436047
1380408073436528
1380408073436980
1380408073437195
1380408073437392
1380408073439067
1380408073439275
1380408073439812
1380408073440141
1380408073440289
1380408073440872
1380408073441116
1380408073441328
1380408073441502
1380408073441695
1380408073442037
1380408073442139
1380408073442229
1380408073442458
1380408073442574
1380408073447130
1380408073447473
1380408073447738
1380408073448031
1380408073448323
1380408073448453
1380408073449854
1380408073450012
1380408073450215
1380408073450655
1380408073450989
1380408073451208
1380408073451426
1380408073451605
1380408073451933
1380408073452261
1380408073452720
1380408073452906
1380408073461812
1380408073462038
1380408073462416
1380408073462555
1380408073462728
1380408073463020
1380408073463195
1380408073463354
1380408073463680
1380408073464129
1380408073464270
1380408073464497
1380408073464919
1380408073465137
1380408073465274
1380408073465369
1380408073465721
1380408073465829
1380408073465972
1380408073466048
1380408073466203
1380408073466411
1380408073466549
1380408073473702
1380408073474315
1380408073474524
1380408073474703
1380408073475079
1380408073475317
1380408073475600
1380408073475760
1380408073476237
1380408073476667
1380408073476832
1380408073477332
1380408073477883
1380408073478119
1380408073478384
1380408073478662
1380408073478802
1380408073485616
1380408073485939
1380408073486358
1380408073486906
1380408073487185
1380408073487305
1380408073487380
1380408073487516
1380408073487867
1380408073488070
1380408073488302
1380408073494629
1380408073495041
1380408073500680
1380408073501331
1380408073501812
1380408073502191
1380408073502646
1380408073746651
1380408073751892
1380408073755004
1380408073756004
1380408073756364
1380408073756488
1380408073756555
1380408073756674
1380408073757051
1380408073761879
1380408073762064
1380408073762176
1380408073762287
1380408073762946
1380408073765847
1380408073767785
1380408073767967
1380408073768056
1380408073777975
1380408073778658
1380408073817338
1380408073824000
1380408073829676
1380408073841070
1380408073848253
1380408073848485
1380408073848583
1380408073855511
1380408073858179
1380408073887690
1380408073893312
1380408073893685
1380408073894269
1380408073894388
1380408073894941
1380408073895420
1380408073895495
1380408073899861
1380408073900310
1380408073900446
1380408073900849
1380408073905156
1380408073905290
1380408073905357
1380408073905476
1380408073905578
1380408073906106
1380408073910206
1380408073910334
1380408073910765
1380408073910885
1380408073910972
1380408073911085
1380408073911433
1380408073915483
1380408073915903
1380408073916052
1380408073916445
1380408073920525
1380408073920619
1380408073920904
1380408073921001
1380408073921120
1380408073921194
1380408073921643
1380408073925736
1380408073925872
1380408073925948
1380408073926062
1380408073926572
1380408073926664
1380408073926941
1380408073930925
1380408073931074
1380408073931565
1380408073931701
1380408073932038
1380408073935968
1380408073936052
1380408073936457
1380408073936551
1380408073936636
1380408073936993
1380408073941322
1380408073941429
1380408073941522
1380408073941816
1380408073941910
1380408073942138
1380408073942213
1380408073942647
1380408073942768
1380408073942890
1380408073946101
1380408073946625
1380408073946891
1380408073947207
1380408073981105
1380408073981458
1380408074108008
1380408074108328
1380408074233042
1380408075611502
1380408075638820
1380408075736450
1380408075834890
1380408076113436
1380408076114882
1380408076118935
1380408076118956
1380408076626544
1380408076662821
1380408076663713
1380408076928858
1380408076929682
1380408076941038
1380408076942311
1380408076991136
1380408077053422
1380408077053533
1380408077164298
1380408077200150
1380408077228062
1380408077228145
1380408077243220
1380408077357470
1380408077358483
1380408077474194
1380408077474749
1380408077475386
1380408077515575
1380408077517745
