1380374250591958
1380374250664260
1380374250664317
1380374250721205
1380374250721298
1380374250721745
1380374250721966
1380374250722398
1380374250722470
1380374250722563
1380374250722972
1380374250723038
1380374250723336
1380374250723423
1380374250735027
1380374250743245
1380374250743679
1380374250743738
1380374250747676
1380374250747915
1380374250748086
1380374250748149
1380374250748346
1380374250748661
1380374250748735
1380374250748819
1380374250749080
1380374250750032
1380374250750116
1380374250752490
1380374250755340
1380374250780104
1380374250780593
1380374250780669
1380374250781087
1380374250781237
1380374250781684
1380374250782225
1380374250782276
1380374250787177
1380374250787520
1380374250793356
1380374250793535
1380374250793803
1380374250797567
1380374250797624
1380374250797900
1380374250804297
1380374250804720
1380374250808470
1380374250808589
1380374250808900
1380374250814206
1380374250818216
1380374250818829
1380374250819688
1380374250820022
1380374250820205
1380374250820487
1380374250820668
1380374250820680
1380374250821128
1380374250821589
1380374250821788
1380374250821860
1380374250824098
1380374250824975
1380374250825368
1380374250826060
1380374250826512
1380374250826700
1380374250826807
1380374250827124
1380374250827361
1380374250827734
1380374250827859
1380374250828266
1380374250828399
1380374250829139
1380374250829372
1380374250829489
1380374250829643
1380374250829759
1380374250830327
1380374250830447
1380374250830577
1380374250830760
1380374250830914
1380374250830989
1380374250831501
1380374250831660
1380374250833709
1380374250833890
1380374250834337
1380374250834406
1380374250834678
1380374250839073
1380374250839643
1380374250840178
1380374250840286
1380374250840636
1380374250844974
1380374250845058
1380374250845290
1380374250845772
1380374250845850
1380374250846187
1380374250846325
1380374250846455
1380374250847028
1380374250847134
1380374250847252
1380374250847371
1380374250847522
1380374250850139
1380374250850251
1380374250850646
1380374250850816
1380374250850951
1380374250851081
1380374250851716
1380374250852185
1380374250852319
1380374250852426
1380374250852549
1380374250852981
1380374250853087
1380374250886931
1380374250898184
1380374250898319
1380374250898362
1380374250898418
1380374250898458
1380374250898620
1380374250898660
1380374250903789
1380374250904585
1380374250904835
1380374250905195
1380374250905397
1380374250905525
1380374250905681
1380374250905831
1380374250905995
1380374250906197
1380374250906431
1380374250906554
1380374250906947
1380374250907198
1380374250907359
1380374250907859
1380374250907995
1380374250908168
1380374250908327
1380374250908480
1380374250908659
1380374250908780
1380374250908986
1380374250909107
1380374250909268
1380374250909415
1380374250909673
1380374250909776
1380374250909871
1380374250909980
1380374250910274
1380374250910352
1380374250910549
1380374250910599
1380374250910780
1380374250911042
1380374250911144
1380374250911274
1380374250911343
1380374250911445
1380374250911590
1380374250912595
1380374250912733
1380374250912833
1380374250913133
1380374250913253
1380374250913508
1380374250913652
1380374250913762
1380374250913999
1380374250914135
1380374250914425
1380374250914665
1380374250914901
1380374250915051
1380374250915173
1380374250915421
1380374250915550
1380374250915660
1380374250917139
1380374250917379
1380374250917529
1380374250917733
1380374250917869
1380374250918118
1380374250918316
1380374250918510
1380374250918644
1380374250918794
1380374250918951
1380374250919066
1380374250919357
1380374250919508
1380374250919617
1380374250919740
1380374250923536
1380374250923730
1380374250924433
1380374250924690
1380374250924879
1380374250925049
1380374250925301
1380374250925423
1380374250925561
1380374250925677
1380374250925860
1380374250925964
1380374250926494
1380374250926630
1380374250926860
1380374250927051
1380374250927167
1380374250927364
1380374250927621
1380374250927735
1380374250927898
1380374250928073
1380374250928180
1380374250928277
1380374250928430
1380374250928589
1380374250928757
1380374250929284
1380374250929418
1380374250929663
1380374250931247
1380374250931418
1380374250931593
1380374250931717
1380374250940364
1380374250940817
1380374250940927
1380374250941022
1380374250941996
1380374250942205
1380374250942353
1380374250942481
1380374250942746
1380374250942857
1380374250944203
1380374250944698
1380374250945043
1380374250949600
1380374250953048
1380374250956758
1380374250957222
1380374250957584
1380374250958063
1380374250958439
1380374250958568
1380374250961093
1380374250961156
1380374250961356
1380374250961461
1380374250962666
1380374250962778
1380374250962998
1380374250963157
1380374250963362
1380374250963883
1380374250964024
1380374250964133
1380374250964302
1380374250964948
1380374250965126
1380374250965278
1380374250966644
1380374250967034
1380374250967095
1380374250967277
1380374250973509
1380374250973816
1380374250973976
1380374250974504
1380374250974562
1380374250974617
1380374250974631
1380374250974751
1380374250977054
1380374250980229
1380374250980669
1380374250980826
1380374250981133
1380374250981352
1380374250981579
1380374250981978
1380374250982059
1380374250982243
1380374250982638
1380374250982722
1380374250982800
1380374250983041
1380374250983218
1380374250983686
1380374250983715
1380374250983809
1380374250983879
1380374250984173
1380374250984255
1380374250984484
1380374250984507
1380374250984608
1380374250988170
1380374250988228
1380374250988358
1380374250988431
1380374250988937
1380374250988966
1380374250989080
1380374250989177
1380374250989250
1380374250990051
1380374250990138
1380374250990324
1380374250990554
1380374250990623
1380374250991005
1380374250991044
1380374250991148
1380374250991241
1380374250991632
1380374250991733
1380374250991821
1380374250991902
1380374250991977
1380374250993659
1380374250993711
1380374250993846
1380374250994131
1380374250994731
1380374250994820
1380374250994897
1380374250995004
1380374250995365
1380374250995525
1380374250995884
1380374250995957
1380374250996059
1380374250996403
1380374250996521
1380374250996593
1380374250996931
1380374250997231
1380374250997389
1380374250997626
1380374250997953
1380374250998195
1380374250998552
1380374250998936
1380374250999096
1380374250999183
1380374250999370
1380374250999721
1380374250999911
1380374251000258
1380374251001381
1380374251004451
1380374251004732
1380374251004921
1380374251005100
1380374251005134
1380374251005488
1380374251005729
1380374251005829
1380374251005935
1380374251006159
1380374251009278
1380374251009484
1380374251009680
1380374251009903
1380374251010525
1380374251010612
1380374251010779
1380374251010940
1380374251011008
1380374251011143
1380374251014586
1380374251015410
1380374251015580
1380374251015661
1380374251015765
1380374251015985
1380374251016707
1380374251018761
1380374251018989
1380374251019160
1380374251019772
1380374251020090
1380374251020288
1380374251020510
1380374251020905
1380374251021805
1380374251022910
1380374251023313
1380374251023812
1380374251024771
1380374251024929
1380374251025079
1380374251025232
1380374251025341
1380374251025636
1380374251025774
1380374251026691
1380374251027004
1380374251031417
1380374251031485
1380374251032045
1380374251033688
1380374251035527
1380374251035789
1380374251036727
1380374251038186
1380374251041693
1380374251041740
1380374251041900
1380374251042117
1380374251109730
1380374251114199
1380374251114321
1380374251116919
1380374251121427
1380374251126059
1380374251129960
1380374251134397
1380374251138542
1380374251143418
1380374251147716
1380374251151966
1380374251156136
1380374251160251
1380374251164454
1380374251167105
1380374251168440
1380374251172348
1380374251172553
1380374251173173
1380374251173389
1380374251173531
1380374251173843
1380374251174255
1380374251174483
1380374251178755
1380374251186518
1380374251186994
1380374251187156
1380374251187242
1380374251191054
1380374251191298
1380374251192137
1380374251192316
1380374251192546
1380374251192637
1380374251192757
1380374251193006
1380374251193348
1380374251193487
1380374251193662
1380374251195343
1380374251195522
1380374251195635
1380374251196303
1380374251197292
1380374251197463
1380374251197645
1380374251197811
1380374251234940
1380374251235156
1380374251235480
1380374251239334
1380374251240091
1380374251240523
1380374251240619
1380374251243928
1380374251244200
1380374251244571
1380374251245072
1380374251245479
1380374251245730
1380374251245950
1380374251246277
1380374251246354
1380374251246542
1380374251246977
1380374251247140
1380374251247554
1380374251247839
1380374251247949
1380374251248017
1380374251248638
1380374251248827
1380374251249195
1380374251249375
1380374251249526
1380374251249624
1380374251250465
1380374251250708
1380374251251004
1380374251251234
1380374251251998
1380374251252179
1380374251252344
1380374251252410
1380374251252546
1380374251252840
1380374251253015
1380374251253283
1380374251253907
1380374251254454
1380374251254704
1380374251255080
1380374251255314
1380374251256165
1380374251256327
1380374251256526
1380374251256605
1380374251256767
1380374251256956
1380374251257108
1380374251257242
1380374251257309
1380374251259835
1380374251260113
1380374251260348
1380374251260617
1380374251260792
1380374251262036
1380374251262619
1380374251262925
1380374251263218
1380374251265152
1380374251265466
1380374251265732
1380374251266002
1380374251266178
1380374251266294
1380374251266685
1380374251266849
1380374251267031
1380374251267153
1380374251268127
1380374251268374
1380374251268627
1380374251268980
1380374251269373
1380374251269568
1380374251269736
1380374251269801
1380374251269909
1380374251270533
1380374251270682
1380374251271220
1380374251271417
1380374251271466
1380374251271511
1380374251271557
1380374251271693
1380374251271750
1380374251271831
1380374251275390
1380374251275632
1380374251275923
1380374251276063
1380374251276323
1380374251276553
1380374251276795
1380374251276970
1380374251277134
1380374251278078
1380374251278972
1380374251279082
1380374251279290
1380374251279377
1380374251279406
1380374251279709
1380374251279775
1380374251279879
1380374251280015
1380374251280630
1380374251280795
1380374251280957
1380374251281243
1380374251281438
1380374251281483
1380374251281658
1380374251282856
1380374251283009
1380374251283177
1380374251283262
1380374251283442
1380374251283509
1380374251283668
1380374251283822
1380374251283959
1380374251284044
1380374251284190
1380374251284331
1380374251284474
1380374251290036
1380374251290139
1380374251290358
1380374251290948
1380374251291096
1380374251291229
1380374251291856
1380374251292474
1380374251292726
1380374251295859
1380374251296287
1380374251296411
1380374251297794
1380374251297931
1380374251298118
1380374251298253
1380374251298398
1380374251298536
1380374251298595
1380374251299167
1380374251299305
1380374251300535
1380374251303821
1380374251304109
1380374251305865
1380374251305995
1380374251306343
1380374251308084
1380374251313030
1380374251314601
1380374251314763
1380374251315010
1380374251318444
1380374251318524
1380374251318571
1380374251318695
1380374251318800
1380374251318861
1380374251319019
1380374251319072
1380374251323241
1380374251325325
1380374251325444
1380374251325620
1380374251325764
1380374251325795
1380374251326184
1380374251326253
1380374251326358
1380374251326971
1380374251327209
1380374251327244
1380374251327481
1380374251327736
1380374251328012
1380374251328302
1380374251328337
1380374251328383
1380374251328515
1380374251328620
1380374251328891
1380374251329831
1380374251329957
1380374251330245
1380374251333133
1380374251333338
1380374251333800
1380374251334826
1380374251335228
1380374251335714
1380374251335995
1380374251336153
1380374251336393
1380374251340083
1380374251340876
1380374251380766
1380374251380865
1380374251386708
1380374251387182
1380374251387328
1380374251387445
1380374251388644
1380374251391581
1380374251391730
1380374251392000
1380374251392193
1380374251392377
1380374251392512
1380374251392551
1380374251392972
1380374251393350
1380374251393441
1380374251394022
1380374251394286
1380374251394496
1380374251394728
1380374251394819
1380374251395272
1380374251395476
1380374251395647
1380374251398959
1380374251399823
1380374251400271
1380374251400516
1380374251400622
1380374251400719
1380374251401107
1380374251401273
1380374251403594
1380374251404478
1380374251404590
1380374251404836
1380374251404963
1380374251405281
1380374251405664
1380374251405963
1380374251406104
1380374251406441
1380374251406578
1380374251406739
1380374251406932
1380374251407088
1380374251407171
1380374251407966
1380374251408070
1380374251408470
1380374251409236
1380374251409410
1380374251411981
1380374251412214
1380374251412654
1380374251413139
1380374251413211
1380374251413445
1380374251415583
1380374251415817
1380374251415964
1380374251416310
1380374251416463
1380374251416520
1380374251416585
1380374251416651
1380374251417068
1380374251417109
1380374251417129
1380374251417262
1380374251417295
1380374251417384
1380374251417532
1380374251417577
1380374251418590
1380374251419561
1380374251419764
1380374251420302
1380374251420399
1380374251421993
1380374251422307
1380374251422413
1380374251422626
1380374251422771
1380374251422976
1380374251423083
1380374251423385
1380374251423585
1380374251423755
1380374251423918
1380374251424021
1380374251424582
1380374251424680
1380374251425040
1380374251425130
1380374251425345
1380374251425498
1380374251425699
1380374251425898
1380374251425994
1380374251426051
1380374251426334
1380374251426466
1380374251426619
1380374251426810
1380374251427252
1380374251427613
1380374251427681
1380374251427958
1380374251428201
1380374251428339
1380374251428607
1380374251428742
1380374251428873
1380374251428930
1380374251429180
1380374251429382
1380374251429512
1380374251429718
1380374251429808
1380374251429907
1380374251430061
1380374251430165
1380374251430243
1380374251430495
1380374251430980
1380374251431602
1380374251431785
1380374251431980
1380374251432062
1380374251432330
1380374251432680
1380374251432793
1380374251432989
1380374251433137
1380374251433418
1380374251433710
1380374251433823
1380374251436037
1380374251436213
1380374251436448
1380374251436802
1380374251436890
1380374251437079
1380374251437216
1380374251437473
1380374251438041
1380374251438216
1380374251438363
1380374251438501
1380374251438691
1380374251439027
1380374251439237
1380374251439429
1380374251440001
1380374251440215
1380374251440368
1380374251440556
1380374251440668
1380374251440831
1380374251440959
1380374251441142
1380374251441393
1380374251441463
1380374251441675
1380374251441803
1380374251441981
1380374251442062
1380374251442196
1380374251442342
1380374251442881
1380374251443094
1380374251443277
1380374251443459
1380374251443551
1380374251443797
1380374251443941
1380374251444068
1380374251444175
1380374251444322
1380374251444451
1380374251444603
1380374251444740
1380374251444925
1380374251445102
1380374251445258
1380374251445372
1380374251445491
1380374251445611
1380374251445737
1380374251446630
1380374251446888
1380374251447731
1380374251448114
1380374251448333
1380374251448657
1380374251448903
1380374251448970
1380374251449197
1380374251449318
1380374251450612
1380374251450855
1380374251450996
1380374251451239
1380374251451464
1380374251451569
1380374251451756
1380374251451878
1380374251452849
1380374251453112
1380374251453355
1380374251453544
1380374251453657
1380374251453983
1380374251454168
1380374251454282
1380374251454416
1380374251454715
1380374251454862
1380374251455091
1380374251455294
1380374251455417
1380374251455494
1380374251455721
1380374251455874
1380374251455988
1380374251456304
1380374251456489
1380374251456658
1380374251457183
1380374251457330
1380374251457474
1380374251457603
1380374251457715
1380374251457855
1380374251458033
1380374251458131
1380374251458379
1380374251458509
1380374251458635
1380374251458885
1380374251458992
1380374251459297
1380374251459491
1380374251459688
1380374251459837
1380374251459999
1380374251460195
1380374251461056
1380374251461257
1380374251465488
1380374251465727
1380374251465881
1380374251466053
1380374251466182
1380374251466382
1380374251466549
1380374251466741
1380374251467021
1380374251467159
1380374251471705
1380374251472323
1380374251472661
1380374251472798
1380374251472893
1380374251473106
1380374251473268
1380374251473370
1380374251473431
1380374251473513
1380374251473850
1380374251474008
1380374251474156
1380374251474325
1380374251474503
1380374251474611
1380374251478311
1380374251479085
1380374251479223
1380374251479396
1380374251479932
1380374251480065
1380374251480136
1380374251480207
1380374251480454
1380374251480620
1380374251484773
1380374251487561
1380374251487692
1380374251487826
1380374251488070
1380374251488242
1380374251488378
1380374251488490
1380374251488764
1380374251489116
1380374251489275
1380374251489381
1380374251492460
1380374251492711
1380374251492857
1380374251493043
1380374251493209
1380374251493460
1380374251493553
1380374251494083
1380374251494798
1380374251495063
1380374251495211
1380374251495447
1380374251495577
1380374251496941
1380374251497935
1380374251498149
1380374251498236
1380374251498425
1380374251498522
1380374251498847
1380374251499599
1380374251499755
1380374251499923
1380374251500114
1380374251500230
1380374251500558
1380374251501225
1380374251501440
1380374251501586
1380374251501713
1380374251501832
1380374251503362
1380374251504300
1380374251504503
1380374251504649
1380374251504787
1380374251504876
1380374251505196
1380374251505751
1380374251506028
1380374251506117
1380374251506547
1380374251507207
1380374251507421
1380374251507578
1380374251507720
1380374251507845
1380374251508311
1380374251509430
1380374251509673
1380374251509884
1380374251510078
1380374251510280
1380374251510358
1380374251510554
1380374251510872
1380374251511071
1380374251511288
1380374251511413
1380374251511540
1380374251511725
1380374251512172
1380374251512390
1380374251512582
1380374251512913
1380374251513005
1380374251513342
1380374251513736
1380374251514857
1380374251515170
1380374251515390
1380374251515558
1380374251515648
1380374251515759
1380374251516196
1380374251516385
1380374251516551
1380374251516711
1380374251516836
1380374251517033
1380374251517134
1380374251517246
1380374251517365
1380374251517451
1380374251517600
1380374251517744
1380374251517806
1380374251517944
1380374251518068
1380374251518108
1380374251518314
1380374251518803
1380374251518994
1380374251519215
1380374251519391
1380374251519467
1380374251520053
1380374251520190
1380374251520327
1380374251520645
1380374251520726
1380374251520910
1380374251521859
1380374251522086
1380374251522224
1380374251522332
1380374251522512
1380374251522605
1380374251522768
1380374251529127
1380374251529181
1380374251534503
1380374251535160
1380374251535412
1380374251535784
1380374251535942
1380374251535974
1380374251536353
1380374251536526
1380374251538725
1380374251539053
1380374251544823
1380374251545364
1380374251545577
1380374251545665
1380374251545893
1380374251546028
1380374251546207
1380374251546236
1380374251546688
1380374251546874
1380374251558972
1380374251586955
1380374251591726
1380374251592556
1380374251592641
1380374251632449
1380374251632766
1380374251632826
1380374251632877
1380374251633290
1380374251635762
1380374251635958
1380374251637061
1380374251638647
1380374251639351
1380374251641642
1380374251641690
1380374251641779
1380374251641841
1380374251642183
1380374251642340
1380374251643860
1380374251645102
1380374251645362
1380374251645535
1380374251645652
1380374251651784
1380374251651820
1380374251652194
1380374251652398
1380374251656455
1380374251656885
1380374251658259
1380374251658403
1380374251662806
1380374251663142
1380374251666875
1380374251667049
1380374251667269
1380374251668530
1380374251668673
1380374251669369
1380374251671050
1380374251671467
1380374251671745
1380374251673529
1380374251673791
1380374251675791
1380374251676808
1380374251677232
1380374251679002
1380374251679142
1380374251680371
1380374251680532
1380374251681261
1380374251681536
1380374251681745
1380374251682593
1380374251683122
1380374251683694
1380374251687112
1380374251688328
1380374251688496
1380374251691051
1380374251691396
1380374251691885
1380374251692169
1380374251692753
1380374251695224
1380374251695448
1380374251700507
1380374251700555
1380374251701435
1380374251701763
1380374251707190
1380374251707339
1380374251709277
1380374251713729
1380374251713860
1380374251714996
1380374251715006
1380374251715059
1380374251719768
1380374251730443
1380374251731739
1380374251731810
1380374251731870
1380374251732064
1380374251732105
1380374251732216
1380374251736329
1380374251736558
1380374251736702
1380374251736872
1380374251737323
1380374251737581
1380374251737741
1380374251740273
1380374251740688
1380374251740793
1380374251740836
1380374251740877
1380374251740918
1380374251741603
1380374251741649
1380374251746180
1380374251747613
1380374251747645
1380374251747735
1380374251747853
1380374251747982
1380374251748019
1380374251748289
1380374251748826
1380374251754392
1380374251754445
1380374251754521
1380374251754606
1380374251754654
1380374251760080
1380374251760851
1380374251761223
1380374251762974
1380374251763877
1380374251764123
1380374251764377
1380374251764587
1380374251764681
1380374251764861
1380374251764973
1380374251767262
1380374251767457
1380374251767595
1380374251767712
1380374251767855
1380374251769093
1380374251769239
1380374251769399
1380374251771189
1380374251771275
1380374251772036
1380374251772240
1380374251772337
1380374251773207
1380374251773482
1380374251773632
1380374251773768
1380374251774197
1380374251775071
1380374251775288
1380374251775920
1380374251776681
1380374251776892
1380374251777064
1380374251777160
1380374251777235
1380374251777651
1380374251778205
1380374251778544
1380374251778683
1380374251778965
1380374251779332
1380374251779451
1380374251779637
1380374251779767
1380374251779883
1380374251780000
1380374251780090
1380374251780478
1380374251780594
1380374251780722
1380374251780875
1380374251781007
1380374251781139
1380374251781269
1380374251781363
1380374251781716
1380374251783376
1380374251783587
1380374251783761
1380374251783940
1380374251784040
1380374251784173
1380374251784263
1380374251784484
1380374251787467
1380374251787555
1380374251788565
1380374251789147
1380374251789464
1380374251789576
1380374251789799
1380374251789921
1380374251790206
1380374251790333
1380374251790398
1380374251790541
1380374251792617
1380374251792850
1380374251793089
1380374251793406
1380374251793784
1380374251794065
1380374251794156
1380374251794278
1380374251794481
1380374251794877
1380374251795139
1380374251795277
1380374251795370
1380374251795973
1380374251796260
1380374251796399
1380374251796472
1380374251796705
1380374251796966
1380374251797150
1380374251797323
1380374251797548
1380374251797813
1380374251801183
1380374251801435
1380374251801572
1380374251801723
1380374251802324
1380374251802504
1380374251802619
1380374251802788
1380374251802916
1380374251803065
1380374251803651
1380374251803874
1380374251804044
1380374251804262
1380374251804769
1380374251804975
1380374251805224
1380374251807964
1380374251819378
1380374251819602
1380374251890940
1380374251973456
1380374251987884
1380374251987974
1380374251988056
1380374252025669
1380374252038361
1380374252038700
1380374252038893
1380374252050030
1380374252050269
1380374252050454
1380374252050688
1380374252050892
1380374252051100
1380374252051243
1380374252051573
1380374252051708
1380374252051884
1380374252062064
1380374252062306
1380374252062458
1380374252062935
1380374252063280
1380374252063439
1380374252511178
1380374252528742
1380374252588736
1380374252665358
1380374252695982
1380374252789712
1380374253054727
1380374253261900
1380374253288463
1380374253299903
1380374253326727
1380374253896174
1380374253965887
1380374253965901
1380374253975547
1380374253994147
1380374254016335
1380374254036109
1380374254074999
1380374254078831
1380374254120255
1380374254145961
1380374254156106
1380374254178774
1380374254189526
1380374254197208
1380374254204495
1380374254334656
1380374254334805
1380374254334881
1380374254334954
1380374254335026
1380374254335028
1380374254423011
1380374254423550
1380374254465631
1380374254465973
1380374254477705
1380374254478590
1380374254502900
1380374254503013
1380374254503129
1380374254521579
1380374254521640
1380374254534782
1380374254537757
1380374254575333
1380374254588591
1380374254631006
1380374254631187
1380374254694584
1380374254694651
1380374254700081
1380374254725916
1380374254737167
1380374254738546
1380374254748919
1380374254749733
1380374254787701
1380374254788167
1380374254799959
1380374254801081
1380374254801227
1380374254801423
1380374254801992
1380374254812081
1380374254812186
1380374254812294
1380374254812586
1380374254812882
1380374254813127
1380374254813399
1380374254813498
1380374254813606
1380374254813894
1380374254814206
1380374254814369
