1379928961426826
1379928961514300
1379928961514654
1379928961514827
1379928961591673
1379928961648280
1379928961706872
1379928961707149
1379928961730041
1379928961733624
1379928961733808
1379928961789382
1379928961789616
1379928961789672
1379928961789887
1379928961789943
1379928961790792
1379928961790955
1379928961791119
1379928961791387
1379928961791446
1379928961805602
1379928961867634
1379928961867843
1379928961867911
1379928961867988
1379928961868212
1379928961868404
1379928961868462
1379928961868658
1379928961869215
1379928961869327
1379928961888779
1379928961926673
1379928961927086
1379928962011364
1379928962050844
1379928962128809
1379928962128881
1379928962128950
1379928962129020
1379928962129070
1379928962135276
1379928962135590
1379928962210046
1379928962210101
1379928962210638
1379928962211909
1379928962212111
1379928962212416
1379928962212542
1379928962212638
1379928962213117
1379928962213212
1379928962213500
1379928962213591
1379928962213684
1379928962214682
1379928962214746
1379928962215063
1379928962215201
1379928962215419
1379928962216290
1379928962216517
1379928962216808
1379928962216866
1379928962216956
1379928962217371
1379928962217461
1379928962217518
1379928962218191
1379928962290485
1379928962290652
1379928962292113
1379928962292162
1379928962294378
1379928962294469
1379928962294483
1379928962294579
1379928962294697
1379928962294797
1379928962295615
1379928962295866
1379928962296374
1379928962296639
1379928962296710
1379928962296905
1379928962297355
1379928962297455
1379928962297676
1379928962297769
1379928962297869
1379928962298221
1379928962298295
1379928962298838
1379928962298911
1379928962299006
1379928962299264
1379928962299335
1379928962299563
1379928962299642
1379928962299670
1379928962299953
1379928962300049
1379928962300863
1379928962301262
1379928962301347
1379928962301659
1379928962301732
1379928962301953
1379928962372116
1379928962372400
1379928962372454
1379928962372545
1379928962372857
1379928962372939
1379928962373184
1379928962373288
1379928962373414
1379928962373749
1379928962374459
1379928962374536
1379928962374633
1379928962374696
1379928962374960
1379928962375056
1379928962376401
1379928962376516
1379928962377156
1379928962377224
1379928962377321
1379928962377553
1379928962377649
1379928962377804
1379928962383125
1379928962383203
1379928962383409
1379928962383635
1379928962385077
1379928962385312
1379928962385709
1379928962385921
1379928962385991
1379928962386270
1379928962394973
1379928962395162
1379928962396688
1379928962396753
1379928962396943
1379928962435802
1379928962452674
1379928962452766
1379928962453264
1379928962453672
1379928962453878
1379928962453948
1379928962454212
1379928962454305
1379928962454654
1379928962454727
1379928962455083
1379928962455164
1379928962455513
1379928962455578
1379928962455992
1379928962456351
1379928962456483
1379928962456569
1379928962456940
1379928962472510
1379928962472963
1379928962508139
1379928962523165
1379928962523229
1379928962523509
1379928962524118
1379928962524478
1379928962524541
1379928962524790
1379928962541797
1379928962566807
1379928962566864
1379928962587242
1379928962627190
1379928962628248
1379928962664208
1379928962664640
1379928962704197
