1379841972696479
1379841972805226
1379841972841945
1379841972842026
1379841972842138
1379841972876832
1379841972910517
1379841972929860
1379841972930143
1379841972934153
1379841972934226
1379841972971160
1379841973010270
1379841973014194
1379841973049816
1379841973050255
1379841973089464
1379841973152920
1379841973153012
1379841973153358
1379841973153688
1379841973376683
1379841973376888
1379841973377151
1379841973377228
1379841973377338
1379841973377631
1379841973377875
1379841973600727
1379841973601025
1379841973601139
1379841973601229
1379841973601594
1379841973601675
1379841973824035
1379841973824191
1379841973824356
1379841973824700
1379841973824812
1379841973862082
1379841974085320
1379841974121997
1379841974122244
1379841974126925
1379841974130941
1379841974131691
1379841974131850
1379841974170140
1379841974174676
1379841974175323
1379841974175694
1379841974175787
1379841974214158
1379841974218330
1379841974219096
1379841974219431
1379841974219527
1379841974222579
1379841974223379
1379841974223466
1379841974223699
1379841974228150
1379841974228863
1379841974229279
1379841974229366
1379841974232348
1379841974236407
1379841974237147
1379841974237537
1379841974237627
1379841974241055
1379841974245971
1379841974246516
1379841974246617
1379841974246847
1379841974289796
1379841974290048
1379841974294477
1379841974294721
1379841974334142
1379841974338777
1379841974339506
1379841974339853
1379841974339968
1379841974343513
1379841974343751
1379841974344582
1379841974344789
1379841974345021
1379841974345238
1379841974345328
1379841974345841
1379841974345989
1379841974346168
1379841974348167
1379841974348261
1379841974348471
1379841974348884
1379841974349833
1379841974349942
1379841974350026
1379841974350361
1379841974350441
1379841974350748
1379841974351491
1379841974351993
1379841974353387
1379841974353918
1379841974354225
1379841974354463
1379841974354597
1379841974354843
1379841974354950
1379841974355105
1379841974355479
1379841974355635
1379841974356286
1379841974356613
1379841974356977
1379841974357009
1379841974357035
1379841974357062
1379841974357088
1379841974357115
1379841974357141
1379841974357168
1379841974357256
1379841974357330
1379841974358321
1379841974358493
1379841974360799
1379841974361671
1379841974362015
1379841974362173
1379841974362542
1379841974363244
1379841974363538
1379841974363668
1379841974363850
1379841974364795
1379841974364942
1379841974365079
1379841974365276
1379841974365477
1379841974365541
1379841974365748
1379841974365765
1379841974366013
1379841974366099
1379841974366113
1379841974366180
1379841974367417
1379841974367751
1379841974367918
1379841974368069
1379841974368297
1379841974368311
1379841974368513
1379841974368531
1379841974368640
1379841974368771
1379841974368984
1379841974369099
1379841974369214
1379841974369224
1379841974380649
1379841974380708
1379841974380864
1379841974381601
1379841974381637
1379841974381669
1379841974381696
1379841974381726
1379841974381755
1379841974381780
1379841974381807
1379841974381836
1379841974382201
1379841974382274
1379841974382883
1379841974382897
1379841974382973
1379841974383327
1379841974383494
1379841974383551
1379841974383785
1379841974383922
1379841974384416
1379841974384492
1379841974384667
1379841974384807
1379841974384951
1379841974385197
1379841974386482
1379841974386965
1379841974387366
1379841974388095
1379841974388236
1379841974388365
1379841974388508
1379841974388573
1379841974388761
1379841974388998
1379841974389056
1379841974389813
1379841974390450
1379841974390463
1379841974390477
1379841974390513
1379841974390526
1379841974390824
1379841974390860
1379841974391121
1379841974391203
1379841974392117
1379841974392847
1379841974392868
1379841974393637
1379841974393760
1379841974393799
1379841974393887
1379841974393926
1379841974394056
1379841974394174
1379841974394242
1379841974394352
1379841974394367
1379841974401335
1379841974401841
1379841974401934
1379841974402526
1379841974402675
1379841974402786
1379841974402848
1379841974409584
1379841974409732
1379841974410015
1379841974410096
1379841974410227
1379841974410713
1379841974410886
1379841974411234
1379841974411609
1379841974411826
1379841974412033
1379841974412148
1379841974412324
1379841974412827
1379841974412908
1379841974412951
1379841974413172
1379841974414438
1379841974414656
1379841974414676
1379841974414911
1379841974415829
1379841974416094
1379841974416215
1379841974416345
1379841974417191
1379841974417451
1379841974417542
1379841974417973
1379841974418058
1379841974418184
1379841974418462
1379841974418584
1379841974418805
1379841974418917
1379841974419100
1379841974419189
1379841974419514
1379841974419705
1379841974419837
1379841974419950
1379841974420048
1379841974420553
1379841974420855
1379841974421106
1379841974421339
1379841974421589
1379841974421766
1379841974421910
1379841974422015
1379841974422159
1379841974422709
1379841974423646
1379841974423858
1379841974423976
1379841974424337
1379841974424455
1379841974424612
1379841974424722
1379841974426428
1379841974597434
1379841974597598
1379841974597725
1379841974601148
1379841974601403
1379841974601565
1379841974602243
1379841974602307
1379841974602468
1379841974602644
1379841974602659
1379841974602808
1379841974602900
1379841974603026
1379841974603279
1379841974603315
1379841974603358
1379841974603615
1379841974605357
1379841974605810
1379841974605941
1379841974606094
1379841974606621
1379841974606749
1379841974606859
1379841974607305
1379841974607425
1379841974607743
1379841974607960
1379841974837702
1379841974841813
1379841974842560
1379841974842700
1379841974881764
1379841974882006
1379841974888004
1379841974888692
1379841974891972
1379841974900437
1379841974900839
1379841974900936
1379841974901004
1379841974937961
1379841974944100
1379841974944767
1379841974944840
1379841974981770
1379841974982015
1379841974987493
1379841974988170
1379841974988545
1379841974988652
1379841974991812
1379841975030192
1379841975035211
1379841975035933
1379841975036071
1379841975073966
1379841975078211
1379841975078941
1379841975079035
1379841975117786
1379841975118011
1379841975122705
1379841975123422
1379841975123568
1379841975162061
1379841975162295
1379841975166534
1379841975167283
1379841975167378
1379841975167815
1379841975205937
1379841975210697
1379841975211423
1379841975211515
1379841975250036
1379841975250280
1379841975259930
1379841975260272
1379841975260394
1379841975265089
1379841975265155
1379841975265211
1379841975265260
1379841975265309
1379841975265359
1379841975265407
1379841975265457
1379841975265522
1379841975265571
1379841975265619
1379841975265668
1379841975270191
1379841975270888
1379841975270998
1379841975271023
1379841975271161
1379841975271644
1379841975271782
1379841975271904
1379841975272229
1379841975272347
1379841975272837
1379841975273467
1379841975273991
1379841975274138
1379841975274166
1379841975274418
1379841975274622
1379841975274843
1379841975275012
1379841975276419
1379841975276909
1379841975276945
1379841975277019
1379841975277042
1379841975277213
1379841975277239
1379841975277386
1379841975277414
1379841975277609
1379841975277698
1379841975277779
1379841975277821
1379841975277977
1379841975278073
1379841975278210
1379841975278351
1379841975278493
1379841975278719
1379841975281492
1379841975282328
1379841975285060
1379841975285094
1379841975285752
1379841975292605
1379841975293592
1379841975293664
1379841975331924
1379841975340199
1379841975340330
1379841975340671
1379841975340786
1379841975340881
1379841975341600
1379841975485063
1379841975485748
1379841975487162
1379841975487294
1379841977036758
1379841977257254
1379841977501053
1379841977726212
1379841977726299
1379842008725426
1379842008731772
1379842008731818
1379842008732161
1379842008736425
1379842008736698
1379842008767283
1379842008773268
1379842008796373
1379842008802121
1379842008802311
1379842008904396
1379842008910678
1379842008911657
1379842008911707
