1379412769153956
1379412769527446
1379412769527525
1379412769531721
1379412769531829
1379412769618308
1379412769623787
1379412769629591
1379412769629858
1379412769635457
1379412769635542
1379412769673699
1379412769679057
1379412769679101
1379412769717705
1379412769723343
1379412769723413
1379412769723631
1379412769761684
1379412769767127
1379412769767196
1379412769767518
1379412769771386
1379412769771522
1379412769771845
1379412769771923
1379412769772127
1379412769772227
1379412769772430
1379412769772933
1379412769778284
1379412769778356
1379412769778676
1379412769782345
1379412769782572
1379412769782669
1379412769783146
1379412769783209
1379412769783519
1379412769783612
1379412769783835
1379412769784186
1379412769784483
1379412769789979
1379412769790172
1379412769790327
1379412769794057
1379412769794150
1379412769794208
1379412769794448
1379412769800372
1379412769800484
1379412769804263
1379412769804369
1379412769804485
1379412769804702
1379412769804894
1379412769804993
1379412769805163
1379412769805425
1379412769810969
1379412769811237
1379412769815264
1379412769815339
1379412769815578
1379412769815649
1379412769815964
1379412769816055
1379412769816503
1379412769816715
1379412769816881
1379412769816998
1379412769817309
1379412769817523
1379412769817655
1379412769817699
1379412769817743
1379412769818799
1379412769818939
1379412769823802
1379412769824590
1379412769824937
1379412769825296
1379412769825607
1379412769825788
1379412769827574
1379412769827915
1379412769828365
1379412769834328
1379412769834612
1379412769834935
1379412769847827
1379412769853092
1379412769956468
1379412769995733
1379412769996330
1379412769996649
1379412769996876
1379412770000282
1379412770000546
1379412770000698
1379412770001011
1379412770001404
1379412770001781
1379412770002105
1379412770005828
1379412770006155
1379412770006299
1379412770045578
1379412770790065
1379412770794237
1379412770796167
1379412770796253
1379412770796715
1379412770800174
1379412770800265
1379412770800606
1379412770800733
1379412770800840
1379412770805101
1379412770805506
1379412770805635
1379412770805740
1379412770806366
1379412770806613
1379412770806834
1379412770806908
1379412770807314
1379412770807612
1379412770807698
1379412770807807
1379412770808184
1379412770808280
1379412770808361
1379412770808825
1379412770808970
1379412770809041
1379412770809578
1379412770809673
1379412770809781
1379412770809859
1379412770811719
1379412770811826
1379412770811930
1379412770811993
1379412770812107
1379412770812208
1379412770812972
1379412770813115
1379412770813208
1379412770813312
1379412770814000
1379412770814092
1379412770814319
1379412770815005
1379412770815674
1379412770816020
1379412770816134
1379412770816205
1379412770816293
1379412770817936
1379412770823239
1379412770823347
1379412770823803
1379412770823928
1379412770824038
1379412770824407
1379412770824492
1379412770824599
1379412770824707
1379412770828581
1379412770828731
1379412770828852
1379412770828953
1379412770829059
1379412770829639
1379412770829877
1379412770829999
1379412770830343
1379412770830886
1379412770831002
1379412770831066
1379412770831424
1379412770839389
1379412770842778
1379412770850952
1379412770851113
1379412770851259
1379412770855981
1379412770862870
1379412770868100
1379412770868192
1379412770868253
1379412771596141
1379412771601505
1379412771716824
1379412771821490
1379412771821634
1379412771920874
1379412772071636
1379412772084037
1379412772258371
1379412772359419
1379412772360539
1379412772460412
1379412772461651
1379412772462089
1379412772500612
1379412772502751
