1380558433883024
1380558434022437
1380558434022684
1380558434022816
1380558434067925
1380558434074889
1380558434075105
1380558434113785
1380558434113887
1380558434114088
1380558434123617
1380558434127850
1380558434135143
1380558434135517
1380558434173912
1380558434180562
1380558434217940
1380558434218102
1380558434218256
1380558434218297
1380558434218345
1380558434218371
1380558434223903
1380558434224802
1380558434225238
1380558434225896
1380558434226024
1380558434226476
1380558434226630
1380558434226932
1380558434227061
1380558434227680
1380558434227773
1380558434227910
1380558434228278
1380558434230167
1380558434230206
1380558434230292
1380558434230332
1380558434230361
1380558434230393
1380558434230765
1380558434230911
1380558434231712
1380558434237455
1380558434237603
1380558434237817
1380558434237998
1380558434238014
1380558434238081
1380558434238353
1380558434238470
1380558434238723
1380558434239033
1380558434239416
1380558434239644
1380558434240036
1380558434240151
1380558434240280
1380558434240412
1380558434240537
1380558434240614
1380558434240828
1380558434240967
1380558434241142
1380558434241708
1380558434241743
1380558434241792
1380558434241906
1380558434242064
1380558434242174
1380558434242293
1380558434242423
1380558434242583
1380558434242693
1380558434243350
1380558434243500
1380558434243948
1380558434244053
1380558434245508
1380558434245592
1380558434245835
1380558434248774
1380558434248970
1380558434249213
1380558434249337
1380558434249529
1380558434249642
1380558434249778
1380558434250137
1380558434250342
1380558434250474
1380558434250604
1380558434345760
1380558434352090
1380558434817580
1380558434854053
1380558434854171
1380558434854376
1380558434888791
1380558434921905
1380558434946348
1380558434946484
1380558434962194
1380558435000652
1380558435001533
1380558435037466
1380558435037907
1380558435076507
