1380456396489776
1380456396585766
1380456396585874
1380456396585955
1380456396671022
1380456396671128
1380456396671245
1380456396671547
1380456396671643
1380456396671713
1380456396709923
1380456396757832
1380456396757891
1380456396757939
1380456396758071
1380456396758209
1380456396758442
1380456396758491
1380456396758674
1380456396758742
1380456396758988
1380456396759056
1380456396759107
1380456396795982
1380456396796216
1380456396798901
1380456396844030
1380456396844264
1380456396844327
1380456396844447
1380456396844568
1380456396844693
1380456396844816
1380456396845239
1380456396845346
1380456396845550
1380456396845793
1380456396846051
1380456396846189
1380456396846361
1380456396846465
1380456396846850
1380456396881155
1380456396881394
1380456396881494
1380456396881585
1380456396881709
1380456396881885
1380456396884540
1380456396884773
1380456396884962
1380456396885294
1380456396930319
1380456396930459
1380456396930580
1380456396930834
1380456396930954
1380456396931151
1380456396931489
1380456396931583
1380456396931934
1380456396932054
1380456396932176
1380456396932329
1380456396932842
1380456396932955
1380456396933200
1380456396933321
1380456396933602
1380456396933706
1380456396933886
1380456396934142
1380456396934386
1380456396934638
1380456396934888
1380456396935010
1380456396935138
1380456396935299
1380456396935413
1380456396935560
1380456396935720
1380456396935817
1380456396935999
1380456396936187
1380456396936288
1380456396936403
1380456396936540
1380456396936659
1380456396936792
1380456396937515
1380456396937647
1380456396937794
1380456396937904
1380456396938021
1380456396938174
1380456396946036
1380456396966194
1380456396977054
1380456397016551
1380456397017584
1380456397031740
1380456397031972
1380456397032109
1380456397032237
1380456397032544
1380456397061066
1380456397105045
1380456397110885
1380456397111091
1380456397111247
1380456397111316
1380456397115093
1380456397115159
1380456397115335
1380456397115444
1380456397115682
1380456397115827
1380456397117801
1380456397121810
1380456397123267
1380456397123464
1380456397123625
1380456397123666
1380456397127706
1380456397127971
1380456397128104
1380456397128191
1380456397128362
1380456397128699
1380456397128828
1380456397129032
1380456397133411
1380456397134881
1380456397135016
1380456397135222
1380456397135357
1380456397137358
1380456397139425
1380456397143088
1380456397143250
1380456397143393
1380456397143510
1380456397143990
1380456397144025
1380456397144062
1380456397144101
1380456397144796
1380456397144888
1380456397144923
1380456397144988
1380456397145020
1380456397147595
1380456397147743
1380456397147919
1380456397148029
1380456397150148
1380456397150197
1380456397150313
1380456397150435
1380456397151530
1380456397151654
1380456397151910
1380456397152038
1380456397152140
1380456397152261
1380456397152381
1380456397152529
1380456397152791
1380456397152967
1380456397153062
1380456397153436
1380456397153714
1380456397153876
1380456397154065
1380456397154196
1380456397154423
1380456397154566
1380456397154817
1380456397154906
1380456397155216
1380456397155305
1380456397155458
1380456397155548
1380456397155721
1380456397155924
1380456397156158
1380456397156297
1380456397156401
1380456397156499
1380456397156883
1380456397157061
1380456397157219
1380456397157369
1380456397157468
1380456397157593
1380456397157685
1380456397157826
1380456397157950
1380456397158100
1380456397158697
1380456397158804
1380456397158927
1380456397229942
1380456397230016
1380456397230042
1380456397230067
1380456397230091
1380456397230116
1380456397230141
1380456397231359
1380456397231523
1380456397231832
1380456397232006
1380456397232488
1380456397232559
1380456397233184
1380456397233720
1380456397234123
1380456397234183
1380456397234276
1380456397234395
1380456397234543
1380456397234649
1380456397234778
1380456397234897
1380456397235070
1380456397236320
1380456397236377
1380456397236503
1380456397239384
1380456397239496
1380456397239591
1380456397239732
1380456397239818
1380456397240022
1380456397240130
1380456397240247
1380456397240367
1380456397240639
1380456397240773
1380456397240947
1380456397241003
1380456397241214
1380456397241318
1380456397242338
1380456397242408
1380456397242801
1380456397243036
1380456397243128
1380456397243278
1380456397243378
1380456397243531
1380456397243638
1380456397243773
1380456397243863
1380456397244168
1380456397244280
1380456397244406
1380456397245153
1380456397245380
1380456397314497
1380456397314627
1380456397314750
1380456397321552
1380456397321756
1380456397321883
1380456397321991
1380456397322115
1380456397322265
1380456397323351
1380456397323465
1380456397323544
1380456397362801
1380456397362873
1380456397362932
1380456397362989
1380456397363047
1380456397363107
1380456397363158
1380456397363207
1380456397363257
1380456397363307
1380456397370500
1380456397370561
1380456397370664
1380456397370946
1380456397371069
1380456397371184
1380456397371300
1380456397371635
1380456397371795
1380456397371900
1380456397371965
1380456397372317
1380456397372420
1380456397372610
1380456397372720
1380456397372890
1380456397372974
1380456397373033
1380456397373286
1380456397373388
1380456397373642
1380456397373777
1380456397373948
1380456397374041
1380456397374094
1380456397374216
1380456397374590
1380456397374605
1380456397374819
1380456397374930
1380456397375127
1380456397375261
1380456397375343
1380456397375503
1380456397375630
1380456397376146
1380456397376364
1380456397376480
1380456397376602
1380456397376747
1380456397376855
1380456397377037
1380456397377154
1380456397377266
1380456397377402
1380456397377657
1380456397377796
1380456397378317
1380456397378331
1380456397378387
1380456397378425
1380456397378748
1380456397378963
1380456397379190
1380456397379311
1380456397379473
1380456397380254
1380456397380384
1380456397380455
1380456397380720
1380456397380850
1380456397381024
1380456397381801
1380456397382050
1380456397382129
1380456397383254
1380456397383336
1380456397383505
1380456397383613
1380456397383779
1380456397383848
1380456397383909
1380456397384032
1380456397384175
1380456397384515
1380456397384632
1380456397384762
1380456397384877
1380456397385056
1380456397385166
1380456397385283
1380456397385339
1380456397386528
1380456397386587
1380456397386819
1380456397386963
1380456397387069
1380456397387295
1380456397387367
1380456397387469
1380456397387573
1380456397387744
1380456397387857
1380456397387966
1380456397391493
1380456397391594
1380456397392513
1380456397392638
1380456397392960
1380456397393082
1380456397393201
1380456397393331
1380456397393446
1380456397393619
1380456397393677
1380456397393749
1380456397393886
1380456397394086
1380456397394182
1380456397394289
1380456397394398
1380456397394509
1380456397394618
1380456397394720
1380456397394838
1380456397394956
1380456397395052
1380456397395109
1380456397395257
1380456397395416
1380456397395587
1380456397395667
1380456397395789
1380456397395974
1380456397396101
1380456397396194
1380456397396304
1380456397396370
1380456397396492
1380456397396736
1380456397396794
1380456397396949
1380456397397027
1380456397397085
1380456397398129
1380456397398240
1380456397398299
1380456397399457
1380456397399576
1380456397399751
1380456397399844
1380456397399956
1380456397400260
1380456397400448
1380456397400701
1380456397400794
1380456397400858
1380456397401278
1380456397401402
1380456397401520
1380456397401847
1380456397401960
1380456397402091
1380456397402277
1380456397402377
1380456397402452
1380456397403171
1380456397403342
1380456397403455
1380456397403719
1380456397403965
1380456397404114
1380456397404245
1380456397404302
1380456397404427
1380456397404594
1380456397404775
1380456397405198
1380456397405402
1380456397405514
1380456397405619
1380456397405680
1380456397405904
1380456397406025
1380456397406138
1380456397406310
1380456397406417
1380456397406540
1380456397406699
1380456397406801
1380456397406859
1380456397406980
1380456397407166
1380456397407261
1380456397408097
1380456397408192
1380456397408474
1380456397408538
1380456397409448
1380456397409541
1380456397409712
1380456397409825
1380456397409944
1380456397410072
1380456397410190
1380456397410336
1380456397410441
1380456397410558
1380456397410631
1380456397410954
1380456397411061
1380456397411222
1380456397411331
1380456397411452
1380456397411595
1380456397411702
1380456397411958
1380456397412075
1380456397412137
1380456397412997
1380456397413175
1380456397413289
1380456397413544
1380456397413659
1380456397413795
1380456397414046
1380456397414185
1380456397414293
1380456397414419
1380456397414532
1380456397414595
1380456397414771
1380456397414974
1380456397415068
1380456397415301
1380456397415724
1380456397415842
1380456397416072
1380456397416187
1380456397416255
1380456397416425
1380456397416616
1380456397416753
1380456397416860
1380456397416993
1380456397418402
1380456397418514
1380456397418658
1380456397418765
1380456397418948
1380456397419074
1380456397419136
1380456397419259
1380456397419362
1380456397419486
1380456397419590
1380456397419810
1380456397419941
1380456397420057
1380456397420608
1380456397420701
1380456397420876
1380456397421080
1380456397421212
1380456397421314
1380456397421436
1380456397421572
1380456397421631
1380456397421807
1380456397422508
1380456397422611
1380456397422792
1380456397422910
1380456397423015
1380456397423075
1380456397424559
1380456397424633
1380456397424798
1380456397424900
1380456397425046
1380456397425162
1380456397425241
1380456397425694
1380456397426041
1380456397426155
1380456397426490
1380456397426612
1380456397426723
1380456397426824
1380456397426880
1380456397427839
1380456397428124
1380456397428255
1380456397428351
1380456397428703
1380456397428755
1380456397428867
1380456397428933
1380456397429150
1380456397429417
1380456397429569
1380456397429994
1380456397430062
1380456397430222
1380456397430326
1380456397430602
1380456397430842
1380456397431100
1380456397431258
1380456397431319
1380456397431391
1380456397431681
1380456397431887
1380456397432086
1380456397432140
1380456397432309
1380456397432720
1380456397432882
1380456397433070
1380456397433156
1380456397433354
1380456397433533
1380456397433600
1380456397433715
1380456397433837
1380456397433977
1380456397434583
1380456397434828
1380456397434951
1380456397435188
1380456397435372
1380456397435434
1380456397436196
1380456397436451
1380456397436585
1380456397436768
1380456397436833
1380456397436986
1380456397437121
1380456397437248
1380456397437368
1380456397437438
1380456397437959
1380456397438136
1380456397438290
1380456397438338
1380456397438503
1380456397438621
1380456397438735
1380456397438857
1380456397438978
1380456397439381
1380456397439539
1380456397439642
1380456397439790
1380456397439915
1380456397439975
1380456397441069
1380456397441125
1380456397441684
1380456397441837
1380456397442034
1380456397442142
1380456397442301
1380456397442415
1380456397442587
1380456397442669
1380456397442761
1380456397442899
1380456397443067
1380456397443196
1380456397443400
1380456397443539
1380456397443664
1380456397443782
1380456397443917
1380456397444118
1380456397444286
1380456397444354
1380456397444611
1380456397444775
1380456397444903
1380456397445000
1380456397445167
1380456397445285
1380456397445466
1380456397445827
1380456397445973
1380456397446094
1380456397446186
1380456397446257
1380456397446415
1380456397446603
1380456397447725
1380456397447839
1380456397447909
1380456397448198
1380456397448412
1380456397448535
1380456397448665
1380456397448774
1380456397448916
1380456397449011
1380456397449067
1380456397449304
1380456397450256
1380456397450469
1380456397450572
1380456397450703
1380456397450810
1380456397450880
1380456397451013
1380456397451780
1380456397451983
1380456397452105
1380456397452192
1380456397452303
1380456397452428
1380456397452575
1380456397452658
1380456397452831
1380456397453019
1380456397453162
1380456397453294
1380456397453393
1380456397453525
1380456397453617
1380456397453690
1380456397454126
1380456397454234
1380456397454402
1380456397454517
1380456397454646
1380456397454747
1380456397454831
1380456397455000
1380456397455217
1380456397455295
1380456397455419
1380456397455536
1380456397455710
1380456397455809
1380456397455882
1380456397456774
1380456397457059
1380456397457206
1380456397457272
1380456397457803
1380456397458098
1380456397458246
1380456397458335
1380456397458805
1380456397459242
1380456397459406
1380456397459728
1380456397460267
1380456397460375
1380456397460622
1380456397460820
1380456397461072
1380456397461260
1380456397461566
1380456397461706
1380456397461821
1380456397461891
1380456397462007
1380456397462116
1380456397462219
1380456397462379
1380456397462498
1380456397466538
1380456397466858
1380456397482112
1380456397482415
1380456397482500
1380456397482669
1380456397482771
1380456397543117
1380456397543230
1380456397543341
1380456397543473
1380456397543604
1380456397543724
1380456397543807
1380456397543868
1380456397544313
1380456397544470
1380456397544893
1380456397545067
1380456397545138
1380456397546599
1380456397546669
1380456397546786
1380456397546899
1380456397547137
1380456397547258
1380456397547324
1380456397547543
1380456397547648
1380456397547911
1380456397547974
1380456397564275
1380456397565116
1380456397565402
1380456397565474
1380456397565617
1380456397565745
1380456397568058
1380456397630490
1380456397630670
1380456397630776
1380456397630906
1380456397631022
1380456397631232
1380456397631343
1380456397631754
1380456397631844
1380456397632008
1380456397632105
1380456397632317
1380456397632359
1380456397632398
1380456397633356
1380456397633711
1380456397634043
1380456397634105
1380456397634311
1380456397634379
1380456397634629
1380456397634752
1380456397634861
1380456397635212
1380456397635407
1380456397635518
1380456397635660
1380456397635748
1380456397635830
1380456397650697
1380456397650755
1380456397650853
1380456397651031
1380456397651145
1380456397651236
1380456397651314
1380456397656574
1380456397656626
1380456397665573
1380456397666759
1380456397671113
1380456397671332
1380456397671619
1380456397671632
1380456397671691
1380456397671706
1380456397671823
1380456397672063
1380456397672169
1380456397672293
1380456397672668
1380456397672840
1380456397672902
1380456397675197
1380456397675306
1380456397676815
1380456397676947
1380456397677121
1380456397677225
1380456397678532
1380456397678736
1380456397678981
1380456397679100
1380456397679217
1380456397679353
1380456397679515
1380456397679578
1380456397679856
1380456397680284
1380456397680402
1380456397680572
1380456397681420
1380456397681491
1380456397685015
1380456397685159
1380456397685328
1380456397685439
1380456397685584
1380456397685641
1380456397686149
1380456397686283
1380456397686661
1380456397686854
1380456397686992
1380456397687272
1380456397687367
1380456397691144
1380456397691274
1380456397691369
1380456397691497
1380456397691802
1380456397691924
1380456397692040
1380456397693331
1380456397693426
1380456397693551
1380456397693783
1380456397693898
1380456397694028
1380456397694159
1380456397694220
1380456397697075
1380456397697171
1380456397697363
1380456397697596
1380456397697845
1380456397697994
1380456397698386
1380456397698518
1380456397698630
1380456397698865
1380456397699984
1380456397700220
1380456397700488
1380456397700618
1380456397700729
1380456397700886
1380456397701022
1380456397701128
1380456397701200
1380456397703998
1380456397704093
1380456397704316
1380456397704449
1380456397704563
1380456397704689
1380456397704922
1380456397705054
1380456397705173
1380456397705234
1380456397705572
1380456397705679
1380456397705829
1380456397705944
1380456397706390
1380456397706544
1380456397706602
1380456397706850
1380456397706959
1380456397707026
1380456397707793
1380456397708169
1380456397708285
1380456397708409
1380456397708555
1380456397708661
1380456397708801
1380456397708954
1380456397709074
1380456397709240
1380456397709360
1380456397709431
1380456397711186
1380456397711334
1380456397712536
1380456397712605
1380456397712851
1380456397712986
1380456397713101
1380456397713219
1380456397713402
1380456397713555
1380456397713654
1380456397713715
1380456397714157
1380456397714263
1380456397714318
1380456397714694
1380456397714810
1380456397715191
1380456397715315
1380456397715439
1380456397715656
1380456397716200
1380456397716277
1380456397716377
1380456397716548
1380456397716723
1380456397716797
1380456397716843
1380456397718275
1380456397718378
1380456397718538
1380456397718674
1380456397718755
1380456397718925
1380456397719028
1380456397719149
1380456397719269
1380456397719840
1380456397719914
1380456397720062
1380456397720255
1380456397720472
1380456397721277
1380456397721416
1380456397721495
1380456397721615
1380456397721744
1380456397721989
1380456397722108
1380456397722200
1380456397722271
1380456397722454
1380456397722714
1380456397722927
1380456397723045
1380456397723145
1380456397723191
1380456397723352
1380456397723442
1380456397723591
1380456397724115
1380456397724296
1380456397724399
1380456397724617
1380456397724681
1380456397724873
1380456397724975
1380456397725154
1380456397725344
1380456397725533
1380456397725547
1380456397725662
1380456397725667
1380456397726448
1380456397726535
1380456397726683
1380456397726831
1380456397726978
1380456397727037
1380456397727164
1380456397727314
1380456397727461
1380456397727574
1380456397727693
1380456397727820
1380456397728088
1380456397728208
1380456397728350
1380456397728468
1380456397728627
1380456397729573
1380456397729754
1380456397729868
1380456397730020
1380456397730132
1380456397730294
1380456397730363
1380456397730422
1380456397730527
1380456397730688
1380456397730854
1380456397730970
1380456397731103
1380456397731290
1380456397731415
1380456397731531
1380456397731686
1380456397731838
1380456397731951
1380456397734345
1380456397734496
1380456397734549
1380456397734763
1380456397734817
1380456397734931
1380456397735028
1380456397735275
1380456397735747
1380456397735885
1380456397736050
1380456397736460
1380456397736596
1380456397736722
1380456397736885
1380456397736989
1380456397737515
1380456397737692
1380456397737817
1380456397738037
1380456397738203
1380456397738243
1380456397738729
1380456397738795
1380456397739055
1380456397739163
1380456397739238
1380456397739775
1380456397739948
1380456397740014
1380456397740183
1380456397740295
1380456397741205
1380456397741232
1380456397741302
1380456397741367
1380456397741535
1380456397741689
1380456397741950
1380456397742093
1380456397742195
1380456397742280
1380456397742445
1380456397742505
1380456397745579
1380456397745812
1380456397746189
1380456397746339
1380456397746564
1380456397746744
1380456397746790
1380456397747740
1380456397747756
1380456397747908
1380456397748156
1380456397748646
1380456397748802
1380456397748866
1380456397749032
1380456397749149
1380456397749270
1380456397749540
1380456397749811
1380456397749937
1380456397750042
1380456397750156
1380456397750291
1380456397750523
1380456397750681
1380456397750914
1380456397751071
1380456397751178
1380456397751306
1380456397751425
1380456397751851
1380456397751915
1380456397752088
1380456397752234
1380456397752450
1380456397753031
1380456397753195
1380456397753256
1380456397753421
1380456397753604
1380456397753818
1380456397754098
1380456397755552
1380456397755575
1380456397755846
1380456397755896
1380456397756061
1380456397756166
1380456397756277
1380456397756399
1380456397756515
1380456397756638
1380456397756731
1380456397756804
1380456397759067
1380456397759266
1380456397759347
1380456397759455
1380456397759568
1380456397759691
1380456397759799
1380456397759860
1380456397759927
1380456397760177
1380456397760312
1380456397760419
1380456397760565
1380456397760708
1380456397760777
1380456397760957
1380456397761056
1380456397761112
1380456397761368
1380456397761572
1380456397761815
1380456397761957
1380456397762077
1380456397762182
1380456397762242
1380456397764538
1380456397764768
1380456397764897
1380456397764993
1380456397765073
1380456397765146
1380456397766757
1380456397766968
1380456397767304
1380456397767448
1380456397767577
1380456397767701
1380456397767818
1380456397768422
1380456397768648
1380456397769030
1380456397769264
1380456397769374
1380456397769644
1380456397769774
1380456397769904
1380456397770026
1380456397770142
1380456397770259
1380456397770393
1380456397770553
1380456397770633
1380456397770801
1380456397770972
1380456397771125
1380456397771540
1380456397771680
1380456397771801
1380456397771907
1380456397772038
1380456397772236
1380456397772374
1380456397772481
1380456397772952
1380456397773111
1380456397773189
1380456397773364
1380456397773587
1380456397773692
1380456397773811
1380456397773887
1380456397774022
1380456397774142
1380456397774219
1380456397774260
1380456397775261
1380456397775332
1380456397779086
1380456397779292
1380456397779427
1380456397781097
1380456397781244
1380456397781303
1380456397781532
1380456397781784
1380456397781877
1380456397782026
1380456397782140
1380456397782258
1380456397782415
1380456397782541
1380456397782669
1380456397782808
1380456397782947
1380456397783952
1380456397784062
1380456397784190
1380456397784240
1380456397784296
1380456397784373
1380456397784493
1380456397784554
1380456397784673
1380456397785311
1380456397785478
1380456397785530
1380456397786466
1380456397786526
1380456397786628
1380456397787040
1380456397787162
1380456397787333
1380456397787399
1380456397787471
1380456397787521
1380456397792226
1380456397792330
1380456397792419
1380456397792490
1380456397792603
1380456397792708
1380456397792834
1380456397792956
1380456397793069
1380456397794898
1380456397794951
1380456397795049
1380456397795165
1380456397795222
1380456397795446
1380456397795596
1380456397795742
1380456397795810
1380456397795858
1380456397796139
1380456397796276
1380456397796400
1380456397796538
1380456397796657
1380456397796766
1380456397796953
1380456397797074
1380456397797892
1380456397798913
1380456397799137
1380456397799282
1380456397799368
1380456397799436
1380456397800381
1380456397800609
1380456397800971
1380456397801127
1380456397801262
1380456397801376
1380456397801490
1380456397801609
1380456397801701
1380456397802433
1380456397802563
1380456397803636
1380456397803840
1380456397803954
1380456397804041
1380456397804153
1380456397804325
1380456397804426
1380456397804600
1380456397805975
1380456397806143
1380456397806275
1380456397806450
1380456397806566
1380456397806791
1380456397807019
1380456397807201
1380456397807333
1380456397807428
1380456397807669
1380456397807799
1380456397808900
1380456397809030
1380456397809192
1380456397810298
1380456397810473
1380456397810575
1380456397810764
1380456397810895
1380456397811022
1380456397811160
1380456397811233
1380456397812082
1380456397812201
1380456397812273
1380456397812536
1380456397812615
1380456397812887
1380456397816596
1380456397816710
1380456397816794
1380456397818519
1380456397831620
1380456397850733
1380456397854431
1380456397897358
1380456397916469
1380456397916482
1380456397916535
1380456397916894
1380456397954004
1380456397954025
1380456397954475
1380456397993954
