1380039132851964
1380039133075793
1380039133076801
1380039133076919
1380039133077002
1380039133077105
1380039133077643
1380039133077967
1380039133078245
1380039133078486
1380039133078868
1380039133079111
1380039133079181
1380039133079434
1380039133079697
1380039133079803
1380039133080009
1380039133080217
1380039133080310
1380039133080566
1380039133080634
1380039133080733
1380039133081038
1380039133081182
1380039133081278
1380039133081372
1380039133081434
1380039133082328
1380039133082530
1380039133775387
1380039134082378
1380039134082956
1380039134392831
1380039134394047
1380039134394116
1380039134394206
1380039134394545
1380039134703177
1380039134703999
1380039134704080
1380039134704514
1380039134704584
1380039134704686
1380039134704931
1380039134705012
1380039134705122
1380039134705254
1380039134705345
1380039134705643
1380039134706391
1380039134706477
1380039135010935
1380039135011054
1380039135011175
1380039135011296
1380039135011691
1380039135012706
1380039135012812
1380039135013072
1380039135013358
1380039135013457
1380039135013526
1380039135013626
1380039135051363
1380039135319034
1380039135319210
1380039135319297
1380039135319727
1380039135319812
1380039135320060
1380039135320481
1380039135320728
1380039135320805
1380039135320912
1380039135321151
1380039135321630
1380039135321691
1380039135321900
1380039135321960
1380039135322053
1380039135322307
1380039135322358
1380039135361488
1380039135672348
1380039135672426
1380039135979467
1380039135979552
1380039135979863
1380039135980029
1380039135980300
1380039135980363
1380039135980557
1380039135980916
1380039135981134
1380039135981209
1380039135981452
1380039136287686
1380039136287812
1380039136288049
1380039138011413
1380039138011645
1380039138011726
1380039138319559
1380039138319684
1380039138319788
1380039138319888
1380039138320209
1380039138320305
1380039138320387
1380039138320490
1380039138320793
1380039138360449
1380039138360718
1380039138360803
1380039138668675
1380039138668805
1380039138668918
1380039138669013
1380039138669542
1380039138670093
1380039138670176
1380039138670281
1380039138670828
1380039138976789
1380039138976874
1380039144668360
1380039144976305
1380039145286692
1380039145288271
1380039145288423
1380039145288490
1380039145288555
1380039145288620
1380039145288684
1380039145288750
1380039145329242
1380039145365931
1380039145366018
1380039145366280
1380039145400696
1380039145465472
1380039145490799
1380039145490867
1380039145511355
1380039145549755
1380039145550902
1380039145586832
1380039145587259
1380039145587883
1380039145600022
1380039145600238
1380039145600372
1380039145600523
1380039145600591
1380039145600844
1380039145601311
1380039145601355
1380039145601679
1380039145601958
1380039145601999
1380039145604181
1380039145604339
1380039145604372
1380039145604399
1380039145604824
1380039145604907
1380039145604961
1380039145605270
1380039145605313
1380039145660524
1380039145913748
1380039145914432
1380039145915216
1380039145915333
1380039145915581
1380039145915686
1380039145915798
1380039145916247
1380039146831842
1380039156979793
1380039157225065
1380039157457229
1380039157458109
1380039157458469
