1380045608747100
1380045608978091
1380045608978163
1380045609017369
1380045609325370
1380045609331835
1380045609331906
1380045609332213
1380045609336514
1380045609336597
1380045609336859
1380045609336934
1380045609337170
1380045609337277
1380045609337523
1380045609338412
1380045609344577
1380045609351085
1380045609351159
1380045609389584
1380045609397464
1380045609401838
1380045609408202
1380045609408411
1380045609408495
1380045609412290
1380045609412529
1380045609412616
1380045609412698
1380045609413090
1380045609413181
1380045609413451
1380045609414154
1380045609414567
1380045609414629
1380045609415914
1380045609417754
1380045609417846
1380045609418254
1380045609418432
1380045609420493
1380045609420925
1380045609421319
1380045609421527
1380045609421635
1380045609421984
1380045609422326
1380045609423024
1380045609423472
1380045609423589
1380045609423958
1380045609424245
1380045609434021
1380045609434554
1380045609435205
1380045609435778
1380045609435966
1380045609436699
1380045609437281
1380045609437731
1380045609438136
1380045609438335
1380045609442130
1380045609442323
1380045609467772
1380045609564972
1380045609587052
1380045609594174
1380045609639171
1380045609645619
1380045609645717
1380045609645938
1380045609646027
1380045609646276
1380045609646388
1380045609646839
1380045609646923
1380045609647030
1380045609647135
1380045609650244
1380045609650335
1380045609650551
1380045609650935
1380045609651249
1380045609651361
1380045609652285
1380045609652380
1380045609652697
1380045609652769
1380045609652985
1380045609653075
1380045609653186
1380045609653286
1380045609654017
1380045609654121
1380045609654212
1380045609655429
1380045609655524
1380045609655761
1380045609655834
1380045609656042
1380045609656652
1380045609658528
1380045609658810
1380045609658983
1380045609659084
1380045609659578
1380045609659760
1380045609660021
1380045609660194
1380045609660285
1380045609660450
1380045609660613
1380045609661479
1380045609661784
1380045609662004
1380045609665409
1380045609665603
1380045609669907
1380045609670214
1380045609670517
1380045610095698
1380045610134337
1380045610134603
1380045610134688
1380045610169146
1380045610349434
1380045610373766
1380045610373834
1380045610392932
1380045610431473
1380045610432537
1380045610468176
1380045610468575
1380045610510145
1380045610512264
