1380017134926629
1380017135017075
1380017135017151
1380017135103468
1380017135103550
1380017135103975
1380017135155795
1380017135243330
1380017135288685
1380017135375335
1380017135382186
1380017135382361
1380017135382508
1380017135462867
1380017135462938
1380017135467769
1380017135549241
1380017135549330
1380017135549534
1380017135561734
1380017135561897
1380017135562132
1380017135562288
1380017135600400
1380017135687796
1380017135687899
1380017135688107
1380017135728434
1380017135821707
1380017135821788
1380017135822061
1380017135860323
1380017135954473
1380017135954544
1380017135954801
1380017135954995
1380017136046488
1380017136046564
1380017136046773
1380017136084798
1380017136171629
1380017136171813
1380017136171990
1380017136188801
1380017136189097
1380017136189285
1380017136261875
1380017136261969
1380017136280436
1380017136287001
1380017136328356
1380017136328390
1380017136328686
1380017136335773
1380017136338926
1380017136343124
1380017136343227
1380017136343505
1380017136343964
1380017136352249
1380017136352603
1380017136392919
1380017136393212
1380017136393293
1380017136393343
1380017136393386
1380017136400685
1380017136400788
1380017136401026
1380017136401142
1380017136402266
1380017136403040
1380017136403116
1380017136405718
1380017136406885
1380017136406968
1380017136412981
1380017136413201
1380017136418327
1380017136444604
1380017136444681
1380017136457067
1380017136457254
1380017136474129
1380017136492507
1380017136597368
1380017136598291
1380017136696093
1380017136696381
1380017136736883
