1379273418168650
1379273418345641
1379273418346068
1379273418518987
1379273418566941
1379273418743860
1379273418750838
1379273418750985
1379273418751124
1379273418921626
1379273418921715
1379273418922652
1379273418923448
1379273419098211
1379273419101444
1379273419138236
1379273419144214
1379273419144671
1379273419144764
1379273419144933
1379273419145075
1379273419145170
1379273419311609
1379273419316413
1379273419316657
1379273419316896
1379273419479539
1379273419479659
1379273419491141
1379273419494660
1379273419494819
1379273419534001
1379273419666532
1379273419666612
1379273419676860
1379273419676994
1379273419677060
1379273419677529
1379273419677592
1379273419677661
1379273419752216
1379273419791034
1379273419791134
1379273419791448
1379273419825533
1379273419841075
1379273419841168
1379273419841368
1379273419841467
1379273419845950
1379273419846035
1379273419846262
1379273419846331
1379273419855398
1379273419855629
1379273419856960
1379273419857092
1379273419857370
1379273419857435
1379273419861069
1379273419861230
1379273419861421
1379273419866004
1379273419866175
1379273419866237
1379273419866297
1379273419866357
1379273419866418
1379273419896646
1379273419911235
1379273419949488
1379273419950506
1379273419987065
1379273419987521
1379273420015757
1379273420016383
1379273420016439
1379273420016440
1379273420016481
1379273420016615
1379273420016876
1379273420016992
1379273420034852
1379273420035167
1379273420035288
1379273420035372
1379273420035483
1379273420035966
1379273420036055
1379273420044397
1379273420044509
1379273420044610
1379273420045633
1379273420045766
1379273420045853
1379273420046380
1379273420046490
1379273420046590
1379273420046678
1379273420046860
1379273420047380
1379273420047531
1379273420047850
1379273420047921
1379273420048011
1379273420050100
1379273420050318
1379273420050581
1379273420050670
1379273420050791
1379273420050904
1379273420051364
1379273420190790
1379273420191069
1379273420191289
1379273420191637
1379273420192034
1379273420192134
1379273420192417
1379273420192623
1379273420192732
1379273420192819
1379273420192934
1379273420193049
1379273420193489
1379273420193573
1379273420202696
1379273420202952
1379273420203062
1379273420203150
1379273420203270
1379273420203591
1379273420203712
1379273420220935
1379273420221192
1379273420221312
1379273420221401
1379273420221517
1379273420221630
1379273420225829
1379273420226200
1379273420226318
1379273420226423
1379273420226519
1379273420226980
1379273420227061
1379273420227199
1379273420227457
1379273420227820
1379273420227938
1379273420228016
1379273420228438
1379273420228541
1379273420228645
1379273420228725
1379273420228836
1379273420229223
1379273420233720
1379273420233838
1379273420234216
1379273420234518
1379273420234658
1379273420234775
1379273420366003
1379273420366243
1379273420366564
1379273420366653
1379273420366958
1379273420367068
1379273420367521
1379273420367608
1379273420368021
1379273420368305
1379273420368413
1379273420368492
1379273420368803
1379273420368900
1379273420369003
1379273420369082
1379273420369621
1379273420370008
1379273420370107
1379273420370458
1379273420370578
1379273420370663
1379273420370775
1379273420371211
1379273420372332
1379273420372751
1379273420373085
1379273420373427
1379273420373764
1379273420373930
1379273420398013
1379273420398189
1379273420406540
1379273420406663
1379273420406963
1379273420407071
1379273420407260
1379273420407384
1379273420407497
1379273420407574
1379273420407892
1379273420408110
1379273420408203
1379273420408505
1379273420408605
1379273420408712
1379273420409075
1379273420409158
1379273420409407
1379273420409606
1379273420418246
1379273420418433
1379273420418504
1379273420418598
1379273420540320
1379273420540658
1379273420540776
1379273420540859
1379273420541229
1379273420541309
1379273420541402
1379273420541667
1379273420542148
1379273420542821
1379273420542941
1379273420543051
1379273420543372
1379273420543449
1379273420543722
1379273420543811
1379273420543924
1379273420544205
1379273420544672
1379273420544735
1379273420544841
1379273420575202
1379273420575423
1379273420586544
1379273420588420
1379273420588543
1379273420588654
1379273420588770
1379273420589224
1379273420589371
1379273420589389
1379273420589470
1379273420589581
1379273420589678
1379273420601421
1379273420601653
1379273420710338
1379273420710608
1379273420710790
1379273420710874
1379273420710994
1379273420711268
1379273420711373
1379273420720496
1379273420720619
1379273420720976
1379273420721078
1379273420721188
1379273420721263
1379273420721753
1379273420721865
1379273420722174
1379273420722256
1379273420722548
1379273420722633
1379273420722947
1379273420723043
1379273420723131
1379273420723520
1379273420723673
1379273420724033
1379273420724130
1379273420724239
1379273420753000
1379273420753164
1379273420753287
1379273420753398
1379273420753730
1379273420753817
1379273420767934
1379273420768024
1379273420768208
1379273420768323
1379273420768447
1379273420768564
1379273420768765
1379273420780311
1379273420780473
1379273420780755
1379273420780853
1379273420780965
1379273420781049
1379273420781461
1379273420781762
1379273420781872
1379273420781956
1379273420782075
1379273420782184
1379273420782506
1379273420782763
1379273420782872
1379273420782963
1379273420783059
1379273420783182
1379273420823625
1379273420823879
1379273420823985
1379273420879007
1379273420879214
1379273420899709
1379273420899786
1379273420900016
1379273420930307
1379273420930433
1379273420930549
1379273420945857
1379273420946063
1379273420946290
1379273420946380
1379273420946492
1379273420946891
1379273420947000
1379273420947124
1379273420962424
1379273420962649
1379273421007407
1379273421007621
1379273421007733
1379273421046984
1379273421047294
1379273421047400
1379273421047501
1379273421047624
1379273421048095
1379273421048210
1379273421048288
1379273421048765
1379273421048840
1379273421048964
1379273421075345
1379273421075661
1379273421075837
1379273421107425
1379273421107646
1379273421125570
1379273421125644
1379273421125851
1379273421140938
1379273421141152
1379273421191256
1379273421191476
1379273421217193
1379273421217279
1379273421217933
1379273421218073
1379273421218341
1379273421251438
1379273421251561
1379273421251675
1379273421251788
1379273421251906
1379273421252155
1379273421252261
1379273421284724
1379273421284942
1379273421303833
1379273421304042
1379273421320003
1379273421320088
1379273421375005
1379273421375289
1379273421375407
1379273421375505
1379273421375596
1379273421375912
1379273421376025
1379273421376102
1379273421376356
1379273421376469
1379273421376578
1379273421386244
1379273421387573
1379273421387727
1379273421427795
1379273421427882
1379273421428065
1379273421428224
1379273421428332
1379273421428443
1379273421428653
1379273421428767
1379273421428891
1379273421428993
1379273421462605
1379273421462699
1379273421462782
1379273421482574
1379273421482691
1379273421482809
1379273421483060
1379273421483157
1379273421670145
1379273421846916
1379273421847209
1379273421847344
1379273421847471
