1380087861751892
1380087861821636
1380087861821701
1380087861821767
1380087861878012
1380087861891824
1380087861891931
1380087861892255
1380087861892323
1380087861892622
1380087861892685
1380087861893117
1380087861893183
1380087861893397
1380087861893487
1380087861893708
1380087861904513
1380087861904591
1380087861905510
1380087861905676
1380087861906125
1380087861906192
1380087861906512
1380087861907936
1380087861908139
1380087861908348
1380087861920325
1380087861920636
1380087861921146
1380087861921259
1380087861921654
1380087861921724
1380087861921871
1380087861922287
1380087861922491
1380087861933077
1380087861933159
1380087861933241
1380087861933451
1380087861933792
1380087861933852
1380087861934493
1380087861936103
1380087861936206
1380087861936811
1380087861949039
1380087861950645
1380087861951238
1380087861951332
1380087861951811
1380087861956721
1380087861962005
1380087861962083
1380087861962390
1380087861963323
1380087861963570
1380087861963655
1380087861966999
1380087861975487
1380087861975588
1380087861975667
1380087861975849
1380087862071286
1380087862109936
1380087862114806
1380087862120106
1380087862192126
1380087862197177
1380087862198333
1380087862203286
1380087862212951
1380087862226706
1380087862809817
1380087862915523
1380087862915727
1380087862915878
1380087863013352
1380087863048971
1380087863076960
1380087863077016
1380087863082068
1380087863181565
1380087863182438
1380087863282923
1380087863283347
1380087863324628
