1379716075346684
1379716075496248
1379716075565616
1379716075565731
1379716075565835
1379716075565929
1379716075565998
1379716075636642
1379716075636886
1379716075637054
1379716075637158
1379716075637276
1379716075637733
1379716075637811
1379716075638029
1379716075706942
1379716075707047
1379716075707146
1379716075707539
1379716075707646
1379716075707732
1379716075708052
1379716075708373
1379716075708464
1379716075961978
1379716075967449
1379716075967691
1379716075967851
1379716075967954
1379716075968232
1379716075968337
1379716075968655
1379716075968757
1379716075969006
1379716075969084
1379716075969504
1379716075969588
1379716075972855
1379716075972944
1379716075973311
1379716075973416
1379716075973492
1379716075973871
1379716075974147
1379716075974478
1379716075974624
1379716075974903
1379716075975009
1379716075975229
1379716075975306
1379716075975887
1379716075976026
1379716075976772
1379716075976860
1379716075977835
1379716075977938
1379716075978042
1379716075978251
1379716075985683
1379716075985915
1379716076034975
1379716076072688
1379716076084329
1379716076131893
1379716076169656
1379716076169932
1379716076170096
1379716076175613
1379716076213480
1379716076213748
1379716076218433
1379716076222048
1379716076244672
1379716076248622
1379716076250989
1379716076254884
1379716076256537
1379716076256608
1379716076256887
1379716076260230
1379716076260388
1379716076260572
1379716076260743
1379716076261098
1379716076264331
1379716076264594
1379716076266395
1379716076266589
1379716076266852
1379716076266967
1379716076268342
1379716076270081
1379716076273534
1379716076273694
1379716076273978
1379716076274090
1379716076277591
1379716076277729
1379716076359561
1379716076403543
1379716076408883
1379716076408983
1379716076409251
1379716076412045
1379716076449640
1379716076456294
1379716076460017
1379716076464335
1379716076468055
1379716076473171
1379716076473329
1379716076473489
1379716076513597
1379716076519041
1379716076519133
1379716076519381
1379716076519579
1379716076519653
1379716076557752
1379716076562925
1379716076563118
1379716076563298
1379716076563423
1379716076601610
1379716076606744
1379716076606926
1379716076607053
1379716076645495
1379716076645740
1379716076657057
1379716076657165
1379716076657444
1379716076661088
1379716076661356
1379716076666634
1379716076666807
1379716076666978
1379716076667068
1379716076705638
1379716076710896
1379716076711233
1379716077114578
1379716077121534
1379716077125754
1379716077133394
1379716077329374
1379716077334685
1379716077334931
1379716077343767
1379716077343859
1379716077347394
1379716077347818
1379716077348042
1379716077348128
1379716077348547
1379716077348643
1379716077348757
1379716077348879
1379716077349453
1379716077349470
1379716077349551
1379716077351743
1379716077352019
1379716077352096
1379716077352149
1379716077352430
1379716077355607
1379716077356659
1379716077357057
1379716077357451
1379716077357615
1379716077365758
1379716077366113
1379716077366501
1379716077366665
1379716077367254
1379716077367350
1379716077367892
1379716077368246
1379716077368587
1379716077368905
1379716077369253
1379716077369417
1379716077375914
1379716077376258
1379716077529380
1379716077537583
1379716077537750
1379716077541376
1379716077545649
1379716077562436
1379716077567416
1379716077567710
1379716077596612
1379716077601743
1379716077601849
1379716077601965
1379716077602091
1379716077602360
1379716077607772
1379716077607895
1379716077608007
1379716077608110
1379716077608195
1379716077608719
1379716077609059
1379716077609183
1379716077612818
1379716077612916
1379716077613034
1379716077613146
1379716077613305
1379716077613412
1379716077613687
1379716077613814
1379716077614412
1379716077614505
1379716077651245
1379716077656629
1379716077656726
1379716077663962
1379716077666542
1379716077669132
1379716077669266
1379716077669389
1379716077669516
1379716077670114
1379716077670247
1379716077670350
1379716077670739
1379716077674161
1379716077674542
1379716077674784
1379716077674858
1379716077678276
1379716077678677
1379716078054552
1379716078054617
1379716078055336
1379716078060732
1379716078061299
1379716078061549
1379716078061760
1379716078062017
1379716078062326
1379716078062816
1379716078063098
1379716078065639
1379716078066104
1379716078066226
1379716078066491
1379716078066666
1379716078066934
1379716078067229
1379716078067446
1379716078069586
1379716078069721
1379716078069954
1379716078070424
1379716078070678
1379716078093032
1379716078093490
1379716078127508
1379716079040721
1379716079045435
1379716079068209
1379716079074606
1379716079074748
1379716079113759
1379716079119770
1379716079123523
1379716079124334
1379716079128131
1379716079130669
1379716079130776
1379716079134326
1379716079134434
1379716079134809
1379716079142329
1379716079142491
1379716079181709
1379716079181802
1379716079181857
1379716079181902
1379716079181950
1379716079181996
1379716079188018
1379716079188275
1379716079188551
1379716079188842
1379716079189374
1379716079189663
1379716079189788
1379716079190183
1379716079190376
1379716079194851
1379716079195068
1379716079198516
1379716079962706
1379716079986617
1379716079986712
1379716080134275
1379716080172886
1379716080911302
1379716080947678
1379716080948269
1379716080988641
1379716080990717
