1379412393495298
1379412393713858
1379412393713951
1379412393714269
1379412393714348
1379412393839071
1379412393852205
1379412393852489
1379412393852807
1379412393864583
1379412393864685
1379412393864952
1379412393865049
1379412393865322
1379412393865601
1379412393865608
1379412393865867
1379412393865999
1379412393866155
1379412393866312
1379412393866415
1379412393866879
1379412393877160
1379412393877561
1379412393877818
1379412393878018
1379412393878133
1379412393878608
1379412393878863
1379412393879115
1379412393879466
1379412393880831
1379412393881371
1379412393881681
1379412393882143
1379412393882465
1379412393882859
1379412393883152
1379412393883196
1379412393883312
1379412393883606
1379412393883620
1379412393883848
1379412393883959
1379412393884213
1379412393889686
1379412393889828
1379412393890349
1379412393890453
1379412393897796
1379412393897936
1379412393938219
1379412393951201
1379412393952014
1379412393964422
1379412393964756
1379412393964911
1379412393977826
1379412393978059
1379412393978260
1379412393978303
1379412393989888
1379412393990031
1379412393990225
1379412394002950
1379412394003214
1379412394003446
1379412394015207
1379412394015312
1379412394015427
1379412394015539
1379412394015688
1379412394028901
1379412394029468
1379412394029520
1379412394041329
1379412394041534
1379412394041664
1379412394041818
1379412394054552
1379412394094041
1379412394098690
1379412394104458
1379412394108474
1379412394145968
1379412394158896
1379412394159080
1379412394159324
1379412394171035
1379412394171268
1379412394171394
1379412394171529
1379412394171638
1379412394171868
1379412394184062
1379412394184829
1379412394196694
1379412394196756
1379412394196929
1379412394210183
1379412394210295
1379412394250020
1379412394250264
1379412394263226
1379412394301960
1379412394302161
1379412394302875
1379412394315233
1379412394315784
1379412394353928
1379412394354202
1379412394366694
1379412394406093
1379412394420071
1379412394420222
1379412394420341
1379412394420390
1379412394432230
1379412394432471
1379412394432527
1379412394432597
1379412394432965
1379412394433020
1379412394433436
1379412394433519
1379412394433750
1379412394433785
1379412394434260
1379412394434462
1379412394434609
1379412394444840
1379412394445056
1379412394445516
1379412394445890
1379412394445984
1379412394446490
1379412394446605
1379412394446868
1379412394447081
1379412394447187
1379412394447348
1379412394447506
1379412394449899
1379412394450008
1379412394450221
1379412394450282
1379412394457205
1379412394457508
1379412394457669
1379412394457859
1379412394459052
1379412394459129
1379412394459246
1379412394459363
1379412394459501
1379412394459627
1379412394497710
1379412394498064
1379412394510798
1379412394611063
1379412394624016
1379412394636637
1379412394674127
1379412394687224
1379412394687417
1379412394687668
1379412394699674
1379412394699759
1379412394699969
1379412394700049
1379412394700415
1379412394700646
1379412394700684
1379412394700928
1379412394701164
1379412394701276
1379412394701362
1379412394701903
1379412394701991
1379412394712477
1379412394712690
1379412394712799
1379412394712933
1379412394713205
1379412394713325
1379412394713892
1379412394713983
1379412394714485
1379412394714587
1379412394714829
1379412394715640
1379412394715684
1379412394715818
1379412394716165
1379412394716265
1379412394729119
1379412394729333
1379412394729433
1379412394729682
1379412394747526
1379412394815887
1379412394837364
1379412394849371
1379412394849450
1379412394867702
1379412394976707
1379412394977713
1379412395077170
1379412395077516
1379412395077794
1379412395116821
