1380606471105797
1380606471294962
1380606471295252
1380606471330422
1380606471331002
1380606471331053
1380606471331299
1380606471331500
1380606471331654
1380606471343499
1380606471343594
1380606471382097
1380606471407586
1380606471412870
1380606471450046
1380606471458496
1380606471458673
1380606471458817
1380606471458893
1380606471462556
1380606471470075
1380606471470177
1380606471470288
1380606471470367
1380606471474078
1380606471474389
1380606471474648
1380606471482074
1380606471482317
1380606471482544
1380606471486289
1380606471486561
1380606471486707
1380606471493569
1380606471497449
1380606471504251
1380606471508237
1380606471515692
1380606471515859
1380606471516110
1380606471557905
1380606471558003
1380606471558056
1380606471558105
1380606471558156
1380606471558207
1380606471558253
1380606471564260
1380606471564360
1380606471564616
1380606471564759
1380606471564875
1380606471565033
1380606471565218
1380606471565310
1380606471565660
1380606471566607
1380606471566873
1380606471567079
1380606471567212
1380606471567320
1380606471567720
1380606471567889
1380606471568180
1380606471568290
1380606471568403
1380606471568516
1380606471568633
1380606471568710
1380606471573182
1380606471574313
1380606471574413
1380606471574498
1380606471577932
1380606471579964
1380606471581168
1380606471581929
1380606471583192
1380606471584285
1380606471585110
1380606471587026
1380606471588317
1380606471588442
1380606471588935
1380606471589024
1380606471589147
1380606471589268
1380606471589484
1380606471589642
1380606471589762
1380606471589911
1380606471590308
1380606471591025
1380606471592784
1380606471592972
1380606471594025
1380606471594238
1380606471594357
1380606471594477
1380606471594605
1380606471594868
1380606471594983
1380606471595146
1380606471595421
1380606471595540
1380606471595693
1380606471596690
1380606471596936
1380606471597051
1380606471597172
1380606471597294
1380606471597563
1380606471597671
1380606471597798
1380606471598187
1380606471598326
1380606471598431
1380606471598580
1380606471598948
1380606471599061
1380606471599183
1380606471599364
1380606471599474
1380606471599734
1380606471599938
1380606471600039
1380606471600147
1380606471600215
1380606471600505
1380606471600616
1380606471600733
1380606471600908
1380606471601260
1380606471601420
1380606471601526
1380606471601695
1380606471601802
1380606471601948
1380606471602063
1380606471602180
1380606471602395
1380606471602905
1380606471603055
1380606471603164
1380606471603283
1380606471603460
1380606471603579
1380606471603834
1380606471604544
1380606471604675
1380606471604821
1380606471604939
1380606471605054
1380606471605256
1380606471605370
1380606471605502
1380606471605617
1380606471605773
1380606471605876
1380606471606029
1380606471606252
1380606471606371
1380606471607669
1380606471607886
1380606471608053
1380606471608261
1380606471608398
1380606471608542
1380606471608650
1380606471608763
1380606471608894
1380606471609040
1380606471609155
1380606471609273
1380606471610149
1380606471610471
1380606471610723
1380606471610846
1380606471610966
1380606471611133
1380606471611240
1380606471611350
1380606471611464
1380606471611731
1380606471613400
1380606471613422
1380606471613564
1380606471613610
1380606471613905
1380606471613991
1380606471614117
1380606471614292
1380606471614441
1380606471614551
1380606471614701
1380606471614818
1380606471614939
1380606471615101
1380606471615208
1380606471615320
1380606471615484
1380606471615881
1380606471616005
1380606471616152
1380606471616267
1380606471618870
1380606471619099
1380606471620104
1380606471620194
1380606471620444
1380606471620559
1380606471620686
1380606471620808
1380606471621073
1380606471621204
1380606471621317
1380606471621731
1380606471621857
1380606471621990
1380606471622081
1380606471622189
1380606471662041
1380606471706101
1380606472159504
1380606472261742
1380606472261857
1380606472261949
1380606472359528
1380606472392859
1380606472416606
1380606472416687
1380606472435528
1380606472534799
1380606472535727
1380606472633531
1380606472633871
1380606472634133
1380606472671691
