1380307617133742
1380307617169315
1380307617169378
1380307617169600
1380307617169714
1380307617254693
1380307617291976
1380307617292286
1380307617292346
1380307617292463
1380307617292586
1380307617292695
1380307617326720
1380307617326757
1380307617326938
1380307617327175
1380307617362660
1380307617362893
1380307617362949
1380307617363077
1380307617363180
1380307617363376
1380307617363508
1380307617363624
1380307617363636
1380307617402108
1380307617437325
1380307617437589
1380307617437808
1380307617471756
1380307617471851
1380307617472106
1380307617472207
1380307617472528
1380307617472664
1380307617472865
1380307617473528
1380307617473631
1380307617474028
1380307617474172
1380307617474254
1380307617506937
1380307617507146
1380307617507232
1380307617507307
1380307617507854
1380307617508350
1380307617508595
1380307617508856
1380307617509138
1380307617509216
1380307617511850
1380307617511854
1380307617511855
1380307617511937
1380307617512037
1380307617512305
1380307617512404
1380307617542385
1380307617542636
1380307617542793
1380307617544210
1380307617544458
1380307617544493
1380307617547027
1380307617547253
1380307617547610
1380307617547875
1380307617547918
1380307617548426
1380307617548479
1380307617548749
1380307617548791
1380307617549350
1380307617549530
1380307617549741
1380307617549883
1380307617549942
1380307617550133
1380307617576902
1380307617582109
1380307617582495
1380307617582885
1380307617583376
1380307617583946
1380307617584181
1380307617584448
1380307617584658
1380307617585051
1380307617585279
1380307617585537
1380307617585787
1380307617586224
1380307617586338
1380307617589678
1380307617590199
1380307617590553
1380307617590778
1380307617594095
1380307617594372
1380307617594427
1380307617594612
1380307617594941
1380307617608395
1380307617608606
1380307617608691
1380307617612623
1380307617612818
1380307617613075
1380307617616489
1380307617616647
1380307617616843
1380307617619657
1380307617619752
1380307617619868
1380307617619986
1380307617620118
1380307617620232
1380307617620352
1380307617621474
1380307617621604
1380307617621738
1380307617621829
1380307617622157
1380307617622246
1380307617622610
1380307617622825
1380307617622921
1380307617623355
1380307617624113
1380307617624744
1380307617624956
1380307617625095
1380307617625189
1380307617625333
1380307617625505
1380307617625592
1380307617625892
1380307617626124
1380307617626164
1380307617626219
1380307617626466
1380307617626510
1380307617626736
1380307617629915
1380307617630159
1380307617630287
1380307617630575
1380307617630669
1380307617631094
1380307617631406
1380307617631692
1380307617632030
1380307617632081
1380307617632280
1380307617632782
1380307617632831
1380307617670031
1380307617670567
1380307617670647
1380307617670702
1380307617670758
1380307617670807
1380307617670855
1380307617670902
1380307617700277
1380307617707232
1380307617707539
1380307617707651
1380307617707751
1380307617707824
1380307617707942
1380307617708131
1380307617708551
1380307617708735
1380307617709002
1380307617709102
1380307617709679
1380307617709779
1380307617709829
1380307617710042
1380307617710154
1380307617710375
1380307617710511
1380307617710640
1380307617710770
1380307617711608
1380307617711620
1380307617711719
1380307617711843
1380307617713198
1380307617713217
1380307617713272
1380307617713379
1380307617713399
1380307617713448
1380307617713502
1380307617714132
1380307617714379
1380307617714580
1380307617714640
1380307617745639
1380307617745870
1380307617748552
1380307617748791
1380307617749082
1380307617749231
1380307617749451
1380307617749688
1380307617750064
1380307617750332
1380307617750465
1380307617750598
1380307617750934
1380307617750943
1380307617751137
1380307617751273
1380307617751459
1380307617751574
1380307617752013
1380307617752147
1380307617752331
1380307617752429
1380307617784560
1380307617909778
1380307617955790
1380307617956280
1380307617956315
1380307617983572
1380307617995858
1380307617996417
1380307618008618
1380307618017897
1380307618053399
1380307618155405
1380307618254871
1380307618254984
1380307618255073
1380307618353546
1380307618421743
1380307618449588
1380307618449676
1380307618455384
1380307618561360
1380307618562267
1380307618664205
1380307618664578
1380307618664846
1380307618702442
