1378206969215406
1378206969288857
1378206969289640
1378206969369769
1378206969369833
1378206969369938
1378206969370003
1378206969380479
1378206969558816
1378206969559156
1378206969740507
1378206969741098
1378206969741209
1378206969773416
1378206969847192
1378206969848137
1378206970027247
1378206970027268
1378206970027373
1378206970027398
1378206970027503
1378206970027563
1378206970027661
1378206970027666
1378206970027786
1378206970027793
1378206970052262
1378206970056830
1378206970057545
1378206970061282
1378206970061293
1378206970066043
1378206970066054
1378206970066062
1378206970066246
1378206970066347
1378206970070186
1378206970070249
1378206970071345
1378206970071366
1378206970071548
1378206970074846
1378206970075067
1378206970075385
1378206970075408
1378206970078791
1378206970079380
1378206970083077
1378206970083524
1378206970087209
1378206970090421
1378206970094345
1378206970094661
1378206970099784
1378206970105061
1378206970110508
1378206970116329
1378206970120772
1378206970122032
1378206970124179
1378206970124334
1378206970126433
1378206970126444
1378206970129534
1378206970129549
1378206970129558
1378206970129647
1378206970129798
1378206970129985
1378206970130119
1378206970130129
1378206970131466
1378206970131476
1378206970131572
1378206970131578
1378206970131714
1378206970134088
1378206970134189
1378206970136612
1378206970136776
1378206970136919
1378206970137041
1378206970137052
1378206970137149
1378206970137156
1378206970137289
1378206970137294
1378206970137393
1378206970137397
1378206970137546
1378206970137553
1378206970137707
1378206970137781
1378206970137877
1378206970142124
1378206970142265
1378206970142369
1378206970142466
1378206970142615
1378206970142714
1378206970142730
1378206970142980
1378206970142989
1378206970143109
1378206970143116
1378206970143211
1378206970143215
1378206970143387
1378206970143394
1378206970143521
1378206970143525
1378206970143648
1378206970143655
1378206970144030
1378206970147586
1378206970147617
1378206970147627
1378206970147701
1378206970147858
1378206970147864
1378206970148081
1378206970148089
1378206970148184
1378206970148221
1378206970148318
1378206970148324
1378206970148419
1378206970148426
1378206970148749
1378206970148761
1378206970148914
1378206970148920
1378206970149017
1378206970149021
1378206970149393
1378206970149404
1378206970149541
1378206970149547
1378206970149643
1378206970149649
1378206970149818
1378206970149827
1378206970149925
1378206970151390
1378206970154009
1378206970154031
1378206970154130
1378206970154137
1378206970154240
1378206970154269
1378206970154365
1378206970154370
1378206970154467
1378206970154473
1378206970154640
1378206970154647
1378206970154742
1378206970154746
1378206970154861
1378206970154937
1378206970155043
1378206970155080
1378206970155177
1378206970155183
1378206970155278
1378206970155320
1378206970155418
1378206970155424
1378206970156118
1378206970194948
1378206970201600
1378206970201624
1378206970201632
1378206970201714
1378206970201848
1378206970201854
1378206970202003
1378206970202010
1378206970202146
1378206970207565
1378206970207706
1378206970207816
1378206970207914
1378206970207923
1378206970208052
1378206970208060
1378206970208157
1378206970208161
1378206970208326
1378206970208332
1378206970208428
1378206970208450
1378206970208562
1378206970208566
1378206970208949
1378206970208960
1378206970209194
1378206970209203
1378206970209319
1378206970209324
1378206970209684
1378206970209695
1378206970209791
1378206970209798
1378206970210076
1378206970210086
1378206970210208
1378206970210214
1378206970210334
1378206970210339
1378206970210435
1378206970210439
1378206970210603
1378206970210955
1378206970211099
1378206970211182
1378206970211302
1378206970211311
1378206970211470
1378206970211476
1378206970211599
1378206970211602
1378206970211698
1378206970211704
1378206970211837
1378206970289326
1378206970291858
1378206970292035
1378206970294672
1378206970294712
1378206970294804
1378206970294829
1378206970294928
1378206970294936
1378206970295087
1378206970295090
1378206970297443
1378206970297464
1378206970297687
1378206970297694
1378206970297792
1378206970297798
1378206970297927
1378206970297963
1378206970298060
1378206970298065
1378206970298161
1378206970298166
1378206970298293
1378206970298300
1378206970298573
1378206970298580
1378206970298677
1378206970298681
1378206970298861
1378206970298870
1378206970299222
1378206970299235
1378206970299472
1378206970299480
1378206970299576
1378206970299583
1378206970299844
1378206970299855
1378206970300131
1378206970300143
1378206970300317
1378206970300501
1378206970300510
1378206970300640
1378206970300645
1378206970300745
1378206970300748
1378206970300892
1378206970300899
1378206970300994
1378206970301000
1378206970301458
1378206970301474
1378206970301609
1378206970301616
1378206970301733
1378206970301736
1378206970301878
1378206970301885
1378206970302006
1378206970302013
1378206970302162
1378206970302169
1378206970302344
1378206970302378
1378206970303680
1378206970303825
1378206970318630
1378206970321786
1378206970321962
1378206970323854
1378206970323891
1378206970326952
1378206970326978
1378206970327109
1378206970327117
1378206970327249
1378206970328182
1378206970328557
1378206970328581
1378206970328749
1378206970328839
1378206970328848
1378206970329225
1378206970329240
1378206970329342
1378206970329355
1378206970329398
1378206970329765
1378206970329778
1378206970329786
1378206970329876
1378206970329974
1378206970330056
1378206970330176
1378206970330286
1378206970330383
1378206970330391
1378206970330591
1378206970330597
1378206970330692
1378206970330723
1378206970330822
1378206970330825
1378206970330993
1378206970331841
1378206970331998
1378206970332646
1378206970336024
1378206970336470
1378206970336610
1378206970336622
1378206970336745
1378206970336797
1378206970336901
1378206970336926
1378206970337052
1378206970337061
1378206970337176
1378206970337227
1378206970337369
1378206970337479
1378206970337582
1378206970337591
1378206970337686
1378206970337846
1378206970337973
1378206970337982
1378206970338330
1378206970338339
1378206970338437
1378206970338444
1378206970338598
1378206970338604
1378206970338724
1378206970338732
1378206970338837
1378206970338848
1378206970338978
1378206970338986
1378206970339336
1378206970339343
1378206970339501
1378206970339508
1378206970339612
1378206970339626
1378206970341832
1378206970341841
1378206970342022
1378206970342031
1378206970342181
1378206970343563
1378206970343675
1378206970343682
1378206970343848
1378206970343856
1378206970343968
1378206970343972
1378206970344196
1378206970344204
1378206970344342
1378206970368790
1378206970371054
1378206970371230
1378206970375319
1378206970375354
1378206970375372
1378206970375654
1378206970375793
1378206970376953
1378206970377085
1378206970377092
1378206970377199
1378206970377255
1378206970377351
1378206970377355
1378206970377452
1378206970377456
1378206970377572
1378206970377578
1378206970377676
1378206970377692
1378206970377818
1378206970377892
1378206970377955
1378206970377990
1378206970378245
1378206970378253
1378206970378377
1378206970378864
1378206970378962
1378206970379111
1378206970379210
1378206970379405
1378206970379530
1378206970379538
1378206970379675
1378206970379679
1378206970379775
1378206970379779
1378206970379921
1378206970379929
1378206970380053
1378206970380061
1378206970380171
1378206970380230
1378206970380321
1378206970380345
1378206970381119
1378206970381128
1378206970381387
1378206970381394
1378206970381520
1378206970381524
1378206970381645
1378206970381652
1378206970381935
1378206970381942
1378206970382069
1378206970382073
1378206970382174
1378206970382178
1378206970382312
1378206970382319
1378206970382447
1378206970382454
1378206970382822
1378206970382829
1378206970382996
1378206970383003
1378206970383098
1378206970383105
1378206970386023
1378206970386032
1378206970386211
1378206970386215
1378206970386348
1378206970387094
1378206970387195
1378206970387315
1378206970387413
1378206970387441
1378206970387614
1378206970387621
1378206970387742
1378206970423338
1378206970442347
1378206970443333
1378206970448463
1378206970448474
1378206970448483
1378206970465009
1378206970465148
1378206970465250
1378206970465370
1378206970508042
1378206970509124
1378206970512961
1378206970513698
1378206970517373
1378206970521132
1378206970538409
1378206970538758
1378206970576995
1378206970584010
1378206970762331
1378206970762755
1378206970943070
1378206970943568
1378206970943669
1378206970961833
1378206970962625
1378206970963022
1378206970963373
1378206970967338
1378206970967346
1378206970967520
1378206970967527
1378206970967665
1378206970968352
1378206970968454
1378206970968516
1378206970968617
1378206970971504
1378206970971646
1378206970972606
1378206970972721
1378206970977846
1378206970981274
1378206970982659
1378206970982919
1378206970983055
1378206970984352
1378206970988845
1378206970988875
1378206970994739
1378206970994755
1378206970994762
1378206970994852
1378206970994952
1378206970995103
1378206970995229
1378206970995237
1378206970995333
1378206970995340
1378206970995484
1378206970995490
1378206970995705
1378206970995713
1378206970995809
1378206970995835
1378206970995930
1378206970995934
1378206970996284
1378206970996293
1378206971000092
1378206971000101
1378206971000340
1378206971000346
1378206971000583
1378206971000590
1378206971000711
1378206971000715
1378206971000812
1378206971000818
1378206971000975
1378206971000980
1378206971001213
1378206971001220
1378206971001340
1378206971001345
1378206971001499
1378206971001506
1378206971001787
1378206971001797
1378206971001894
1378206971001900
1378206971002075
1378206971002083
1378206971002177
1378206971002182
1378206971002481
1378206971002489
1378206971005690
1378206971005703
1378206971005942
1378206971005950
1378206971006045
1378206971006075
1378206971006172
1378206971006190
1378206971006284
1378206971006291
1378206971006443
1378206971006451
1378206971006546
1378206971006553
1378206971006813
1378206971006821
1378206971006917
1378206971006923
1378206971007190
1378206971007198
1378206971007562
1378206971007568
1378206971007722
1378206971007729
1378206971007825
1378206971007856
1378206971007976
1378206971007984
1378206971008080
1378206971008087
1378206971008300
1378206971008306
1378206971008463
1378206971008470
1378206971008567
1378206971008586
1378206971008683
1378206971008699
1378206971008825
1378206971009333
1378206971009766
1378206971009887
1378206971010026
1378206971010131
1378206971010270
1378206971010526
1378206971010635
1378206971010770
1378206971029799
1378206971030038
1378206971030284
1378206971030387
1378206971030775
1378206971030879
1378206971031020
1378206971031190
1378206971031328
1378206971031842
1378206971031852
1378206971031856
1378206971032200
1378206971032364
1378206971032655
1378206971032791
1378206971076073
1378206971093417
1378206971110850
1378206971180904
1378206971186407
1378206971186428
1378206971186438
1378206971186503
1378206971186602
1378206971186763
1378206971186882
1378206971186890
1378206971187025
1378206971187030
1378206971187146
1378206971187150
1378206971187265
1378206971187271
1378206971187573
1378206971187580
1378206971187729
1378206971187733
1378206971187829
1378206971187833
1378206971191432
1378206971191440
1378206971191536
1378206971191543
1378206971191753
1378206971191762
1378206971191879
1378206971191888
1378206971191986
1378206971191990
1378206971192402
1378206971192411
1378206971192778
1378206971192786
1378206971193034
1378206971193042
1378206971193276
1378206971193283
1378206971193784
1378206971193790
1378206971194025
1378206971194032
1378206971194152
1378206971194158
1378206971194274
1378206971194281
1378206971194408
1378206971194415
1378206971194545
1378206971194552
1378206971194648
1378206971194679
1378206971194777
1378206971194793
1378206971194888
1378206971194893
1378206971195036
1378206971195039
1378206971195181
1378206971195187
1378206971195282
1378206971195311
1378206971195409
1378206971195414
1378206971195511
1378206971195515
1378206971195681
1378206971195687
1378206971195782
1378206971195787
1378206971197510
1378206971197518
1378206971197672
1378206971197679
1378206971197774
1378206971197808
1378206971197925
1378206971197932
1378206971198018
1378206971198057
1378206971198154
1378206971198161
1378206971198257
1378206971198263
1378206971198423
1378206971198430
1378206971198525
1378206971198550
1378206971198668
1378206971198675
1378206971198763
1378206971198793
1378206971198891
1378206971198898
1378206971198993
1378206971199001
1378206971199157
1378206971199164
1378206971200197
1378206971200204
1378206971200323
1378206971200330
1378206971200566
1378206971200574
1378206971200698
1378206971200705
1378206971200801
1378206971200807
1378206971200970
1378206971200977
1378206971201096
1378206971201139
1378206971201238
1378206971201268
1378206971201367
1378206971201374
1378206971201469
1378206971201475
1378206971201623
1378206971201630
1378206971201838
1378206971201845
1378206971201973
1378206971201977
1378206971202484
1378206971202492
1378206971202656
1378206971202664
1378206971202740
1378206971202787
1378206971202887
1378206971202893
1378206971203023
1378206971203056
1378206971203151
1378206971203158
1378206971203762
1378206971203770
1378206971203937
1378206971203950
1378206971204046
1378206971204052
1378206971204217
1378206971204224
1378206971204320
1378206971204346
1378206971204443
1378206971204451
1378206971206731
1378206971206738
1378206971206925
1378206971206932
1378206971207110
1378206971207117
1378206971207763
1378206971207771
1378206971208006
1378206971208012
1378206971208267
1378206971208274
1378206971208369
1378206971208376
1378206971208634
1378206971208641
1378206971208758
1378206971208765
1378206971209142
1378206971209148
1378206971209264
1378206971209271
1378206971209391
1378206971209397
1378206971209493
1378206971209500
1378206971209767
1378206971209774
1378206971209870
1378206971209877
1378206971210029
1378206971210036
1378206971210153
1378206971210160
1378206971210278
1378206971210285
1378206971210535
1378206971210542
1378206971210663
1378206971210670
1378206971210788
1378206971210794
1378206971210914
1378206971210921
1378206971211048
1378206971211055
1378206971211154
1378206971211170
1378206971211517
1378206971211524
1378206971212585
1378206971212591
1378206971212709
1378206971212715
1378206971212957
1378206971212964
1378206971213061
1378206971213068
1378206971213208
1378206971213215
1378206971213311
1378206971213318
1378206971214659
1378206971214667
1378206971214831
1378206971214838
1378206971214964
1378206971214970
1378206971215099
1378206971254508
1378206971272763
1378206971273007
1378206971273111
1378206971273369
1378206971273490
1378206971273662
1378206971273771
1378206971273909
1378206971274331
1378206971274519
1378206971290725
1378206971290851
1378206971623820
1378206971629156
1378206971629175
1378206971629409
1378206971629422
1378206971629658
1378206971629670
1378206971629766
1378206971629777
1378206971630032
1378206971630044
1378206971630140
1378206971630148
1378206971630497
1378206971630510
1378206971630604
1378206971630615
1378206971630769
1378206971630776
1378206971630877
1378206971630938
1378206971631308
1378206971631315
1378206971634884
1378206971634892
1378206971637140
1378206971637151
1378206971637248
1378206971637274
1378206971637375
1378206971637381
1378206971637494
1378206971637624
1378206971637648
1378206971637746
1378206971637750
1378206971637889
1378206971637947
1378206971638047
1378206971638054
1378206971638152
1378206971638260
1378206971638380
1378206971638404
1378206971638533
1378206971638537
1378206971638616
1378206971638754
1378206971638807
1378206971638906
1378206971638911
1378206971639015
1378206971639120
1378206971639249
1378206971639768
1378206971639842
1378206971641557
1378206971641658
1378206971641769
1378206971641865
1378206971641872
1378206971643302
1378206971643310
1378206971643550
1378206971643557
1378206971643653
1378206971643681
1378206971643794
1378206971643914
1378206971644171
1378206971644299
1378206971644442
1378206971644566
1378206971644839
1378206971644945
1378206971645044
1378206971645049
1378206971645304
1378206971645308
1378206971645407
1378206971645415
1378206971645670
1378206971645676
1378206971645772
1378206971645796
1378206971645910
1378206971645958
1378206971646060
1378206971646064
1378206971646183
1378206971646278
1378206971646407
1378206971646617
1378206971646776
1378206971647041
1378206971647048
1378206971648037
1378206971648045
1378206971648284
1378206971648291
1378206971648534
1378206971648542
1378206971648637
1378206971648643
1378206971648903
1378206971649022
1378206971649287
1378206971649358
1378206971649429
1378206971649459
1378206971649553
1378206971649658
1378206971649809
1378206971650167
1378206971650286
1378206971650294
1378206971650414
1378206971650421
1378206971650576
1378206971650580
1378206971650672
1378206971650747
1378206971650812
1378206971650853
1378206971651182
1378206971651302
1378206971651553
1378206971651672
1378206971651715
1378206971651826
1378206971651918
1378206971652187
1378206971652195
1378206971652440
1378206971652448
1378206971652546
1378206971652553
1378206971652813
1378206971652835
1378206971652935
1378206971652939
1378206971653051
1378206971653186
1378206971653433
1378206971654580
1378206971654703
1378206971654711
1378206971654826
1378206971654833
1378206971654984
1378206971654991
1378206971655087
1378206971655093
1378206971655261
1378206971655265
1378206971655348
1378206971655362
1378206971655384
1378206971655521
1378206971655528
1378206971655624
1378206971655645
1378206971655743
1378206971655762
1378206971655858
1378206971655864
1378206971656401
1378206971656409
1378206971656647
1378206971656654
1378206971656752
1378206971656770
1378206971656888
1378206971656896
1378206971657771
1378206971657777
1378206971657875
1378206971657892
1378206971658047
1378206971658054
1378206971658150
1378206971658173
1378206971658293
1378206971658300
1378206971658393
1378206971658419
1378206971658542
1378206971658549
1378206971658672
1378206971658679
1378206971658777
1378206971658793
1378206971658920
1378206971658927
1378206971659081
1378206971659088
1378206971659186
1378206971659205
1378206971659328
1378206971659336
1378206971659426
1378206971659452
1378206971659551
1378206971659557
1378206971660277
1378206971660285
1378206971660424
1378206971660430
1378206971660564
1378206971660571
1378206971660698
1378206971660705
1378206971661492
1378206971661499
1378206971661736
1378206971661742
1378206971661992
1378206971661999
1378206971662620
1378206971662627
1378206971662774
1378206971662781
1378206971662903
1378206971662910
1378206971663028
1378206971663035
1378206971663152
1378206971663158
1378206971663277
1378206971663285
1378206971663381
1378206971663389
1378206971663535
1378206971663543
1378206971663640
1378206971663646
1378206971663861
1378206971663868
1378206971664235
1378206971664242
1378206971664364
1378206971664371
1378206971664467
1378206971664475
1378206971664650
1378206971664657
1378206971664753
1378206971664760
1378206971665296
1378206971665303
1378206971665399
1378206971665406
1378206971665565
1378206971665572
1378206971665668
1378206971665695
1378206971665820
1378206971665827
1378206971720764
1378206971738623
1378206972215778
1378206972254464
1378206972304778
1378206972328250
1378206972329476
1378206972403002
1378206972403708
1378206972404127
1378206972477579
1378206972508895
1378206972509027
1378206972523772
1378206972590978
1378206972590996
1378206972591100
1378206972591107
1378206972591228
1378206972591233
1378206972591329
1378206972591335
1378206972597910
1378206972665038
1378206972665059
1378206972665283
1378206972665295
1378206972665383
1378206972665413
1378206972665531
1378206972665621
1378206972665657
1378206972665766
1378206972665771
1378206972665875
1378206972665878
1378206972666120
1378206972666127
1378206972666223
1378206972666229
1378206972666389
1378206972666436
1378206972739751
1378206972739763
1378206972740000
1378206972740008
1378206972740105
1378206972740132
1378206972740235
1378206972740240
1378206972740335
1378206972740339
1378206972740617
1378206972740625
1378206972740721
1378206972740729
1378206972740874
1378206972740878
1378206972741126
1378206972741134
1378206972741290
1378206972741297
1378206972741393
1378206972741397
1378206972741752
1378206972741761
1378206972741857
1378206972741888
1378206972742004
1378206972742122
1378206972742252
1378206972742929
1378206972814929
1378206972814949
1378206972815052
1378206972815060
1378206972815173
1378206972815197
1378206972815452
1378206972815459
1378206972815555
1378206972815560
1378206972815698
1378206972815761
1378206972815975
1378206972815985
1378206972816218
1378206972816226
1378206972816456
1378206972816585
1378206972816616
1378206972816830
1378206972816842
1378206972817094
1378206972817106
1378206972817351
1378206972817355
1378206972817450
1378206972817476
1378206972817591
1378206972817683
1378206972817687
1378206972817860
1378206972817912
1378206972818010
1378206972818014
1378206972818132
1378206972818224
1378206972818360
1378206972818507
1378206972818605
1378206972819209
1378206972819215
1378206972890592
1378206972890616
1378206972890845
1378206972890850
1378206972890938
1378206972890967
1378206972891088
1378206972891179
1378206972891264
1378206972891340
1378206972891364
1378206972891459
1378206972891835
1378206972891960
1378206972892134
1378206972892395
1378206972892494
1378206972892658
1378206972892775
1378206972892785
1378206972893032
1378206972893040
1378206972893138
1378206972893154
1378206972893277
1378206972893318
1378206972893417
1378206972893422
1378206972893657
1378206972893778
1378206972893827
1378206972894048
1378206972894055
1378206972894106
1378206972894311
1378206972894317
1378206972894413
1378206972894420
1378206972894546
1378206972894690
1378206972894697
1378206972894817
1378206972894823
1378206972894917
1378206972895061
1378206972895195
1378206972895201
1378206972895533
1378206972895540
1378206972895660
1378206972895781
1378206972895829
1378206972895927
1378206972895931
1378206972896040
1378206972896116
1378206972896189
1378206972896216
1378206972896309
1378206972896437
1378206972896796
1378206972967248
1378206972967261
1378206972967502
1378206972967511
1378206972967607
1378206972967633
1378206972967750
1378206972967755
1378206972967856
1378206972967860
1378206972968122
1378206972968131
1378206972968226
1378206972968256
1378206972968359
1378206972968363
1378206972968623
1378206972968632
1378206972968879
1378206972968886
1378206972968983
1378206972969001
1378206972969381
1378206972969390
1378206972969486
1378206972969492
1378206972969640
1378206972969647
1378206972969821
1378206972969825
1378206972969921
1378206972969925
1378206972970192
1378206972970201
1378206972970333
1378206972970338
1378206972970449
1378206972970465
1378206972970567
1378206972970592
1378206972970719
1378206972970725
1378206972970821
1378206972970825
1378206972970919
1378206972970924
1378206972971202
1378206972971211
1378206972971454
1378206972971463
1378206972971583
1378206972971591
1378206972971831
1378206972971840
1378206972971960
1378206972971967
1378206972972210
1378206972972218
1378206972972337
1378206972972345
1378206972972534
1378206972972543
1378206972972695
1378206972972703
1378206972972800
1378206972972807
1378206972973007
1378206972973012
1378206972973066
1378206972973119
1378206972973232
1378206972973308
1378206972973313
1378206972973463
1378206972973469
1378206972973598
1378206972973603
1378206972973724
1378206972973763
1378206972974261
1378206972974269
1378206972974394
1378206972974398
1378206972974525
1378206972974532
1378206972974653
1378206972974660
1378206973042102
1378206973042125
1378206973042352
1378206973042360
1378206973042466
1378206973042471
1378206973042644
1378206973042715
1378206973042722
1378206973042846
1378206973042856
1378206973042953
1378206973042957
1378206973043053
1378206973043058
1378206973043213
1378206973043218
1378206973043468
1378206973043473
1378206973043725
1378206973043734
1378206973043830
1378206973043837
1378206973044228
1378206973044238
1378206973044375
1378206973044383
1378206973044480
1378206973044485
1378206973044646
1378206973044652
1378206973044747
1378206973044752
1378206973045109
1378206973045119
1378206973045218
1378206973045244
1378206973045342
1378206973045360
1378206973045456
1378206973045460
1378206973045627
1378206973045634
1378206973045730
1378206973045735
1378206973046909
1378206973046920
1378206973047162
1378206973047171
1378206973047409
1378206973047416
1378206973047513
1378206973047541
1378206973047637
1378206973047666
1378206973047783
1378206973047788
1378206973048031
1378206973048038
1378206973048160
1378206973048165
1378206973048396
1378206973048401
1378206973048667
1378206973048677
1378206973048772
1378206973048779
1378206973049039
1378206973049046
1378206973049142
1378206973049149
1378206973049414
1378206973049421
1378206973049520
1378206973049527
1378206973049669
1378206973049677
1378206973049914
1378206973049922
1378206973050042
1378206973050045
1378206973050142
1378206973050149
1378206973050302
1378206973050309
1378206973050407
1378206973050438
1378206973050555
1378206973050561
1378206973050655
1378206973050690
1378206973050789
1378206973050797
1378206973050893
1378206973050899
1378206973051062
1378206973051070
1378206973051287
1378206973051295
1378206973051431
1378206973051439
1378206973051538
1378206973051543
1378206973116967
1378206973116990
1378206973117095
1378206973117103
1378206973117213
1378206973117262
1378206973117462
1378206973117471
1378206973117569
1378206973117590
1378206973117705
1378206973117731
1378206973117812
1378206973117833
1378206973118104
1378206973118110
1378206973118337
1378206973118344
1378206973118483
1378206973118486
1378206973118714
1378206973118721
1378206973118969
1378206973118976
1378206973119071
1378206973119078
1378206973119336
1378206973119345
1378206973119585
1378206973119593
1378206973119715
1378206973119723
1378206973119965
1378206973119973
1378206973120089
1378206973120211
1378206973120229
1378206973120470
1378206973120476
1378206973120575
1378206973120582
1378206973120712
1378206973120833
1378206973120857
1378206973120953
1378206973120957
1378206973121216
1378206973121346
1378206973121351
1378206973121477
1378206973121481
1378206973121540
1378206973121749
1378206973121758
1378206973121844
1378206973121873
1378206973121989
1378206973122116
1378206973122243
1378206973122364
1378206973122426
1378206973122522
1378206973122611
1378206973122743
1378206973122871
1378206973123088
1378206973123226
1378206973123894
1378206973123912
1378206973123919
1378206973123923
1378206973123927
1378206983539554
1378207000379253
1378207000381091
1378207000381895
1378207000448747
1378207000995231
1378207001186807
1378207001207013
1378207001648186
1378207013540095
1378207013540447
1378207013540788
1378207013540798
1378207013541055
1378207013541293
1378207013541522
1378207013541733
1378207032306955
1378207032599718
1378207032971938
1378207043541113
1378207043541581
1378207058394817
1378207058411902
1378207058412393
1378207058413773
1378207058534277
1378207058573388
