1380360614370412
1380360614424302
1380360614424346
1380360614424495
1380360614424594
1380360614428609
1380360614428662
1380360614429186
1380360614454065
1380360614458995
1380360614477570
1380360614481280
1380360614489643
1380360614489972
1380360614490208
1380360614490405
1380360614490525
1380360614490659
1380360614490911
1380360614491063
1380360614491266
1380360614524473
1380360614524540
1380360614524674
1380360614524773
1380360614528465
1380360614528798
1380360614528841
1380360614528941
1380360614529111
1380360614544399
1380360614544401
1380360614560615
1380360614564347
1380360614564464
1380360614564499
1380360614564525
1380360614564558
1380360614564585
1380360614582053
1380360614582799
1380360614583254
1380360614583553
1380360614583716
1380360614586540
1380360614586643
1380360614599066
1380360614599234
1380360614599326
1380360614599567
1380360614599802
1380360614607045
1380360614607204
1380360614607307
1380360614607387
1380360614646245
1380360614660649
1380360614661664
1380360614663086
1380360614663873
1380360614665222
1380360614666874
1380360614668655
1380360614683478
1380360614685210
1380360614685664
1380360614685751
1380360614685876
1380360614685998
1380360614686185
1380360614686308
1380360614686421
1380360614686542
1380360614686809
1380360614686957
1380360614687084
1380360614690655
1380360614690685
1380360614690873
1380360614690939
1380360614744774
1380360614744937
1380360614745049
1380360614745166
1380360614745302
1380360614745535
1380360614745665
1380360614745872
1380360614746391
1380360614746542
1380360614746641
1380360614746730
1380360614747327
1380360614747433
1380360614747596
1380360614747712
1380360614747895
1380360614749509
1380360614749596
1380360614750033
1380360614750155
1380360614750460
1380360614750575
1380360614750691
1380360614750823
1380360614750940
1380360614751343
1380360614751471
1380360614751596
1380360614753334
1380360614753553
1380360614753668
1380360614753789
1380360614753966
1380360614754102
1380360614754218
1380360614754331
1380360614755319
1380360614755605
1380360614755797
1380360614755832
1380360614756888
1380360614757220
1380360614757442
1380360614757666
1380360614757757
1380360614757883
1380360614757992
1380360614758154
1380360614758261
1380360614758716
1380360614758887
1380360614759001
1380360614759120
1380360614759268
1380360614759374
1380360614759557
1380360614759667
1380360614759805
1380360614759912
1380360614760036
1380360614760266
1380360614761044
1380360614761281
1380360614761524
1380360614761784
1380360614761902
1380360614762019
1380360614762154
1380360614762298
1380360614762408
1380360614762531
1380360614762669
1380360614762784
1380360614762917
1380360614763029
1380360614763483
1380360614763694
1380360614763864
1380360614763971
1380360614764120
1380360614764226
1380360614764353
1380360614764467
1380360614764599
1380360614764709
1380360614764850
1380360614764959
1380360614765112
1380360614765229
1380360614766050
1380360614766196
1380360614766314
1380360614766430
1380360614766618
1380360614766725
1380360614767807
1380360614767914
1380360614768032
1380360614768274
1380360614768391
1380360614768512
1380360614768652
1380360614770079
1380360614770217
1380360614770311
1380360614770502
1380360614789367
1380360614789501
1380360614789536
1380360614789610
1380360614789645
1380360614789674
1380360614791717
1380360614791792
1380360614791911
1380360614792082
1380360614795842
1380360614795961
1380360614796205
1380360614796327
1380360614796533
1380360614796637
1380360614796752
1380360614796807
1380360614797112
1380360614797192
1380360614799029
1380360614822690
1380360614822800
1380360614822870
1380360614822891
1380360614823119
1380360614828691
1380360614828844
1380360614829207
1380360614829363
1380360614829478
1380360614829594
1380360614830053
1380360614830208
1380360614830392
1380360614830858
1380360614831484
1380360614831694
1380360614831795
1380360614869946
1380360614870207
1380360614877403
1380360614914084
1380360614921389
1380360614998670
1380360614998719
1380360614998843
1380360614998870
1380360615033632
1380360615033649
1380360615033718
1380360615033959
1380360615034249
1380360615034379
1380360615034513
1380360615034719
1380360615035041
1380360615035289
1380360615035366
1380360615036019
1380360615036105
1380360615036253
1380360615036369
1380360615036546
1380360615037279
1380360615073769
1380360615073947
1380360615074134
1380360615077567
1380360615081374
1380360615081600
1380360615086643
1380360615101630
1380360615106479
1380360615106707
1380360615106739
1380360615110266
1380360615123686
1380360615123716
1380360615123924
1380360615123952
1380360615158408
1380360615158496
1380360615158662
1380360615158743
1380360615158871
1380360615158977
1380360615159195
1380360615163326
1380360615163365
1380360615165418
1380360615165745
1380360615165942
1380360615166104
1380360615166307
1380360615166520
1380360615166643
1380360615166790
1380360615167182
1380360615170314
1380360615170503
1380360615170619
1380360615170740
1380360615170980
1380360615171076
1380360615171131
1380360615197398
1380360615197569
1380360615197678
1380360615197928
1380360615198047
1380360615198179
1380360615198495
1380360615198640
1380360615198747
1380360615199131
1380360615199276
1380360615199383
1380360615199599
1380360615199836
1380360615200559
1380360615200677
1380360615200811
1380360615200934
1380360615201066
1380360615201179
1380360615201316
1380360615201451
1380360615201549
1380360615201729
1380360615202306
1380360615202405
1380360615202600
1380360615202616
1380360615202699
1380360615202820
1380360615202953
1380360615203805
1380360615203943
1380360615204056
1380360615204366
1380360615204885
1380360615205127
1380360615205244
1380360615205395
1380360615205563
1380360615205683
1380360615205796
1380360615206076
1380360615206409
1380360615206690
1380360615206805
1380360615206929
1380360615207052
1380360615207165
1380360615207567
1380360615207796
1380360615207909
1380360615208163
1380360615208280
1380360615208409
1380360615208549
1380360615208667
1380360615208783
1380360615209309
1380360615209572
1380360615209703
1380360615209931
1380360615210054
1380360615210309
1380360615210424
1380360615210547
1380360615210680
1380360615210799
1380360615210923
1380360615211191
1380360615211317
1380360615212989
1380360615213078
1380360615213222
1380360615213332
1380360615213453
1380360615213614
1380360615213733
1380360615213859
1380360615213971
1380360615214096
1380360615214343
1380360615214463
1380360615214586
1380360615214741
1380360615214848
1380360615214980
1380360615215119
1380360615215752
1380360615215874
1380360615216035
1380360615216247
1380360615216508
1380360615216647
1380360615216886
1380360615217007
1380360615217157
1380360615220831
1380360615220926
1380360615221022
1380360615221219
1380360615221401
1380360615221518
1380360615222075
1380360615222235
1380360615253802
1380360615253811
1380360615254028
1380360615257539
1380360615257552
1380360615257567
1380360615260310
1380360615260490
1380360615260592
1380360615261092
1380360615271558
1380360615271660
1380360615271757
1380360615271866
1380360615271979
1380360615272183
1380360615272298
1380360615272385
1380360615272597
1380360615272701
1380360615272783
1380360615276317
1380360615277150
1380360615277242
1380360615277598
1380360615277856
1380360615278094
1380360615278472
1380360615278605
1380360615278668
1380360615278979
1380360615279060
1380360615287814
1380360615288112
1380360615288477
1380360615289325
1380360615289852
1380360615289948
1380360615290164
1380360615290255
1380360615290363
1380360615290546
1380360615290633
1380360615290750
1380360615290866
1380360615290988
1380360615298346
1380360615298435
1380360615298659
1380360615298758
1380360615298843
1380360615317556
1380360615317602
1380360615329791
1380360615329804
1380360615330009
1380360615465506
1380360615482621
1380360615490912
1380360615491044
1380360615491402
1380360615495109
1380360615495421
1380360615495832
1380360615496075
1380360615496450
1380360615496538
1380360615499643
1380360615500090
1380360615500760
1380360615501065
1380360615507063
1380360615533784
1380360615533797
1380360615533881
1380360615581764
1380360615745772
1380360618246425
1380360618246616
1380360618246629
1380360618246702
1380360618246713
1380360618246809
1380360618246922
1380360618249717
1380360618250151
1380360618250163
1380360618250175
1380360618250252
1380360618250269
1380360618250287
1380360618250779
1380360618250792
1380360618250805
1380360618251050
1380360618251193
1380360618251435
1380360618251454
1380360618251790
1380360618251949
1380360618252147
1380360618252353
1380360618252570
1380360618252781
1380360618252848
1380360618270990
1380360618271212
1380360618275112
1380360618281129
1380360618281142
1380360618281154
1380360618281335
1380360618281353
1380360618281374
1380360618281395
1380360618281415
1380360618281443
1380360618281641
1380360618281690
1380360618281700
1380360618285681
1380360618285810
1380360618285906
1380360618286033
1380360618286141
1380360618286438
1380360618286541
1380360618286650
1380360618286763
1380360618286900
1380360618287287
1380360618287391
1380360618287559
1380360618289103
1380360618289111
1380360618289839
1380360618289964
1380360618290126
1380360618323827
1380360618323901
1380360618324081
1380360618324093
1380360618324551
1380360618334187
1380360618356546
1380360618356556
1380360618356762
1380360618356833
1380360618356905
1380360618356994
1380360618357146
1380360618357161
1380360618369579
1380360618369651
1380360618369714
1380360618369780
1380360618369856
1380360618370812
1380360618370914
1380360618371139
1380360618371243
1380360618371394
1380360618371497
1380360618371609
1380360618371895
1380360618372073
1380360618372213
1380360618375521
1380360618375688
1380360618375861
1380360618376451
1380360618376759
1380360618376880
1380360618377013
1380360618377309
1380360618377412
1380360618395452
1380360618395514
1380360618395577
1380360618395579
1380360618512641
1380360618536730
1380360618553242
1380360618591730
1380360618592631
1380360618629480
1380360618629834
1380360618630079
1380360618667656
