1379889935450320
1379889935762395
1379889935762474
1379889935790598
1379889935790703
1379889935790810
1379889935790891
1379889935818744
1379889935818874
1379889935819079
1379889935819214
1379889935819801
1379889935820095
1379889935847395
1379889935847441
1379889935847628
1379889935847747
1379889935848777
1379889935848820
1379889935849435
1379889935849554
1379889935849679
1379889935849809
1379889935875998
1379889935876042
1379889935876185
1379889935876274
1379889935876954
1379889935877138
1379889935877338
1379889935877512
1379889935877854
1379889935878000
1379889935878316
1379889935894896
1379889935907639
1379889935908531
1379889935908699
1379889935908902
1379889935909076
1379889935922695
1379889935922731
1379889935922864
1379889935922919
1379889935923306
1379889935925166
1379889935925213
1379889935934436
1379889935934720
1379889935934969
1379889935935125
1379889935935233
1379889935935585
1379889935935694
1379889935936044
1379889935936621
1379889935936658
1379889935938026
1379889935938077
1379889935938206
1379889935946706
1379889935950046
1379889935950238
1379889935950530
1379889935950628
1379889935950747
1379889935951085
1379889935951241
1379889935951387
1379889935952231
1379889935952388
1379889935952532
1379889935959285
1379889935962226
1379889935963942
1379889935975015
1379889935975059
1379889935975094
1379889935975753
1379889935988432
1379889935988559
1379889935988756
1379889935988827
1379889936000207
1379889936000362
1379889936001935
1379889936001977
1379889936002143
1379889936002285
1379889936015422
1379889936015642
1379889936053980
1379889936054122
1379889936066123
1379889936202402
1379889936215220
1379889936215461
1379889936228804
1379889936265912
1379889936278682
1379889936318008
1379889936331038
1379889936358880
1379889936388375
1379889936426167
1379889936456624
1379889936493916
1379889936494223
1379889936494450
1379889936494507
1379889936494639
1379889936494713
1379889936494827
1379889936495102
1379889936495324
1379889936495376
1379889936495427
1379889936495478
1379889936495754
1379889936510103
1379889936510328
1379889936510357
1379889936510437
1379889936510846
1379889936510867
1379889936511147
1379889936511400
1379889936511490
1379889936511933
1379889936512101
1379889936512286
1379889936512509
1379889936512630
1379889936512757
1379889936513733
1379889936513819
1379889936514085
1379889936514290
1379889936514537
1379889936514640
1379889936514825
1379889936514957
1379889936515981
1379889936516230
1379889936516451
1379889936516626
1379889936516792
1379889936516916
1379889936517035
1379889936517153
1379889936517886
1379889936518175
1379889936518255
1379889936518453
1379889936518519
1379889936521908
1379889936563203
1379889936590931
1379889936630142
1379889936671150
1379889936712522
1379889936756277
1379889936793958
1379889936835866
1379889936887679
1379889936942616
1379889937042850
1379889937110436
1379889937142449
1379889937162931
1379889937163025
1379889937202297
1379889937241207
1379889937278012
1379889937289214
1379889937330277
1379889937330555
1379889937330615
1379889937330663
1379889937330722
1379889937330773
1379889937330883
1379889937330933
1379889937330983
1379889937331033
1379889937331083
1379889937331133
1379889937335049
1379889937340669
1379889937343744
1379889937344065
1379889937344365
1379889937344462
1379889937345098
1379889937345535
1379889937345688
1379889937346725
1379889937346937
1379889937346968
1379889937347080
1379889937347203
1379889937347329
1379889937347903
1379889937348136
1379889937348265
1379889937348552
1379889937348661
1379889937348887
1379889937349003
1379889937349112
1379889937349239
1379889937349368
1379889937349456
1379889937349995
1379889937350171
1379889937350343
1379889937350595
1379889937350883
1379889937350969
1379889937351242
1379889937351515
1379889937351591
1379889937351841
1379889937351978
1379889937353313
1379889937353548
1379889937353677
1379889937354750
1379889937362670
1379889937363882
1379889937364210
1379889937364331
1379889937366290
1379889937366451
1379889937405978
1379889937406548
1379889937406590
1379889937406711
1379889937406737
1379889937413004
1379889937420023
1379889937420069
1379889937421102
1379889937421117
1379889937421255
1379889937421545
1379889937445581
1379889937445619
1379889937445735
1379889937445951
1379889937445981
1379889937486012
1379889937532894
1379889937532947
1379889937575143
1379889937614022
1379889937614344
1379889937640570
1379889937667545
1379889937705974
1379889937716394
1379889937766203
1379889937805983
1379889937847112
1379889937962125
1379889937962377
1379889937962436
1379889937962485
1379889937962535
1379889937962581
1379889937962650
1379889937962722
1379889937962775
1379889937975999
1379889937976133
1379889937976660
1379889937976949
1379889937977139
1379889937978176
1379889937978194
1379889937978516
1379889937978769
1379889937979009
1379889937979517
1379889937979595
1379889937979735
1379889938013818
1379889938013947
1379889938014550
1379889938094007
1379889938094017
1379889938094177
1379889938106874
1379889938155402
1379889938205352
1379889938241999
1379889938283173
1379889938323594
1379889938366580
1379889938405971
1379889938435523
1379889938473924
1379889938503579
1379889938542178
1379889938579066
1379889938618191
1379889938618657
1379889938644528
1379889938667225
1379889938667553
1379889938701422
1379889938705614
1379889938715135
1379889938753975
1379889938757557
1379889938767653
1379889938817951
1379889938818349
1379889938818492
1379889938818979
1379889938821018
1379889938862222
1379889938862382
1379889938864882
1379889938889652
1379889938925777
1379889938938867
1379889938978206
1379889938996634
1379889938996797
1379889938996956
1379889938997039
1379889939000933
1379889939001191
1379889939006759
1379889939006859
1379889939007034
1379889939007124
1379889939011086
1379889939011281
1379889939011390
1379889939011508
1379889939011659
1379889939011930
1379889939012052
1379889939012210
1379889939012516
1379889939012722
1379889939013111
1379889939013210
1379889939015890
1379889939016033
1379889939016882
1379889939016992
1379889939021270
1379889939021456
1379889939021693
1379889939025857
1379889939070529
1379889939149729
1379889939183718
1379889939183979
1379889939184106
