1380347452696404
1380347452774807
1380347452847819
1380347452848193
1380347452848546
1380347452923476
1380347452923568
1380347452923620
1380347454505145
1380347454580904
1380347454582200
1380347454657846
1380347454658233
1380347454734107
1380347454734455
1380347454810355
1380347454810605
1380347454887094
1380347454887336
1380347454964635
1380347455001495
1380347455077100
1380347455113553
1380347455201218
1380347455209222
1380347455209498
1380347455209561
1380347455209693
1380347455210111
1380347455210285
1380347455210483
1380347455275797
1380347455275907
1380347455275988
1380347455287754
1380347455288386
1380347455288421
1380347455288480
1380347455289125
1380347455289783
1380347455290349
1380347455290380
1380347455290458
1380347455290854
1380347455290948
1380347455351565
1380347455351689
1380347455351808
1380347455351922
1380347455352043
1380347455366746
1380347455366787
1380347455366887
1380347455370020
1380347455370166
1380347455370722
1380347455372378
1380347455427111
1380347455427209
1380347455427319
1380347455427577
1380347455427898
1380347455428402
1380347455428712
1380347455428805
1380347455429124
1380347455429204
1380347455429304
1380347455429653
1380347455429729
1380347455445761
1380347455445854
1380347455446208
1380347455446245
1380347455446436
1380347455446520
1380347455447072
1380347455447290
1380347455447410
1380347455447523
1380347455447983
1380347455448188
1380347455448275
1380347455448488
1380347455448607
1380347455448716
1380347455448974
1380347455449401
1380347455450013
1380347455503863
1380347455504065
1380347455504177
1380347455504284
1380347455504392
1380347455504652
1380347455505272
1380347455505401
1380347455505755
1380347455505947
1380347455506121
1380347455506212
1380347455506371
1380347455506572
1380347455506763
1380347455506959
1380347455507070
1380347455521783
1380347455521974
1380347455522236
1380347455522528
1380347455522650
1380347455523033
1380347455523280
1380347455523801
1380347455524105
1380347455524231
1380347455524553
1380347455524873
1380347455524975
1380347455525260
1380347455525351
1380347455525561
1380347455525727
1380347455526016
1380347455526142
1380347455526322
1380347455526603
1380347455526723
1380347455527099
1380347455527401
1380347455527572
1380347455527828
1380347455528024
1380347455528252
1380347455528492
1380347455528623
1380347455529172
1380347455529435
1380347455529612
1380347455529700
1380347455529901
1380347455530115
1380347455530979
1380347455531434
1380347455541336
1380347455541609
1380347455541775
1380347455541947
1380347455542117
1380347455542328
1380347455542430
1380347455542784
1380347455581856
1380347455582153
1380347455582391
1380347455582503
1380347455582768
1380347455582922
1380347455583011
1380347455583166
1380347455583361
1380347455583470
1380347455583850
1380347455584010
1380347455598300
1380347455598673
1380347455598925
1380347455599122
1380347455599869
1380347455600004
1380347455600165
1380347455600361
1380347455600484
1380347455600683
1380347455602054
1380347455602324
1380347455602584
1380347455602679
1380347455603467
1380347455603757
1380347455603951
1380347455604200
1380347455604462
1380347455604568
1380347455605142
1380347455605684
1380347455605800
1380347455606048
1380347455606203
1380347455606442
1380347455606599
1380347455606797
1380347455607224
1380347455607341
1380347455607552
1380347455607838
1380347455607930
1380347455608162
1380347455608538
1380347455608804
1380347455609073
1380347455609277
1380347455609485
1380347455609664
1380347455609872
1380347455610026
1380347455610168
1380347455610441
1380347455610689
1380347455610873
1380347455611361
1380347455611685
1380347455612161
1380347455612918
1380347455613474
1380347455678206
1380347455678472
1380347455678590
1380347455678826
1380347455679106
1380347455679286
1380347455679452
1380347455679589
1380347455679798
1380347455680784
1380347455681317
1380347455681490
1380347455681604
1380347455681903
1380347455682061
1380347455682149
1380347455682345
1380347455682544
1380347455683082
1380347455683285
1380347455683414
1380347455683646
1380347455683939
1380347455684040
1380347455684311
1380347455684422
1380347455684674
1380347455684838
1380347455684945
1380347455685168
1380347455685418
1380347455685534
1380347455686875
1380347455687159
1380347455687249
1380347455687475
1380347455688144
1380347455688262
1380347455691889
1380347455692085
1380347455692375
1380347455692620
1380347455692881
1380347455693130
1380347455693386
1380347455693626
1380347455693809
1380347455694066
1380347455694307
1380347455694415
1380347455694682
1380347455694789
1380347455695072
1380347455695150
1380347455695278
1380347455695351
1380347455695859
1380347455695953
1380347455717055
1380347455717179
1380347455721050
1380347455721189
1380347455729272
1380347455755727
1380347455756106
1380347455756280
1380347455756418
1380347455758010
1380347455758281
1380347455758385
1380347455758631
1380347455758793
1380347455758905
1380347455762037
1380347455762287
1380347455762523
1380347455762719
1380347455762916
1380347455763227
1380347455763384
1380347455763499
1380347455763768
1380347455763975
1380347455764089
1380347455765342
1380347455769178
1380347455769588
1380347455769827
1380347455771437
1380347455771593
1380347455771816
1380347455772067
1380347455772313
1380347455776740
1380347455776866
1380347455777133
1380347455777226
1380347455777632
1380347455777735
1380347455778012
1380347455778105
1380347455778381
1380347455778481
1380347455778754
1380347455778913
1380347455779003
1380347455779215
1380347455779434
1380347455779598
1380347455779698
1380347455793079
1380347455801045
1380347455801125
1380347455805062
1380347455805231
1380347455805654
1380347455806868
1380347455806973
1380347455817051
1380347455831675
1380347455839360
1380347455839598
1380347455839773
1380347455839971
1380347455840237
1380347455840359
1380347455840587
1380347455840887
1380347455840989
1380347455841250
1380347455841374
1380347455841772
1380347455841929
1380347455881041
1380347455881058
1380347455881573
1380347455881736
1380347455881998
1380347455882286
1380347455882410
1380347455882635
1380347455882985
1380347455883306
1380347455883407
1380347455883674
1380347455883830
1380347455883921
1380347455884183
1380347455884365
1380347455884479
1380347455884717
1380347455884958
1380347455885197
1380347455885385
1380347455889065
1380347455889284
1380347455907607
1380347455921155
1380347455925109
1380347455925305
1380347455945729
1380347455964655
1380347455965203
1380347455965415
1380347455966978
1380347456021374
1380347456040335
1380347456040553
1380347456041437
1380347456041739
1380347456041926
1380347456042048
1380347456042391
1380347456045172
1380347456045521
1380347456045717
1380347456045988
1380347456046130
1380347456053041
1380347456054006
1380347456054822
1380347456055028
1380347456116008
1380347456116168
1380347456116904
1380347456117271
1380347456117393
1380347456117473
1380347456117617
1380347456117707
1380347456118050
1380347456118112
1380347456121083
1380347456121453
1380347456129315
1380347456129452
1380347456129989
1380347456130239
1380347456130440
1380347456131015
1380347456200179
1380347456205312
1380347456205572
1380347456205802
1380347456206352
1380347456206779
1380347456206905
1380347456207182
1380347456207297
1380347456207383
1380347456207496
1380347456220209
1380347456280638
1380347456280981
1380347456281445
1380347456281805
1380347456282081
1380347456282484
1380347456282772
1380347456283006
1380347456283235
1380347456283519
1380347456285609
1380347456285891
1380347456285926
1380347456286012
1380347456347869
1380347456356161
1380347456356256
1380347456356478
1380347456358261
1380347456358356
1380347456359149
1380347456359323
1380347456360270
1380347456361101
1380347456361196
1380347456361420
1380347456361515
1380347456361687
1380347456362056
1380347456362354
1380347456362372
1380347456362890
1380347456363012
1380347456363107
1380347456363406
1380347456363544
1380347456363987
1380347456364213
1380347456364329
1380347456364428
1380347456370784
1380347456370877
1380347456375475
1380347456375627
1380347456375910
1380347456376026
1380347456376411
1380347456376575
1380347456376792
1380347456377254
1380347456377382
1380347456380178
1380347456380279
1380347456380690
1380347456380829
1380347456434427
1380347456434582
1380347456435103
1380347456435460
1380347456435523
1380347456436663
1380347456436761
1380347456436822
1380347456436879
1380347456436936
1380347456436994
1380347456440185
1380347456440290
1380347456441790
1380347456442059
1380347456442308
1380347456442532
1380347456442880
1380347456512698
1380347456514269
1380347456514308
1380347456514336
1380347456514399
1380347456587112
1380347456587586
1380347456587868
1380347456593673
1380347456593793
1380347456593891
1380347456594659
1380347456594801
1380347456595064
1380347456595150
1380347456601844
1380347456612976
1380347456649481
1380347456649577
1380347456649721
1380347456663364
1380347456669428
1380347456670445
1380347456670569
1380347456670682
1380347456670789
1380347456670892
1380347456671020
1380347456671138
1380347456671243
1380347456671443
1380347456671558
1380347456671672
1380347456671757
1380347456672235
1380347456672336
1380347456672405
1380347456677397
1380347456677537
1380347456677607
1380347456677771
1380347456677850
1380347456684110
1380347456755466
1380347456755555
1380347456755850
1380347456755881
1380347456755950
1380347456756785
1380347456758834
1380347456839930
1380347456840010
1380347456879406
1380347456915150
1380347456915332
1380347456915538
1380347456916194
1380347456916299
1380347456956353
1380347456956572
1380347456956726
1380347456990605
1380347456990814
1380347456990987
1380347456991449
1380347456992167
1380347456992432
1380347456992605
1380347456992829
1380347456993122
1380347456993343
1380347457031942
1380347457032182
1380347457032377
1380347457032649
1380347457067215
1380347457067485
1380347457067758
1380347457067845
1380347457071721
1380347457071973
1380347457072198
1380347457072351
1380347457072564
1380347457072758
1380347457072874
1380347457073277
1380347457107386
1380347457107497
1380347457107750
1380347457108067
1380347457108186
1380347457108594
1380347457108779
1380347457108950
1380347457109191
1380347457109804
1380347457109978
1380347457111790
1380347457112192
1380347457112267
1380347457112334
1380347457147935
1380347457148141
1380347457148309
1380347457148503
1380347457148733
1380347457148872
1380347457150197
1380347457150271
1380347457183721
1380347457183912
1380347457184011
1380347457184200
1380347457184350
1380347457185748
1380347457186000
1380347457186095
1380347457187418
1380347457187516
1380347457187869
1380347457188330
1380347457188490
1380347457190518
1380347457190691
1380347457191159
1380347457225044
1380347457225195
1380347457225289
1380347457226166
1380347457226785
1380347457259519
1380347457259602
1380347457260016
1380347457260147
1380347457260281
1380347457260384
1380347457260853
1380347457261146
1380347457263323
1380347457263581
1380347457263843
1380347457263920
1380347457264033
1380347457264136
1380347457264482
1380347457264565
1380347457264844
1380347457265118
1380347457282354
1380347457282625
1380347457283094
1380347457301159
1380347457301384
1380347457301618
1380347457301724
1380347457302016
1380347457302137
1380347457302511
1380347457302637
1380347457302822
1380347457303080
1380347457303699
1380347457303991
1380347457304226
1380347457304409
1380347457304630
1380347457304818
1380347457307063
1380347457307146
1380347457336486
1380347457336702
1380347457336959
1380347457337189
1380347457337441
1380347457337674
1380347457338020
1380347457338170
1380347457338276
1380347457377904
1380347457379895
1380347457380009
1380347457380456
1380347457380719
1380347457380797
1380347457381089
1380347457381614
1380347457381738
1380347457381839
1380347457382357
1380347457382438
1380347457382906
1380347457383017
1380347457383131
1380347457383523
1380347457383614
1380347457455880
1380347457456118
1380347457456422
1380347457456689
1380347457456942
1380347457457110
1380347457457556
1380347457457869
1380347457458160
1380347457458325
1380347457458416
1380347457458626
1380347457458837
1380347457459005
1380347457459183
1380347457459398
1380347457460029
1380347457460468
1380347457460581
1380347457535830
1380347457535930
1380347457536017
1380347457611069
1380347457611172
1380347458242148
1380347458283467
1380347458284572
1380347458320609
1380347458321088
1380347458716481
1380347458723281
