1379792827925287
1379792828185136
1379792828185469
1379792828185699
1379792828190132
1379792828190275
1379792828190376
1379792828398472
1379792828407268
1379792828407371
1379792828407599
1379792828407843
1379792828431900
1379792828436157
1379792828436218
1379792828436448
1379792828441851
1379792828442416
1379792828445916
1379792828445988
1379792828448635
1379792828448738
1379792828449159
1379792828449711
1379792828449743
1379792828453460
1379792828453544
1379792828453623
1379792828493561
1379792828493873
1379792828493954
1379792828494012
1379792828494141
1379792828494186
1379792828494241
1379792828500936
1379792828501248
1379792828501491
1379792828501624
1379792828501653
1379792828502007
1379792828502103
1379792828502157
1379792828502402
1379792828502431
1379792828506029
1379792828508153
1379792828508212
1379792828509380
1379792828509415
1379792828509438
1379792828512455
1379792828513395
1379792828519746
1379792828525282
1379792828531679
1379792831067214
1379792831069523
1379792831073055
1379792831073689
1379792831077466
1379792831079325
1379792831080069
1379792831085571
1379792831085706
1379792831087044
1379792831090261
1379792831091954
1379792831093578
1379792831097980
1379792831103801
1379792831111156
1379792831111235
1379792831111688
1379792831561176
1379792831598097
1379792831598217
1379792831632656
1379792832101480
1379792832107948
1379792832165846
1379792832189694
1379792832189947
1379792832834300
1379792832876756
1379792833866193
1379792833902561
1379792833903278
1379792833941413
1379792833943719
