1379792602867602
1379792602973873
1379792603064779
1379792603064875
1379792603078365
1379792603078633
1379792603078781
1379792603180730
1379792603258753
1379792603258834
1379792603259031
1379792603259130
1379792603277419
1379792603449530
1379792603450899
1379792603451017
1379792603451391
1379792603451577
1379792603451975
1379792603452091
1379792603452212
1379792603452343
1379792603460521
1379792603460674
1379792603618682
1379792603622291
1379792603639357
1379792603639429
1379792603639550
1379792603644155
1379792603644407
1379792603644458
1379792603644638
1379792603644940
1379792603645062
1379792603787605
1379792603794321
1379792603794740
1379792603794805
1379792603794865
1379792603818096
1379792603818227
1379792603818360
1379792603818478
1379792603818605
1379792603965470
1379792603965559
1379792603968304
1379792603968429
1379792603968747
1379792603971781
1379792603971930
1379792603976374
1379792603988390
1379792603993091
1379792604030062
1379792604030408
1379792604030521
1379792604054821
1379792604054926
1379792604065934
1379792604071807
1379792604071999
1379792604072183
1379792604077029
1379792604082052
1379792604082067
1379792604087879
1379792604088141
1379792604088337
1379792604090982
1379792604091103
1379792604091213
1379792604091322
1379792604091785
1379792604130010
1379792604130238
1379792604133983
1379792604134247
1379792604134432
1379792604136122
1379792604136247
1379792604136436
1379792604140359
1379792604140684
1379792604140765
1379792604140955
1379792604144160
1379792604144321
1379792604144602
1379792604146886
1379792604147000
1379792604147121
1379792604147248
1379792604157625
1379792604157882
1379792604163534
1379792604163916
1379792604201983
1379792604210617
1379792604210730
1379792604210962
1379792604211073
1379792604211283
1379792604211398
1379792604211545
1379792604223567
1379792604223684
1379792604302987
1379792604304368
1379792604304502
1379792604317434
1379792604317607
1379792604317740
1379792604336964
1379792604339880
1379792604340664
1379792604358047
1379792604482209
1379792604522021
1379792604522050
1379792604730451
1379792604730496
1379792604730692
1379792604730723
1379792604730777
1379792604730825
1379792604730876
1379792604730934
1379792604737142
1379792604737266
1379792604737391
1379792604737499
1379792604737617
1379792604737991
1379792604738187
1379792604738880
1379792604738992
1379792604739121
1379792604739245
1379792604740236
1379792604740377
1379792604904097
1379792604909884
1379792604910026
1379792604910612
1379792604910787
1379792604910855
1379792604910917
1379792604911087
1379792604911146
1379792604911206
1379792604911428
1379792604911831
1379792604912011
1379792604917692
1379792604924682
1379792605082053
1379792605082215
1379792605084961
1379792605085157
1379792605085362
1379792605089234
1379792605090797
1379792605091046
1379792605091239
1379792605091426
1379792605091532
1379792605091638
1379792605091778
1379792605092762
1379792605092992
1379792605093145
1379792605096862
1379792605104583
1379792605104729
1379792605142356
1379792605142543
1379792605142626
1379792605142717
1379792605250371
1379792605250499
1379792605250636
1379792605257308
1379792605257442
1379792605257585
1379792605262990
1379792605263223
1379792605264403
1379792605264509
1379792605264778
1379792605264891
1379792605276253
1379792605324438
1379792605324568
1379792605324747
1379792605325341
1379792605325643
1379792605325780
1379792605325908
1379792605326194
1379792605335602
1379792605362584
1379792605438155
1379792605438327
1379792605438443
1379792605438562
1379792605438684
1379792605438851
1379792605438974
1379792605439091
1379792605504712
1379792605504827
1379792605505140
1379792605542172
1379792605542259
1379792605582001
1379792605610503
1379792605610645
1379792605610756
1379792605717001
1379792605717120
1379792605721923
1379792605923506
1379792606270297
1379792606270414
1379792606270537
1379792606270632
1379792606274588
1379792606277439
1379792606277556
1379792606277679
1379792606277798
1379792606277912
1379792606278517
1379792606278690
1379792606278773
1379792606281742
1379792606281910
1379792606282884
1379792606282931
1379792606283078
1379792606284030
1379792606284110
1379792606284742
1379792606284892
1379792606285685
1379792606285768
1379792606296749
1379792606466142
1379792606466272
1379792606466379
1379792606483138
1379792606485419
1379792606634668
1379792606634774
1379792606635081
1379792606635250
1379792606635416
1379792606664302
1379792606664434
1379792606664540
1379792606678253
1379792606803751
1379792606803971
1379792606804118
1379792606805239
1379792606805349
1379792606805836
1379792606805940
1379792606806061
1379792606806213
1379792606806333
1379792606806452
1379792606806571
1379792606812527
1379792606844279
1379792606844467
1379792606845721
1379792606846010
1379792606846184
1379792606846433
1379792606974453
1379792606977592
1379792606977720
1379792606977839
1379792606977949
1379792606978076
1379792606978932
1379792606979092
1379792606979220
1379792606989916
1379792606992165
1379792606992399
1379792607025889
1379792607026047
1379792607026144
1379792607038219
1379792607169833
1379792607209924
