1379855776191851
1379855776893007
1379855776893361
1379855776893631
1379855776893682
1379855776917461
1379855776917491
1379855776917984
1379855776918096
1379855776921465
1379855776921536
1379855776931695
1379855776941206
1379855776944758
1379855776949289
1379855776949337
1379855776949463
1379855776953755
1379855776953882
1379855776954007
1379855776954127
1379855776954407
1379855776954533
1379855776954864
1379855776954989
1379855776955141
1379855776955598
1379855776955756
1379855776955864
1379855776958640
1379855776993820
1379855776993838
1379855776993874
1379855777010245
1379855777010459
1379855777051508
1379855777059277
1379855777059570
1379855777060471
1379855777064256
1379855777064310
1379855777064497
1379855777064673
1379855777068246
1379855777068614
1379855777068829
1379855777069069
1379855777069481
1379855777069588
1379855777071840
1379855777072014
1379855777072227
1379855777072373
1379855777076072
1379855777076682
1379855777076734
1379855777076803
1379855777076967
1379855777077222
1379855777077349
1379855777077472
1379855777081950
1379855777086829
1379855777087012
1379855777089290
1379855777091224
1379855777091279
1379855777091433
1379855777095194
1379855777095443
1379855777095560
1379855777095696
1379855777095916
1379855777096039
1379855777096441
1379855777096565
1379855777099691
1379855777099855
1379855777100490
1379855777100838
1379855777101100
1379855777101352
1379855777101490
1379855777101617
1379855777101732
1379855777102042
1379855777102172
1379855777102559
1379855777102683
1379855777102833
1379855777102953
1379855777103102
1379855777103706
1379855777104395
1379855777104662
1379855777104784
1379855777104921
1379855777105037
1379855777105430
1379855777105765
1379855777106363
1379855777106460
1379855777106560
1379855777106703
1379855777106822
1379855777107502
1379855777107618
1379855777110938
1379855777111183
1379855777111399
1379855777111876
1379855777113012
1379855777113148
1379855777113387
1379855777113522
1379855777113914
1379855777114300
1379855777114419
1379855777114565
1379855777114677
1379855777114800
1379855777114946
1379855777115037
1379855777115212
1379855777115418
1379855777115608
1379855777115699
1379855777115809
1379855777116054
1379855777125199
1379855777125330
1379855777125364
1379855777131971
1379855777132335
1379855777132563
1379855777132844
1379855777133342
1379855777133456
1379855777136451
1379855777136587
1379855777137160
1379855777137417
1379855777137675
1379855777137796
1379855777138162
1379855777138323
1379855777138560
1379855777138916
1379855777139138
1379855777139256
1379855777139371
1379855777139427
1379855777139676
1379855777140706
1379855777147820
1379855777148176
1379855777148275
1379855777150249
1379855777152244
1379855777152394
1379855777152509
1379855777152619
1379855777153010
1379855777153135
1379855777153532
1379855777153649
1379855777153799
1379855777153956
1379855777154411
1379855777154562
1379855777155501
1379855777155533
1379855777155563
1379855777155592
1379855777161759
1379855777161781
1379855777161974
1379855777162119
1379855777162272
1379855777162469
1379855777162584
1379855777162606
1379855777162843
1379855777163139
1379855777163282
1379855777163368
1379855777163447
1379855777163579
1379855777165408
1379855777165647
1379855777165730
1379855777174478
1379855777174556
1379855777174720
1379855777175670
1379855777175752
1379855777176364
1379855777177193
1379855777177300
1379855777177369
1379855777177952
1379855777178045
1379855777178238
1379855777178357
1379855777178821
1379855777178932
1379855777179142
1379855777179245
1379855777179370
1379855777179625
1379855777179762
1379855777179904
1379855777180110
1379855777180290
1379855777180404
1379855777180791
1379855777180904
1379855777181669
1379855777181878
1379855777182352
1379855777182472
1379855777182603
1379855777182739
1379855777182905
1379855777182986
1379855777187283
1379855777187421
1379855777187527
1379855777187638
1379855777187749
1379855777187867
1379855777187985
1379855777188108
1379855777188309
1379855777300703
1379855777311352
1379855777324916
1379855777401388
1379855777401712
1379855777438356
1379855777471849
1379855777471934
1379855777493768
1379855777500417
1379855777523878
1379855777561852
1379855777586752
1379855777592789
1379855777593619
1379855777670439
1379855777670912
1379855777694109
1379855777695799
1379855777746979
1379855777761355
1379855777761609
1379855777761687
1379855777801976
1379855777835427
1379855777864178
1379855777912569
1379855777927333
1379855777927854
1379855777927924
1379855777947285
1379855777947554
1379855777959111
1379855777959822
1379855777960845
1379855777997848
