1379777799415078
1379777799519105
1379777799598527
1379777799598642
1379777799619715
1379777799619933
1379777799620065
1379777799719160
1379777799776423
1379777799776525
1379777799776628
1379777799803736
1379777799953796
1379777799953954
1379777799954094
1379777799954196
1379777799954525
1379777799954635
1379777799978096
1379777799978185
1379777799989037
1379777800131936
1379777800132186
1379777800132299
1379777800132418
1379777800132523
1379777800132753
1379777800132922
1379777800133043
1379777800148188
1379777800148283
1379777800148434
1379777800149356
1379777800177053
1379777800185840
1379777800319234
1379777800319406
1379777800319504
1379777800321531
1379777800361961
1379777800362216
1379777800362351
1379777800363071
1379777800381394
1379777800534979
1379777800535144
1379777800535262
1379777800535396
1379777800535525
1379777800535709
1379777800535837
1379777800536041
1379777800536414
1379777800539680
1379777800540780
1379777800541200
1379777800542619
1379777800542797
1379777800547387
1379777800547552
1379777800547729
1379777800718646
1379777800718787
1379777800718890
1379777800719029
1379777800719236
1379777800719357
1379777800732399
1379777800732585
1379777800732744
1379777800732842
1379777800732963
1379777800733086
1379777800894051
1379777800896260
1379777800896474
1379777800896597
1379777800896718
1379777800896860
1379777803561213
1379777803585178
1379777803622023
1379777803622299
1379777803629528
1379777803629959
1379777803634221
1379777803642016
1379777803642115
1379777803642385
1379777803642542
1379777803646955
1379777803647308
1379777803652115
1379777803652132
1379777803658989
1379777803659143
1379777803659376
1379777803659971
1379777803660319
1379777803660810
1379777803662783
1379777803702286
1379777803709397
1379777803709487
1379777803709838
1379777803745975
1379777803746055
1379777803746122
1379777803748457
1379777803753584
1379777803753696
1379777803753819
1379777803919656
1379777803930734
1379777803935565
1379777803946382
1379777803946481
1379777804049399
1379777804049494
1379777804114151
1379777804296692
1379777804296737
1379777804470083
1379777804510041
1379777804510436
1379777804510568
1379777804510640
1379777804510698
1379777804510755
1379777804510898
1379777804517926
1379777804518123
1379777804518248
1379777804518365
1379777804518491
1379777804518716
1379777804518979
1379777804519243
1379777804519811
1379777804519842
1379777804519947
1379777804520063
1379777804520546
1379777804520935
1379777804521280
1379777804521395
1379777804683420
1379777804683528
1379777804683700
1379777804688117
1379777804688370
1379777804688499
1379777804688623
1379777804688844
1379777804688955
1379777804691619
1379777804692993
1379777804693101
1379777804693976
1379777804694219
1379777804694284
1379777804696962
1379777804697179
1379777804708001
1379777804708072
1379777804708175
1379777804708915
1379777804709125
1379777804709254
1379777804853561
1379777804853675
1379777804853821
1379777804864085
1379777804864200
1379777804864367
1379777804867476
1379777804867586
1379777804867786
1379777804867905
1379777804874233
1379777804875890
1379777804876107
1379777804876218
1379777804882151
1379777804882325
1379777805053860
1379777805055672
1379777805055803
1379777805055928
1379777805057433
1379777805093169
1379777805096487
1379777805096604
1379777805096679
1379777805096737
1379777805096916
1379777805234601
1379777805234715
1379777805234846
1379777805234974
1379777805235118
1379777805235314
1379777805235436
1379777805235567
1379777805270108
1379777805270229
1379777805270855
1379777805271182
1379777805271297
1379777805271535
1379777805274162
1379777805274277
1379777805274396
1379777805274504
1379777805274627
1379777805275532
1379777805277606
1379777805283063
1379777805283279
1379777805412419
1379777805450094
1379777805450211
1379777805450321
1379777805499129
1379777805507609
1379777805507847
1379777805507978
1379777805508103
1379777805512161
1379777805512263
1379777805512383
1379777805512741
1379777805512936
1379777805513024
1379777805513142
1379777805513592
1379777805513712
1379777805513998
1379777805514109
1379777805517059
1379777805517346
1379777805517600
1379777805517930
1379777805518205
1379777805518314
1379777805518573
1379777805518870
1379777805519125
1379777805519311
1379777805519507
1379777805519729
1379777805519969
1379777805520343
1379777805520562
1379777805538689
1379777805735240
1379777805735364
1379777805735470
1379777805749503
1379777805750813
1379777805921534
1379777805921651
1379777805921766
1379777805927446
1379777805930645
1379777805930744
1379777805930868
1379777805930999
1379777805931121
1379777805931418
1379777806091903
1379777806092079
1379777806092179
1379777806093919
1379777806094037
1379777806126860
1379777806126979
1379777806127098
1379777806127361
1379777806127477
1379777806127792
1379777806128161
1379777806128285
1379777806128416
1379777806134088
1379777806263796
1379777806263895
1379777806264180
1379777806275965
1379777806319148
1379777806319348
1379777806323710
1379777806323776
1379777806323901
1379777806324010
1379777806324206
1379777806324334
1379777806325462
1379777806325660
1379777806325877
1379777806325993
1379777806326110
1379777806326226
1379777806326448
1379777806326563
1379777806326699
1379777806327024
1379777806327159
1379777806339116
1379777806453739
1379777806536308
