1377969496405294
1377969496437837
1377969496438981
1377969496471853
1377969496472030
1377969496564951
1377969496588966
1377969496590122
1377969496619346
1377969496620026
1377969496652959
1377969496686375
1377969496687878
1377969496816666
1377969496816773
1377969496816806
1377969496816941
1377969496820118
1377969496820264
1377969496842735
1377969496847148
1377969496868218
1377969496869666
1377969496880156
1377969496880207
1377969496880251
1377969496880354
1377969496880569
1377969496880677
1377969496891809
1377969496892034
1377969496892167
1377969496931553
1377969496934614
1377969496966719
1377969496967858
1377969496999940
1377969497001068
1377969497033216
1377969497034355
1377969497066681
1377969497079244
1377969497096701
1377969497097117
1377969497141214
1377969497148280
1377969497171573
1377969497171967
1377969497200528
1377969497201028
1377969497201140
1377969497220117
1377969497240345
1377969497240373
1377969497262767
1377969497262788
1377969497263015
1377969497263124
1377969497276105
1377969497276214
1377969497276257
1377969497276388
1377969497283054
1377969497283204
1377969497283896
1377969497284136
1377969497284244
1377969497284502
1377969497284619
1377969497284763
1377969497284984
1377969497285087
1377969497285209
1377969497287714
1377969497304019
1377969497304065
1377969497304836
1377969497305078
1377969497305187
1377969497305489
1377969497305603
1377969497306051
1377969497306166
1377969497306303
1377969497306408
1377969497306644
1377969497306850
1377969497306952
1377969497307078
1377969497307502
1377969497321822
1377969497325741
1377969497325986
1377969497326088
1377969497328425
1377969497328662
1377969497328771
1377969497329015
1377969497329123
1377969497329257
1377969497329361
1377969497329496
1377969497329713
1377969497338286
1377969497338425
1377969497349592
1377969497349821
1377969497349926
1377969497350050
1377969497350176
1377969497350547
1377969497350656
1377969497350905
1377969497351109
1377969497351213
1377969497351354
1377969497351465
1377969497351597
1377969497351908
1377969497352097
1377969497371014
1377969497371249
1377969497371354
1377969497371482
1377969497371588
1377969497371777
1377969497371894
1377969497372034
1377969497372299
1377969497372404
1377969497507877
1377969497520127
1377969497520292
1377969497541655
1377969497541677
1377969497554316
1377969497554568
1377969497554713
1377969497555025
1377969497555146
1377969497555167
1377969497555699
1377969497555945
1377969497556060
1377969497556083
1377969497556305
1377969497556907
1377969497557156
1377969497557267
1377969497557405
1377969497557514
1377969497557976
1377969497558249
1377969497558356
1377969497558375
1377969497558509
1377969497588662
1377969497588776
1377969497588914
1377969497589017
1377969497590148
1377969497591168
1377969497591188
1377969497591543
1377969497591655
1377969497591677
1377969497591780
1377969497591798
1377969497591900
1377969497591933
1377969497592041
1377969497592324
1377969497592430
1377969497592569
1377969497592679
1377969497593385
1377969497593496
1377969497609519
1377969497610669
1377969497622694
1377969497624870
1377969497624980
1377969497624991
1377969497625174
1377969497625285
1377969497625544
1377969497625922
1377969497626291
1377969497626400
1377969497626666
1377969497626806
1377969497626918
1377969497627052
1377969497627166
1377969497627307
1377969497627690
1377969497627805
1377969497627816
1377969497642761
1377969497684116
1377969497690154
1377969497690358
1377969497709652
1377969497709702
1377969497709807
1377969497709956
1377969497720377
1377969497720519
1377969497720640
1377969497720734
1377969497720739
1377969497720775
1377969497720881
1377969497720889
1377969497723150
1377969497724985
1377969497725099
1377969497725167
1377969497725430
1377969497725551
1377969497725674
1377969497726102
1377969497726244
1377969497732089
1377969497744542
1377969497744772
1377969497744915
1377969497745090
1377969497745236
1377969497745382
1377969497745611
1377969497745718
1377969497745785
1377969497745930
1377969497753167
1377969497753273
1377969497753414
1377969497753516
1377969497753665
1377969497753791
1377969497754050
1377969497754160
1377969497754469
1377969497754579
1377969497754751
1377969497754859
1377969497755325
1377969497755637
1377969497760850
1377969497777750
1377969497777886
1377969497778017
1377969497778111
1377969497778132
1377969497778259
1377969497778537
1377969497778709
1377969497779132
1377969497779239
1377969497786137
1377969497786244
1377969497786406
1377969497786511
1377969497786680
1377969497786804
1377969497786914
1377969497787019
1377969497787527
1377969497787631
1377969497787645
1377969497787650
1377969497788166
1377969497788278
1377969497788542
1377969497788655
1377969497788785
1377969497788897
1377969497789035
1377969497789150
1377969497789313
1377969497789422
1377969497789569
1377969497789887
1377969497789997
1377969497790138
1377969497807265
1377969497819077
1377969497819217
1377969497820660
1377969497820775
1377969497820798
1377969497820904
1377969497821011
1377969497821147
1377969497821252
1377969497824082
1377969497859600
1377969497859646
1377969497859716
1377969497859774
1377969497859887
1377969497860130
1377969497892545
1377969497892782
1377969497892889
1377969497892916
1377969497893018
1377969497893038
1377969497893142
1377969497893443
1377969497893550
1377969497893956
1377969497894077
1377969497894239
1377969497894372
1377969497894903
1377969497904914
1377969497925710
1377969497926020
1377969497926271
1377969497926532
1377969497926644
1377969497927035
1377969497927146
1377969497927287
1377969497927703
1377969497927878
1377969497927989
1377969497928156
1377969497928262
1377969497928368
1377969497943333
1377969497961268
1377969497961827
1377969497982534
1377969497982593
1377969497982761
1377969497982907
1377969498019559
1377969498022275
1377969498023520
1377969498062324
1377969498080633
1377969498081426
1377969498100754
1377969498100950
1377969498101108
1377969498102314
1377969498121388
1377969498121620
1377969498121732
1377969498121972
1377969498122078
1377969498122207
1377969498122397
1377969498122504
1377969498122626
1377969498128257
1377969498140354
1377969498140581
1377969498140716
1377969498179545
1377969498195571
1377969498214767
1377969498214819
1377969498214877
1377969498215018
1377969498215156
1377969498215246
1377969498215428
1377969498233786
1377969498233928
1377969498353153
1377969498353401
1377969498358174
1377969498377387
1377969498377435
1377969498377635
1377969498377843
1377969498377979
1377969498378086
1377969498378217
1377969498378565
1377969498378740
1377969498378848
1377969498378989
1377969498396326
1377969498396546
1377969498397671
1377969498397934
1377969498398025
1377969498398147
1377969498398252
1377969498398386
1377969498398494
1377969498398795
1377969498398980
1377969498399931
1377969498420613
1377969498466349
1377969498485769
1377969498485866
1377969498486000
1377969498486157
1377969498503881
1377969498503974
1377969498504238
1377969498504342
1377969498504474
1377969498504587
1377969498504922
1377969498505086
1377969498505193
1377969498505705
1377969498505856
1377969498505993
1377969498522601
1377969498522828
1377969498522939
1377969498523525
1377969498523890
1377969498524137
1377969498524246
1377969498524507
1377969498524617
1377969498524748
1377969498524890
1377969498525263
1377969498525376
1377969498525533
1377969498525643
1377969498525771
1377969498525906
1377969498526208
1377969498627805
1377969498660766
1377969498769137
1377969498789595
1377969498789823
1377969498789935
1377969498790041
1377969498790146
1377969498790567
1377969498790680
1377969498790931
1377969498791305
1377969498791557
1377969498791692
1377969498791833
1377969498791953
1377969498792391
1377969498792505
1377969498792646
1377969498792778
1377969498792906
1377969498793035
1377969498793158
1377969498809778
1377969498810006
1377969498810109
1377969498810234
1377969498810342
1377969498810556
1377969498811178
1377969498811444
1377969498811926
1377969498812068
1377969498812293
1377969498812403
1377969498812532
1377969498812651
1377969498812762
1377969498812912
1377969498813413
1377969498813540
1377969498813657
1377969498813773
1377969498813946
1377969498813975
1377969498814048
1377969498814189
1377969498814684
1377969498814863
1377969498814966
1377969498815113
1377969498815195
1377969498815345
1377969498815467
1377969498829039
1377969498829269
1377969498829376
1377969498829630
1377969498829739
1377969498829876
1377969498830030
1377969498830298
1377969498830408
1377969498830788
1377969498831038
1377969498831155
1377969498831441
1377969498831689
1377969498831940
1377969498832051
1377969498832196
1377969498832428
1377969498832554
1377969498832798
1377969498832939
1377969498833045
1377969498833310
1377969498833418
1377969498833546
1377969498833782
1377969498833904
1377969498834024
1377969498834280
1377969498834546
1377969498834656
1377969498834921
1377969498835029
1377969498835135
1377969498835397
1377969498835517
1377969498835637
1377969498835772
1377969498835897
1377969498836116
1377969498836138
1377969498836257
1377969498836365
1377969498836499
1377969498836607
1377969498836747
1377969498836852
1377969498837023
1377969498837128
1377969498837259
1377969498837387
1377969498837506
1377969498837625
1377969498837765
1377969498839292
1377969498839398
1377969498850054
1377969498850291
1377969498850403
1377969498850511
1377969498850633
1377969498850745
1377969498850911
1377969498851020
1377969498851127
1377969498851448
1377969498851614
1377969498851741
1377969498852974
1377969498853112
1377969498853225
1377969498853350
1377969498853551
1377969498853660
1377969498853768
1377969498855093
1377969498855206
1377969498855328
1377969498855433
1377969498855574
1377969498855683
1377969498855812
1377969498855921
1377969498856249
1377969498856356
1377969498857879
1377969498857996
1377969498858108
1377969498858236
1377969498858389
1377969498858494
1377969498858619
1377969498858746
1377969498858861
1377969498858986
1377969498869312
1377969498869555
1377969498869650
1377969498869773
1377969498869880
1377969498870153
1377969498870262
1377969498870383
1377969498870762
1377969498871014
1377969498871128
1377969498871380
1377969498871624
1377969498871735
1377969498871994
1377969498872106
1377969498872376
1377969498872482
1377969498872607
1377969498872728
1377969498872848
1377969498873107
1377969498873224
1377969498873351
1377969498873441
1377969498873595
1377969498873717
1377969498873971
1377969498874096
1377969498874344
1377969498874465
1377969498874587
1377969498876553
1377969498876609
1377969498876627
1377969498877687
1377969498877718
1377969498877727
1377969498877796
1377969498877920
1377969498878630
1377969498878652
1377969498878696
1377969498878815
1377969498878937
1377969498879085
1377969498879207
1377969498879715
1377969498879740
1377969498879836
1377969498879965
1377969498880093
1377969498880211
1377969498880554
1377969498880629
1377969498880749
1377969498880893
1377969498881008
1377969498881160
1377969498881945
1377969499469457
1377969499486731
1377969499487477
1377969499506296
1377969499506471
1377969499506616
1377969499532827
1377969499550724
1377969499551773
1377969499569849
1377969499610447
1377969499644927
1377969499645156
1377969499645269
1377969499645373
1377969499645502
1377969499645763
1377969499645875
1377969499645984
1377969504504102
1377969504504485
1377969504504603
1377969504505018
1377969504505239
1377969504505334
1377969504537670
1377969504575578
1377969504607834
1377969504614489
1377969504649881
1377969504650063
1377969504650076
1377969504650186
1377969504650397
1377969504682701
1377969504682804
1377969504682833
1377969504682938
1377969504683176
1377969504683305
1377969504683457
1377969504683585
1377969504683873
1377969504683931
1377969504715868
1377969504715931
1377969504716008
1377969504716015
1377969504716296
1377969504716403
1377969504716655
1377969504716765
1377969504717032
1377969504717155
1377969504717291
1377969504717417
1377969504717635
1377969504749080
1377969504749309
1377969504749422
1377969504749438
1377969504749544
1377969504749563
1377969504749668
1377969504749941
1377969504750054
1377969504750312
1377969504750625
1377969504750747
1377969504750884
1377969504751005
1377969504751039
1377969504751144
1377969504751457
1377969504751595
1377969510725948
1377969510981835
1377969511014154
1377969511014984
1377969511047238
1377969511048856
1377969511084298
1377969511084397
1377969511084439
1377969511084584
1377969511084651
1377969511084753
1377969511117085
1377969511117191
1377969511117227
1377969511117334
1377969511117546
1377969511117684
1377969511117791
1377969511117928
1377969511117971
1377969511118160
1377969511118295
1377969511118403
1377969511150228
1377969511150480
1377969511150701
1377969511150808
1377969511150836
1377969511150940
1377969511150960
1377969511151065
1377969511151452
1377969511151567
1377969511151578
1377969511151824
1377969511152047
1377969511152154
1377969511152321
1377969511152430
1377969511152576
1377969511152906
1377969511153020
1377969511183759
1377969511183996
1377969511184237
1377969511184404
1377969511184674
1377969511184803
1377969511185576
1377969511185644
1377969511185773
1377969511185821
1377969517480473
1377969517512583
1377969517545315
1377969517546046
1377969517578225
1377969517579828
1377969517615322
1377969517615461
1377969517615484
1377969517615591
1377969517615600
1377969517615778
1377969517616964
1377969517648185
1377969517648330
1377969517648425
1377969517648532
1377969517648552
1377969517648663
1377969517648776
1377969517649016
1377969517649657
1377969517649680
1377969517649862
1377969517681799
1377969517681898
1377969517681945
1377969517682032
1377969517682050
1377969517682283
1377969517682392
1377969517682409
1377969517682536
1377969517682644
1377969517683032
1377969517683281
1377969517683391
1377969517683432
1377969517683529
1377969517683558
1377969517683664
1377969517683678
1377969517683782
1377969517683938
1377969517684234
1377969517684343
1377969517715104
1377969517715225
1377969517715243
1377969517715672
1377969517715852
1377969517716163
1377969517716420
1377969517716665
1377969517716920
1377969517717030
1377969517717166
1377969517717356
1377969517717487
1377969517717642
1377969517717773
1377969523979177
1377969524011348
1377969524043584
1377969524044277
1377969524076581
1377969524078103
1377969524113505
1377969524113622
1377969524113634
1377969524113800
1377969524113874
1377969524113977
1377969524146230
1377969524146374
1377969524146462
1377969524146574
1377969524147765
1377969524147881
1377969524147904
1377969524148008
1377969524148261
1377969524148372
1377969524148508
1377969524148650
1377969524148831
1377969524180737
1377969524180835
1377969524180882
1377969524180969
1377969524180987
1377969524181206
1377969524181312
1377969524181455
1377969524181572
1377969524181835
1377969524182086
1377969524182297
1377969524182460
1377969524182606
1377969524182710
1377969524182866
1377969524183170
1377969524183280
1377969524213901
1377969524214094
1377969524214519
1377969524214748
1377969524214987
1377969524215393
1377969524215447
1377969524215520
1377969524215716
1377969524215880
1377969540723842
1377969540760627
1377969585623433
1377969585623481
1377969585641593
1377969585641892
1377969585642237
1377969585642346
1377969585642535
1377969585642853
1377969585643483
1377969585643593
1377969585647188
