1379799635343940
1379799635569508
1379799635569588
1379799635569939
1379799635658445
1379799635658636
1379799635725985
1379799635726475
1379799635816055
1379799635856895
1379799635909374
1379799635948880
1379799636042326
1379799636042536
1379799636123429
1379799636160297
1379799636225938
1379799636264336
1379799636308192
1379799636359501
1379799636360457
1379799636360649
1379799636361012
1379799636449095
1379799636456181
1379799636456422
1379799636456671
1379799636542610
1379799636547164
1379799636639491
1379799636639671
1379799636678988
1379799636774099
1379799636774188
1379799636774243
1379799636774301
1379799636774354
1379799636774514
1379799636774576
1379799636776281
1379799636776617
1379799636776727
1379799636863640
1379799636866587
1379799636866622
1379799636866705
1379799636866893
1379799636867047
1379799636868600
1379799636868622
1379799636868643
1379799636868694
1379799636868867
1379799636870210
1379799636872190
1379799636872551
1379799636872585
1379799636872662
1379799636872896
1379799636873035
1379799636912699
1379799636929351
1379799636965299
1379799636965364
1379799636965640
1379799636965695
1379799636965699
1379799636965786
1379799636965815
1379799636969067
1379799636972646
1379799636974553
1379799636976579
1379799636979124
1379799636981228
1379799637003630
1379799637003934
1379799637004103
1379799637044198
1379799637054715
1379799637054935
1379799637055980
1379799637056160
1379799637056591
1379799637056805
1379799637058322
1379799637058503
1379799637058894
1379799637059074
1379799637059403
1379799637059560
1379799637064327
1379799637064526
1379799637069576
1379799637069846
1379799637098493
1379799637098521
1379799637098541
1379799637136238
1379799637136728
1379799637136828
1379799637136880
1379799637136931
1379799637136981
1379799637137031
1379799637139966
1379799637148808
1379799637149375
1379799637149446
1379799637149460
1379799637152916
1379799637153367
1379799637153446
1379799637167937
1379799637167974
1379799637168367
1379799637187143
1379799637225819
1379799637227685
1379799637228781
1379799637228872
1379799637229117
1379799637229986
1379799637230114
1379799637233959
1379799637234127
1379799637234491
1379799637265022
1379799637265044
1379799637265069
1379799637265529
1379799637299048
1379799637299812
1379799637332480
1379799637332499
1379799637332582
1379799637333125
1379799637333245
1379799637333588
1379799637333829
1379799637427657
