1380020024668199
1380020024775012
1380020024775074
1380020024775427
1380020024862066
1380020024862288
1380020024862348
1380020024862448
1380020024862799
1380020024862864
1380020024909006
1380020024930317
1380020024949738
1380020024950103
1380020024950199
1380020024950385
1380020024950726
1380020024950798
1380020024951313
1380020024951485
1380020024951894
1380020024952027
1380020024953709
1380020024990646
1380020024999209
1380020024999340
1380020024999511
1380020025033352
1380020025037414
1380020025037649
1380020025086222
1380020025086354
1380020025086481
1380020025086607
1380020025086722
1380020025117391
1380020025126000
1380020025215396
1380020025215654
1380020025249151
1380020025303704
1380020025303766
1380020025304039
1380020025304198
1380020025335273
1380020025335575
1380020025337635
1380020025419195
1380020025420348
1380020025420511
1380020025420897
1380020025421020
1380020025427150
1380020025427344
1380020025501812
1380020025501876
1380020025502073
1380020025508090
1380020025515345
1380020025515792
1380020025515862
1380020025516077
1380020025516171
1380020025583211
1380020025583387
1380020025583645
1380020025583835
1380020025583906
1380020025596939
1380020025597184
1380020025597387
1380020025601403
1380020025603261
1380020025603324
1380020025603378
1380020025603803
1380020025605716
1380020025605841
1380020025606474
1380020025685325
1380020025685521
1380020025685743
1380020025685815
1380020025685971
1380020025687882
1380020025688111
1380020025688338
1380020025689890
1380020025689954
1380020025690047
1380020025690330
1380020025690484
1380020025690507
1380020025690830
1380020025691200
1380020025693280
1380020025693656
1380020025693746
1380020025693807
1380020025694062
1380020025694123
1380020025694215
1380020025694829
1380020025694900
1380020025695936
1380020025696066
1380020025696227
1380020025696365
1380020025696563
1380020025696915
1380020025697485
1380020025697772
1380020025697880
1380020025698099
1380020025698385
1380020025698517
1380020025698703
1380020025698847
1380020025699001
1380020025699146
1380020025699272
1380020025773599
1380020025773806
1380020025774040
1380020025774210
1380020025774523
1380020025774683
1380020025774773
1380020025775125
1380020025775359
1380020025775496
1380020025778271
1380020025783552
1380020025783719
1380020025784392
1380020025784760
1380020025784924
1380020025785223
1380020025785609
1380020025786083
1380020025786284
1380020025786445
1380020025786807
1380020025786989
1380020025787201
1380020025787334
1380020025787600
1380020025787636
1380020025787897
1380020025788063
1380020025788751
1380020025789089
1380020025857621
1380020025857818
1380020025857977
1380020025858108
1380020025871175
1380020025871378
1380020025871493
1380020025871591
1380020025876148
1380020025876350
1380020025876594
1380020025876753
1380020025876969
1380020025877999
1380020025915217
1380020025963339
1380020025963572
1380020025963941
1380020025964073
1380020025964570
1380020025964732
1380020025964827
1380020025965311
1380020025965710
1380020025965844
1380020025965965
1380020025966150
1380020026002178
1380020026002788
1380020026003103
1380020026050236
1380020026050308
1380020026050363
1380020026050415
1380020026050467
1380020026050520
1380020026050572
1380020026050623
1380020026050898
1380020026054044
1380020026054143
1380020026054332
1380020026054415
1380020026054516
1380020026054737
1380020026054859
1380020026089546
1380020026089638
1380020026089836
1380020026089913
1380020026089997
1380020026090299
1380020026134441
1380020026135729
1380020026135919
1380020026136040
1380020026136146
1380020026136232
1380020026136342
1380020026136445
1380020026136706
1380020026136733
1380020026136882
1380020026136921
1380020026136964
1380020026137669
1380020026137864
1380020026138020
1380020026138368
1380020026139697
1380020026139824
1380020026139972
1380020026140142
1380020026140361
1380020026140579
1380020026140744
1380020026140982
1380020026141259
1380020026141311
1380020026141461
1380020026141646
1380020026141917
1380020026142204
1380020026142387
1380020026142596
1380020026143626
1380020026143909
1380020026144186
1380020026144281
1380020026144482
1380020026144593
1380020026144648
1380020026144797
1380020026145028
1380020026145380
1380020026145522
1380020026145756
1380020026145939
1380020026146107
1380020026146193
1380020026147047
1380020026147373
1380020026147424
1380020026147796
1380020026148071
1380020026148254
1380020026148355
1380020026148566
1380020026148853
1380020026149022
1380020026149202
1380020026155771
1380020026156220
1380020026177259
1380020026177460
1380020026177689
1380020026177811
1380020026177962
1380020026220701
1380020026220950
1380020026221154
1380020026221363
1380020026221617
1380020026222018
1380020026222142
1380020026222329
1380020026222480
1380020026222658
1380020026222893
1380020026223097
1380020026223296
1380020026223465
1380020026223568
1380020026232234
1380020026233584
1380020026233725
1380020026236282
1380020026236436
1380020026236590
1380020026236784
1380020026236910
1380020026237038
1380020026237357
1380020026237585
1380020026237713
1380020026237813
1380020026265573
1380020026265879
1380020026271747
1380020026272171
1380020026272410
1380020026272566
1380020026305877
1380020026306389
1380020026306752
1380020026306879
1380020026307015
1380020026307271
1380020026307641
1380020026307965
1380020026308254
1380020026308559
1380020026308764
1380020026309043
1380020026309336
1380020026309533
1380020026309684
1380020026325151
1380020026326005
1380020026326204
1380020026326544
1380020026326804
1380020026326952
1380020026327238
1380020026327520
1380020026327702
1380020026328022
1380020026328377
1380020026328617
1380020026352108
1380020026352375
1380020026352560
1380020026352754
1380020026352984
1380020026353151
1380020026353242
1380020026353360
1380020026359670
1380020026360476
1380020026360729
1380020026361037
1380020026361255
1380020026361415
1380020026361635
1380020026361817
1380020026362071
1380020026362194
1380020026362490
1380020026362693
1380020026362862
1380020026362998
1380020026390939
1380020026391016
1380020026391315
1380020026391567
1380020026391654
1380020026391767
1380020026392111
1380020026392176
1380020026394180
1380020026394225
1380020026394980
1380020026395091
1380020026395187
1380020026395514
1380020026395592
1380020026395691
1380020026395799
1380020026396173
1380020026396286
1380020026396595
1380020026396676
1380020026396859
1380020026396922
1380020026397151
1380020026413640
1380020026413791
1380020026434489
1380020026438255
1380020026438283
1380020026438823
1380020026438918
1380020026438973
1380020026439024
1380020026439528
1380020026439546
1380020026439642
1380020026439715
1380020026440281
1380020026440367
1380020026440656
1380020026440915
1380020026441314
1380020026441439
1380020026444995
1380020026449803
1380020026450847
1380020026451109
1380020026451185
1380020026451258
1380020026451534
1380020026451759
1380020026451970
1380020026452360
1380020026452428
1380020026452538
1380020026452830
1380020026453121
1380020026453213
1380020026453619
1380020026453759
1380020026467794
1380020026498838
1380020026511390
1380020026511474
1380020026519335
1380020026519417
1380020026519514
1380020026519630
1380020026520234
1380020026520315
1380020026520591
1380020026520703
1380020026522177
1380020026522578
1380020026522676
1380020026522732
1380020026523029
1380020026523096
1380020026523226
1380020026524066
1380020026524160
1380020026524311
1380020026524380
1380020026531766
1380020026532130
1380020026532404
1380020026532499
1380020026532893
1380020026533940
1380020026534055
1380020026534264
1380020026538111
1380020026538349
1380020026538443
1380020026538589
1380020026563922
1380020026597847
1380020026598007
1380020026598404
1380020026600969
1380020026603588
1380020026603673
1380020026603769
1380020026607284
1380020026607727
1380020026607808
1380020026607895
1380020026608333
1380020026608413
1380020026608556
1380020026608878
1380020026609020
1380020026609127
1380020026609674
1380020026609807
1380020026609872
1380020026609968
1380020026610376
1380020026610479
1380020026610529
1380020026610647
1380020026611301
1380020026612497
1380020026612804
1380020026612894
1380020026613172
1380020026613268
1380020026613369
1380020026613836
1380020026613912
1380020026613995
1380020026614378
1380020026614669
1380020026614885
1380020026614998
1380020026616557
1380020026616914
1380020026617198
1380020026617604
1380020026620631
1380020026620788
1380020026620874
1380020026621015
1380020026622182
1380020026622631
1380020026622706
1380020026623002
1380020026623126
1380020026623516
1380020026623717
1380020026623833
1380020026624186
1380020026625468
1380020026625574
1380020026625806
1380020026626224
1380020026626248
1380020026626331
1380020026626556
1380020026650910
1380020026651070
1380020026689029
1380020026689259
1380020026691065
1380020026691153
1380020026691245
1380020026691350
1380020026691801
1380020026692124
1380020026692420
1380020026693868
1380020026693954
1380020026694033
1380020026694310
1380020026694387
1380020026694668
1380020026694839
1380020026694962
1380020026695084
1380020026697465
1380020026697669
1380020026697894
1380020026698037
1380020026698187
1380020026698260
1380020026698450
1380020026698641
1380020026698730
1380020026699168
1380020026699282
1380020026699302
1380020026699485
1380020026699500
1380020026699609
1380020026699726
1380020026700138
1380020026705015
1380020026705572
1380020026705643
1380020026705743
1380020026705990
1380020026706106
1380020026710073
1380020026710160
1380020026710325
1380020026710442
1380020026710858
1380020026710926
1380020026711131
1380020026711317
1380020026711620
1380020026711699
1380020026711797
1380020026712145
1380020026712504
1380020026713100
1380020026713228
1380020026713522
1380020026714281
1380020026714344
1380020026715045
1380020026715962
1380020026715997
1380020026737529
1380020026775850
1380020026776174
1380020026779000
1380020026779034
1380020026779188
1380020026779215
1380020026783072
1380020026783251
1380020026786435
1380020026786627
1380020026786911
1380020026786997
1380020026787075
1380020026787146
1380020026787229
1380020026795251
1380020026795575
1380020026795685
1380020026795764
1380020026795875
1380020026796230
1380020026796405
1380020026797731
1380020026798076
1380020026798322
1380020026798402
1380020026798774
1380020026798848
1380020026798936
1380020026799258
1380020026799311
1380020026799413
1380020026800445
1380020026800648
1380020026800729
1380020026800823
1380020026802724
1380020026803096
1380020026803191
1380020026803567
1380020026805217
1380020026806002
1380020026862322
1380020026862398
1380020026862516
1380020026862823
1380020026862903
1380020026863094
1380020026863216
1380020026873858
1380020026874138
1380020026874386
1380020026874464
1380020026874563
1380020026874813
1380020026874896
1380020026875084
1380020026875202
1380020026885872
1380020026886101
1380020026886190
1380020026886283
1380020026886607
1380020026886694
1380020026886806
1380020026886831
1380020026887071
1380020026887287
1380020026887499
1380020026887608
1380020026887680
1380020026887974
1380020026888089
1380020026888195
1380020026889946
1380020026890308
1380020026890425
1380020026890487
1380020026890588
1380020026891018
1380020026891114
1380020026891234
1380020026892634
1380020026892873
1380020026892981
1380020026945537
1380020026946020
1380020026946115
1380020026946198
1380020026946278
1380020026946663
1380020026946791
1380020026961777
1380020026961999
1380020026962219
1380020026962306
1380020026962403
1380020026962516
1380020026962873
1380020026962947
1380020026963066
1380020026963248
1380020026973483
1380020026973645
1380020026973819
1380020026974102
1380020026974206
1380020026974274
1380020026974591
1380020026974659
1380020026974970
1380020026975019
1380020026975140
1380020026977201
1380020026977453
1380020026977661
1380020026977750
1380020026978073
1380020026978297
1380020026978579
1380020026978752
1380020026978842
1380020026981670
1380020026981887
1380020026982172
1380020026982419
1380020026982646
1380020026982795
1380020026983179
1380020026983413
1380020026983775
1380020026984005
1380020026984184
1380020026984397
1380020026984485
1380020027029140
1380020027029644
1380020027029912
1380020027030095
1380020027030201
1380020027060690
1380020027061018
1380020027061315
1380020027061631
1380020027061876
1380020027062169
1380020027062299
1380020027062443
1380020027062702
1380020027062918
1380020027063101
1380020027063253
1380020027063369
1380020027063467
1380020027067885
1380020027068020
1380020027068265
1380020027068435
1380020027068643
1380020027068863
1380020027069028
1380020027069289
1380020027069532
1380020027069692
1380020027069945
1380020027070063
1380020027070889
1380020027071087
1380020027071239
1380020027071306
1380020027071392
1380020027073506
1380020027073642
1380020027073835
1380020027074035
1380020027074205
1380020027074292
1380020027074540
1380020027074620
1380020027112688
1380020027112864
1380020027113098
1380020027113218
1380020027113444
1380020027113574
1380020027113683
1380020027149639
1380020027149889
1380020027150129
1380020027150308
1380020027150646
1380020027150764
1380020027150766
1380020027151065
1380020027151213
1380020027151338
1380020027151579
1380020027151735
1380020027151838
1380020027151931
1380020027159248
1380020027159530
1380020027160099
1380020027160259
1380020027160433
1380020027160644
1380020027160814
1380020027161162
1380020027161615
1380020027161877
1380020027162009
1380020027162453
1380020027162569
1380020027162708
1380020027196150
1380020027196795
1380020027199155
1380020027199351
1380020027199474
1380020027237294
1380020027237526
1380020027237721
1380020027237979
1380020027238086
1380020027238282
1380020027238399
1380020027238795
1380020027239039
1380020027239308
1380020027239527
1380020027239671
1380020027239939
1380020027240132
1380020027240203
1380020027240316
1380020027250539
1380020027250675
1380020027250862
1380020027251024
1380020027251222
1380020027251386
1380020027251481
1380020027251664
1380020027251786
1380020027251903
1380020027252012
1380020027252497
1380020027252601
1380020027252820
1380020027252945
1380020027253075
1380020027253307
1380020027253476
1380020027253614
1380020027253701
1380020027253877
1380020027254163
1380020027254281
1380020027254571
1380020027254668
1380020027254878
1380020027255000
1380020027255101
1380020027255197
1380020027281944
1380020027282062
1380020027282206
1380020027282451
1380020027282652
1380020027282842
1380020027282986
1380020027325323
1380020027325563
1380020027325718
1380020027325827
1380020027326812
1380020027327063
1380020027327360
1380020027327522
1380020027327705
1380020027327914
1380020027328081
1380020027328214
1380020027328430
1380020027328539
1380020027342741
1380020027342981
1380020027343127
1380020027343319
1380020027343526
1380020027343750
1380020027343935
1380020027344049
1380020027344176
1380020027344572
1380020027344717
1380020027344910
1380020027345084
1380020027345235
1380020027345462
1380020027345701
1380020027345948
1380020027346066
1380020027346215
1380020027346391
1380020027346618
1380020027346780
1380020027346971
1380020027347126
1380020027347241
1380020027347326
1380020027365165
1380020027365380
1380020027365636
1380020027365808
1380020027366014
1380020027366233
1380020027366465
1380020027366544
1380020027366865
1380020027367002
1380020027367086
1380020027367211
1380020027412196
1380020027412445
1380020027412700
1380020027412832
1380020027413074
1380020027413233
1380020027413331
1380020027422843
1380020027423013
1380020027426712
1380020027427015
1380020027427288
1380020027427578
1380020027427804
1380020027428026
1380020027428149
1380020027441184
1380020027441339
1380020027441580
1380020027441775
1380020027442011
1380020027442124
1380020027442301
1380020027442509
1380020027442874
1380020027442911
1380020027442997
1380020027443237
1380020027443634
1380020027443818
1380020027443991
1380020027449732
1380020027450269
1380020027450622
1380020027450815
1380020027450952
1380020027517964
1380020027519259
1380020027519473
1380020027519586
1380020027522919
1380020027523378
1380020027523691
1380020027523923
1380020027524115
1380020027524209
1380020027532223
1380020027532527
1380020027532778
1380020027532925
1380020027533189
1380020027533421
1380020027536290
1380020027536385
1380020027536800
1380020027537102
1380020027537431
1380020027537726
1380020027538082
1380020027538305
1380020027538505
1380020027538641
1380020027539332
1380020027539510
1380020027539779
1380020027539974
1380020027540217
1380020027540359
1380020027540549
1380020027540648
1380020027540765
1380020027571277
1380020027571365
1380020027571661
1380020027571721
1380020027571890
1380020027605435
1380020027605922
1380020027606010
1380020027606095
1380020027606199
1380020027606677
1380020027606774
1380020027606901
1380020027610973
1380020027611046
1380020027611349
1380020027611420
1380020027611520
1380020027611762
1380020027612026
1380020027612092
1380020027612403
1380020027612465
1380020027612586
1380020027612868
1380020027613170
1380020027613224
1380020027613331
1380020027626449
1380020027626739
1380020027626965
1380020027627182
1380020027627437
1380020027627526
1380020027628571
1380020027628794
1380020027628992
1380020027629198
1380020027629456
1380020027629633
1380020027629925
1380020027630042
1380020027630150
1380020027630376
1380020027630777
1380020027631110
1380020027631375
1380020027631546
1380020027631622
1380020027654285
1380020027654593
1380020027654976
1380020027655265
1380020027655504
1380020027655599
1380020027692994
1380020027694122
1380020027694359
1380020027694597
1380020027694877
1380020027695068
1380020027695203
1380020027695303
1380020027699903
1380020027700104
1380020027700346
1380020027700514
1380020027700818
1380020027700957
1380020027701077
1380020027717202
1380020027717296
1380020027717524
1380020027717608
1380020027717877
1380020027718101
1380020027718191
1380020027718297
1380020027719895
1380020027720160
1380020027720363
1380020027720447
1380020027720533
1380020027720769
1380020027720968
1380020027721028
1380020027721127
1380020027721272
1380020027721594
1380020027721699
1380020027721775
1380020027722017
1380020027722330
1380020027722418
1380020027722513
1380020027722788
1380020027722898
1380020027737986
1380020027738226
1380020027738305
1380020027738395
1380020027738515
1380020027738861
1380020027739018
1380020027739135
1380020027781229
1380020027781300
1380020027781595
1380020027781664
1380020027781912
1380020027781998
1380020027782270
1380020027782376
1380020027782607
1380020027782720
1380020027787688
1380020027787761
1380020027788021
1380020027788124
1380020027788225
1380020027788460
1380020027788576
1380020027788794
1380020027788921
1380020027807286
1380020027807479
1380020027807790
1380020027807944
1380020027808145
1380020027808315
1380020027808507
1380020027808662
1380020027810886
1380020027811140
1380020027811440
1380020027811660
1380020027811867
1380020027811951
1380020027812151
1380020027812389
1380020027812579
1380020027812709
1380020027813078
1380020027813383
1380020027813665
1380020027813894
1380020027814066
1380020027814142
1380020027821361
1380020027821746
1380020027822054
1380020027822294
1380020027822432
1380020027868634
1380020027869125
1380020027869237
1380020027869322
1380020027869673
1380020027869774
1380020027875878
1380020027875979
1380020027876278
1380020027876370
1380020027876620
1380020027876676
1380020027876790
1380020027897756
1380020027897842
1380020027897915
1380020027898184
1380020027898268
1380020027898390
1380020027898509
1380020027898810
1380020027898897
1380020027899026
1380020027902511
1380020027903502
1380020027903669
1380020027903746
1380020027903855
1380020027904250
1380020027904539
1380020027904779
1380020027904886
1380020027904987
1380020027905220
1380020027905328
1380020027905417
1380020027905572
1380020027905669
1380020027905962
1380020027906427
1380020027906536
1380020027906619
1380020027955941
1380020027956023
1380020027956289
1380020027956361
1380020027956476
1380020027956767
1380020027956917
1380020027956995
1380020027957105
1380020027963241
1380020027963513
1380020027963766
1380020027963945
1380020027964114
1380020027964259
1380020027964382
1380020027964483
1380020027964599
1380020027988227
1380020027988388
1380020027988599
1380020027988836
1380020027989062
1380020027989191
1380020027989510
1380020027989787
1380020027989903
1380020027990085
1380020027990309
1380020027990497
1380020027990726
1380020027990952
1380020027991154
1380020027991268
1380020027991369
1380020027994218
1380020027994445
1380020027994546
1380020027994774
1380020027995059
1380020027995149
1380020027995333
1380020027995645
1380020027995885
1380020027996011
1380020027996343
1380020027996794
1380020027997169
1380020027997444
1380020027997541
1380020028044417
1380020028044499
1380020028044592
1380020028045232
1380020028045361
1380020028045482
1380020028051220
1380020028051300
1380020028051760
1380020028051836
1380020028051940
1380020028052020
1380020028052487
1380020028052592
1380020028073703
1380020028073773
1380020028074350
1380020028074484
1380020028074559
1380020028074660
1380020028074808
1380020028079566
1380020028079810
1380020028080009
1380020028080110
1380020028080354
1380020028080422
1380020028080658
1380020028080725
1380020028080822
1380020028080958
1380020028085896
1380020028086144
1380020028086372
1380020028086489
1380020028086607
1380020028086737
1380020028087051
1380020028087159
1380020028087448
1380020028087760
1380020028087875
1380020028088004
1380020028088243
1380020028088321
1380020028088513
1380020028088608
1380020028088708
1380020028088993
1380020028089082
1380020028089158
1380020028089247
1380020028089600
1380020028089690
1380020028089828
1380020028131446
1380020028131744
1380020028131969
1380020028132048
1380020028132156
1380020028132445
1380020028132547
1380020028132630
1380020028132737
1380020028133154
1380020028133227
1380020028133338
1380020028139245
1380020028139327
1380020028139566
1380020028139670
1380020028139770
1380020028140003
1380020028140203
1380020028140277
1380020028140455
1380020028140568
1380020028157337
1380020028157427
1380020028157500
1380020028158389
1380020028158692
1380020028158821
1380020028170043
1380020028170520
1380020028170837
1380020028171098
1380020028171204
1380020028177758
1380020028177975
1380020028178186
1380020028178270
1380020028178371
1380020028178623
1380020028178725
1380020028178883
1380020028179021
1380020028179429
1380020028179605
1380020028179945
1380020028180066
1380020028180158
1380020028222068
1380020028222154
1380020028222330
1380020028222501
1380020028222740
1380020028222928
1380020028223090
1380020028223242
1380020028223493
1380020028223556
1380020028223673
1380020028227039
1380020028227389
1380020028227743
1380020028228036
1380020028228245
1380020028228341
1380020028241204
1380020028241508
1380020028241638
1380020028241884
1380020028242168
1380020028242489
1380020028242763
1380020028242850
1380020028260624
1380020028260920
1380020028261200
1380020028261443
1380020028261713
1380020028261851
1380020028261939
1380020028268388
1380020028268632
1380020028268867
1380020028269043
1380020028269224
1380020028269334
1380020028269478
1380020028269604
1380020028269732
1380020028269857
1380020028270122
1380020028270321
1380020028270529
1380020028270842
1380020028270952
1380020028309617
1380020028309871
1380020028310062
1380020028310320
1380020028310578
1380020028310690
1380020028310865
1380020028311019
1380020028311121
1380020028311229
1380020028314933
1380020028315183
1380020028315439
1380020028315824
1380020028316110
1380020028316338
1380020028316556
1380020028316698
1380020028343132
1380020028343831
1380020028344431
1380020028344648
1380020028344800
1380020028351186
1380020028351421
1380020028351626
1380020028351832
1380020028351943
1380020028352036
1380020028352196
1380020028352324
1380020028352438
1380020028359079
1380020028359296
1380020028359523
1380020028359642
1380020028359783
1380020028359947
1380020028360188
1380020028360307
1380020028360566
1380020028360687
1380020028360788
1380020028361045
1380020028361270
1380020028361379
1380020028361491
1380020028361815
1380020028361971
1380020028362109
1380020028397422
1380020028397636
1380020028397931
1380020028398127
1380020028398318
1380020028398416
1380020028398549
1380020028428387
1380020028428554
1380020028428783
1380020028429023
1380020028429152
1380020028429307
1380020028429437
1380020028429538
1380020028430210
1380020028430304
1380020028430558
1380020028430698
1380020028430855
1380020028430926
1380020028431032
1380020028441568
1380020028441840
1380020028442031
1380020028442289
1380020028442478
1380020028442610
1380020028442698
1380020028442811
1380020028450458
1380020028450766
1380020028451018
1380020028451278
1380020028451606
1380020028451803
1380020028451938
1380020028452152
1380020028452355
1380020028452751
1380020028453160
1380020028453324
1380020028453683
1380020028453802
1380020028453917
1380020028484588
1380020028485070
1380020028485854
1380020028486021
1380020028512018
1380020028512335
1380020028512420
1380020028513480
1380020028513562
1380020028517587
1380020028517695
1380020028517761
1380020028517777
1380020028518182
1380020028518260
1380020028518357
1380020028518707
1380020028518810
1380020028532213
1380020028532277
1380020028532382
1380020028532722
1380020028532900
1380020028533084
1380020028533304
1380020028533468
1380020028533607
1380020028533950
1380020028534078
1380020028542323
1380020028542730
1380020028543041
1380020028543271
1380020028544497
1380020028544694
1380020028544810
1380020028545142
1380020028545264
1380020028545630
1380020028546102
1380020028546491
1380020028546682
1380020028546778
1380020028571993
1380020028572507
1380020028572761
1380020028573054
1380020028573348
1380020028573646
1380020028573741
1380020028600588
1380020028601123
1380020028601478
1380020028601775
1380020028602017
1380020028602171
1380020028602268
1380020028605300
1380020028605568
1380020028605769
1380020028606036
1380020028606323
1380020028606619
1380020028606773
1380020028606867
1380020028625886
1380020028626395
1380020028626733
1380020028626930
1380020028627042
1380020028635364
1380020028637177
1380020028637536
1380020028637703
1380020028637911
1380020028637975
1380020028638033
1380020028638239
1380020028638504
1380020028638792
1380020028638987
1380020028639065
1380020028639163
1380020028659786
1380020028660248
1380020028660547
1380020028660743
1380020028660931
1380020028684689
1380020028684934
1380020028685213
1380020028685307
1380020028685539
1380020028685657
1380020028685778
1380020028685980
1380020028686106
1380020028686215
1380020028686328
1380020028694563
1380020028694900
1380020028695181
1380020028695407
1380020028695557
1380020028695673
1380020028726221
1380020028726352
1380020028726646
1380020028726832
1380020028727063
1380020028727266
1380020028727404
1380020028728024
1380020028728263
1380020028728472
1380020028728555
1380020028728799
1380020028728957
1380020028729105
1380020028729177
1380020028729283
1380020028729723
1380020028729850
1380020028730007
1380020028730138
1380020028730356
1380020028730651
1380020028730866
1380020028731077
1380020028731200
1380020028731467
1380020028731554
1380020028731657
1380020028746900
1380020028747166
1380020028747350
1380020028747577
1380020028747732
1380020028747831
1380020028747970
1380020028769059
1380020028769153
1380020028769235
1380020028769557
1380020028769659
1380020028769751
1380020028769829
1380020028770127
1380020028770245
1380020028782362
1380020028782446
1380020028782664
1380020028782854
1380020028782940
1380020028783031
1380020028783336
1380020028783405
1380020028783517
1380020028783912
1380020028784031
1380020028817161
1380020028817400
1380020028817500
1380020028817568
1380020028817663
1380020028818099
1380020028818247
1380020028820018
1380020028820103
1380020028820201
1380020028820265
1380020028820873
1380020028820951
1380020028821015
1380020028821222
1380020028821601
1380020028821681
1380020028821756
1380020028822129
1380020028822231
1380020028822342
1380020028837707
1380020028837862
1380020028837947
1380020028838427
1380020028838554
1380020028852583
1380020028853034
1380020028853171
1380020028853236
1380020028853614
1380020028853852
1380020028854073
1380020028854160
1380020028854667
1380020028854721
1380020028854837
1380020028870691
1380020028871226
1380020028871346
1380020028871570
1380020028907570
1380020028907654
1380020028907724
1380020028908253
1380020028908345
1380020028908435
1380020028908533
1380020028908951
1380020028909141
1380020028909247
1380020028910924
1380020028911281
1380020028911379
1380020028911434
1380020028911797
1380020028912062
1380020028912443
1380020028912548
1380020028912747
1380020028913095
1380020028913178
1380020028913555
1380020028913645
1380020028914170
1380020028914260
1380020028937372
1380020028937443
1380020028937948
1380020028938066
1380020028938160
1380020028938224
1380020028938765
1380020028938839
1380020028939082
1380020028939185
1380020028939439
1380020028939535
1380020028939636
1380020028940137
1380020028940230
1380020028940310
1380020028940632
1380020028940726
1380020028958482
1380020028958985
1380020028959095
1380020028959476
1380020028959553
1380020028959623
1380020028959743
1380020028998710
1380020028998781
1380020028999403
1380020028999462
1380020028999583
1380020029003836
1380020029003907
1380020029004363
1380020029004481
1380020029004812
1380020029004884
1380020029004999
1380020029005243
1380020029005558
1380020029005624
1380020029005880
1380020029005968
1380020029006249
1380020029006326
1380020029006381
1380020029006765
1380020029006844
1380020029006941
1380020029007021
1380020029007352
1380020029022153
1380020029022625
1380020029022718
1380020029022777
1380020029027088
1380020029027462
1380020029027538
1380020029027626
1380020029027992
1380020029046888
1380020029047010
1380020029047084
1380020029047158
1380020029088808
1380020029088872
1380020029088983
1380020029089553
1380020029089784
1380020029095482
1380020029095912
1380020029096048
1380020029096112
1380020029096493
1380020029110845
1380020029197862
1380020029234694
