1379545985439367
1379545985525644
1379545985525750
1379545985625500
1379545985686231
1379545985708729
1379545985708867
1379545985708958
1379545985709104
1379545985730070
1379545985730366
1379545985730564
1379545985730636
1379545985730823
1379545985730991
1379545985731251
1379545985753768
1379545985753907
1379545985754133
1379545985792454
1379545985814904
1379545985815090
1379545985815325
1379545985852371
1379545985874648
1379545985874764
1379545985875003
1379545985912347
1379545985934461
1379545985972209
1379545985972468
1379545985972567
1379545985972619
1379545985972666
1379545985972707
1379545985972753
1379545985994783
1379545985995016
1379545985995251
1379545985995343
1379545985995585
1379545985995685
1379545985996224
1379545985996745
1379545985996821
1379545985997434
1379545985997514
1379545985997743
1379545985997998
1379545985998181
1379545985998255
1379545985998542
1379545985998641
1379545985998891
1379545985999048
1379545985999311
1379545985999584
1379545985999680
1379545985999784
1379545986000012
1379545986000180
1379545986000611
1379545986000770
1379545986000886
1379545986001067
1379545986001239
1379545986001323
1379545986001550
1379545986001636
1379545986001713
1379545986002018
1379545986002099
1379545986002495
1379545986002617
1379545986003954
1379545986003987
1379545986004072
1379545986004151
1379545986004231
1379545986004344
1379545986004981
1379545986005127
1379545986005241
1379545986017484
1379545986017643
1379545986018338
1379545986018537
1379545986018742
1379545986018886
1379545986019030
1379545986019152
1379545986019364
1379545986019818
1379545986020026
1379545986020129
1379545986022513
1379545986022920
1379545986023107
1379545986023672
1379545986023816
1379545986024991
1379545986025121
1379545986025591
1379545986025869
1379545986026311
1379545986026500
1379545986032036
1379545986032327
1379545986038369
1379545986038467
1379545986038694
1379545986038806
1379545986039083
1379545986039186
1379545986040280
1379545986040497
1379545986040834
1379545986041013
1379545986041367
1379545986041461
1379545986041695
1379545986041955
1379545986042209
1379545986042431
1379545986042602
1379545986042821
1379545986043002
1379545986043203
1379545986043372
1379545986060338
1379545986060538
1379545986060845
1379545986060954
1379545986061154
1379545986061299
1379545986061560
1379545986061724
1379545986061857
1379545986062009
1379545986062258
1379545986062743
1379545986063020
1379545986063145
1379545986063525
1379545986067683
1379545986067693
1379545986067817
1379545986068326
1379545986082334
1379545986082652
1379545986082851
1379545986083271
1379545986083898
1379545986084073
1379545986084729
1379545986084904
1379545986085057
1379545986085217
1379545986085409
1379545986085570
1379545986085694
1379545986085810
1379545986086306
1379545986086618
1379545986086779
1379545986087078
1379545986087251
1379545986087423
1379545986087530
1379545986087968
1379545986088280
1379545986088403
1379545986088613
1379545986088762
1379545986089040
1379545986089164
1379545986089384
1379545986089549
1379545986089733
1379545986089867
1379545986090088
1379545986090213
1379545986090437
1379545986090583
1379545986090777
1379545986090906
1379545986091151
1379545986091313
1379545986091425
1379545986091879
1379545986092079
1379545986092260
1379545986092354
1379545986104114
1379545986104328
1379545986105019
1379545986108599
1379545986108783
1379545986109000
1379545986109139
1379545986109354
1379545986109485
1379545986109615
1379545986109738
1379545986109988
1379545986110130
1379545986110333
1379545986110453
1379545986110595
1379545986110717
1379545986110846
1379545986110952
1379545986111083
1379545986111206
1379545986111337
1379545986111500
1379545986111637
1379545986111803
1379545986111982
1379545986112146
1379545986112268
1379545986112476
1379545986112657
1379545986112870
1379545986113105
1379545986113351
1379545986113594
1379545986113849
1379545986114031
1379545986114169
1379545986114415
1379545986114588
1379545986114765
1379545986114913
1379545986115069
1379545986115197
1379545986115330
1379545986115461
1379545986115605
1379545986115766
1379545986115902
1379545986116066
1379545986116204
1379545986116327
1379545986116459
1379545986116579
1379545986116713
1379545986116833
1379545986151316
1379545986151443
1379545986151586
1379545986151723
1379545986151855
1379545986152185
1379545986152650
1379545986152923
1379545986153211
1379545986153317
1379545986153536
1379545986153790
1379545986153951
1379545986155020
1379545986156667
1379545986157377
1379545986158069
1379545986158701
1379545986159248
1379545986159688
1379545986160031
1379545986160178
1379545986160366
1379545986160992
1379545986161211
1379545986161313
1379545986161721
1379545986162114
1379545986162267
1379545986178567
1379545986178736
1379545986178869
1379545986179065
1379545986179328
1379545986179512
1379545986179605
1379545986180058
1379545986180372
1379545986180479
1379545986180659
1379545986181055
1379545986181203
1379545986181451
1379545986181762
1379545986181868
1379545986182084
1379545986182264
1379545986182393
1379545986182581
1379545986182832
1379545986182997
1379545986183245
1379545986183540
1379545986183636
1379545986183938
1379545986184074
1379545986184238
1379545986184356
1379545986184786
1379545986184929
1379545986185077
1379545986185224
1379545986185422
1379545986185580
1379545986185747
1379545986185885
1379545986186070
1379545986186202
1379545986186446
1379545986186560
1379545986187375
1379545986187522
1379545986187638
1379545986337633
1379545986442868
1379545986448273
1379545986452991
1379545986458677
1379545986479923
1379545986480371
1379545986503109
1379545986504026
1379545986563371
1379545986563473
1379545986563735
1379545986584658
1379545986585027
1379545986585191
1379545986585404
1379545986585556
1379545986585892
1379545986606403
1379545986608518
1379545986608625
1379545986608846
1379545986608931
1379545986609028
1379545986609130
1379545986609386
1379545986609468
1379545986609539
1379545986609614
1379545986630557
1379545986630656
1379545986631082
1379545986631331
1379545986631571
1379545986631760
1379545986632051
1379545986632158
1379545986632243
1379545986652474
1379545986652694
1379545986653466
1379545986653551
1379545986653846
1379545986653982
1379545986654061
1379545986673940
1379545986674030
1379545986675050
1379545986675396
1379545986675588
1379545986675744
1379545986675839
1379545986676017
1379545986695132
1379545986695439
1379545986697022
1379545986697113
1379545986697325
1379545986697421
1379545986697516
1379545986698046
1379545986698182
1379545986716406
1379545986716613
1379545986720272
1379545986720403
1379545986737935
1379545986738143
1379545986740840
1379545986741106
1379545986741381
1379545986741477
1379545986741643
1379545986741793
1379545986741876
1379545986747807
1379545986771679
1379545986771940
1379545986776127
1379545986776440
1379545986776443
1379545986780822
1379545986781014
1379545986784691
1379545986784886
1379545986785394
1379545986785764
1379545986785885
1379545986786125
1379545986786334
1379545986786400
1379545986802066
1379545986802262
1379545986806372
1379545986808508
1379545986808628
1379545986808879
1379545986809084
1379545986809149
1379545986809256
1379545986809477
1379545986809620
1379545986823654
1379545986823847
1379545986830694
1379545986830769
1379545986831027
1379545986831156
1379545986831239
1379545986831415
1379545986831583
1379545986831734
1379545986831841
1379545986832125
1379545986846032
1379545986846289
1379545986852449
1379545986852617
1379545986853158
1379545986853428
1379545986853526
1379545986853778
1379545986853945
1379545986854011
1379545986854214
1379545986854367
1379545986867320
1379545986867513
1379545986874016
1379545986874222
1379545986875302
1379545986875516
1379545986875723
1379545986875940
1379545986876060
1379545986876203
1379545986876459
1379545986876571
1379545986877505
1379545986878637
1379545986888640
1379545986888747
1379545986895283
1379545986895384
1379545986896991
1379545986897286
1379545986897621
1379545986897811
1379545986898007
1379545986898114
1379545986898378
1379545986898480
1379545986898641
1379545986898812
1379545986910169
1379545986910409
1379545986916787
1379545986916958
1379545986917105
1379545986918967
1379545986919175
1379545986919866
1379545986920012
1379545986920206
1379545986920382
1379545986920529
1379545986920677
1379545986920791
1379545986920939
1379545986931634
1379545986931890
1379545986938406
1379545986938568
1379545986940263
1379545986940454
1379545986941653
1379545986941943
1379545986942138
1379545986942443
1379545986942672
1379545986942806
1379545986943088
1379545986943208
1379545986943356
1379545986953139
1379545986953365
1379545986960044
1379545986960197
1379545986961660
1379545986961917
1379545986963768
1379545986964297
1379545986964553
1379545986964871
1379545986965163
1379545986965763
1379545986965967
1379545986974592
1379545986974794
1379545986975300
1379545986978331
1379545986978639
1379545986979163
1379545986981416
1379545986981612
1379545986983244
1379545986983377
1379545986983493
1379545986985905
1379545986986155
1379545986986544
1379545986986913
1379545986987312
1379545986987951
1379545986988177
1379545986996122
1379545986996282
1379545987002720
1379545987003066
1379545987004627
1379545987004830
1379545987007520
1379545987008934
1379545987009282
1379545987009582
1379545987009955
1379545987010495
1379545987011271
1379545987017578
1379545987023978
1379545987024211
1379545987025736
1379545987025973
1379545987029817
1379545987030014
1379545987031067
1379545987031282
1379545987031527
1379545987031819
1379545987032733
1379545987033558
1379545987034042
1379545987039092
1379545987046303
1379545987046482
1379545987047161
1379545987047478
1379545987051261
1379545987051493
1379545987053098
1379545987053337
1379545987053877
1379545987054146
1379545987054405
1379545987054676
1379545987054965
1379545987055500
1379545987055690
1379545987060176
1379545987060509
1379545987067714
1379545987068526
1379545987068751
1379545987072473
1379545987072962
1379545987074655
1379545987074883
1379545987075722
1379545987076060
1379545987076290
1379545987076956
1379545987077263
1379545987077743
1379545987077931
1379545987081771
1379545987082006
1379545987089209
1379545987089718
1379545987090085
1379545987090286
1379545987094094
1379545987094330
1379545987096219
1379545987096466
1379545987097705
1379545987097951
1379545987098414
1379545987098655
1379545987099346
1379545987099644
1379545987100096
1379545987103164
1379545987110642
1379545987110922
1379545987111116
1379545987111667
1379545987111823
1379545987115375
1379545987115630
1379545987117467
1379545987117699
1379545987119249
1379545987119516
1379545987120286
1379545987120613
1379545987120872
1379545987122187
1379545987122418
1379545987124240
1379545987125405
1379545987132376
1379545987132614
1379545987132846
1379545987133151
1379545987134287
1379545987134518
1379545987137068
1379545987137352
1379545987139109
1379545987140876
1379545987141062
1379545987142302
1379545987142549
1379545987143696
1379545987144237
1379545987144462
1379545987146472
1379545987154135
1379545987154407
1379545987154683
1379545987155347
1379545987155528
1379545987169806
1379545987170144
1379545987170914
1379545987171686
1379545987172166
1379545987173990
1379545987174184
1379545987179657
1379545987179957
1379545987180175
1379545987186055
1379545987186273
1379545987195038
1379545987195281
1379545987195505
1379545987195779
1379545987196008
1379545987196538
1379545987196771
1379545987197057
1379545987197369
1379545987198082
1379545987198331
1379545987200050
1379545987200243
1379545987200941
1379545987201168
1379545987201424
1379545987201877
1379545987207451
1379545987208814
1379545987252136
1379545987359657
1379545987382318
1379545987382439
1379545987382780
1379545987468916
1379545987469240
1379545987469510
1379545987491301
1379545987513656
1379545987513898
1379545987514196
1379545987514355
1379545987514540
1379545987514633
1379545987514898
1379545987515053
1379545987530304
1379545987534904
1379545987541119
1379545987541466
1379545987547445
1379545987553155
1379545987553246
1379545987553588
1379545987553725
1379545987574591
1379545987574620
1379545987574693
1379545987574757
1379545987575034
1379545987575288
1379545987575366
1379545987575696
1379545987575833
1379545987575998
1379545987576595
1379545987576760
1379545987576863
1379545987587273
1379545987587958
1379545987596786
1379545987596875
1379545987597172
1379545987597742
1379545987598219
1379545987598515
1379545987598610
1379545987598846
1379545987599018
1379545987599115
1379545987599297
1379545987599518
1379545987599608
1379545987599788
1379545987599964
1379545987600050
1379545987600160
1379545987600241
1379545987600555
1379545987600678
1379545987600870
1379545987601068
1379545987601102
1379545987610201
1379545987610302
1379545987610589
1379545987610687
1379545987610788
1379545987610987
1379545987611145
1379545987611300
1379545987611407
1379545987611821
1379545987618232
1379545987618500
1379545987618701
1379545987618862
1379545987618933
1379545987619308
1379545987620195
1379545987620649
1379545987621037
1379545987621413
1379545987621924
1379545987632207
1379545987632479
1379545987633209
1379545987633534
1379545987634380
1379545987634724
1379545987635300
1379545987642384
1379545987642746
1379545987643527
1379545987643845
1379545987644671
1379545987645200
1379545987654494
1379545987654765
1379545987655024
1379545987655620
1379545987655937
1379545987656180
