1378031194993847
1378031195044313
1378031195044724
1378031195095137
1378031195095859
1378031195095962
1378031195096154
1378031195096253
1378031195114362
1378031195145767
1378031195145780
1378031195146123
1378031195146132
1378031195146419
1378031195146427
1378031195146821
1378031195146827
1378031195146947
1378031195146952
1378031195164514
1378031195165053
1378031195196219
1378031195196249
1378031195196261
1378031195196578
1378031195196679
1378031195196772
1378031195196868
1378031195197139
1378031195197235
1378031195197482
1378031195197608
1378031195197615
1378031195197761
1378031195197766
1378031195198459
1378031195198467
1378031195198624
1378031195198631
1378031195198732
1378031195198736
1378031195223861
1378031195224872
1378031195225014
1378031195225022
1378031195247018
1378031195247036
1378031195247265
1378031195247272
1378031195247465
1378031195247473
1378031195247753
1378031195247761
1378031195248600
1378031195248731
1378031195248747
1378031195248850
1378031195248864
1378031195248878
1378031195249237
1378031195249338
1378031195249370
1378031195249471
1378031195249475
1378031195249576
1378031195249580
1378031195249736
1378031195249744
1378031195249923
1378031195249927
1378031195250022
1378031195250027
1378031195250193
1378031195250197
1378031195250320
1378031195250326
1378031195251039
1378031195251047
1378031195251166
1378031195251171
1378031195251509
1378031195251516
1378031195251641
1378031195251644
1378031195251782
1378031195251789
1378031195273644
1378031195275171
1378031195275328
1378031195275422
1378031195275517
1378031195275525
1378031195275886
1378031195275894
1378031195276040
1378031195276044
1378031195297556
1378031195297568
1378031195297875
1378031195297882
1378031195298125
1378031195298132
1378031195298228
1378031195298263
1378031195298362
1378031195298368
1378031195298583
1378031195298591
1378031195299025
1378031195299031
1378031195299128
1378031195299135
1378031195300114
1378031195300122
1378031195300276
1378031195300283
1378031195300505
1378031195300514
1378031195300585
1378031195300614
1378031195301416
1378031195301423
1378031195301567
1378031195301575
1378031195301799
1378031195301809
1378031195301907
1378031195301912
1378031195302194
1378031195302202
1378031195302273
1378031195302312
1378031195302389
1378031195302428
1378031195302462
1378031195302934
1378031195302944
1378031195302951
1378031195303295
1378031195303353
1378031195303399
1378031195303497
1378031195303504
1378031195303713
1378031195303720
1378031195303842
1378031195303846
1378031195304051
1378031195304059
1378031195304155
1378031195304174
1378031195304307
1378031195304312
1378031195304409
1378031195304416
1378031195304512
1378031195304517
1378031195305007
1378031195305015
1378031195305114
1378031195305118
1378031195305203
1378031195305270
1378031195305276
1378031195305372
1378031195305380
1378031195305726
1378031195305734
1378031195305879
1378031195305886
1378031195305983
1378031195306742
1378031195306842
1378031195306941
1378031195307060
1378031195307067
1378031195323640
1378031195325657
1378031195325756
1378031195325900
1378031195325995
1378031195326158
1378031195326282
1378031195326289
1378031195326510
1378031195326518
1378031195326622
1378031195326625
1378031195326972
1378031195326979
1378031195327134
1378031195327139
1378031195327238
1378031195327241
1378031195327686
1378031195327693
1378031195327871
1378031195327878
1378031195354555
1378031195355444
1378031195356654
1378031195356678
1378031195357352
1378031195357988
1378031195358087
1378031195358347
1378031195358475
1378031195358482
1378031195358612
1378031195358617
1378031195358743
1378031195358750
1378031195361959
1378031195362805
1378031195362936
1378031195374297
1378031195374437
1378031195376211
1378031195376308
1378031195376513
1378031195376638
1378031195376645
1378031195376808
1378031195376812
1378031195377078
1378031195377085
1378031195377353
1378031195377360
1378031195377733
1378031195377740
1378031195378101
1378031195378108
1378031195378233
1378031195378237
1378031195378481
1378031195378488
1378031195378736
1378031195378743
1378031195378842
1378031195378874
1378031195378994
1378031195378997
1378031195379091
1378031195379098
1378031195379264
1378031195379267
1378031195379428
1378031195379436
1378031195379530
1378031195379538
1378031195379670
1378031195379678
1378031195379812
1378031195379818
1378031195379915
1378031195379949
1378031195380045
1378031195380052
1378031195380340
1378031195380347
1378031195405552
1378031195407671
1378031195407771
1378031195408706
1378031195408833
1378031195408838
1378031195408964
1378031195409090
1378031195409106
1378031195409201
1378031195409207
1378031195409414
1378031195409425
1378031195409594
1378031195409600
1378031195409696
1378031195409703
1378031195410075
1378031195410082
1378031195410199
1378031195410203
1378031195410353
1378031195410357
1378031195410451
1378031195410458
1378031195411092
1378031195411099
1378031195423898
1378031195423907
1378031195424132
1378031195424143
1378031195426762
1378031195426769
1378031195427011
1378031195427018
1378031195427262
1378031195427269
1378031195427367
1378031195427383
1378031195427634
1378031195427641
1378031195427748
1378031195427751
1378031195428111
1378031195428119
1378031195428219
1378031195428246
1378031195428365
1378031195428372
1378031195428505
1378031195428512
1378031195428765
1378031195428773
1378031195428870
1378031195428875
1378031195429440
1378031195429447
1378031195429574
1378031195429579
1378031195429703
1378031195429710
1378031195429912
1378031195429920
1378031195430261
1378031195430396
1378031195430494
1378031195430655
1378031195430792
1378031195430800
1378031195431023
1378031195431141
1378031195431415
1378031195431423
1378031195431549
1378031195431556
1378031195431651
1378031195431657
1378031195431926
1378031195431933
1378031195432179
1378031195432186
1378031195432305
1378031195432312
1378031195432407
1378031195432413
1378031195432576
1378031195432584
1378031195432756
1378031195432763
1378031195432859
1378031195432866
1378031195433025
1378031195433031
1378031195433150
1378031195433156
1378031195433251
1378031195433285
1378031195433404
1378031195433411
1378031195433554
1378031195433561
1378031195433710
1378031195433786
1378031195433931
1378031195433938
1378031195435509
1378031195435516
1378031195435637
1378031195435645
1378031195436430
1378031195437420
1378031195456752
1378031195456765
1378031195458124
1378031195458134
1378031195459484
1378031195459492
1378031195459678
1378031195459685
1378031195460044
1378031195460052
1378031195460375
1378031195460383
1378031195460707
1378031195460714
1378031195460860
1378031195460866
1378031195463348
1378031195463446
1378031195463542
1378031195463640
1378031195463888
1378031195464025
1378031195464032
1378031195467558
1378031195468019
1378031195468122
1378031195468159
1378031195470070
1378031195470080
1378031195474150
1378031195474158
1378031195474335
1378031195474342
1378031195474534
1378031195474541
1378031195477292
1378031195477301
1378031195478000
1378031195478008
1378031195478384
1378031195478390
1378031195478508
1378031195478515
1378031195478793
1378031195478800
1378031195479187
1378031195479194
1378031195479618
1378031195479625
1378031195479821
1378031195479829
1378031195479976
1378031195479983
1378031195480346
1378031195480555
1378031195480652
1378031195481262
1378031195481397
1378031195482037
1378031195482162
1378031195482169
1378031195482304
1378031195482310
1378031195482816
1378031195482823
1378031195482921
1378031195482925
1378031195483274
1378031195483374
1378031195483379
1378031195483571
1378031195483579
1378031195483635
1378031195483732
1378031195483736
1378031195484371
1378031195484381
1378031195484525
1378031195484530
1378031195485768
1378031195485775
1378031195485871
1378031195485902
1378031195486022
1378031195486029
1378031195486114
1378031195486157
1378031195486278
1378031195486284
1378031195486382
1378031195486388
1378031195486503
1378031195486521
1378031195486639
1378031195486646
1378031195486904
1378031195486911
1378031195487009
1378031195487016
1378031195487209
1378031195487216
1378031195487312
1378031195487319
1378031195487785
1378031195487793
1378031195487894
1378031195487908
1378031195488071
1378031195488079
1378031195488243
1378031195488250
1378031195488415
1378031195488465
1378031195488563
1378031195491721
1378031195491818
1378031195491917
1378031195492037
1378031195509992
1378031195510091
1378031195510207
1378031195510310
1378031195510467
1378031195510591
1378031195510597
1378031195510946
1378031195512781
1378031195518218
1378031195518331
1378031195518548
1378031195518647
1378031195518709
1378031195518808
1378031195518813
1378031195519075
1378031195519083
1378031195519237
1378031195519243
1378031195524073
1378031195524441
1378031195524587
1378031195524594
1378031195524807
1378031195524838
1378031195524844
1378031195527542
1378031195527551
1378031195528334
1378031195528341
1378031195528734
1378031195528741
1378031195529429
1378031195529436
1378031195529711
1378031195529719
1378031195529960
1378031195529967
1378031195530192
1378031195530199
1378031195530644
1378031195530651
1378031195530877
1378031195530884
1378031195531065
1378031195531441
1378031195531562
1378031195532097
1378031195532195
1378031195532519
1378031195532616
1378031195533107
1378031195533203
1378031195533331
1378031195533427
1378031195533525
1378031195533623
1378031195535213
1378031195535309
1378031195535397
1378031195535495
1378031195535519
1378031195535618
1378031195535625
1378031195535720
1378031195535727
1378031195535886
1378031195535893
1378031195536039
1378031195536047
1378031195537165
1378031195537173
1378031195537418
1378031195537425
1378031195537521
1378031195537527
1378031195537785
1378031195537792
1378031195537933
1378031195537936
1378031195538032
1378031195538039
1378031195538132
1378031195538168
1378031195538288
1378031195538294
1378031195538449
1378031195538457
1378031195538553
1378031195538559
1378031195538701
1378031195538709
1378031195538803
1378031195538810
1378031195539058
1378031195539066
1378031195539520
1378031195539528
1378031195539624
1378031195539631
1378031195539793
1378031195539800
1378031195539897
1378031195539904
1378031195540071
1378031195540079
1378031195540174
1378031195540205
1378031195540325
1378031195540332
1378031195540427
1378031195540434
1378031195540952
1378031195540959
1378031195541121
1378031195541129
1378031195563951
1378031195563962
1378031195567453
1378031195567460
1378031195567670
1378031195567674
1378031195567804
1378031195567809
1378031195568687
1378031195568696
1378031195568804
1378031195568818
1378031195568939
1378031195568945
1378031195569283
1378031195569289
1378031195569306
1378031195569434
1378031195569439
1378031195569541
1378031195569671
1378031195569696
1378031195569801
1378031195569806
1378031195569920
1378031195569998
1378031195570059
1378031195570104
1378031195570178
1378031195570282
1378031195570314
1378031195570412
1378031195570416
1378031195570538
1378031195570561
1378031195570658
1378031195570664
1378031195570792
1378031195570876
1378031195570883
1378031195571027
1378031195571101
1378031195571175
1378031195571202
1378031195571284
1378031195571405
1378031195571409
1378031195571515
1378031195571567
1378031195571666
1378031195571670
1378031195571779
1378031195571818
1378031195571893
1378031195571917
1378031195572035
1378031195572064
1378031195572147
1378031195572162
1378031195572273
1378031195572316
1378031195572391
1378031195572415
1378031195572522
1378031195572558
1378031195572654
1378031195572684
1378031195572804
1378031195572826
1378031195572957
1378031195572964
1378031195573059
1378031195573065
1378031195573220
1378031195573227
1378031195573321
1378031195573341
1378031195573462
1378031195573469
1378031195573589
1378031195573596
1378031195573695
1378031195573702
1378031195573823
1378031195573830
1378031195573925
1378031195573932
1378031195574155
1378031195574162
1378031195574258
1378031195574265
1378031195574431
1378031195574439
1378031195574534
1378031195574541
1378031195574719
1378031195574724
1378031195574820
1378031195574827
1378031195576013
1378031195615974
1378031195619203
1378031195619211
1378031195620849
1378031195620856
1378031195621319
1378031195621328
1378031195621333
1378031195621339
1378031195621343
1378031195621387
1378031195621393
1378031195621398
1378031195621402
1378031195621669
1378031195621677
1378031195621685
1378031195621690
1378031195621693
1378031195622660
1378031195622668
1378031195622849
1378031195622856
1378031195623759
1378031195623766
1378031195624003
1378031195624010
1378031195624251
1378031195624258
1378031195624449
1378031195624457
1378031195624642
1378031195624649
1378031195624910
1378031195624917
1378031195632677
1378031195633715
1378031195633862
1378031195633867
1378031195666295
1378031195666843
1378031195673263
1378031195673281
1378031195673298
1378031195673376
1378031195673508
1378031195673682
1378031195673752
1378031195673789
1378031195674011
1378031195674023
1378031195674120
1378031195674129
1378031195674256
1378031195674263
1378031195674557
1378031195674569
1378031195674822
1378031195674833
1378031195674929
1378031195674937
1378031195675706
1378031195675721
1378031195675867
1378031195675963
1378031195675976
1378031195676108
1378031195676124
1378031195676343
1378031195676356
1378031195676592
1378031195676604
1378031195676842
1378031195676854
1378031195676951
1378031195676963
1378031195677475
1378031195677487
1378031195677667
1378031195677679
1378031195677775
1378031195677787
1378031195678032
1378031195678050
1378031195678294
1378031195678307
1378031195678403
1378031195678415
1378031195678545
1378031195678558
1378031195678653
1378031195678665
1378031195678761
1378031195678792
1378031195678920
1378031195678932
1378031195679028
1378031195679040
1378031195679166
1378031195679178
1378031195679273
1378031195679285
1378031195679833
1378031195679846
1378031195679940
1378031195679960
1378031195680090
1378031195680102
1378031195680197
1378031195680206
1378031195680367
1378031195680380
1378031195680476
1378031195680512
1378031195680615
1378031195680638
1378031195680797
1378031195680810
1378031195680921
1378031195680963
1378031195681064
1378031195681076
1378031195681201
1378031195681214
1378031195681311
1378031195681342
1378031195681463
1378031195681475
1378031195681571
1378031195681582
1378031195683180
1378031195685483
1378031195685591
1378031195685645
1378031195685736
1378031195685776
1378031195685860
1378031195685881
1378031195686016
1378031195686026
1378031195723442
1378031195723893
1378031195724004
1378031195724455
1378031195724558
1378031195724802
1378031195724903
1378031195725591
1378031195725907
1378031195725929
1378031195726036
1378031195726043
1378031195726176
1378031195726187
1378031195726360
1378031195726368
1378031195726508
1378031195726517
1378031195727266
1378031195727280
1378031195727629
1378031195727642
1378031195727919
1378031195727931
1378031195728847
1378031195728861
1378031195728957
1378031195728967
1378031195729163
1378031195729168
1378031195729795
1378031195729808
1378031195730082
1378031195730094
1378031195730332
1378031195730344
1378031195730774
1378031195730786
1378031195731273
1378031195731286
1378031195731523
1378031195731535
1378031195731634
1378031195731652
1378031195731772
1378031195731786
1378031195731882
1378031195731892
1378031195732173
1378031195732188
1378031195732643
1378031195732660
1378031195732770
1378031195732778
1378031195733004
1378031195733015
1378031195733385
1378031195733404
1378031195733647
1378031195733661
1378031195733761
1378031195733771
1378031195734022
1378031195734036
1378031195734135
1378031195734153
1378031195734271
1378031195734282
1378031195735509
1378031195735537
1378031195735772
1378031195735777
1378031195735879
1378031195735883
1378031195736036
1378031195736043
1378031195736140
1378031195736145
1378031195736151
1378031195736275
1378031195736282
1378031195736372
1378031195736410
1378031195736535
1378031195736539
1378031195736941
1378031195736953
1378031195737054
1378031195737061
1378031195737212
1378031195737216
1378031195737320
1378031195737415
1378031195737602
1378031195737609
1378031195737763
1378031195737767
1378031195737913
1378031195738039
1378031195738574
1378031195770362
1378031195770477
1378031195775192
1378031195775295
1378031195775380
1378031195775479
1378031195776774
1378031195776878
1378031195776885
1378031195777049
1378031195777053
1378031195777150
1378031195777154
1378031195777937
1378031195777947
1378031195778044
1378031195778051
1378031195778299
1378031195778304
1378031195778420
1378031195778428
1378031195779195
1378031195779205
1378031195779414
1378031195779420
1378031195780567
1378031195780579
1378031195780735
1378031195780740
1378031195780962
1378031195780968
1378031195781049
1378031195781068
1378031195781945
1378031195781955
1378031195782209
1378031195782219
1378031195782609
1378031195782619
1378031195783135
1378031195783150
1378031195783358
1378031195783366
1378031195783619
1378031195783629
1378031195785334
1378031195785346
1378031195785587
1378031195785594
1378031195785822
1378031195785832
1378031195786079
1378031195786090
1378031195786909
1378031195786919
1378031195787270
1378031195787280
1378031195787526
1378031195787534
1378031195787805
1378031195787816
1378031195787996
1378031195788001
1378031195788271
1378031195788281
1378031195788377
1378031195913924
1378031195914242
1378031195963405
1378031195967310
1378031195967319
1378031195967488
1378031196013080
1378031196017683
1378031196017693
1378031196017992
1378031196018000
1378031196018004
1378031196068212
1378031196068224
1378031196118447
1378031196118456
1378031196118687
1378031196118695
1378031196168770
1378031196168779
1378031196169013
1378031196169021
1378031196169118
1378031196169125
1378031196219023
1378031196219032
1378031196219409
1378031196219418
1378031196219576
1378031196219580
1378031196219859
1378031196219866
1378031196269887
1378031196269895
1378031196269991
1378031196269998
1378031196270189
1378031196270196
1378031196270294
1378031196270299
1378031196270558
1378031196270562
1378031196320477
1378031196320488
1378031196320762
1378031196320771
1378031196320900
1378031196320904
1378031196321023
1378031196321032
1378031196321165
1378031196321196
1378031196321315
1378031196321320
1378031196371316
1378031196371329
1378031196371573
1378031196371578
1378031196371674
1378031196371695
1378031196371816
1378031196371821
1378031196371912
1378031196371961
1378031196372068
1378031196372073
1378031196372181
1378031196372305
1378031196422214
1378031196422226
1378031196422456
1378031196422464
1378031196422698
1378031196422705
1378031196422802
1378031196422827
1378031196422963
1378031196422971
1378031196423054
1378031196423076
1378031196423196
1378031196423499
1378031196462264
1378031196462276
1378031196473139
1378031196473148
1378031196473389
1378031196473398
1378031196473500
1378031196473515
1378031196473637
1378031196473645
1378031196473728
1378031196473787
1378031196473982
1378031196473988
1378031196510306
1378031196510323
1378031196510518
1378031196510522
1378031196523909
1378031196523921
1378031196524020
1378031196524027
1378031196524248
1378031196524259
1378031196524357
1378031196524365
1378031196524621
1378031196524628
1378031196524729
1378031196524735
1378031196560554
1378031196560567
1378031196560753
1378031196560757
1378031196574676
1378031196574685
1378031196574924
1378031196574934
1378031196575038
1378031196575054
1378031196575172
1378031196575179
1378031196575275
1378031196575280
1378031196575508
1378031196575516
1378031196575642
1378031196575646
1378031196610735
1378031196610744
1378031196610911
1378031196610973
1378031196610981
1378031196625666
1378031196625676
1378031196625772
1378031196625778
1378031196626036
1378031196626044
1378031196626157
1378031196626161
1378031196626318
1378031196626322
1378031196626417
1378031196626424
1378031196626557
1378031196626561
1378031196626750
1378031196626757
1378031196626911
1378031196626915
1378031196661288
1378031196661296
1378031196661480
1378031196661487
1378031196676634
1378031196676642
1378031196676882
1378031196676890
1378031196677142
1378031196677150
1378031196677249
1378031196677253
1378031196677422
1378031196677427
1378031196677523
1378031196677529
1378031196677847
1378031196677854
1378031196677952
1378031196677980
1378031196678104
1378031196678112
1378031196711514
1378031196711522
1378031196711750
1378031196711757
1378031196727346
1378031196727353
1378031196727585
1378031196727594
1378031196727978
1378031196727990
1378031196728260
1378031196728267
1378031196728488
1378031196728495
1378031196728777
1378031196728784
1378031196729029
1378031196729036
1378031196729169
1378031196729229
1378031196729330
1378031196729335
1378031196729657
1378031196729665
1378031196761991
1378031196762000
1378031196762189
1378031196762198
1378031196769592
1378031196778300
1378031196778398
1378031196778496
1378031196778592
1378031196779117
1378031196779216
1378031196779392
1378031196779521
1378031196779531
1378031196779937
1378031196779947
1378031196780211
1378031196780374
1378031196780503
1378031196780510
1378031196780815
1378031196780824
1378031196780943
1378031196780951
1378031196812262
1378031196812271
1378031196812462
1378031196812470
1378031196819175
1378031196819964
1378031196820095
1378031196828706
1378031196828808
1378031196828911
1378031196829006
1378031196829711
1378031196829809
1378031196829888
1378031196829987
1378031196830357
1378031196830454
1378031196830711
1378031196830808
1378031196830953
1378031196831051
1378031196831214
1378031196831332
1378031196831340
1378031196831545
1378031196831553
1378031196831649
1378031196831683
1378031196831800
1378031196831806
1378031196832071
1378031196832079
1378031196835283
1378031196835290
1378031196862860
1378031196862880
1378031196863044
1378031196863052
1378031196869246
1378031196870311
1378031196870432
1378031196870551
1378031196870650
1378031196870727
1378031196870825
1378031196879155
1378031196879253
1378031196879384
1378031196879481
1378031196880544
1378031196880642
1378031196880745
1378031196880840
1378031196880975
1378031196881447
1378031196881457
1378031196881686
1378031196881694
1378031196881945
1378031196881952
1378031196882304
1378031196882311
1378031196882507
1378031196882513
1378031196882610
1378031196882636
1378031196882757
1378031196882762
1378031196882958
1378031196882963
1378031196883122
1378031196883125
1378031196885068
1378031196913022
1378031196913121
1378031196913252
1378031196913335
1378031196913348
1378031196920946
1378031196921088
1378031196921203
1378031196921445
1378031196921449
1378031196921547
1378031196921554
1378031196922120
1378031196922127
1378031196922318
1378031196929421
1378031196929519
1378031196929621
1378031196929716
1378031196930700
1378031196930799
1378031196930928
1378031196931024
1378031196932122
1378031196932220
1378031196932318
1378031196932414
1378031196932811
1378031196932908
1378031196933062
1378031196933160
1378031196933426
1378031196933557
1378031196933564
1378031196933660
1378031196933666
1378031196933873
1378031196933877
1378031196933974
1378031196933995
1378031196934113
1378031196934119
1378031196935443
1378031196935449
1378031196963576
1378031196963584
1378031196963861
1378031196963868
1378031196969629
1378031196972224
1378031196972322
1378031196972528
1378031196972625
1378031196972723
1378031196972820
1378031196973052
1378031196973149
1378031196973493
1378031196973591
1378031196973723
1378031196973820
1378031196979955
1378031196980053
1378031196980142
1378031196980239
1378031196981099
1378031196981197
1378031196981293
1378031196981390
1378031196982885
1378031196982983
1378031196983081
1378031196983177
1378031196983929
1378031196984027
1378031196984123
1378031196984219
1378031196985284
1378031196985381
1378031196985531
1378031196985630
1378031196985785
1378031196985886
1378031196985902
1378031196986058
1378031196986063
1378031196986158
1378031196986165
1378031196986483
1378031196986491
1378031197011983
1378031197013906
1378031197013930
1378031197013938
1378031197014068
1378031197014169
1378031197014342
1378031197014442
1378031197019975
1378031197020126
1378031197023374
1378031197023475
1378031197023771
1378031197023870
1378031197023979
1378031197024077
1378031197024149
1378031197024246
1378031197024532
1378031197024631
1378031197030211
1378031197030324
1378031197030384
1378031197030480
1378031197031318
1378031197031415
1378031197031542
1378031197031637
1378031197033058
1378031197033156
1378031197034138
1378031197034235
1378031197035397
1378031197035494
1378031197036041
1378031197036138
1378031197036292
1378031197036388
1378031197036658
1378031197036788
1378031197036795
1378031197036890
1378031197036897
1378031197037054
1378031197037061
1378031197037157
1378031197037174
1378031197037278
1378031197037282
1378031197037555
1378031197037563
1378031197038268
1378031197038276
1378031197038402
1378031197038830
1378031197040405
1378031197040416
1378031197040424
1378031197040518
1378031197040645
1378031197040877
1378031197040975
1378031197042899
1378031197043028
1378031197043147
1378031197043242
1378031197043396
1378031197043517
1378031197043524
1378031197043773
1378031197043780
1378031197043879
1378031197043895
1378031197044194
1378031197044202
1378031197044430
1378031197044438
1378031197044677
1378031197044685
1378031197044786
1378031197044790
1378031197045202
1378031197045210
1378031197045376
1378031197045382
1378031197045515
1378031197045625
1378031197045745
1378031197045753
1378031197045887
1378031197045892
1378031197064294
1378031197064302
1378031197066155
1378031197066163
1378031197068351
1378031197068360
1378031197068484
1378031197068492
1378031197068587
1378031197068594
1378031197068727
1378031197068734
1378031197068964
1378031197068968
1378031197069065
1378031197069082
1378031197069207
1378031197069213
1378031197069311
1378031197069330
1378031197069451
1378031197069488
1378031197069572
1378031197069600
1378031197069721
1378031197069821
1378031197069883
1378031197069988
1378031197069992
1378031197070096
1378031197070115
1378031197070171
1378031197070716
1378031197070726
1378031197070733
1378031197071992
1378031197072092
1378031197072099
1378031197072593
1378031197072600
1378031197072741
1378031197072745
1378031197072840
1378031197072846
1378031197073052
1378031197073056
1378031197073150
1378031197073172
1378031197073292
1378031197073298
1378031197073397
1378031197073418
1378031197073543
1378031197073549
1378031197073809
1378031197073958
1378031197074058
1378031197074065
1378031197074241
1378031197074247
1378031197074342
1378031197074349
1378031197074785
1378031197075268
1378031197075365
1378031197075434
1378031197075571
1378031197075578
1378031197075988
1378031197080443
1378031197080541
1378031197080640
1378031197080735
1378031197081611
1378031197081709
1378031197081809
1378031197081905
1378031197082030
1378031197083289
1378031197083298
1378031197083490
1378031197083496
1378031197086195
1378031197086202
1378031197086391
1378031197086398
1378031197087190
1378031197087197
1378031197087297
1378031197087301
1378031197087557
1378031197087564
1378031197087810
1378031197087816
1378031197087960
1378031197087965
1378031197088060
1378031197088067
1378031197088238
1378031197088242
1378031197088512
1378031197088519
1378031197088640
1378031197088647
1378031197090915
1378031197091279
1378031197091777
1378031197094083
1378031197094092
1378031197094332
1378031197094340
1378031197094587
1378031197094595
1378031197094701
1378031197094705
1378031197094946
1378031197094953
1378031197095076
1378031197095081
1378031197095275
1378031197095281
1378031197095595
1378031197095603
1378031197095824
1378031197095831
1378031197096256
1378031197096263
1378031197097282
1378031197097289
1378031197097391
1378031197097397
1378031197097662
1378031197097669
1378031197097768
1378031197097797
1378031197097916
1378031197097923
1378031197098020
1378031197098042
1378031197098167
1378031197098175
1378031197098262
1378031197098299
1378031197098416
1378031197098424
1378031197098576
1378031197098583
1378031197098678
1378031197098685
1378031197099120
1378031197099128
1378031197099276
1378031197099282
1378031197099426
1378031197099431
1378031197099528
1378031197099533
1378031197099679
1378031197099803
1378031197100758
1378031197100947
1378031197101164
1378031197101173
1378031197101271
1378031197101290
1378031197101335
1378031197101410
1378031197101416
1378031197109452
1378031197117919
1378031197118017
1378031197118116
1378031197118211
1378031197119857
1378031197119956
1378031197120057
1378031197120152
1378031197120586
1378031197120682
1378031197120960
1378031197121082
1378031197121089
1378031197121473
1378031197121479
1378031197121608
1378031197121612
1378031197121708
1378031197121715
1378031197121810
1378031197121813
1378031197122237
1378031197122245
1378031197122373
1378031197122378
1378031197122476
1378031197122492
1378031197122653
1378031197122657
1378031197122753
1378031197122777
1378031197122899
1378031197122905
1378031197123172
1378031197123179
1378031197123376
1378031197123383
1378031197123616
1378031197123623
1378031197123866
1378031197123873
1378031197124116
1378031197124124
1378031197124612
1378031197124620
1378031197124739
1378031197124746
1378031197124843
1378031197124874
1378031197124998
1378031197125004
1378031197125424
1378031197125432
1378031197125561
1378031197125567
1378031197125684
1378031197125691
1378031197125787
1378031197125793
1378031197126063
1378031197126071
1378031197126166
1378031197126191
1378031197126317
1378031197126323
1378031197126419
1378031197126426
1378031197126551
1378031197126569
1378031197126692
1378031197126697
1378031197126798
1378031197126802
1378031197127109
1378031197127116
1378031197127237
1378031197127284
1378031197127462
1378031197127469
1378031197127565
1378031197127597
1378031197127718
1378031197127723
1378031197127822
1378031197127868
1378031197128096
1378031197128103
1378031197128482
1378031197128490
1378031197128643
1378031197128650
1378031197128746
1378031197128764
1378031197128887
1378031197128894
1378031197128990
1378031197128996
1378031197129157
1378031197129164
1378031197129259
1378031197129265
1378031197129426
1378031197129432
1378031197129528
1378031197129534
1378031197129690
1378031197129694
1378031197129790
1378031197129815
1378031197129935
1378031197129941
1378031197130750
1378031197130758
1378031197130885
1378031197130892
1378031197130988
1378031197130995
1378031197131160
1378031197131167
1378031197131263
1378031197131294
1378031197131420
1378031197131424
1378031197131520
1378031197131539
1378031197131659
1378031197131665
1378031197132661
1378031197132669
1378031197132785
1378031197132792
1378031197132969
1378031197132973
1378031197133095
1378031197133098
1378031197133900
1378031197133908
1378031197134024
1378031197134028
1378031197136599
1378031197136607
1378031197136797
1378031197136804
1378031197137881
1378031197137888
1378031197138080
1378031197138088
1378031197138608
1378031197138614
1378031197138980
1378031197138986
1378031197139223
1378031197139230
1378031197139355
1378031197139359
1378031197139456
1378031197139463
1378031197139679
1378031197139686
1378031197139784
1378031197139815
1378031197139956
1378031197139963
1378031197140038
1378031197140061
1378031197145984
1378031197145992
1378031197146179
1378031197146186
1378031197146380
1378031197146386
1378031197146482
1378031197146489
1378031197147656
1378031197147663
1378031197147852
1378031197147859
1378031197148804
1378031197148812
1378031197149054
1378031197149062
1378031197149304
1378031197149311
1378031197149441
1378031197149448
1378031197149543
1378031197149550
1378031197149645
1378031197149652
1378031197150074
1378031197150082
1378031197150492
1378031197150499
1378031197151828
1378031197153510
1378031197153732
1378031197153742
1378031197153749
1378031197153836
1378031197153935
1378031197154132
1378031197154231
1378031197154238
1378031197154333
1378031197154339
1378031197154466
1378031197154470
1378031197154885
1378031197154893
1378031197155010
1378031197155014
1378031197155260
1378031197155267
1378031197155630
1378031197155637
1378031197155994
1378031197156001
1378031197156129
1378031197156133
1378031197156229
1378031197156236
1378031197156406
1378031197156410
1378031197156505
1378031197156512
1378031197156794
1378031197156801
1378031197157662
1378031197157670
1378031197157790
1378031197157794
1378031197158032
1378031197158040
1378031197158160
1378031197158167
1378031197158264
1378031197158296
1378031197158398
1378031197158414
1378031197158508
1378031197158515
1378031197158712
1378031197158720
1378031197158815
1378031197158837
1378031197158959
1378031197158966
1378031197159088
1378031197159095
1378031197159398
1378031197159406
1378031197159560
1378031197159566
1378031197167421
1378031197168388
1378031197168485
1378031197168656
1378031197168754
1378031197179392
1378031197179489
1378031197180170
1378031197180292
1378031197180299
1378031197180545
1378031197180552
1378031197180648
1378031197180674
1378031197180798
1378031197180805
1378031197180899
1378031197180905
1378031197181170
1378031197181177
1378031197181297
1378031197181304
1378031197181445
1378031197181541
1378031197181549
1378031197181805
1378031197181814
1378031197181910
1378031197181916
1378031197182184
1378031197182191
1378031197182308
1378031197182316
1378031197182687
1378031197182694
1378031197182815
1378031197182822
1378031197182920
1378031197182926
1378031197183198
1378031197183206
1378031197183308
1378031197183331
1378031197183452
1378031197183459
1378031197183555
1378031197183560
1378031197183972
1378031197183980
1378031197184076
1378031197184082
1378031197184217
1378031197184224
1378031197184449
1378031197184456
1378031197184699
1378031197184706
1378031197184822
1378031197184829
1378031197184947
1378031197184953
1378031197185048
1378031197185084
1378031197185205
1378031197185212
1378031197185492
1378031197185499
1378031197185621
1378031197185628
1378031197185723
1378031197185729
1378031197185895
1378031197185902
1378031197186022
1378031197186026
1378031197186144
1378031197186151
1378031197186246
1378031197186252
1378031197186393
1378031197186397
1378031197186508
1378031197186540
1378031197186657
1378031197186663
1378031197186759
1378031197186765
1378031197186951
1378031197186959
1378031197187316
1378031197187323
1378031197187463
1378031197187482
1378031197187598
1378031197187601
1378031197188470
1378031197188478
1378031197188730
1378031197188737
1378031197189221
1378031197189228
1378031197189329
1378031197189334
1378031197190036
1378031197190043
1378031197190408
1378031197190415
1378031197190544
1378031197190548
1378031197190643
1378031197190678
1378031197190800
1378031197190807
1378031197190893
1378031197190925
1378031197191062
1378031197191068
1378031197191306
1378031197191313
1378031197204744
1378031197217877
1378031197217981
1378031197218075
1378031197218172
1378031197218734
1378031197218900
1378031197219656
1378031197220058
1378031197220067
1378031197228845
1378031197234415
1378031197234514
1378031197235018
1378031197237708
1378031197237822
1378031197237829
1378031197237951
1378031197237978
1378031197238060
1378031197238082
1378031197238606
1378031197238617
1378031197238950
1378031197238960
1378031197239177
1378031197239186
1378031197239407
1378031197239414
1378031197239887
1378031197239898
1378031197240159
1378031197240168
1378031197241016
1378031197241027
1378031197241124
1378031197241131
1378031197241382
1378031197241387
1378031197241467
1378031197241513
1378031197241518
1378031197241722
1378031197241731
1378031197241827
1378031197241857
1378031197241955
1378031197241959
1378031197242276
1378031197242285
1378031197247428
1378031197247452
1378031197247687
1378031197247695
1378031197247768
1378031197247801
1378031197247933
1378031197248014
1378031197248134
1378031197248289
1378031197248411
1378031197248416
1378031197248533
1378031197248580
1378031197248745
1378031197248751
1378031197249004
1378031197249011
1378031197249107
1378031197249113
1378031197249234
1378031197249494
1378031197249620
1378031197249629
1378031197249725
1378031197249732
1378031197249934
1378031197249941
1378031197250419
1378031197250429
1378031197250675
1378031197250685
1378031197250783
1378031197250810
1378031197250928
1378031197250936
1378031197251171
1378031197251178
1378031197251275
1378031197251301
1378031197251443
1378031197251461
1378031197251465
1378031197251705
1378031197251714
1378031197251809
1378031197251816
1378031197252016
1378031197252024
1378031197252119
1378031197252125
1378031197252257
1378031197252319
1378031197252541
1378031197252548
1378031197252643
1378031197252650
1378031197252777
1378031197252781
1378031197252876
1378031197252900
1378031197253019
1378031197253025
1378031197253297
1378031197253304
1378031197253580
1378031197253591
1378031197253688
1378031197253694
1378031197253964
1378031197253968
1378031197254112
1378031197254120
1378031197254243
1378031197254466
1378031197254588
1378031197254596
1378031197254846
1378031197254851
1378031197254929
1378031197255105
1378031197255113
1378031197255255
1378031197255259
1378031197255608
1378031197255619
1378031197255770
1378031197255775
1378031197255925
1378031197255933
1378031197256045
1378031197256072
1378031197256169
1378031197256173
1378031197256296
1378031197256366
1378031197256486
1378031197256491
1378031197256607
1378031197256676
1378031197256788
1378031197256878
1378031197256929
1378031197257029
1378031197257057
1378031197257178
1378031197257276
1378031197257361
1378031197257432
1378031197257464
1378031197257554
1378031197257668
1378031197257799
1378031197257807
1378031197258093
1378031197259087
1378031197259102
1378031197259250
1378031197259255
1378031197259351
1378031197259376
1378031197259503
1378031197259509
1378031197259631
1378031197259637
1378031197269145
1378031197269171
1378031197269250
1378031197269282
1378031197269450
1378031197269455
1378031197269556
1378031197269559
1378031197269715
1378031197269723
1378031197271482
1378031197272890
1378031197273002
1378031197273083
1378031197273182
1378031197273274
1378031197273371
1378031197273378
1378031197275090
1378031197275106
1378031197275341
1378031197275349
1378031197275512
1378031197275518
1378031197275613
1378031197275621
1378031197275793
1378031197275800
1378031197275929
1378031197275935
1378031197276355
1378031197280329
1378031197280351
1378031197280451
1378031197280459
1378031197280628
1378031197280635
1378031197280731
1378031197280735
1378031197281133
1378031197281145
1378031197281243
1378031197281266
1378031197281384
1378031197281389
1378031197281731
1378031197281741
1378031197281898
1378031197281905
1378031197282030
1378031197282037
1378031197282179
1378031197282184
1378031197282575
1378031197282585
1378031197284341
1378031197284358
1378031197284708
1378031197284719
1378031197284971
1378031197284981
1378031197285079
1378031197285085
1378031197285335
1378031197285345
1378031197285599
1378031197285608
1378031197285850
1378031197285860
1378031197285958
1378031197285964
1378031197286256
1378031197286266
1378031197286363
1378031197286369
1378031197286765
1378031197286776
1378031197287021
1378031197287030
1378031197287127
1378031197287174
1378031197287318
1378031197287325
1378031197287431
1378031197287518
1378031197287579
1378031197287648
1378031197287768
1378031197287773
1378031197287976
1378031197287982
1378031197288095
1378031197288171
1378031197288234
1378031197288270
1378031197288308
1378031197288355
1378031197288410
1378031197288551
1378031197288560
1378031197288656
1378031197288661
1378031197288787
1378031197288873
1378031197288963
1378031197289343
1378031197289354
1378031197289506
1378031197289514
1378031197289783
1378031197289791
1378031197289888
1378031197289893
1378031197290036
1378031197290076
1378031197290176
1378031197290180
1378031197290931
1378031197290945
1378031197291166
1378031197291173
1378031197291270
1378031197291276
1378031197291434
1378031197291441
1378031197291582
1378031197291590
1378031197292142
1378031197292155
1378031197292390
1378031197292399
1378031197292705
1378031197292715
1378031197292833
1378031197292840
1378031197292962
1378031197292967
1378031197293085
1378031197293091
1378031197293341
1378031197293345
1378031197293466
1378031197293473
1378031197293569
1378031197293574
1378031197301608
1378031197301629
1378031197305917
1378031197305938
1378031197306034
1378031197306056
1378031197306178
1378031197306182
1378031197306277
1378031197306282
1378031197307133
1378031197307147
1378031197307245
1378031197307253
1378031197307495
1378031197307503
1378031197307624
1378031197307631
1378031197307875
1378031197307885
1378031197308010
1378031197308015
1378031197308135
1378031197308139
1378031197308388
1378031197308395
1378031197308518
1378031197308521
1378031197308618
1378031197308621
1378031197308866
1378031197308873
1378031197309034
1378031197309038
1378031197309133
1378031197309156
1378031197309276
1378031197309283
1378031197311981
1378031197311997
1378031197312232
1378031197312240
1378031197312473
1378031197312481
1378031197312578
1378031197312611
1378031197312708
1378031197312712
1378031197312807
1378031197312811
1378031197313033
1378031197313040
1378031197313137
1378031197313145
1378031197314161
1378031197314176
1378031197314529
1378031197314540
1378031197314637
1378031197314671
1378031197314767
1378031197314790
1378031197314915
1378031197314923
1378031197315018
1378031197315023
1378031197315148
1378031197315234
1378031197315543
1378031197315554
1378031197315652
1378031197315675
1378031197315792
1378031197315795
1378031197316036
1378031197316044
1378031197316297
1378031197316307
1378031197316545
1378031197316554
1378031197316650
1378031197316656
1378031197316811
1378031197316819
1378031197316915
1378031197316920
1378031197317050
1378031197317080
1378031197317271
1378031197317278
1378031197317430
1378031197317434
1378031197317528
1378031197317532
1378031197317691
1378031197317698
1378031197317793
1378031197317817
1378031197317964
1378031197317968
1378031197319771
1378031197319789
1378031197319884
1378031197319901
1378031197320009
1378031197320042
1378031197320145
1378031197320156
1378031197320252
1378031197320256
1378031197331902
1378031197331930
1378031197332007
1378031197332064
1378031197332188
1378031197332232
1378031197332297
1378031197332362
1378031197332461
1378031197332468
1378031197332566
1378031197332583
1378031197333870
1378031197333891
1378031197334118
1378031197334122
1378031197334363
1378031197334372
1378031197334469
1378031197334475
1378031197335640
1378031197335660
1378031197335766
1378031197335773
1378031197336269
1378031197336285
1378031197336384
1378031197336391
1378031197336633
1378031197336641
1378031197336768
1378031197336775
1378031197336871
1378031197336875
1378031197337040
1378031197337048
1378031197337145
1378031197337162
1378031197337286
1378031197337384
1378031197337393
1378031197337418
1378031197337532
1378031197337536
1378031197337696
1378031197337703
1378031197337799
1378031197337803
1378031197337926
1378031197338020
1378031197338039
1378031197339121
1378031197339141
1378031197339378
1378031197339382
1378031197339479
1378031197339497
1378031197339614
1378031197339621
1378031197339716
1378031197339744
1378031197339860
1378031197339936
1378031197339995
1378031197340048
1378031197340309
1378031197340316
1378031197341074
1378031197341084
1378031197341182
1378031197341190
1378031197341562
1378031197341570
1378031197341666
1378031197341696
1378031197341819
1378031197341825
1378031197341986
1378031197341994
1378031197342090
1378031197342095
1378031197342237
1378031197342244
1378031197342613
1378031197342621
1378031197342767
1378031197342850
1378031197342946
1378031197343111
1378031197343212
1378031197343362
1378031197343492
1378031197343500
1378031197343596
1378031197343603
1378031197343994
1378031197344003
1378031197344105
1378031197344110
1378031197344368
1378031197344375
1378031197344495
1378031197344499
1378031197344749
1378031197344757
1378031197344854
1378031197344884
1378031197345004
1378031197345011
1378031197345106
1378031197345110
1378031197345389
1378031197345393
1378031197345638
1378031197345645
1378031197345887
1378031197345895
1378031197345994
1378031197345998
1378031197346171
1378031197346176
1378031197346272
1378031197346276
1378031197346415
1378031197346422
1378031197346513
1378031197346548
1378031197346670
1378031197346711
1378031197346778
1378031197346812
1378031197346921
1378031197346983
1378031197347039
1378031197347085
1378031197347177
1378031197347285
1378031197347318
1378031197347414
1378031197347418
1378031197347546
1378031197347608
1378031197347867
1378031197347871
1378031197347969
1378031197348000
1378031197348122
1378031197348154
1378031197348229
1378031197348263
1378031197348384
1378031197348467
1378031197348600
1378031197348606
1378031197348770
1378031197348774
1378031197348844
1378031197348887
1378031197348917
1378031197357463
1378031197357473
1378031197357664
1378031197357668
1378031197361399
1378031197361407
1378031197361653
1378031197361660
1378031197361901
1378031197361909
1378031197362005
1378031197362029
1378031197362151
1378031197362155
1378031197362255
1378031197362311
1378031197362557
1378031197362562
1378031197362685
1378031197362693
1378031197363076
1378031197363084
1378031197363186
1378031197363191
1378031197363451
1378031197363458
1378031197363842
1378031197363849
1378031197364035
1378031197364039
1378031197364135
1378031197364141
1378031197364304
1378031197364310
1378031197364435
1378031197364440
1378031197364553
1378031197364617
1378031197365117
1378031197365124
1378031197365298
1378031197365302
1378031197365420
1378031197365428
1378031197365526
1378031197365530
1378031197365703
1378031197365709
1378031197370285
1378031197370292
1378031197370545
1378031197370552
1378031197370649
1378031197370655
1378031197370789
1378031197370795
1378031197370894
1378031197370899
1378031197371057
1378031197371084
1378031197371185
1378031197371193
1378031197372621
1378031197372629
1378031197372725
1378031197372751
1378031197372873
1378031197372879
1378031197373043
1378031197373049
1378031197382948
1378031197382956
1378031197383052
1378031197383082
1378031197383203
1378031197383208
1378031197383451
1378031197383458
1378031197383558
1378031197383563
1378031197383822
1378031197383829
1378031197383971
1378031197383975
1378031197384072
1378031197384078
1378031197384401
1378031197384408
1378031197384617
1378031197384625
1378031197384721
1378031197384727
1378031197384854
1378031197384860
1378031197388819
1378031197388827
1378031197388922
1378031197388928
1378031197389187
1378031197389194
1378031197389291
1378031197389321
1378031197389441
1378031197389447
1378031197389543
1378031197389548
1378031197389767
1378031197389775
1378031197389932
1378031197389939
1378031197390035
1378031197390040
1378031197390337
1378031197390344
1378031197391174
1378031197391180
1378031197391277
1378031197391308
1378031197391429
1378031197391436
1378031197391532
1378031197391539
1378031197391705
1378031197391712
1378031197391809
1378031197391826
1378031197391958
1378031197391965
1378031197392189
1378031197392196
1378031197393171
1378031197393179
1378031197393420
1378031197393427
1378031197393671
1378031197393678
1378031197393781
1378031197393786
1378031197393966
1378031197393972
1378031197394068
1378031197394075
1378031197394407
1378031197394415
1378031197394531
1378031197394538
1378031197394597
1378031197395821
1378031197395831
1378031197396066
1378031197396073
1378031197396262
1378031197396269
1378031197396462
1378031197396470
1378031197396901
1378031197396909
1378031197397168
1378031197397176
1378031197398454
1378031197398462
1378031197398585
1378031197398589
1378031197398764
1378031197398769
1378031197398849
1378031197398946
1378031197398950
1378031197399663
1378031197399672
1378031197400037
1378031197400044
1378031197400147
1378031197400171
1378031197400292
1378031197400299
1378031197400385
1378031197400417
1378031197400547
1378031197400554
1378031197400652
1378031197400658
1378031197400799
1378031197400818
1378031197409131
1378031197409138
1378031197409234
1378031197409260
1378031197409377
1378031197409387
1378031197409532
1378031197409538
1378031197409634
1378031197409640
1378031197409888
1378031197409896
1378031197414336
1378031197414343
1378031197414707
1378031197414714
1378031197414842
1378031197414846
1378031197414941
1378031197414948
1378031197415215
1378031197415222
1378031197415353
1378031197415359
1378031197421380
1378031197421387
1378031197421633
1378031197421641
1378031197421742
1378031197421765
1378031197421884
1378031197421891
1378031197421977
1378031197422010
1378031197422128
1378031197422134
1378031197422229
1378031197422232
1378031197422454
1378031197422458
1378031197446464
1378031197446472
1378031197446785
1378031197446792
1378031197447014
1378031197447021
1378031197447242
1378031197447250
1378031197447536
1378031197447543
1378031197447914
1378031197447921
1378031197448842
1378031197448849
1378031197449057
1378031197449064
1378031197449471
1378031197449479
1378031197449757
1378031197449764
1378031197450660
1378031197450666
1378031197450787
1378031197450794
1378031197451039
1378031197451046
1378031197451145
1378031197451150
1378031197451326
1378031197451330
1378031197451425
1378031197451432
1378031197451680
1378031197451687
1378031197451846
1378031197451852
1378031197472456
1378031197472464
1378031197472709
1378031197472718
1378031197472818
1378031197472841
1378031197472959
1378031197472967
1378031197473063
1378031197473067
1378031197473261
1378031197473265
1378031197473360
1378031197473386
1378031197473504
1378031197473509
1378031197473754
1378031197473761
1378031197492040
1378031197497494
1378031197497520
1378031197497624
1378031197497632
1378031197497903
1378031197497913
1378031197498011
1378031197498017
1378031197498211
1378031197498219
1378031197498625
1378031197498634
1378031197499616
1378031197499625
1378031197499917
1378031197499926
1378031197500023
1378031197500030
1378031197500212
1378031197500220
1378031197501538
1378031197501548
1378031197501775
1378031197501782
1378031197502125
1378031197502133
1378031197502251
1378031197502259
1378031197502460
1378031197502468
1378031197502564
1378031197502571
1378031197502913
1378031197502922
1378031197503018
1378031197503026
1378031197523747
1378031197523756
1378031197524008
1378031197524016
1378031197524119
1378031197524123
1378031197524249
1378031197524256
1378031197524347
1378031197524381
1378031197524502
1378031197524552
1378031197524602
1378031197524652
1378031197524676
1378031197524758
1378031197524762
1378031197542161
1378031197542927
1378031197543027
1378031197548028
1378031197548128
1378031197548302
1378031197548397
1378031197548459
1378031197548557
1378031197548565
1378031197548827
1378031197548834
1378031197548954
1378031197548958
1378031197549341
1378031197549353
1378031197549451
1378031197549457
1378031197550439
1378031197550449
1378031197550548
1378031197550568
1378031197550688
1378031197550692
1378031197550786
1378031197550790
1378031197552368
1378031197552379
1378031197552609
1378031197552616
1378031197552754
1378031198371437
1378031198422004
1378031198422473
1378031198422495
1378031198428617
1378031198479389
1378031198484506
1378031198540354
1378031198540939
1378031198541053
1378031198576328
1378031198580672
1378031198582779
1378031198604381
1378031198604403
1378031198604574
1378031198648082
1378031198648589
1378031198655170
1378031198655184
1378031198655367
1378031198655375
1378031198655568
1378031198655576
1378031198655674
1378031198655680
1378031198659642
1378031198659650
1378031198659907
1378031198659914
1378031198660149
1378031198660157
1378031198660253
1378031198660259
1378031198660514
1378031198660523
1378031198660618
1378031198660624
1378031198660944
1378031198660951
1378031198661049
1378031198661055
1378031198661211
1378031198661217
1378031198661312
1378031198661318
1378031198661769
1378031198661777
1378031198661938
1378031198661942
1378031198662337
1378031198664881
1378031198664892
1378031198665135
1378031198665142
1378031198665239
1378031198665246
1378031198665375
1378031198665380
1378031198665477
1378031198665481
1378031198668782
1378031198668791
1378031198669632
1378031198669640
1378031198669810
1378031198669816
1378031198669934
1378031198669938
1378031198670097
1378031198670102
1378031198670201
1378031198670217
1378031198670341
1378031198670348
1378031198670444
1378031198670448
1378031198670592
1378031198670599
1378031198670722
1378031198670728
1378031198670825
1378031198670846
1378031198670968
1378031198670994
1378031198671091
1378031198671094
1378031198671220
1378031198671241
1378031198671338
1378031198671344
1378031198671467
1378031198671475
1378031198671570
1378031198671577
1378031198671714
1378031198671721
1378031198671863
1378031198671871
1378031198672373
1378031198673140
1378031198673150
1378031198673250
1378031198673267
1378031198673708
1378031198673715
1378031198673960
1378031198673967
1378031198674211
1378031198674219
1378031198674372
1378031198674376
1378031198674610
1378031198674618
1378031198674716
1378031198674733
1378031198674868
1378031198674875
1378031198675213
1378031198675220
1378031198676246
1378031198676254
1378031198676349
1378031198676355
1378031198676610
1378031198676618
1378031198676743
1378031198676747
1378031198676842
1378031198676873
1378031198676998
1378031198677004
1378031198677104
1378031198677119
1378031198677238
1378031198677275
1378031198677496
1378031198677502
1378031198677621
1378031198677628
1378031198677724
1378031198677731
1378031198678011
1378031198678019
1378031198678114
1378031198678121
1378031198678377
1378031198678384
1378031198678628
1378031198678635
1378031198678752
1378031198678759
1378031198679009
1378031198679015
1378031198679138
1378031198679141
1378031198679309
1378031198679313
1378031198679386
1378031198679568
1378031198679577
1378031198679673
1378031198679679
1378031198679935
1378031198679950
1378031198680048
1378031198680054
1378031198680168
1378031198680172
1378031198680442
1378031198680450
1378031198680547
1378031198680554
1378031198680680
1378031198680686
1378031198680782
1378031198680785
1378031198681107
1378031198681114
1378031198681208
1378031198681246
1378031198681433
1378031198681440
1378031198681536
1378031198681542
1378031198681668
1378031198681697
1378031198681818
1378031198681824
1378031198681929
1378031198681960
1378031198682058
1378031198682061
1378031198682177
1378031198682235
1378031198682357
1378031198682364
1378031198682706
1378031198682713
1378031198682832
1378031198682835
1378031198682980
1378031198682984
1378031198683079
1378031198683086
1378031198683243
1378031198683250
1378031198683345
1378031198683351
1378031198683468
1378031198683474
1378031198683617
1378031198683623
1378031198683791
1378031198683795
1378031198683892
1378031198683898
1378031198684516
1378031198684523
1378031198684651
1378031198684657
1378031198684831
1378031198684839
1378031198695784
1378031198721831
1378031198721841
1378031198747253
1378031198756684
1378031198783192
1378031198783205
1378031198783211
1378031198809424
1378031198809531
1378031198819675
1378031198845505
1378031198845515
1378031198845521
1378031198888086
1378031199503117
1378031199505214
1378031199522506
1378031199523198
1378031199529268
1378031199529280
1378031199529522
1378031199529527
1378031199529778
1378031199529787
1378031199529884
1378031199529891
1378031199530155
1378031199530162
1378031199530258
1378031199530265
1378031199530588
1378031199530596
1378031199530694
1378031199530710
1378031199530867
1378031199530874
1378031199530972
1378031199530977
1378031199531391
1378031199531400
1378031199542858
1378031199543076
1378031199543209
1378031199555906
1378031199556039
1378031199556048
1378031199556143
1378031199556150
1378031199556319
1378031199556327
1378031199556424
1378031199556486
1378031199556739
1378031199556743
1378031199774643
1378031199792282
1378031199792535
1378031199831455
1378031200044559
1378031200070554
1378031200070583
1378031200070730
1378031200145744
1378031200171973
1378031200172011
1378031200172022
1378031200172203
1378031200172305
1378031200172437
1378031200172569
1378031200172576
1378031200172673
1378031200172700
1378031200172823
1378031200172826
1378031200173031
1378031200173038
1378031200173286
1378031200173294
1378031200173411
1378031200173418
1378031200173907
1378031200173916
1378031200174080
1378031200174087
1378031200174399
1378031200174665
1378031200174763
1378031200174826
1378031200174954
1378031200174962
1378031200175764
1378031200175772
1378031200175931
1378031200175935
1378031200176030
1378031200176036
1378031200177186
1378031200177871
1378031200182633
1378031200182646
1378031200182655
1378031200182805
1378031200182907
1378031200183050
1378031200183147
1378031200183155
1378031200186913
1378031200186922
1378031200187019
1378031200187026
1378031200187210
1378031200187217
1378031200187311
1378031200187318
1378031200187636
1378031200187645
1378031200187772
1378031200187775
1378031200188079
1378031200188088
1378031200188241
1378031200188246
1378031200188340
1378031200188346
1378031200188792
1378031200188801
1378031200188955
1378031200188962
1378031200189057
1378031200189064
1378031200191321
1378031200191330
1378031200191619
1378031200191626
1378031200191885
1378031200191893
1378031200192175
1378031200192183
1378031200192580
1378031200192588
1378031200192683
1378031200192713
1378031200192838
1378031200192845
1378031200193168
1378031200193176
1378031200193319
1378031200193326
1378031200193448
1378031200193455
1378031200193581
1378031200258589
1378031200259249
1378031200341334
1378031200341833
1378031200341949
1378031200502758
1378031200520439
1378031200521400
1378031200540042
1378031200551846
1378031200552136
1378031200556309
1378031200557678
1378031200571651
1378031200593819
1378031200594004
1378031200594014
1378031200594572
1378031200643929
1378031200644221
1378031200644930
1378031200683760
1378031200739496
1378031200776218
1378031200776368
1378031200816050
1378031200816787
1378031200837128
1378031200837343
1378031200837490
1378031200846113
1378031200883726
1378031200901906
1378031200902971
1378031200903119
1378031200903423
1378031200903527
1378031200940740
1378031201066683
1378031201103741
1378031201117217
1378031201117875
1378031201117887
1378031201117983
1378031201154030
1378031201154927
1378031201191741
1378031201195642
1378031201196436
1378031201201315
1378031201201338
1378031201201577
1378031201201586
1378031201208589
1378031201215663
1378031201252109
1378031201269446
1378031201277376
1378031201294257
1378031201295435
1378031201336077
1378031201336756
1378031201350125
1378031201628532
1378031201641072
1378031201641870
1378031201646402
1378031201778208
1378031201822542
1378031201833090
1378031201833429
1378031201833841
1378031201833997
1378031201843389
1378031201843404
1378031201843414
1378031201843630
1378031201843780
1378031201843788
1378031201843886
1378031201843892
1378031201844144
1378031201844151
1378031201845802
1378031201849207
1378031201849305
1378031201849382
1378031201849480
1378031201853137
1378031201853584
1378031201853598
1378031201853744
1378031201859115
1378031201859129
1378031201861932
1378031201863321
1378031201863334
1378031201863432
1378031201863439
1378031201863556
1378031201900085
1378031201900878
1378031201915653
1378031201915683
1378031201917725
1378031201918607
1378031201918749
1378031201918945
1378031201919084
1378031201967741
1378031201969731
1378031201983519
1378031201984074
1378031202053286
1378031202053318
1378031202053461
1378031202053879
1378031202079507
1378031202088211
1378031202092399
1378031202132086
1378031202133087
1378031202133100
1378031202149804
1378031202155785
1378031202173938
1378031202173965
1378031202173975
1378031202216079
1378031202251677
1378031202251687
1378031202256098
1378031202257529
1378031202265055
1378031202308083
1378031202332985
1378031202333561
1378031202414875
1378031202415470
1378031202415572
1378031202434500
1378031202435304
1378031202448473
1378031202449410
1378031202454337
1378031202455345
1378031202464133
1378031202465234
1378031202481417
1378031202486395
1378031202503721
1378031202504967
1378031202524860
1378031202525071
1378031202525212
1378031202528357
1378031202567211
1378031202584935
1378031202602773
1378031202603751
1378031202649240
1378031202652225
1378031202666005
1378031202689384
1378031202693193
1378031202693467
1378031202698779
1378031202698790
1378031202698991
1378031202698998
1378031202699124
1378031202924593
1378031202942881
1378031202943495
1378031202979658
1378031202990012
1378031203028554
1378031203055155
1378031203055185
1378031203067140
1378031203070189
1378031203070217
1378031203073009
1378031203084684
1378031203124066
1378031203124592
1378031203160387
1378031203160416
1378031203164504
1378031203164838
1378031203174940
1378031203174974
1378031203212068
1378031203212449
1378031203225834
1378031203225863
1378031203238506
1378031203238894
1378031203252675
1378031203252708
1378031203292077
1378031203293038
1378031203331642
1378031203335753
1378031203336082
1378031203350005
1378031203350034
1378031203362585
1378031203363005
1378031203364056
1378031203364076
1378031203373679
1378031203410702
1378031203410826
1378031203411514
1378031203424271
1378031203424859
1378031203438242
1378031203438278
1378031203449952
1378031203450485
1378031203452748
1378031203452787
1378031203463015
1378031203463048
1378031203470872
1378031203473636
1378031203474228
1378031203475833
1378031203475877
1378031203485625
1378031203485642
1378031203485737
1378031203485802
1378031203485900
1378031203486072
1378031203486195
1378031203524053
1378031203563628
1378031203575525
1378031203575890
1378031203578119
1378031203580361
1378031203580371
1378031203584485
1378031203584927
1378031203589885
1378031203589907
1378031203590198
1378031203631901
1378031203671623
1378031203712044
1378031203712418
1378031203717393
1378031203721446
1378031203732766
1378031203733478
1378031203745624
1378031203746966
1378031203761253
1378031207666432
1378031209161425
1378031209161845
1378031209162583
1378031209204064
1378031224162454
1378031224162580
1378031224162712
1378031224173647
1378031224176844
1378031269163105
1378031269164240
1378031284000103
1378031284000131
1378031284004585
