1379703792277080
1379703792522183
1379703792522534
1379703792522622
1379703792765685
1379703792765823
1379703792765918
1379703792766403
1379703792766487
1379703792766657
1379703792766773
1379703792766884
1379703792767476
1379703792767639
1379703792767750
1379703792798735
1379703793014401
1379703793014524
1379703793014607
1379703793014717
1379703793014908
1379703793015440
1379703793015527
1379703793015769
1379703793015862
1379703793016360
1379703793016617
1379703793016887
1379703793017143
1379703793017382
1379703793017810
1379703793017921
1379703793018035
1379703793018167
1379703793018287
1379703793018432
1379703793018550
1379703793044307
1379703793044434
1379703793048125
1379703793048219
1379703793048362
1379703793048590
1379703793053506
1379703793058450
1379703793264208
1379703793264346
1379703793264901
1379703793265252
1379703793265335
1379703793265563
1379703793265797
1379703793265891
1379703793266001
1379703793266544
1379703793266625
1379703793267317
1379703793267483
1379703793267774
1379703793267854
1379703793268148
1379703793268248
1379703793291776
1379703793295449
1379703793295456
1379703793295495
1379703793295795
1379703793297862
1379703793298069
1379703793298193
1379703793298303
1379703793298631
1379703793298754
1379703793300005
1379703793510427
1379703793510775
1379703793510860
1379703793532175
1379703793532259
1379703793532388
1379703793545701
1379703793545715
1379703793545726
1379703793546014
1379703793766453
1379703793805935
1379703793829265
1379703794073655
1379703794075877
1379703794075957
1379703794076100
1379703794076326
1379703794320185
1379703794320258
1379703794323332
1379703794323635
1379703794324085
1379703794324427
1379703794559130
1379703794571306
1379703794571367
1379703794797492
1379703794797608
1379703794797706
1379703794797952
1379703794802922
1379703795035597
1379703795035713
1379703795035813
1379703795036050
1379703795036169
1379703795036553
1379703795036646
1379703795036755
1379703795036874
1379703795037640
1379703795037774
1379703795037866
1379703795047504
1379703795047613
1379703795047714
1379703795047992
1379703795081829
1379703795185175
1379703795272274
1379703795272404
1379703795272498
1379703795272936
1379703795273059
1379703795273150
1379703795273614
1379703795273887
1379703795274089
1379703795274477
1379703795274734
1379703795275031
1379703795275127
1379703795275513
1379703795275775
1379703795275873
1379703795276146
1379703795276366
1379703795276459
1379703795276559
1379703795276646
1379703795289584
1379703795289681
1379703795289997
1379703795290086
1379703795290490
1379703795290674
1379703795290773
1379703795291529
1379703795291782
1379703795291868
1379703795291986
1379703795292100
1379703795292935
1379703795293033
1379703795293123
1379703795313537
1379703795313543
1379703795322923
1379703795323011
1379703795323212
1379703795395422
1379703795507875
1379703795507982
1379703795508091
1379703795508203
1379703795508682
1379703795508763
1379703795531235
1379703795531443
1379703795531630
1379703795532003
1379703795532508
1379703795532773
1379703795532920
1379703795533344
1379703795533532
1379703795533851
1379703795533996
1379703795534275
1379703795534479
1379703795564463
1379703795564723
1379703795564812
1379703795565046
1379703795565167
1379703795565271
1379703795565529
1379703795565780
1379703795565893
1379703795566426
1379703795566663
1379703795566816
1379703795568144
1379703795568214
1379703795568289
1379703795568293
1379703795568947
1379703795568988
1379703795709781
1379703795754685
1379703795806676
1379703795806864
1379703795807016
1379703795807162
1379703795807340
1379703795807434
1379703795807867
1379703795808577
1379703795808846
1379703795808952
1379703795809076
1379703795809280
1379703795809899
1379703795810003
1379703795810174
1379703795810306
1379703795829263
1379703795889649
1379703795895077
1379703795895171
1379703795895443
1379703796024823
1379703796024958
1379703796029488
1379703796034965
1379703796035431
1379703796035609
1379703796035709
1379703796036082
1379703796159179
1379703796159265
1379703796159596
1379703796159717
1379703796159818
1379703796160198
1379703796169754
1379703796169875
1379703796170177
1379703796170477
1379703796174829
1379703796175229
1379703796176283
1379703796176521
1379703796176898
1379703796177013
1379703796177128
1379703796177229
1379703796177450
1379703796177576
1379703796177692
1379703796293662
1379703796294037
1379703796294264
1379703796294496
1379703796295024
1379703796295124
1379703796295268
1379703796295663
1379703796295788
1379703796295881
1379703796296010
1379703796296132
1379703796305512
1379703796305634
1379703796305861
1379703796309470
1379703796309719
1379703796309868
1379703796310193
1379703796310655
1379703796310771
1379703796314534
1379703796314739
1379703796315159
1379703796315296
1379703796315613
1379703796315698
1379703796316856
1379703796318849
1379703796318981
1379703796319047
1379703796319091
1379703796319214
1379703796319510
1379703796319836
1379703796319916
1379703796320038
1379703796320042
1379703796320347
1379703796320441
1379703796321384
1379703796321595
1379703796321853
1379703796323116
1379703796428397
1379703796428507
1379703796429557
1379703796429646
1379703796429895
1379703796430042
1379703796430300
1379703796430418
1379703796430528
1379703796430900
1379703796431148
1379703796431284
1379703796431389
1379703796431788
1379703796431913
1379703796432059
1379703796439825
1379703796440035
1379703796440591
1379703796440989
1379703796441109
1379703796441221
1379703796449211
1379703796449372
1379703796450059
1379703796450465
1379703796450705
1379703796452067
1379703796452192
1379703796452312
1379703796452432
1379703796452540
1379703796455952
1379703796456050
1379703796457181
1379703796457301
1379703796457424
1379703796457524
1379703796457657
1379703796457816
1379703796457942
1379703796458035
1379703796461398
1379703796461669
1379703796461791
1379703796461901
1379703796462001
1379703796462291
1379703796469519
1379703796497794
1379703796497801
1379703796552757
1379703796555337
1379703796555452
1379703796555573
1379703796555688
1379703796555796
1379703796555913
1379703796556037
1379703796556147
1379703796556269
1379703796556367
1379703796556506
1379703796556806
1379703796556903
1379703796557016
1379703796557163
1379703796557884
1379703796558000
1379703796558099
1379703796558983
1379703796559194
1379703796559405
1379703796560588
1379703796560760
1379703796561086
1379703796561762
1379703796561902
1379703796562018
1379703796562113
1379703796562528
1379703796563972
1379703796568534
1379703796568636
1379703796569186
1379703796569521
1379703796569899
1379703796570305
1379703796570687
1379703796570967
1379703796571082
1379703796574508
1379703796574782
1379703796575225
1379703796575490
1379703796575850
1379703796576036
1379703796576496
1379703796576711
1379703796577008
1379703796577147
1379703796588747
1379703796588803
1379703796593639
1379703796593753
1379703796595177
1379703796595478
1379703796595575
1379703796595686
1379703796595816
1379703796595938
1379703796596186
1379703796597445
1379703796597679
1379703796597964
1379703796599490
1379703796599767
1379703796599891
1379703796600010
1379703796600257
1379703796600630
1379703796600748
1379703796600956
1379703796602024
1379703796602127
1379703796602986
1379703796603088
1379703796603230
1379703796633794
1379703796637812
1379703796700669
1379703796700846
1379703796700952
1379703796701270
1379703796701382
1379703796701471
1379703796701759
1379703796701877
1379703796709910
1379703796711175
1379703796711274
1379703796711873
1379703796711980
1379703796717094
1379703796717098
1379703796717450
1379703796717456
1379703796717822
1379703796717860
1379703796717894
1379703796718179
1379703796728512
1379703796728612
1379703796728906
1379703796735776
1379703796736111
1379703796736218
1379703796736321
1379703796736551
1379703796736694
1379703796736800
1379703796737191
1379703796737432
1379703796737575
1379703796737921
1379703796738112
1379703796738233
1379703796743053
1379703796743178
1379703796743476
1379703796744237
1379703796744400
1379703796744514
1379703796744775
1379703796744956
1379703796745064
1379703796745179
1379703796745311
1379703796773775
1379703796800564
1379703796807130
1379703796807319
1379703796807781
1379703796846078
1379703796846185
1379703796846297
1379703796846383
1379703796848921
1379703796849128
1379703796849237
1379703796849542
1379703796849658
1379703796849756
1379703796849991
1379703796850255
1379703796850356
1379703796850653
1379703796868680
1379703796868865
1379703796869077
1379703796869206
1379703796869397
1379703796869416
1379703796869687
1379703796869941
1379703796870379
1379703796870589
1379703796870691
1379703796870931
1379703796871222
1379703796871360
1379703796871715
1379703796871882
1379703796872106
1379703796872344
1379703796872553
1379703796872656
1379703796878811
1379703796884160
1379703796884289
1379703796884590
1379703796885211
1379703796885399
1379703796885598
1379703796909823
1379703796910026
1379703796910048
1379703796983940
1379703796984318
1379703796984548
1379703796984658
1379703796984764
1379703796984877
1379703796984979
1379703796985404
1379703797005167
1379703797013083
1379703797013316
1379703797013438
1379703797013557
1379703797013659
1379703797013995
1379703797021799
1379703797021811
1379703797022502
1379703797022508
1379703797022963
1379703797048368
1379703797048755
1379703797174891
1379703797175067
1379703797188157
1379703797325761
1379703797325895
1379703797326017
1379703797326126
1379703797326244
1379703797326333
1379703797328482
1379703797328611
1379703797328835
1379703797366924
1379703797467508
1379703797476609
1379703797476862
1379703797507748
1379703797546013
1379703797685724
1379703797692017
1379703797692102
1379703797820298
1379703797825778
1379703797862029
1379703797955595
1379703797955701
1379703797965327
1379703798105845
1379703798105933
1379703798145960
1379703798146176
1379703798146243
1379703798146304
1379703798146462
1379703798147517
1379703798147689
1379703798147862
1379703798148032
1379703798148102
1379703798280839
1379703798281118
1379703798283825
1379703798283960
1379703798287840
1379703798288898
1379703798289258
1379703798290269
1379703798301288
1379703798378948
1379703798380021
1379703798384940
1379703798385874
1379703798388563
1379703798389219
1379703798389591
1379703798389967
1379703798390081
1379703798390196
1379703798390283
1379703798390713
1379703798390822
1379703798390923
1379703798391176
1379703798391277
1379703798391915
1379703798392147
1379703798392378
1379703798392636
1379703798392905
1379703798393028
1379703798393141
1379703798393237
1379703798393586
1379703798394942
1379703798395680
1379703798395772
1379703798396273
1379703798396509
1379703798396949
1379703798397343
1379703798397395
1379703798397686
1379703798397785
1379703798397928
1379703798398030
1379703798398110
1379703798398167
1379703798398311
1379703798398438
1379703798398615
1379703798398633
1379703798398731
1379703798398861
1379703798398985
1379703798399650
1379703798399759
1379703798399906
1379703798400076
1379703798400197
1379703798400347
1379703798400494
1379703798400639
1379703798400761
1379703798400899
1379703798401025
1379703798401129
1379703798401256
1379703798401384
1379703798401515
1379703798401649
1379703798401815
1379703798632983
1379703798633080
1379703798633380
1379703798633520
1379703798633617
1379703798633887
1379703798634150
1379703798634671
1379703798634774
1379703798634907
1379703798635421
1379703798635514
1379703798635741
1379703798635845
1379703798636160
1379703798636243
1379703798636666
1379703798636767
1379703798644524
1379703798644620
1379703798644895
1379703798645013
1379703798645273
1379703798645644
1379703798645894
1379703798646173
1379703798646549
1379703798646776
1379703798647024
1379703798647239
1379703798647476
1379703798647787
1379703798647874
1379703798648127
1379703798648248
1379703798648348
1379703798648668
1379703798648781
1379703798648892
1379703798648988
1379703798649101
1379703798649910
1379703798673556
1379703798673565
1379703798673794
1379703798685809
1379703798685818
1379703798879279
1379703799105753
1379703799133744
1379703799402352
1379703799402444
1379703799637060
1379703799647701
1379703799884903
1379703799908566
1379703800130923
1379703801545366
1379703801546036
1379703801546102
1379703801546418
1379703801697229
1379703801734182
1379703801885004
1379703801885586
1379703801885961
1379703801886073
1379703802036565
1379703802074037
1379703802128875
1379703802389167
1379703805591990
1379703805706059
1379703812388480
1379703812391564
1379703812502681
1379703812541975
1379703812637256
1379703812637333
1379703812637401
1379703812637461
1379703812637534
1379703812637594
1379703812637653
1379703812641956
1379703812773606
1379703812773905
1379703812778913
1379703812779143
1379703812779372
1379703812791049
1379703812875077
1379703812875240
1379703812875362
1379703812875498
1379703812875607
1379703812875727
1379703812875933
1379703812876467
1379703812876721
1379703812876810
1379703812877321
1379703812877449
1379703812877596
1379703812877735
1379703812877867
1379703812880501
1379703812880611
1379703812880926
1379703812881041
1379703812881152
1379703812881259
1379703812881625
1379703812881775
1379703812881885
1379703812882578
1379703812882835
1379703812882966
1379703812883835
1379703812884078
1379703812885392
1379703812885575
1379703812886000
1379703812886561
1379703812886889
1379703812887085
1379703812887243
1379703812887779
1379703812887988
1379703812888240
1379703812888496
1379703812889015
1379703812889152
1379703812889257
1379703812889505
1379703812889768
1379703812890050
1379703812890672
1379703812890795
1379703812890964
1379703812891057
1379703812891622
1379703812891873
1379703812891996
1379703812892116
1379703812892343
1379703812892460
1379703812892564
1379703812892651
1379703812892770
1379703812892887
1379703812893009
1379703812893773
1379703812894022
1379703812894278
1379703812895169
1379703812895318
1379703812895416
1379703812895648
1379703812895717
1379703812895955
1379703812896103
1379703812896298
1379703812896425
1379703812896532
1379703812896866
1379703812925761
1379703812929759
1379703813127184
1379703813128983
1379703813132755
1379703813133010
1379703813133152
1379703813133272
1379703813133376
1379703813133700
1379703813134252
1379703813134662
1379703813139012
1379703813139079
1379703813139128
1379703813139388
1379703813139515
1379703813139627
1379703813139770
1379703813140249
1379703813145033
1379703813145086
1379703813182068
1379703813366243
1379703813369513
1379703813369637
1379703813370001
1379703813370066
1379703813370173
1379703813370751
1379703813370856
1379703813370940
1379703813371022
1379703813411368
1379703813507529
1379703813507762
1379703813507976
1379703813508094
1379703813508375
1379703813508644
1379703813508784
1379703813512718
1379703813512998
1379703813513104
1379703813513408
1379703813513558
1379703813513641
1379703813607092
1379703813607432
1379703813607707
1379703813607983
1379703813608095
1379703813608471
1379703813608571
1379703813608703
1379703813608801
1379703813610263
1379703813610389
1379703813610520
1379703813610797
1379703813611050
1379703813611478
1379703813611637
1379703813611761
1379703813612028
1379703813613183
1379703813613508
1379703813613619
1379703813613750
1379703813613864
1379703813614203
1379703813614314
1379703813614638
1379703813614751
1379703813615252
1379703813615494
1379703813615773
1379703813616027
1379703813616282
1379703813616532
1379703813616807
1379703813616923
1379703813617166
1379703813617414
1379703813617518
1379703813617764
1379703813618042
1379703813618154
1379703813618290
1379703813618437
1379703813618564
1379703813618723
1379703813618942
1379703813619204
1379703813619320
1379703813619579
1379703813619694
1379703813619935
1379703813620055
1379703813620192
1379703813620313
1379703813620433
1379703813620528
1379703813620900
1379703813621023
1379703813621148
1379703813621246
1379703813624226
1379703813624507
1379703813624813
1379703813624903
1379703813657839
1379703813658207
1379703813658289
1379703813846775
1379703813846953
1379703813847203
1379703813847297
1379703813847402
1379703813853270
1379703813853528
1379703813853780
1379703813853940
1379703813854457
1379703813854562
1379703813854928
1379703813855399
1379703813855816
1379703813855933
1379703813856033
1379703813856336
1379703813856765
1379703813857911
1379703813858137
1379703813858495
1379703813858754
1379703813859264
1379703813859587
1379703813859988
1379703813860255
1379703813860369
1379703813866489
1379703813869573
1379703813869874
1379703813870052
1379703813870215
1379703813870366
1379703813870502
1379703813870609
1379703813870770
1379703813870829
1379703813907580
1379703813907968
1379703813908475
1379703813908883
1379703813909290
1379703813909507
1379703813909923
1379703813910153
1379703813910483
1379703813910609
1379703813910758
1379703813911303
1379703813911520
1379703813911791
1379703813912080
1379703813912182
1379703814084137
1379703814084257
1379703814084363
1379703814084473
1379703814084565
1379703814085017
1379703814085106
1379703814085397
1379703814085845
1379703814086109
1379703814086230
1379703814086333
1379703814086464
1379703814086584
1379703814087187
1379703814087294
1379703814087385
1379703814095398
1379703814095527
1379703814097552
1379703814097746
1379703814097996
1379703814098108
1379703814098247
1379703814098372
1379703814098734
1379703814098858
1379703814100008
1379703814100114
1379703814100343
1379703814102716
1379703814102949
1379703814103031
1379703814103156
1379703814103424
1379703814103543
1379703814104246
1379703814104448
1379703814104708
1379703814104836
1379703814104981
1379703814105224
1379703814105342
1379703814105522
1379703814105740
1379703814105879
1379703814105932
1379703814105996
1379703814106145
1379703814106266
1379703814115206
1379703814115291
1379703814115564
1379703814115818
1379703814116195
1379703814116322
1379703814116468
1379703814116565
1379703814116922
1379703814117051
1379703814117220
1379703814117349
1379703814117518
1379703814117580
1379703814154240
1379703814154862
1379703814155854
1379703814157655
1379703814157875
1379703814157984
1379703814158087
1379703814158276
1379703814158388
1379703814158648
1379703814158778
1379703814158902
1379703814159026
1379703814159122
1379703814159286
1379703814159413
1379703814159547
1379703814160079
1379703814160198
1379703814160322
1379703814160419
1379703814161109
1379703814161277
1379703814161355
1379703814161467
1379703814162037
1379703814162132
1379703814321525
1379703814321683
1379703814322034
1379703814322295
1379703814322411
1379703814322818
1379703814322917
1379703814323179
1379703814323279
1379703814323520
1379703814323801
1379703814323919
1379703814324020
1379703814324278
1379703814324412
1379703814324530
1379703814324661
1379703814324782
1379703814325464
1379703814325589
1379703814325738
1379703814325835
1379703814343259
1379703814343408
1379703814343543
1379703814343670
1379703814343783
1379703814343897
1379703814344017
1379703814344327
1379703814344446
1379703814344689
1379703814344937
1379703814345197
1379703814345453
1379703814345637
1379703814345914
1379703814346034
1379703814346212
1379703814346479
1379703814346688
1379703814346900
1379703814347058
1379703814347256
1379703814347448
1379703814347594
1379703814347823
1379703814348028
1379703814348235
1379703814348789
1379703814348915
1379703814349080
1379703814349251
1379703814349519
1379703814349760
1379703814350010
1379703814350275
1379703814350561
1379703814350748
1379703814350854
1379703814360894
1379703814361156
1379703814361383
1379703814361617
1379703814361748
1379703814361939
1379703814362276
1379703814362387
1379703814362701
1379703814363021
1379703814363335
1379703814363462
1379703814363857
1379703814364104
1379703814364422
1379703814364721
1379703814364907
1379703814409219
1379703814409573
1379703814409863
1379703814410001
1379703814410174
1379703814410316
1379703814410522
1379703814410725
1379703814410935
1379703814411788
1379703814412083
1379703814412243
1379703814413189
1379703814413298
1379703814413587
1379703814413920
1379703814414176
1379703814414375
1379703814414563
1379703814414714
1379703814414902
1379703814415020
1379703814415154
1379703814415271
1379703814415398
1379703814415547
1379703814416460
1379703814416586
1379703814416718
1379703814416862
1379703814560969
1379703814561467
1379703814561851
1379703814562158
1379703814562449
1379703814562780
1379703814563012
1379703814563271
1379703814563543
1379703814563813
1379703814564230
1379703814564606
1379703814564856
1379703814583149
1379703814583374
1379703814583508
1379703814583628
1379703814583756
1379703814583842
1379703814583948
1379703814584056
1379703814585003
1379703814585130
1379703814585536
1379703814585822
1379703814586101
1379703814586200
1379703814601310
1379703814601522
1379703814601904
1379703814602211
1379703814602431
1379703814602634
1379703814602900
1379703814603037
1379703814603269
1379703814603372
1379703814603603
1379703814603772
1379703814604097
1379703814604344
1379703814604484
1379703814604661
1379703814604775
1379703814624605
1379703814662092
1379703814662309
1379703814662602
1379703814662786
1379703814663111
1379703814663288
1379703814663411
1379703814663662
1379703814663868
1379703814664164
1379703814664301
1379703814664522
1379703814664664
1379703814664975
1379703814665271
1379703814665449
1379703814665799
1379703814665836
1379703814665938
1379703814666237
1379703814666340
1379703814666622
1379703814666781
1379703814667013
1379703814667308
1379703814667478
1379703814668508
1379703814668845
1379703814668979
1379703814669086
1379703814797513
1379703814798037
1379703814798363
1379703814798633
1379703814798913
1379703814799207
1379703814799507
1379703814799728
1379703814800080
1379703814800460
1379703814800853
1379703814801240
1379703814801477
1379703814801588
1379703814829958
1379703814830388
1379703814830769
1379703814831007
1379703814831294
1379703814831570
1379703814831840
1379703814832306
1379703814832673
1379703814833096
1379703814833384
1379703814848586
1379703814848890
1379703814849035
1379703814849159
1379703814849313
1379703814849404
1379703814849734
1379703814850024
1379703814850218
1379703814850502
1379703814850737
1379703814851134
1379703814851311
1379703814851757
1379703814852195
1379703814852506
1379703814852730
1379703814871307
1379703814873186
1379703814873311
1379703814905719
1379703814906180
1379703814906579
1379703814906886
1379703814907153
1379703814907444
1379703814907902
1379703814908300
1379703814908594
1379703814909056
1379703814909538
1379703814909869
1379703814909957
1379703814919509
1379703814919810
1379703814920074
1379703814920210
1379703814920337
1379703814920776
1379703814920908
1379703814921070
1379703814921199
1379703814921940
1379703814922079
1379703815038634
1379703815038732
1379703815038863
1379703815038964
1379703815071278
1379703815071457
1379703815071572
1379703815072011
1379703815072112
1379703815072568
1379703815072668
1379703815073000
1379703815073108
1379703815073204
1379703815073619
1379703815073971
1379703815074062
1379703815074471
1379703815074589
1379703815074701
1379703815074800
1379703815075335
1379703815075678
1379703815076011
1379703815076358
1379703815076667
1379703815076776
1379703815090722
1379703815090964
1379703815091082
1379703815091183
1379703815091290
1379703815091384
1379703815091690
1379703815091808
1379703815092620
1379703815092784
1379703815092878
1379703815093063
1379703815093331
1379703815093455
1379703815093599
1379703815093805
1379703815093960
1379703815094072
1379703815094429
1379703815094730
1379703815094848
1379703815095088
1379703815095212
1379703815095440
1379703815095753
1379703815095883
1379703815096005
1379703815096131
1379703815096802
1379703815096973
1379703815097078
1379703815097226
1379703815097372
1379703815097522
1379703815097643
1379703815097789
1379703815097916
1379703815098039
1379703815098187
1379703815098334
1379703815098454
1379703815118559
1379703815120114
1379703815120263
1379703815120502
1379703815120651
1379703815120754
1379703815165897
1379703815166033
1379703815166134
1379703815166264
1379703815166378
1379703815166581
1379703815166806
1379703815166874
1379703815170942
1379703815171415
1379703815171542
1379703815277941
1379703815278299
1379703815278672
1379703815279088
1379703815279558
1379703815279911
1379703815280220
1379703815280485
1379703815280748
1379703815335302
1379703815335563
1379703815335996
1379703815336482
1379703815336800
1379703815337401
1379703815337519
1379703815337885
1379703815338179
1379703815338279
1379703815367272
1379703815370771
1379703815371043
1379703815371198
1379703815415679
1379703815415793
1379703815415886
1379703815416352
1379703815416471
1379703815416556
1379703815416909
1379703815417053
1379703815417167
1379703815417521
1379703815417654
1379703815417792
1379703815418197
1379703815418313
1379703815420360
1379703815420471
1379703815420576
1379703815420667
1379703815420860
1379703815516123
1379703815516296
1379703815516412
1379703815516741
1379703815516856
1379703815582122
1379703815582283
1379703815582383
1379703815582513
1379703815582635
1379703815583091
1379703815583186
1379703815583330
1379703815583733
1379703815583843
1379703815584299
1379703815584422
1379703815584506
1379703815615086
1379703815619233
1379703815619374
1379703815619775
1379703815619942
1379703815664785
1379703815664937
1379703815665047
1379703815665350
1379703815665493
1379703815671053
1379703815671222
1379703815671343
1379703815671448
1379703815671563
1379703815672639
1379703815672749
1379703815672863
1379703815672986
1379703815673118
1379703815674049
1379703815674166
1379703815674257
1379703815754571
1379703815754844
1379703815755066
1379703815755126
1379703815755252
1379703815755359
1379703815755691
1379703815755814
1379703815827529
1379703815827624
1379703815827789
1379703815827896
1379703815828229
1379703815828318
1379703815828711
1379703815828943
1379703815829215
1379703815829317
1379703815829775
1379703815829884
1379703815830003
1379703815830106
1379703815830241
1379703815830368
1379703815830483
1379703815831250
1379703815831658
1379703815831916
1379703815832008
1379703815863312
1379703815863457
1379703815867797
1379703815870204
1379703815870517
1379703815870710
1379703815870811
1379703815911212
1379703815911655
1379703815912087
1379703815912520
1379703815912852
1379703815913029
1379703815913135
1379703815916937
1379703815917282
1379703815917629
1379703815917991
1379703815918277
1379703815918551
1379703815920167
1379703815920921
1379703815922415
1379703815923666
1379703815924263
1379703815924483
1379703815924619
1379703815994766
1379703815995137
1379703815995305
1379703816074058
1379703816074171
1379703816074272
1379703816074371
1379703816075294
1379703816075564
1379703816075836
1379703816075948
1379703816076117
1379703816076219
1379703816076591
1379703816076796
1379703816076884
1379703816076978
1379703816111205
1379703816111331
1379703816111499
1379703816118397
1379703816118489
1379703816118785
1379703816118895
1379703816159883
1379703816160261
1379703816160416
1379703816173411
1379703816173680
1379703816173854
1379703816173976
1379703816174110
1379703816174231
1379703816174835
1379703816174926
1379703816175024
1379703816231644
1379703816231928
1379703816232050
1379703816232144
1379703816232467
1379703816232553
1379703816233032
1379703816233138
1379703816315377
1379703816315516
1379703816315615
1379703816315724
1379703816315837
1379703816315960
1379703816316581
1379703816316690
1379703816318230
1379703816318354
1379703816318477
1379703816318582
1379703816319032
1379703816319140
1379703816319255
1379703816319365
1379703816319477
1379703816319557
1379703816355773
1379703816364037
1379703816364257
1379703816364672
1379703816364834
1379703816365330
1379703816365540
1379703816365647
1379703816403373
1379703816403586
1379703816420850
1379703816421068
1379703816465913
1379703816466119
1379703816554278
1379703816554491
1379703816558197
1379703816648158
1379703816648429
1379703816670501
1379703816702696
1379703816794524
