1380329655234651
1380329655563198
1380329655606640
1380329655691137
1380329655749748
1380329655817644
1380329655817897
1380329655818102
1380329655818175
1380329655818521
1380329655818719
1380329655881325
1380329655918826
1380329655945249
1380329655945539
1380329655945620
1380329655945693
1380329655945915
1380329655946109
1380329655946315
1380329655946535
1380329656053424
1380329656055764
1380329656055978
1380329656188093
1380329656191814
1380329656191979
1380329656192150
1380329656197931
1380329656325466
1380329656325868
1380329656325991
1380329656344678
1380329656364242
1380329656364476
1380329656364683
1380329656364887
1380329656365143
1380329656408781
1380329656450249
1380329656452909
1380329656460022
1380329656460465
1380329656460575
1380329656460767
1380329656460868
1380329656485129
1380329656485276
1380329656494741
1380329656495893
1380329656496023
1380329656498758
1380329656498905
1380329656534627
1380329656597799
1380329656598116
1380329656626469
1380329656626539
1380329656626592
1380329656626869
1380329656626882
1380329656666672
1380329656691456
1380329656824697
1380329656825198
1380329656825258
1380329656869511
1380329656955829
1380329656956554
1380329656956621
1380329657013676
1380329657028282
1380329657158968
1380329657178945
1380329657309051
1380329657320823
1380329657452553
1380329657459455
1380329657578742
1380329657616277
1380329657697423
1380329657706506
1380329657833499
1380329657834014
1380329657834077
1380329657871172
1380329657960449
1380329657960807
1380329657960897
1380329657962343
1380329657997204
1380329657997225
1380329657997280
1380329657997567
1380329657997620
1380329658034894
1380329658088142
1380329658088502
1380329658088696
1380329658089285
1380329658089336
1380329658089567
1380329658089619
1380329658122561
1380329658122593
1380329658122798
1380329658122859
1380329658123401
1380329658123554
1380329658162719
1380329658163086
1380329658163182
1380329658163312
1380329658163386
1380329658163659
1380329658163947
1380329658164581
1380329658185502
1380329658247956
1380329658248866
1380329658248929
1380329658249608
1380329658249691
1380329658249898
1380329658249993
1380329658286668
1380329658291959
1380329658292148
1380329658292411
1380329658292469
1380329658292816
1380329658295866
1380329658296031
1380329658296240
1380329658296404
1380329658296616
1380329658297198
1380329658297385
1380329658297547
1380329658304187
1380329658304580
1380329658304753
1380329658304913
1380329658308699
1380329658308845
1380329658309075
1380329658309164
1380329658309237
1380329658309304
1380329658309634
1380329658309655
1380329658309794
1380329658310241
1380329658310431
1380329658311186
1380329658311317
1380329658315132
1380329658398400
1380329658426276
1380329658426384
1380329658426639
1380329658427109
1380329658427182
1380329658446392
1380329658446470
1380329658446693
1380329658446768
1380329658451855
1380329658452075
1380329658452533
1380329658454181
1380329658454514
1380329658454584
1380329658454650
1380329658456260
1380329658456469
1380329658456545
1380329658456613
1380329658456774
1380329658456976
1380329658457110
1380329658555665
1380329658575716
1380329658575925
1380329658576144
1380329658576300
1380329658576913
1380329658577019
1380329658577197
1380329658583382
1380329658583858
1380329658584021
1380329658584503
1380329658594758
1380329658594982
1380329658595189
1380329658595267
1380329658595338
1380329658595440
1380329658597136
1380329658597340
1380329658597448
1380329658597604
1380329658598029
1380329658598105
1380329658598610
1380329658598721
1380329658598815
1380329658599127
1380329658601722
1380329658601851
1380329658705109
1380329658705306
1380329658707775
1380329658707883
1380329658708065
1380329658708233
1380329658708327
1380329658708511
1380329658708623
1380329658708712
1380329658708781
1380329658709020
1380329658715456
1380329658715538
1380329658715709
1380329658715985
1380329658716316
1380329658716381
1380329658718005
1380329658718234
1380329658718541
1380329658718597
1380329658724204
1380329658835983
1380329658836354
1380329658836435
1380329658839174
1380329658839363
1380329658840018
1380329658840194
1380329658840411
1380329658840599
1380329658847180
1380329658847213
1380329658847289
1380329658847554
1380329658848081
1380329658848255
1380329658853944
1380329658854073
1380329658854799
1380329658854917
1380329658855964
1380329658856014
1380329658856376
1380329658856447
1380329658894773
1380329658895151
1380329658977185
1380329658977582
1380329658977647
1380329658978151
1380329658978325
1380329658979233
1380329658979312
1380329658979570
1380329658979672
1380329658979859
1380329658979913
1380329659024807
1380329659024973
1380329659062686
1380329659063008
1380329659107416
1380329659108645
1380329659108821
1380329659109905
1380329659109982
1380329659110209
1380329659110265
1380329659111041
1380329659111118
1380329659112332
1380329659112409
1380329659112648
1380329659112735
1380329659112911
1380329659113001
1380329659113227
1380329659113374
1380329659113743
1380329659113790
1380329659115098
1380329659150462
1380329659201604
1380329659201694
1380329659201786
1380329659206670
1380329659207467
1380329659207553
1380329659236597
1380329659236663
1380329659237896
1380329659238253
1380329659238326
1380329659239554
1380329659239633
1380329659239841
1380329659239907
1380329659240992
1380329659241149
1380329659241974
1380329659242043
1380329659278707
1380329659325424
1380329659325499
1380329659328242
1380329659332445
1380329659332748
1380329659351162
1380329659351228
1380329659351444
1380329659351562
1380329659352051
1380329659352118
1380329659353649
1380329659353717
1380329659390920
1380329659419246
1380329659419329
1380329659437803
1380329659451994
1380329659494694
1380329659496730
1380329659496826
1380329659497985
1380329659537239
1380329659538322
1380329659639891
1380329659678641
1380329659727970
1380329659728412
1380329659732147
1380329659862398
1380329659863154
1380329659863420
1380329659863510
1380329659995354
1380329659995788
1380329659996122
1380329659996346
1380329659996452
1380329659996532
1380329659996831
1380329659996930
