1380326639821918
1380326639851061
1380326639851235
1380326639851322
1380326639855168
1380326639855287
1380326639855370
1380326639855543
1380326639902921
1380326639907902
1380326639908299
1380326639908602
1380326639908700
1380326639908849
1380326639908998
1380326639909108
1380326639909615
1380326639909743
1380326639950063
1380326639950379
1380326639956126
1380326639956226
1380326639956525
1380326639956611
1380326639956736
1380326639957023
1380326639957163
1380326639957647
1380326639957770
1380326639958194
1380326639958237
1380326639958261
1380326639960877
1380326639961683
1380326639961885
1380326639962116
1380326639966316
1380326640005978
1380326640006169
1380326640011689
1380326640011941
1380326640050132
1380326640055469
1380326640055679
1380326640055959
1380326640059035
1380326640098193
1380326640098278
1380326640103239
1380326640103683
1380326640108947
1380326640109074
1380326640109161
1380326640112961
1380326640113098
1380326640113342
1380326640113465
1380326640113720
1380326640113840
1380326640113987
1380326640114237
1380326640114400
1380326640114513
1380326640115665
1380326640117491
1380326640129519
1380326640129567
1380326640170207
1380326640183796
1380326640195160
1380326640195232
1380326640195280
1380326640208934
1380326640214330
1380326640214553
1380326640214871
1380326640214966
1380326640215251
1380326640215340
1380326640215735
1380326640215821
1380326640216097
1380326640216179
1380326640216985
1380326640217081
1380326640217174
1380326640217259
1380326640217576
1380326640218077
1380326640218276
1380326640218418
1380326640223390
1380326640223581
1380326640223669
1380326640223875
1380326640223955
1380326640224341
1380326640224412
1380326640224461
1380326640224507
1380326640224579
1380326640229931
1380326640230084
1380326640230283
1380326640230521
1380326640230544
1380326640241799
1380326640241973
1380326640242026
1380326640242087
1380326640248915
1380326640253254
1380326640254322
1380326640254586
1380326640254706
1380326640254809
1380326640254907
1380326640255086
1380326640255232
1380326640255314
1380326640255344
1380326640255727
1380326640255824
1380326640261435
1380326640270594
1380326640270852
1380326640270970
1380326640271073
1380326640271191
1380326640271281
1380326640271620
1380326640271890
1380326640272734
1380326640272819
1380326640274077
1380326640275252
1380326640289992
1380326640330186
1380326640335076
1380326640935596
1380326640946451
1380326640949410
1380326640957474
1380326640962745
1380326640976084
1380326641013836
1380326641050467
1380326641050585
1380326641050687
1380326641085022
1380326641118514
1380326641144815
1380326641144912
1380326641161675
1380326641199964
1380326641200926
1380326641236939
1380326641237298
1380326641276996
