1380074794486649
1380074794625899
1380074794625990
1380074794665429
1380074794674315
1380074794715146
1380074794715371
1380074794715560
1380074794715630
1380074794715857
1380074794715981
1380074794716137
1380074794755987
1380074794756113
1380074794756468
1380074794756579
1380074794756639
1380074794757314
1380074794757417
1380074794758083
1380074794758144
1380074794797662
1380074794800295
1380074794800364
1380074794800540
1380074794800607
1380074794800681
1380074794800925
1380074794800982
1380074794801159
1380074794801194
1380074794801427
1380074794801458
1380074794801516
1380074794802158
1380074794802349
1380074794842990
1380074794880331
1380074794923321
1380074794923385
1380074794960930
1380074795002610
1380074795002780
1380074795040316
1380074795042828
1380074795043286
1380074795043356
1380074795043587
1380074795043657
1380074795081364
1380074795081449
1380074795081730
1380074795083575
1380074795083804
1380074795084767
1380074795084857
1380074795085138
1380074795085228
1380074795085591
1380074795086479
1380074795115586
1380074795121568
1380074795121646
1380074795121999
1380074795122086
1380074795126454
1380074795126527
1380074795126771
1380074795126859
1380074795127076
1380074795127144
1380074795127570
1380074795127816
1380074795128020
1380074795128079
1380074795128136
1380074795128187
1380074795128237
1380074795129242
1380074795129591
1380074795129893
1380074795130169
1380074795135543
1380074795139629
1380074795145066
1380074795161929
1380074795162092
1380074795162999
1380074795163384
1380074795163593
1380074795163801
1380074795164003
1380074795164380
1380074795164513
1380074795169458
1380074795169572
1380074795170505
1380074795170827
1380074795171060
1380074795171314
1380074795171439
1380074795171678
1380074795171792
1380074795171953
1380074795172104
1380074795172324
1380074795172512
1380074795172691
1380074795173011
1380074795173138
1380074795173253
1380074795173424
1380074795173631
1380074795173798
1380074795173949
1380074795174139
1380074795174362
1380074795174531
1380074795174741
1380074795174906
1380074795175024
1380074795175258
1380074795175542
1380074795175662
1380074795175888
1380074795175995
1380074795176472
1380074795176706
1380074795176863
1380074795177027
1380074795177208
1380074795177340
1380074795177630
1380074795177762
1380074795177946
1380074795178052
1380074795178213
1380074795178307
1380074795178476
1380074795178570
1380074795179328
1380074795179500
1380074795179654
1380074795179774
1380074795179921
1380074795180091
1380074795180202
1380074795180505
1380074795180770
1380074795180961
1380074795181130
1380074795181346
1380074795181463
1380074795181633
1380074795181737
1380074795181852
1380074795188319
1380074795204279
1380074795204732
1380074795205054
1380074795205293
1380074795205450
1380074795205639
1380074795205918
1380074795206103
1380074795206530
1380074795206843
1380074795207058
1380074795207333
1380074795207606
1380074795207816
1380074795219818
1380074795219916
1380074795220012
1380074795220080
1380074795221271
1380074795221446
1380074795222654
1380074795222867
1380074795223345
1380074795223437
1380074795223539
1380074795224553
1380074795224617
1380074795225026
1380074795225350
1380074795225563
1380074795225659
1380074795225826
1380074795226131
1380074795226507
1380074795226581
1380074795226854
1380074795226919
1380074795227012
1380074795227240
1380074795227313
1380074795227735
1380074795227808
1380074795227992
1380074795228202
1380074795228378
1380074795228452
1380074795228745
1380074795228960
1380074795229177
1380074795229273
1380074795229342
1380074795229622
1380074795229701
1380074795229876
1380074795229965
1380074795230164
1380074795230442
1380074795230617
1380074795230853
1380074795231107
1380074795231214
1380074795231420
1380074795231541
1380074795232165
1380074795232394
1380074795232542
1380074795232657
1380074795232861
1380074795232973
1380074795233085
1380074795246544
1380074795246665
1380074795246731
1380074795247429
1380074795247565
1380074795247725
1380074795247887
1380074795248044
1380074795248181
1380074795248388
1380074795248644
1380074795248800
1380074795249029
1380074795249154
1380074795249320
1380074795249670
1380074795249849
1380074795250021
1380074795250177
1380074795250346
1380074795250451
1380074795250614
1380074795250765
1380074795250977
1380074795251169
1380074795251337
1380074795251443
1380074795251545
1380074795251713
1380074795251801
1380074795261573
1380074795261733
1380074795261894
1380074795262003
1380074795262111
1380074795262220
1380074795262438
1380074795262814
1380074795263032
1380074795268291
1380074795268622
1380074795268864
1380074795269026
1380074795269229
1380074795269779
1380074795270054
1380074795270239
1380074795270534
1380074795270685
1380074795270936
1380074795271130
1380074795271416
1380074795272744
1380074795272903
1380074795273135
1380074795273377
1380074795274645
1380074795274830
1380074795275129
1380074795275442
1380074795275777
1380074795276004
1380074795276304
1380074795276487
1380074795276736
1380074795276884
1380074795277123
1380074795277404
1380074795277623
1380074795277944
1380074795278262
1380074795278495
1380074795278782
1380074795279081
1380074795279333
1380074795279568
1380074795279901
1380074795280069
1380074795280147
1380074795282870
1380074795283152
1380074795283232
1380074795283412
1380074795287197
1380074795287441
1380074795287578
1380074795287758
1380074795287948
1380074795288078
1380074795288220
1380074795302571
1380074795302869
1380074795303217
1380074795303313
1380074795303604
1380074795303842
1380074795304034
1380074795304578
1380074795304657
1380074795304727
1380074795305833
1380074795306057
1380074795313416
1380074795313483
1380074795313748
1380074795313818
1380074795314065
1380074795314159
1380074795314412
1380074795314609
1380074795314835
1380074795314935
1380074795315343
1380074795315650
1380074795315721
1380074795315951
1380074795316167
1380074795316665
1380074795316755
1380074795317085
1380074795317262
1380074795317394
1380074795317583
1380074795317793
1380074795318034
1380074795318143
1380074795318264
1380074795318554
1380074795318872
1380074795319157
1380074795319404
1380074795319660
1380074795319974
1380074795320172
1380074795321539
1380074795321812
1380074795321907
1380074795322769
1380074795323288
1380074795323595
1380074795323794
1380074795324031
1380074795324267
1380074795324847
1380074795325195
1380074795325800
1380074795326289
1380074795326513
1380074795328575
1380074795328788
1380074795329083
1380074795329284
1380074795344938
1380074795345207
1380074795345388
1380074795345560
1380074795345761
1380074795345870
1380074795346147
1380074795346311
1380074795346456
1380074795346669
1380074795346780
1380074795346954
1380074795347106
1380074795347296
1380074795347408
1380074795347531
1380074795360428
1380074795360724
1380074795360836
1380074795363452
1380074795363656
1380074795363750
1380074795365951
1380074795366166
1380074795366296
1380074795366434
1380074795366588
1380074795366797
1380074795366911
1380074795367020
1380074795367280
1380074795367414
1380074795367514
1380074795368036
1380074795368160
1380074795368287
1380074795368457
1380074795368568
1380074795368671
1380074795369921
1380074795370190
1380074795370442
1380074795370557
1380074795370726
1380074795370989
1380074795371111
1380074795371188
1380074795371340
1380074795371572
1380074795371750
1380074795371860
1380074795371961
1380074795388417
1380074795388696
1380074795388862
1380074795388978
1380074795401830
1380074795402041
1380074795402190
1380074795402293
1380074795404595
1380074795405049
1380074795405210
1380074795405303
1380074795409929
1380074795410281
1380074795410383
1380074795412731
1380074795412992
1380074795413185
1380074795413284
1380074795413553
1380074795413763
1380074795413850
1380074795429614
1380074795443395
1380074795443494
1380074795443697
1380074795443876
1380074795444065
1380074795444227
1380074795444333
1380074795454092
1380074795454109
1380074795454123
1380074795480012
1380074795492192
1380074795492773
1380074795492843
1380074795493158
1380074795533923
1380074795534266
1380074795534488
1380074795534546
1380074795569109
1380074795569338
1380074795603608
1380074795635652
1380074795659847
1380074795659915
1380074795677062
1380074795715523
1380074795716502
1380074795752423
1380074795752751
1380074795792946
