1380348192754654
1380348192841657
1380348192841732
1380348192928193
1380348192928315
1380348193014301
1380348193014407
1380348193014708
1380348193014908
1380348193015287
1380348193015379
1380348193101111
1380348193101441
1380348193106699
1380348193106769
1380348193107063
1380348193129812
1380348194253085
1380348194341996
1380348194429830
1380348194430487
1380348194480427
1380348194480666
1380348194516616
1380348194521350
1380348194613171
1380348194653376
1380348194743404
1380348194756939
1380348194770785
1380348194785223
1380348194785312
1380348194785755
1380348194786186
1380348194799778
1380348194812262
1380348194841403
1380348194853835
1380348194882002
1380348195024195
1380348195171532
1380348195210228
1380348195264148
1380348195264235
1380348195264353
1380348195264558
1380348195359510
1380348195362856
1380348195453785
1380348195512304
1380348195549353
1380348195581407
1380348195669366
1380348195709371
1380348195711308
1380348195712028
1380348195713673
1380348195714084
1380348195714356
1380348195714450
1380348195714537
1380348195803114
1380348195803190
1380348195804371
1380348195804515
1380348195804762
1380348195804837
1380348195805108
1380348195809260
1380348195810454
1380348195810543
1380348195810777
1380348195810855
1380348195811388
1380348195863567
1380348195891608
1380348195891726
1380348195891974
1380348195892299
1380348195892540
1380348195892636
1380348195894221
1380348195899892
1380348195900025
1380348195904138
1380348195904318
1380348195904415
1380348195904891
1380348195905407
1380348195905821
1380348195905945
1380348195906061
1380348195906352
1380348195906659
1380348195907231
1380348195964002
1380348195964176
1380348195979348
1380348195979589
1380348195994431
1380348195994981
1380348195996041
1380348195997573
1380348195997673
1380348195998388
1380348196084472
1380348196085283
1380348196140139
1380348196296566
1380348196333489
1380348196333561
1380348196421183
1380348196483326
1380348196484357
1380348196484425
1380348196485656
1380348196574480
1380348196578694
1380348196579826
1380348196579951
1380348196628574
1380348196634367
1380348196635238
1380348196635511
1380348196635566
1380348196775486
1380348196776714
1380348196919176
1380348196920435
1380348196920525
1380348196920604
1380348197063520
1380348197063600
1380348197063739
1380348197067741
1380348197205857
1380348197217910
1380348197257594
1380348197406272
1380348197406764
1380348197406824
1380348197406909
1380348197407895
1380348197408013
1380348197414404
1380348197419403
1380348197419552
1380348197419817
1380348197423793
1380348197454916
1380348197455005
1380348197455066
1380348197455380
1380348197455482
1380348197455638
1380348197495338
1380348197495493
1380348197495584
1380348197533329
1380348197544792
1380348197545318
1380348197546198
1380348197546384
1380348197546479
1380348197546763
1380348197546788
1380348197550319
1380348197557476
1380348197557516
1380348197557642
1380348197557726
1380348197602862
1380348197611268
1380348197611374
1380348197631710
1380348197632686
1380348197633005
1380348197669643
1380348197669784
1380348197669848
1380348197669965
1380348197670029
1380348197670089
1380348197676422
1380348197680830
1380348197686371
1380348197704910
1380348197741359
1380348197759063
1380348197759180
1380348197759276
1380348197759659
1380348197760040
1380348197760075
1380348197760605
1380348197760732
1380348197760847
1380348197760937
1380348197761291
1380348197761397
1380348197761604
1380348197761775
1380348197762076
1380348197762157
1380348197762216
1380348197763987
1380348197765568
1380348197765617
1380348197765731
1380348197766076
1380348197766357
1380348197766449
1380348197766792
1380348197766896
1380348197766924
1380348197767074
1380348197767391
1380348197767823
1380348197768206
1380348197768384
1380348197768493
1380348197849949
1380348197850082
1380348197850344
1380348197850552
1380348197850663
1380348197850935
1380348197851314
1380348197851507
1380348197861041
1380348197861961
1380348197862112
1380348197862484
1380348197862843
1380348197863016
1380348197899640
1380348197899816
1380348197944138
1380348197944287
1380348197944404
1380348197944422
1380348197944523
1380348197955528
1380348197956353
1380348197956692
1380348197956781
1380348197957238
1380348197957267
1380348197957348
1380348197957807
1380348197957921
1380348197958118
1380348197958280
1380348197958360
1380348197958553
1380348197958676
1380348197993338
1380348197994314
1380348197994481
1380348197994601
1380348197994796
1380348198034407
1380348198035159
1380348198035383
1380348198035713
1380348198035858
1380348198035893
1380348198036008
1380348198036004
1380348198036503
1380348198036641
1380348198036701
1380348198036764
1380348198036839
1380348198036916
1380348198051260
1380348198051870
1380348198052131
1380348198052205
1380348198052254
1380348198053133
1380348198053376
1380348198053452
1380348198053541
1380348198057821
1380348198068496
1380348198088920
1380348198089039
1380348198089275
1380348198089452
1380348198120956
1380348198121694
1380348198125254
1380348198125296
1380348198125837
1380348198133241
1380348198133535
1380348198133632
1380348198139001
1380348198139764
1380348198140010
1380348198140275
1380348198140470
1380348198140569
1380348198140682
1380348198140818
1380348198146762
1380348198147708
1380348198147842
1380348198147924
1380348198148266
1380348198148292
1380348198148373
1380348198148572
1380348198161119
1380348198161271
1380348198181473
1380348198183303
1380348198184090
1380348198184228
1380348198184397
1380348198186953
1380348198195630
1380348198196109
1380348198221747
1380348198221778
1380348198221894
1380348198221925
1380348198222220
1380348198222300
1380348198228661
1380348198229563
1380348198229689
1380348198230060
1380348198230238
1380348198241995
1380348198243239
1380348198243265
1380348198243407
1380348198243517
1380348198243854
1380348198243937
1380348198278710
1380348198279770
1380348198279872
1380348198280006
1380348198280125
1380348198302917
1380348198302988
1380348198309778
1380348198311174
1380348198311197
1380348198311309
1380348198311736
1380348198311982
1380348198312165
1380348198318734
1380348198319412
1380348198319538
1380348198319940
1380348198320138
1380348198320324
1380348198327289
1380348198327491
1380348198338085
1380348198338414
1380348198338633
1380348198338895
1380348198339127
1380348198339293
1380348198339601
1380348198339768
1380348198396722
1380348198397671
1380348198397912
1380348198398154
1380348198398318
1380348198399536
1380348198400177
1380348198400526
1380348198400783
1380348198401088
1380348198401245
1380348198406580
1380348198407624
1380348198407731
1380348198407828
1380348198408019
1380348198408505
1380348198409107
1380348198409321
1380348198409430
1380348198433167
1380348198434112
1380348198434223
1380348198434287
1380348198434449
1380348198471612
1380348198472495
1380348198472900
1380348198473049
1380348198488478
1380348198489573
1380348198489727
1380348198489940
1380348198491729
1380348198492598
1380348198492931
1380348198493074
1380348198495762
1380348198496682
1380348198497163
1380348198497305
1380348198497553
1380348198497708
1380348198498259
1380348198498401
1380348198498607
1380348198533668
1380348198534285
1380348198534522
1380348198534672
1380348198570106
1380348198570220
1380348198570318
1380348198570553
1380348198577508
1380348198578401
1380348198578526
1380348198578589
1380348198578750
1380348198585397
1380348198586212
1380348198586549
1380348198586666
1380348198586734
1380348198587021
1380348198587627
1380348198587724
1380348198587744
1380348198588064
1380348198588445
1380348198588549
1380348198588771
1380348198628647
1380348198629538
1380348198629665
1380348198629877
1380348198664016
1380348198664862
1380348198665222
1380348198665374
1380348198666103
1380348198666977
1380348198667259
1380348198667354
1380348198675150
1380348198677436
1380348198677756
1380348198678179
1380348198678328
1380348198678433
1380348198678676
1380348198678812
1380348198701310
1380348198719912
1380348198720861
1380348198721601
1380348198721759
1380348198723187
1380348198724087
1380348198724464
1380348198724611
1380348198724737
1380348198724849
1380348198725288
1380348198725369
1380348198725467
1380348198725594
1380348198754743
1380348198755469
1380348198755786
1380348198756129
1380348198756317
1380348198756412
1380348198756840
1380348198756972
1380348198757366
1380348198760010
1380348198760105
1380348198760187
1380348198760391
1380348198766532
1380348198805307
1380348198805470
1380348198806222
1380348198807227
1380348198807545
1380348198807641
1380348198807747
1380348198807830
1380348198807966
1380348198808258
1380348198815204
1380348198816269
1380348198816663
1380348198816957
1380348198817116
1380348198817243
1380348198819208
1380348198820142
1380348198820537
1380348198820702
1380348198820980
1380348198821093
1380348198844776
1380348198845396
1380348198845744
1380348198845913
1380348198846294
1380348198846556
1380348198846724
1380348198854557
1380348198855063
1380348198855457
1380348198855601
1380348198893303
1380348198894241
1380348198894676
1380348198894814
1380348198895205
1380348198895331
1380348198895940
1380348198897330
1380348198897527
1380348198897628
1380348198897842
1380348198910650
1380348198911579
1380348198911898
1380348198912010
1380348198912361
1380348198912486
1380348198914546
1380348198915415
1380348198915754
1380348198916054
1380348198916384
1380348198916531
1380348198916642
1380348198916717
1380348198916864
1380348198934100
1380348198935141
1380348198935503
1380348198935662
1380348198935775
1380348198946856
1380348198948854
1380348198949761
1380348198950065
1380348198950380
1380348198950675
1380348198950824
1380348198950949
1380348198983118
1380348198984135
1380348198984440
1380348198984604
1380348198984729
1380348198985141
1380348198985564
1380348198986312
1380348198987124
1380348198987366
1380348198987877
1380348198988106
1380348198988246
1380348199005913
1380348199006492
1380348199007000
1380348199007342
1380348199007531
1380348199007660
1380348199008826
1380348199011224
1380348199011673
1380348199011966
1380348199012096
1380348199022982
1380348199024105
1380348199024446
1380348199024559
1380348199044243
1380348199045157
1380348199045489
1380348199045697
1380348199046087
1380348199046220
1380348199072604
1380348199073481
1380348199073911
1380348199074051
1380348199077569
1380348199077805
1380348199078380
1380348199078537
1380348199078636
1380348199078784
1380348199101453
1380348199102253
1380348199102597
1380348199102840
1380348199103112
1380348199103223
1380348199105553
1380348199106389
1380348199106706
1380348199106997
1380348199107242
1380348199107525
1380348199107650
1380348199107756
1380348199111873
1380348199112984
1380348199113334
1380348199113533
1380348199113665
1380348199139642
1380348199140498
1380348199140880
1380348199141135
1380348199141449
1380348199141589
1380348199164354
1380348199164569
1380348199166939
1380348199167744
1380348199168063
1380348199168279
1380348199168597
1380348199168857
1380348199169224
1380348199169343
1380348199198188
1380348199198647
1380348199198831
1380348199198939
1380348199201054
1380348199201287
1380348199201892
1380348199202138
1380348199202373
1380348199202879
1380348199202964
1380348199203277
1380348199212127
1380348199212533
1380348199212615
1380348199212803
1380348199212991
1380348199213154
1380348199254712
1380348199258348
1380348199258518
1380348199258633
1380348199258733
1380348199258835
1380348199259066
1380348199259853
1380348199259959
1380348199260077
1380348199260156
1380348199260276
1380348199260397
1380348199260552
1380348199285762
1380348199293959
1380348199294073
1380348199294183
1380348199294281
1380348199294372
1380348199294550
1380348199295612
1380348199297268
1380348199298820
1380348199304043
1380348199304331
1380348199304523
1380348199304770
1380348199306482
1380348199306826
1380348199344137
1380348199344686
1380348199345157
1380348199345546
1380348199345741
1380348199345873
1380348199348442
1380348199349249
1380348199349517
1380348199349668
1380348199349798
1380348199349891
1380348199356345
1380348199357347
1380348199357749
1380348199357892
1380348199358186
1380348199358289
1380348199384955
1380348199385627
1380348199385842
1380348199386116
1380348199386350
1380348199386446
1380348199395031
1380348199395266
1380348199395486
1380348199395593
1380348199400836
1380348199401929
1380348199402258
1380348199402371
1380348199437592
1380348199438714
1380348199439025
1380348199439172
1380348199439543
1380348199440269
1380348199440600
1380348199440850
1380348199441170
1380348199441343
1380348199441457
1380348199451510
1380348199452608
1380348199452868
1380348199453163
1380348199453305
1380348199474323
1380348199478182
1380348199478688
1380348199479052
1380348199479183
1380348199482788
1380348199483753
1380348199484151
1380348199484477
1380348199484584
1380348199484888
1380348199485009
1380348199485250
1380348199496154
1380348199496893
1380348199497324
1380348199497465
1380348199497589
1380348199497670
1380348199498030
1380348199498113
1380348199498220
1380348199498345
1380348199527222
1380348199527976
1380348199528337
1380348199528450
1380348199528834
1380348199528963
1380348199534764
1380348199535517
1380348199536014
1380348199536284
1380348199536382
1380348199536437
1380348199536577
1380348199547539
1380348199548328
1380348199548644
1380348199548756
1380348199549143
1380348199549271
1380348199566976
1380348199567853
1380348199567955
1380348199568062
1380348199568145
1380348199568657
1380348199568789
1380348199572631
1380348199573484
1380348199573632
1380348199573782
1380348199592082
1380348199593068
1380348199593248
1380348199593353
1380348199593472
1380348199593556
1380348199594022
1380348199594160
1380348199616437
1380348199617359
1380348199617657
1380348199617812
1380348199618200
1380348199618274
1380348199618404
1380348199629764
1380348199630804
1380348199630932
1380348199631012
1380348199631397
1380348199631516
1380348199642604
1380348199643466
1380348199643735
1380348199643970
1380348199644281
1380348199644662
1380348199644865
1380348199644999
1380348199656398
1380348199657588
1380348199657844
1380348199657974
1380348199663199
1380348199664582
1380348199664964
1380348199665138
1380348199665254
1380348199687457
1380348199688415
1380348199688738
1380348199688898
1380348199689148
1380348199689252
1380348199706032
1380348199706851
1380348199707353
1380348199707614
1380348199707860
1380348199708066
1380348199708195
1380348199724771
1380348199725694
1380348199726095
1380348199726237
1380348199726374
1380348199726512
1380348199738338
1380348199739135
1380348199739470
1380348199739629
1380348199740005
1380348199740294
1380348199740489
1380348199745823
1380348199746729
1380348199747049
1380348199747440
1380348199747642
1380348199747974
1380348199748173
1380348199748304
1380348199752571
1380348199753375
1380348199753712
1380348199753841
1380348199782746
1380348199783751
1380348199784033
1380348199784282
1380348199784510
1380348199784660
1380348199795713
1380348199796648
1380348199797009
1380348199797171
1380348199819911
1380348199820905
1380348199821200
1380348199821358
1380348199832785
1380348199832948
1380348199836036
1380348199836779
1380348199837114
1380348199837350
1380348199837704
1380348199838110
1380348199838347
1380348199838497
1380348199841374
1380348199842210
1380348199842541
1380348199842835
1380348199843222
1380348199843374
1380348199878214
1380348199878732
1380348199879025
1380348199879300
1380348199879454
1380348199879751
1380348199880050
1380348199880191
1380348199880336
1380348199884715
1380348199885832
1380348199886137
1380348199886283
1380348199914603
1380348199915528
1380348199915866
1380348199916231
1380348199916541
1380348199916803
1380348199917095
1380348199917260
1380348199926158
1380348199965463
1380348199965650
1380348199965724
1380348199965827
1380348199966052
1380348199966328
1380348199966449
1380348199973994
1380348199974747
1380348199978406
1380348199978827
1380348199979003
1380348199979116
1380348199979264
1380348199979448
1380348200009697
1380348200009892
1380348200010019
1380348200055074
1380348200059585
1380348200059934
1380348200060189
1380348200060559
1380348200060797
1380348200060916
1380348200066586
1380348200067215
1380348200067361
1380348200067524
1380348200067863
1380348200068238
1380348200068591
1380348200068928
1380348200069172
1380348200069488
1380348200069794
1380348200103414
1380348200104086
1380348200104361
1380348200104398
1380348200104559
1380348200104819
1380348200106937
1380348200107006
1380348200148080
1380348200148950
1380348200149303
1380348200149417
1380348200149597
1380348200155173
1380348200155928
1380348200156047
1380348200156137
1380348200156234
1380348200156445
1380348200156564
1380348200157504
1380348200157662
1380348200157962
1380348200200240
1380348200237392
1380348200237435
1380348200237514
1380348200238030
