1380607693452634
1380607693491417
1380607693528052
1380607693528142
1380607693563539
1380607693628407
1380607693652381
1380607693652458
1380607693669642
1380607693669930
1380607693678810
1380607693679059
1380607693718057
1380607693758045
1380607693794600
1380607693795170
1380607693795257
1380607693842236
1380607693881532
1380607693882110
1380607693882193
1380607693889803
1380607693890421
1380607693925914
1380607693926368
1380607693963994
1380607694102581
1380607694103256
1380607694327665
1380607694327865
1380607694328076
1380607694328394
1380607694328504
1380607694328588
1380607694328696
1380607694329077
1380607694329237
1380607694541438
1380607694544148
1380607695213182
1380607695426029
1380607695426406
1380607695426832
1380607695427194
1380607695427497
1380607695428895
1380607695429917
1380607695639134
1380607695640205
1380607695640498
1380607695640527
1380607695640548
1380607695641549
1380607695642597
1380607695643817
1380607695644870
1380607695646816
1380607695647719
1380607695648228
1380607695860589
1380607695860678
1380607695860920
1380607695861437
1380607695861873
1380607695862220
1380607695862847
1380607695863226
1380607695863391
1380607695863874
1380607695869004
1380607695869181
1380607695869394
1380607695869555
1380607695903617
1380607695904049
1380607696073620
1380607696073974
1380607696074079
1380607696074343
1380607696074439
1380607696074890
1380607696074992
1380607696075081
1380607696075192
1380607696082085
1380607696082452
1380607696082507
1380607696082761
1380607696083339
1380607696083346
1380607696083478
1380607696083567
1380607696083828
1380607696084101
1380607696084267
1380607696084531
1380607696084713
1380607696085318
1380607696085427
1380607696085525
1380607696112146
1380607696112274
1380607696112359
1380607696119805
1380607696120055
1380607696120358
1380607696120445
1380607696120754
1380607696286771
1380607696286878
1380607696287636
1380607696287738
1380607696288024
1380607696288123
1380607696288217
1380607696288531
1380607696288652
1380607696288735
1380607696289091
1380607696289281
1380607696289369
1380607696289603
1380607696289684
1380607696290051
1380607696290155
1380607696290310
1380607696296961
1380607696297188
1380607696297402
1380607696297622
1380607696300678
1380607696300899
1380607696301162
1380607696313798
1380607696324946
1380607696325061
1380607696325200
1380607696325389
1380607696325532
1380607696325689
1380607696325945
1380607696330545
1380607696330653
1380607696330835
1380607696369990
1380607696386297
1380607696391858
1380607696396994
1380607696402474
1380607696411422
1380607696418422
1380607696424644
1380607696430025
1380607696438616
1380607696482455
1380607696485346
1380607696487696
1380607696493095
1380607696499272
1380607696499377
1380607696499810
1380607696654390
1380607696654674
1380607696654913
1380607696655046
1380607696655172
1380607696697501
1380607696697558
1380607696697931
1380607696697980
1380607696698160
1380607696698357
1380607696698531
1380607696698681
1380607696699096
1380607696711125
1380607696711380
1380607696711705
1380607696711830
1380607696711928
1380607696712064
1380607696712425
1380607696712711
1380607696712805
1380607696712915
1380607696713184
1380607696713301
1380607696713411
1380607696713797
1380607696714777
1380607696715157
1380607696715268
1380607696715381
1380607696715474
1380607696715909
1380607696716177
1380607696716262
1380607696716569
1380607696716933
1380607696717028
1380607696717754
1380607696718145
1380607696868028
1380607696868158
1380607696868270
1380607696868950
1380607696869190
1380607696869473
1380607696869567
1380607696869945
1380607696870042
1380607696870242
1380607696870335
1380607696870560
1380607696870649
1380607696870766
1380607696870883
1380607696911231
1380607696911352
1380607696911437
1380607696911665
1380607696912167
1380607696912247
1380607696912945
1380607696913190
1380607696913288
1380607696913618
1380607696913734
1380607696913814
1380607696913930
1380607696914224
1380607696914368
1380607696914471
1380607696914853
1380607696915337
1380607696924599
1380607696924847
1380607696925067
1380607696925340
1380607696925611
1380607696925883
1380607696925977
1380607696926080
1380607696926198
1380607696926543
1380607696926816
1380607696926906
1380607696927143
1380607696927210
1380607696927320
1380607696927536
1380607696927615
1380607696927952
1380607696928043
1380607696928146
1380607696928402
1380607696934100
1380607696934339
1380607696934587
1380607696934862
1380607696934979
1380607696935229
1380607696935336
1380607696935723
1380607696935844
1380607696935963
1380607696936076
1380607696936259
1380607696936366
1380607696936511
1380607696936663
1380607696936763
1380607696964498
1380607696964662
1380607697080557
1380607697124198
1380607697124402
1380607697124648
1380607697124738
1380607697125005
1380607697125231
1380607697125483
1380607697125792
1380607697126041
1380607697126120
1380607697126349
1380607697126588
1380607697126686
1380607697126832
1380607697127360
1380607697127477
1380607697127746
1380607697128000
1380607697128220
1380607697128301
1380607697128563
1380607697128648
1380607697128761
1380607697129121
1380607697129232
1380607697129306
1380607697130884
1380607697131066
1380607697137737
1380607697137920
1380607697138119
1380607697138746
1380607697138941
1380607697139179
1380607697139425
1380607697139727
1380607697139853
1380607697139972
1380607697140241
1380607697140520
1380607697140743
1380607697141009
1380607697141186
1380607697141297
1380607697141628
1380607697141793
1380607697147478
1380607697147553
1380607697147779
1380607697148404
1380607697148553
1380607697148748
1380607697149239
1380607697149365
1380607697149604
1380607697149869
1380607697149982
1380607697150590
1380607697150649
1380607697150763
1380607697150886
1380607697151150
1380607697151343
1380607697151458
1380607697151608
1380607697190955
1380607697191111
1380607697338212
1380607697338332
1380607697339699
1380607697339910
1380607697340006
1380607697340251
1380607697340606
1380607697340868
1380607697340977
1380607697341068
1380607697341154
1380607697341572
1380607697341788
1380607697341886
1380607697341981
1380607697342595
1380607697342702
1380607697342992
1380607697346363
1380607697346486
1380607697346582
1380607697346710
1380607697346822
1380607697346944
1380607697347673
1380607697347785
1380607697347906
1380607697348036
1380607697348148
1380607697348642
1380607697348748
1380607697348837
1380607697348926
1380607697349024
1380607697361781
1380607697361907
1380607697362189
1380607697362250
1380607697362478
1380607697362684
1380607697363233
1380607697363289
1380607697363672
1380607697363749
1380607697364034
1380607697364078
1380607697364169
1380607697364350
1380607697380032
1380607697551272
1380607697551368
1380607697551689
1380607697551767
1380607697552392
1380607697552977
1380607697553221
1380607697553314
1380607697553416
1380607697553690
1380607697553996
1380607697554112
1380607697554200
1380607697554494
1380607697554668
1380607697555027
1380607697555288
1380607697555404
1380607697555640
1380607697555750
1380607697555855
1380607697555978
1380607697556499
1380607697556625
1380607697556856
1380607697556961
1380607697557039
1380607697557378
1380607697558673
1380607697558835
1380607697559611
1380607697559784
1380607697560408
1380607697560677
1380607697561404
1380607697561788
1380607697562018
1380607697562153
1380607697562264
1380607697562523
1380607697562644
1380607697562825
1380607697563031
1380607697563286
1380607697563404
1380607697563543
1380607697563742
1380607697563870
1380607697563987
1380607697564136
1380607697564251
1380607697564406
1380607697564694
1380607710849228
1380607710849921
1380607711847775
1380607711848203
1380607711848397
1380607711848711
