1378156005417453
1378156005429526
1378156005429770
1378156005527793
1378156005528096
1378156005528103
1378156005528222
1378156005528662
1378156005529350
1378156005540590
1378156005630946
1378156005639386
1378156005731743
1378156005732714
1378156005732860
1378156005733226
1378156005733480
1378156005746118
1378156005746320
1378156005746424
1378156005778052
1378156005816534
1378156005816939
1378156005817473
1378156005817941
1378156005828981
1378156005829124
1378156005829185
1378156005829485
1378156005830005
1378156005830216
1378156005830416
1378156005841403
1378156005841531
1378156005841687
1378156005842399
1378156005842413
1378156005842659
1378156005842801
1378156005842817
1378156005843058
1378156005853731
1378156005853953
1378156005853960
1378156005854085
1378156005854795
1378156005855035
1378156005855692
1378156005855953
1378156005866081
1378156005866237
1378156005866300
1378156005866459
1378156005866501
1378156005880226
1378156005884945
1378156005887285
1378156005892500
1378156005892529
1378156005892613
1378156005892646
1378156005892832
1378156005892895
1378156005893009
1378156005896693
1378156005896878
1378156005896950
1378156005897056
1378156005897166
1378156005897307
1378156005897371
1378156005897472
1378156005897617
1378156005898009
1378156005898354
1378156005898453
1378156005903270
1378156005903301
1378156005903378
1378156005903419
1378156005903695
1378156005903877
1378156005947589
1378156005948359
1378156005961178
1378156005961244
1378156005961275
1378156005961346
1378156005961412
1378156005961554
1378156005961579
1378156005972794
1378156005973085
1378156005973875
1378156005986431
1378156005986490
1378156005986570
1378156005986596
1378156005986816
1378156005986897
1378156005989762
1378156005998283
1378156005998555
1378156005998569
1378156005998704
1378156005998750
1378156005999115
1378156005999358
1378156005999627
1378156005999753
1378156005999902
1378156006000035
1378156006000176
1378156006000377
1378156006000454
1378156006011144
1378156006011209
1378156006011347
1378156006011358
1378156006011509
1378156006011546
1378156006011918
1378156006012061
1378156006013452
1378156006013568
1378156006013638
1378156006013733
1378156006013792
1378156006013891
1378156006014046
1378156006024974
1378156006025206
1378156006025899
1378156006037892
1378156006647933
1378156006660908
1378156006661000
1378156006661055
1378156006661136
1378156006661179
1378156006661286
1378156006770584
1378156006790581
1378156006801781
1378156006815865
1378156006815960
1378156006816082
1378156006816121
1378156006816219
1378156006816254
1378156006816347
1378156006816391
1378156006816467
1378156006816509
1378156006816597
1378156006816622
1378156006817070
1378156006817419
1378156006820200
1378156006828443
1378156006828494
1378156006828680
1378156006828938
1378156006828975
1378156006829039
1378156006829183
1378156006829348
1378156006832698
1378156006832879
1378156006841886
1378156006842116
1378156006842986
1378156006847277
1378156006847332
1378156006851065
1378156006851927
1378156006855429
1378156006855476
1378156006857335
1378156006857447
1378156006857553
1378156006857695
1378156006859120
1378156006859906
1378156006861414
1378156006861460
1378156006861645
1378156006864485
1378156006903553
1378156006904922
1378156006904938
1378156006905190
1378156006910630
1378156006910872
1378156006910977
1378156006911063
1378156006911116
1378156006911180
1378156006911240
1378156006911289
1378156006911499
1378156006911626
1378156006911748
1378156006911756
1378156006912219
1378156006912367
1378156006913220
1378156006913360
1378156006915913
1378156006916037
1378156006916067
1378156006916166
1378156006916196
1378156006916410
1378156006916519
1378156006916555
1378156006916786
1378156006917169
1378156006917435
1378156006917689
1378156006917924
1378156006918055
1378156006918076
1378156006918192
1378156006918223
1378156006918330
1378156006918462
1378156006918578
1378156006918620
1378156006919029
1378156006919193
1378156006919214
1378156006919313
1378156006919353
1378156006920557
1378156006920700
1378156006920778
1378156006920890
1378156006921010
1378156006921282
1378156006921413
1378156006922316
1378156006922345
1378156006922564
1378156006922994
1378156006923149
1378156006923232
1378156006923324
1378156006923447
1378156006923939
1378156006924021
1378156006924255
1378156006924430
1378156006924536
1378156006924698
1378156006924827
1378156006925084
1378156006925194
1378156006925217
1378156006925248
1378156006925354
1378156006925478
1378156006925729
1378156006925800
1378156006926245
1378156006926361
1378156006926481
1378156006926512
1378156006926553
1378156006926680
1378156006926873
1378156006926929
1378156006927013
1378156006927092
1378156006927217
1378156006927284
1378156006927358
1378156006927475
1378156006927499
1378156006929322
1378156006935768
1378156006935933
1378156006936053
1378156006936208
1378156006936230
1378156006936504
1378156006936935
1378156006937115
1378156006938000
1378156006938158
1378156006938412
1378156006938724
1378156006938788
1378156006938915
1378156006940464
1378156006940577
1378156006940662
1378156006940794
1378156006940823
1378156006940925
1378156006941118
1378156006941277
1378156006941399
1378156006941503
1378156006941612
1378156006941690
1378156006941754
1378156006941864
1378156006941897
1378156006942106
1378156006983535
1378156006984694
1378156006997307
1378156007056223
1378156007158044
1378156007162844
1378156007163013
1378156007163105
1378156007167620
1378156007206660
1378156007235400
1378156007236683
1378156007275577
1378156007276456
1378156007298608
1378156007298663
1378156007298811
1378156007330970
1378156007331108
1378156007332484
1378156007332497
1378156007333741
1378156007337340
1378156007337400
1378156007337476
1378156007337504
1378156007337744
1378156007337984
1378156007346768
1378156007347005
1378156007348199
1378156007352144
1378156007352200
1378156007352276
1378156007352513
1378156007352618
1378156007352796
1378156007353704
1378156007358016
1378156007358063
1378156007358196
1378156007359529
1378156007359701
1378156007366119
1378156007366293
1378156007370612
1378156007370754
1378156007371067
1378156007371183
1378156007371588
1378156007375924
1378156007376462
1378156007379829
1378156007386344
1378156007394564
1378156007398518
1378156007399506
1378156007399857
1378156007400116
1378156007400236
1378156007400269
1378156007400373
1378156007400406
1378156007400514
1378156007400534
1378156007400639
1378156007400661
1378156007400778
1378156007401188
1378156007401322
1378156007401337
1378156007408620
1378156007411797
1378156007411888
1378156007411948
1378156007412153
1378156007412257
1378156007412311
1378156007412651
1378156007412773
1378156007412842
1378156007412909
1378156007413022
1378156007413286
1378156007413426
1378156007413553
1378156007413663
1378156007413691
1378156007413927
1378156007414312
1378156007414424
1378156007414478
1378156007414565
1378156007414603
1378156007414716
1378156007414735
1378156007414841
1378156007414874
1378156007414982
1378156007415003
1378156007415111
1378156007415130
1378156007415244
1378156007415798
1378156007415952
1378156007415990
1378156007416077
1378156007416130
1378156007416237
1378156007416269
1378156007416392
1378156007416616
1378156007420532
1378156007421607
1378156007421960
1378156007422218
1378156007422330
1378156007422365
1378156007422483
1378156007422514
1378156007422624
1378156007422736
1378156007422773
1378156007422880
1378156007422907
1378156007423323
1378156007423438
1378156007423488
1378156007423594
1378156007423646
1378156007425766
1378156007425867
1378156007426036
1378156007426141
1378156007426168
1378156007426311
1378156007426329
1378156007426588
1378156007427067
1378156007427228
1378156007427351
1378156007427979
1378156007428109
1378156007428152
1378156007428248
1378156007428291
1378156007428652
1378156007428775
1378156007428806
1378156007428921
1378156007428945
1378156007429068
1378156007429089
1378156007430956
1378156007433551
1378156007433781
1378156007433789
1378156007434044
1378156007434152
1378156007434193
1378156007434403
1378156007434546
1378156007435007
1378156007435121
1378156007435176
1378156007435383
1378156007435490
1378156007435545
1378156007435958
1378156007436077
1378156007436140
1378156007436247
1378156007436265
1378156007436377
1378156007436392
1378156007436501
1378156007436518
1378156007436629
1378156007436645
1378156007436766
1378156007437219
1378156007437371
1378156007437389
1378156007437499
1378156007437543
1378156007437672
1378156007440115
1378156007443928
1378156007444171
1378156007444397
1378156007444526
1378156007444780
1378156007444901
1378156007444933
1378156007445048
1378156007445064
1378156007445273
1378156007445519
1378156007445644
1378156007445660
1378156007445945
1378156007446348
1378156007447312
1378156007447559
1378156007447723
1378156007447736
1378156007447855
1378156007447869
1378156007448072
1378156007448205
1378156007448226
1378156007448626
1378156007452786
1378156007452885
1378156007452965
1378156007453142
1378156007453249
1378156007453329
1378156007453394
1378156007453509
1378156007453774
1378156007453915
1378156007454045
1378156007454063
1378156007454543
1378156007456954
1378156007457184
1378156007457195
1378156007457345
1378156007457474
1378156007457777
1378156007457903
1378156007457930
1378156007458037
1378156007458182
1378156007458497
1378156007458626
1378156007458650
1378156007458763
1378156007458884
1378156007459036
1378156007461874
1378156007461982
1378156007462116
1378156007462230
1378156007462249
1378156007462372
1378156007462496
1378156007462514
1378156007462636
1378156007462827
1378156007462940
1378156007462970
1378156007463084
1378156007463459
1378156007463570
1378156007463627
1378156007465216
1378156007465323
1378156007465459
1378156007465692
1378156007465951
1378156007466070
1378156007466096
1378156007466456
1378156007466718
1378156007466858
1378156007467210
1378156007467355
1378156007467488
1378156007467622
1378156007467629
1378156007467759
1378156007467882
1378156007468176
1378156007474744
1378156007474841
1378156007474965
1378156007474987
1378156007475144
1378156007475190
1378156007477626
1378156007477728
1378156007477864
1378156007477870
1378156007477986
1378156007478147
1378156007478162
1378156007478320
1378156007503072
1378156007516333
1378156007516388
1378156007516444
1378156007516496
1378156007516696
1378156007516803
1378156007516837
1378156007517054
1378156007517183
1378156007517216
1378156007517308
1378156007517381
1378156007517447
1378156007517566
1378156007517645
1378156007517755
1378156007517801
1378156007518299
1378156007518530
1378156007518662
1378156007518781
1378156007519160
1378156007519279
1378156007519326
1378156007519435
1378156007519489
1378156007519560
1378156007519622
1378156007519684
1378156007519735
1378156007519824
1378156007519853
1378156007530007
1378156007530222
1378156007530249
1378156007530355
1378156007530402
1378156007530495
1378156007530514
1378156007530617
1378156007530637
1378156007530755
1378156007530861
1378156007531081
1378156007531202
1378156007531337
1378156007531377
1378156007531694
1378156007542592
1378156007542856
1378156007543088
1378156007543201
1378156007543256
1378156007543335
1378156007543369
1378156007543463
1378156007543486
1378156007543677
1378156007543788
1378156007544014
1378156007615245
1378156007619975
1378156007620004
1378156007620143
1378156007659575
1378156007660468
1378156007664925
1378156007683087
1378156007683240
1378156007683789
1378156007698029
1378156007698177
1378156007735568
1378156007736244
1378156007749232
1378156007749264
1378156007749459
1378156007749566
1378156007787537
1378156007788240
1378156007800585
1378156007800620
1378156007800721
1378156007800734
1378156007800975
1378156007801142
1378156007839566
1378156007840861
1378156007845367
1378156007845424
1378156007849408
1378156007850011
1378156007854093
1378156007854127
1378156007854230
1378156007854242
1378156007854492
1378156007854669
1378156007854715
1378156007855799
1378156007855824
1378156007856403
1378156007867334
1378156007867485
1378156007867588
1378156007867836
1378156007867850
1378156007867935
1378156007868131
1378156007868307
1378156007868799
1378156007868952
1378156007869302
1378156007869453
1378156007869672
1378156007869795
1378156007911449
1378156007916279
1378156007916523
1378156008099819
1378156008104154
1378156008104657
1378156008104669
1378156008113432
1378156008119915
1378156008120016
1378156008120158
1378156008120291
1378156008120299
1378156008120503
1378156008121288
1378156008121463
1378156008121588
1378156008121713
1378156008121742
1378156008171321
1378156008179789
1378156008179845
1378156008187757
1378156008198186
1378156008204255
1378156008204314
1378156008210463
1378156008217902
1378156008233503
1378156008236557
1378156008238319
1378156008238367
1378156008238571
1378156008238802
1378156008238910
1378156008239171
1378156008239210
1378156008239317
1378156008239360
1378156008239648
1378156008239783
1378156008239896
1378156008239902
1378156008240062
1378156008240454
1378156008240550
1378156008240711
1378156008240964
1378156008242881
1378156008243121
1378156008243294
1378156008246706
1378156008246846
1378156008246970
1378156008247085
1378156008247104
1378156008247212
1378156008247261
1378156008247340
1378156008247403
1378156008247615
1378156008247877
1378156008248366
1378156008248499
1378156008248514
1378156008248753
1378156008249009
1378156008249269
1378156008249528
1378156008249606
1378156008249665
1378156008249880
1378156008250000
1378156008250054
1378156008250141
1378156008250280
1378156008250393
1378156008250508
1378156008250573
1378156008250646
1378156008250764
1378156008250812
1378156008251012
1378156008251040
1378156008251270
1378156008251291
1378156008251401
1378156008251461
1378156008251650
1378156008251680
1378156008251780
1378156008251842
1378156008252036
1378156008252056
1378156008252164
1378156008252203
1378156008252301
1378156008252409
1378156008252541
1378156008252578
1378156008252693
1378156008252867
1378156008252949
1378156008253089
1378156008253205
1378156008253313
1378156008253375
1378156008253563
1378156008253601
1378156008253713
1378156008253799
1378156008254094
1378156008254206
1378156008254259
1378156008254354
1378156008254466
1378156008254495
1378156008254602
1378156008254695
1378156008254855
1378156008254901
1378156008255008
1378156008255179
1378156008255667
1378156008255818
1378156008255837
1378156008255976
1378156008256004
1378156008256111
1378156008256246
1378156008256280
1378156008256386
1378156008256445
1378156008256539
1378156008256667
1378156008256717
1378156008256804
1378156008256955
1378156008257058
1378156008257137
1378156008257190
1378156008257320
1378156008257417
1378156008257433
1378156008257498
1378156008257615
1378156008257697
1378156008257769
1378156008257851
1378156008258034
1378156008260124
1378156008260261
1378156008260295
1378156008260402
1378156008260434
1378156008260592
1378156008260668
1378156008260738
1378156008260879
1378156008261108
1378156008261250
1378156008261455
1378156008261575
1378156008261604
1378156008261728
1378156008261757
1378156008262053
1378156008262197
1378156008262216
1378156008262753
1378156008262919
1378156008264295
1378156008264459
1378156008264554
1378156008264724
1378156008264747
1378156008264857
1378156008264903
1378156008265256
1378156008265619
1378156008265808
1378156008265931
1378156008265960
1378156008266067
1378156008266209
1378156008266268
1378156008266334
1378156008266431
1378156008266535
1378156008267101
1378156008267220
1378156008267247
1378156008267447
1378156008267704
1378156008267809
1378156008267870
1378156008268027
1378156008268049
1378156008268157
1378156008268300
1378156008268502
1378156008268860
1378156008268978
1378156008269047
1378156008269165
1378156008269222
1378156008269727
1378156008269848
1378156008269890
1378156008269987
1378156008270094
1378156008270130
1378156008270238
1378156008270366
1378156008276759
1378156008276930
1378156008276950
1378156008277072
1378156008277095
1378156008277204
1378156008277339
1378156008277376
1378156008281454
1378156008281691
1378156008281864
1378156008477147
1378156008477286
1378156008477366
1378156008488732
1378156008489008
1378156008489158
1378156008489448
1378156008500815
1378156008501093
1378156008501356
1378156008501589
1378156008501923
1378156008731552
1378156008743190
1378156008743330
1378156008743347
1378156008754866
1378156008755064
1378156008755285
1378156008766943
1378156008767041
1378156008767093
1378156008767202
1378156008767309
1378156008767541
1378156008778924
1378156008779065
1378156008779200
1378156008779296
1378156008779421
1378156008779451
1378156008790730
1378156008790893
1378156008791038
1378156008791369
1378156008791530
1378156008791718
1378156008791857
1378156008802786
1378156008802969
1378156008802990
1378156008803389
1378156008803569
1378156008803576
1378156008803843
1378156008803992
1378156008814998
1378156011249815
1378156011251788
1378156011267005
1378156011267059
1378156011278590
1378156011279438
1378156011296367
1378156011296389
1378156011307934
1378156011312209
1378156011312225
1378156011313266
1378156011317381
1378156011317600
1378156011317618
1378156011317735
1378156011317849
1378156011317961
1378156011318243
1378156011318366
1378156011318753
1378156011318881
1378156011319122
1378156011320511
1378156011320537
1378156011320546
1378156011320773
1378156011321149
1378156011321299
1378156011321436
1378156011321572
1378156011321893
1378156011322011
1378156011322074
1378156011322265
1378156011322379
1378156011322412
1378156011322535
1378156011322665
1378156011323983
1378156011324123
1378156011324149
1378156011324261
1378156011324320
1378156011324930
1378156011325298
1378156011325422
1378156011325446
1378156011325561
1378156011325649
1378156011325790
1378156011325830
1378156011325932
1378156011326141
1378156011327071
1378156011327234
1378156011327330
1378156011327442
1378156011327562
1378156011327606
1378156011327811
1378156011327843
1378156011327955
1378156011328072
1378156011328115
1378156011328255
1378156011328600
1378156011328719
1378156011328754
1378156011328963
1378156011329241
1378156011329356
1378156011329413
1378156011329491
1378156011329602
1378156011329660
1378156011329736
1378156011329845
1378156011329900
1378156011329983
1378156011330095
1378156011330212
1378156011330281
1378156011330393
1378156011330509
1378156011330641
1378156011331044
1378156011331189
1378156011331322
1378156011331562
1378156011331676
1378156011331734
1378156011331932
1378156011331974
1378156011332191
1378156011332466
1378156011332569
1378156011332611
1378156011332702
1378156011332816
1378156011332851
1378156011332957
1378156011333030
1378156011333133
1378156011333237
1378156011333304
1378156011333413
1378156011333542
1378156011333675
1378156011333736
1378156011334055
1378156011334207
1378156011334353
1378156011334389
1378156011334499
1378156011334635
1378156011334672
1378156011334782
1378156011334838
1378156011334934
1378156011335054
1378156011335103
1378156011335212
1378156011335318
1378156011335459
1378156011335581
1378156011335624
1378156011335733
1378156011335829
1378156011335973
1378156011336095
1378156011336240
1378156011337386
1378156011337748
1378156011339394
1378156011339416
1378156011339759
1378156011339799
1378156011339872
1378156011339932
1378156011340009
1378156011340216
1378156011340512
1378156011342398
1378156011342544
1378156011342611
1378156011342682
1378156011342755
1378156011342856
1378156011343062
1378156011346022
1378156011346209
1378156011346275
1378156011346386
1378156011346507
1378156011346578
1378156011346645
1378156011346803
1378156011346923
1378156011347015
1378156011347087
1378156011347189
1378156011347250
1378156011347608
1378156011347617
1378156011347778
1378156011347899
1378156011347961
1378156011348058
1378156011348196
1378156011348647
1378156011348825
1378156011349112
1378156011349250
1378156011349291
1378156011351475
1378156011352537
1378156011356938
1378156011356986
1378156011357120
1378156011361597
1378156011361698
1378156011361740
1378156011361837
1378156011361886
1378156011361979
1378156011362095
1378156011368563
1378156011369936
1378156011369952
1378156011373517
1378156011373783
1378156011373792
1378156011374053
1378156011374164
1378156011374275
1378156011374381
1378156011374429
1378156011374500
1378156011374562
1378156011374701
1378156011375552
1378156011382830
1378156011383142
1378156011383244
1378156011383482
1378156011383521
1378156011383636
1378156011383746
1378156011383929
1378156011383979
1378156011384108
1378156011385000
1378156011423586
1378156011438394
1378156011451297
1378156011513777
1378156011516313
1378156011520381
1378156011521093
1378156011525745
1378156011526003
1378156011526014
1378156011533343
1378156011533801
1378156011537900
1378156011538071
1378156011538113
1378156011539207
1378156011551800
1378156011551951
1378156011552122
1378156011563433
1378156011563653
1378156011563666
1378156011563870
1378156011619792
1378156011619815
1378156011623612
1378156011662280
1378156011674127
1378156011674587
1378156011757309
1378156011759011
1378156011759314
1378156011795586
1378156011796585
1378156011796753
1378156011800976
1378156011809468
1378156011809723
1378156011809845
1378156011810070
1378156011813983
1378156011814087
1378156011814248
1378156011818063
1378156011818217
1378156011818324
1378156011818396
1378156011818514
1378156011843099
1378156011856821
1378156011856864
1378156011857073
1378156011857255
1378156011857299
1378156011857361
1378156011857426
1378156011857687
1378156011857756
1378156011857824
1378156011857928
1378156011858411
1378156011858567
1378156011858785
1378156011862080
1378156011869999
1378156011870107
1378156011870231
1378156011870277
1378156011870417
1378156011870595
1378156011910266
1378156011923458
1378156011923649
1378156011923769
1378156011923911
1378156011923984
1378156011924060
1378156011924182
1378156011924341
1378156011924459
1378156011924603
1378156011924865
1378156011936183
1378156011936529
1378156011936536
1378156011936660
1378156011936679
1378156011936807
1378156011936896
1378156011936953
1378156011942295
1378156011948341
1378156011948555
1378156011948694
1378156011948815
1378156011948931
1378156011948967
1378156011949076
1378156011949198
1378156011949276
1378156011949523
1378156011956837
1378156011960482
1378156011960731
1378156011960750
1378156011960997
1378156011961108
1378156011961173
1378156011961293
1378156011961421
1378156011961603
1378156011974490
1378156011974611
1378156011975776
1378156011979635
1378156011979656
1378156011979886
1378156011980125
1378156011980238
1378156011980527
1378156011980648
1378156011980690
1378156011981135
1378156011981256
1378156011981315
1378156011981410
1378156011981444
1378156011981571
1378156011985209
1378156011985329
1378156011985366
1378156011985462
1378156011985521
1378156011985834
1378156011986132
1378156011987931
1378156011988071
1378156011988114
1378156011988217
1378156011988250
1378156011988369
1378156011988464
1378156011988496
1378156011989203
1378156011989326
1378156011989360
1378156011989543
1378156011989742
1378156011989766
1378156011989879
1378156011989935
1378156011990010
1378156011990118
1378156011990170
1378156011990332
1378156011990374
1378156011990393
1378156011990505
1378156011990657
1378156011991226
1378156011991366
1378156011991511
1378156011991549
1378156011991655
1378156011991955
1378156012003788
1378156012004019
1378156012004140
1378156012004264
1378156012004388
1378156012004550
1378156012004674
1378156012006808
1378156012013336
1378156012016682
1378156012016783
1378156012016931
1378156012017052
1378156012017140
1378156012017178
1378156012017417
1378156012017465
1378156012017555
1378156012017619
1378156012017677
1378156012017738
1378156012018059
1378156012018323
1378156012018428
1378156012018488
1378156012018695
1378156012019181
1378156012019306
1378156012019376
1378156012019446
1378156012019495
1378156012019568
1378156012019627
1378156012019985
1378156012020103
1378156012020237
1378156012020366
1378156012020391
1378156012020563
1378156012024329
1378156012029085
1378156012054590
1378156012067273
1378156012067488
1378156012067615
1378156012067649
1378156012067745
1378156012067781
1378156012067847
1378156012067927
1378156012068038
1378156012068056
1378156012068690
1378156012068810
1378156012068863
1378156012068979
1378156012079972
1378156012080070
1378156012080189
1378156012080237
1378156012080457
1378156012080569
1378156012080813
1378156012080946
1378156012081351
1378156012081493
1378156012081529
1378156012081645
1378156012081761
1378156012081781
1378156012082247
1378156012082383
1378156012082427
1378156012082517
1378156012082559
1378156012082685
1378156012082775
1378156012082813
1378156012092530
1378156012092753
1378156012092777
1378156012092889
1378156012092944
1378156012093012
1378156012093066
1378156012093135
1378156012093180
1378156012093257
1378156012093298
1378156012093786
1378156012093909
1378156012093978
1378156012094274
1378156012094390
1378156012094443
1378156012094551
1378156012094571
1378156012094774
1378156012094882
1378156012095005
1378156012095040
1378156012095202
1378156012108983
1378156012109042
1378156012112892
1378156012119645
1378156012119813
1378156012125472
1378156012125546
1378156012125704
1378156012125743
1378156012125843
1378156012125894
1378156012129567
1378156012132625
1378156012132818
1378156012171563
1378156012172275
1378156012176254
1378156012176420
1378156012181287
1378156012181693
1378156012181863
1378156012181875
1378156012182161
1378156012182371
1378156012184908
1378156012185032
1378156012185060
1378156012185277
1378156012185402
1378156012185519
1378156012185632
1378156012185646
1378156012185941
1378156012186065
1378156012186131
1378156012186337
1378156012187690
1378156012187834
1378156012187861
1378156012187974
1378156012187998
1378156012188108
1378156012188127
1378156012188248
1378156012188393
1378156012188978
1378156012189094
1378156012189159
1378156012189356
1378156012189475
1378156012189588
1378156012189710
1378156012189835
1378156012189955
1378156012190083
1378156012190201
1378156012190332
1378156012191010
1378156012191031
1378156012191105
1378156012191219
1378156012191264
1378156012191355
1378156012191485
1378156012191537
1378156012191607
1378156012191645
1378156012191786
1378156012191848
1378156012191990
1378156012192298
1378156012192370
1378156012200329
1378156012200349
1378156012200433
1378156012200456
1378156012200468
1378156012200750
1378156012200809
1378156012200870
1378156012200946
1378156012200979
1378156012201121
1378156012201390
1378156012201521
1378156012201552
1378156012201667
1378156012201759
1378156012202198
1378156012202696
1378156012202822
1378156012202843
1378156012203690
1378156012203814
1378156012203863
1378156012203948
1378156012204006
1378156012204298
1378156012204418
1378156012204448
1378156012204672
1378156012204788
1378156012204839
1378156012204932
1378156012204978
1378156012205053
1378156012205142
1378156012205160
1378156012205301
1378156012205524
1378156012205647
1378156012205690
1378156012205782
1378156012205890
1378156012205934
1378156012206079
1378156012206127
1378156012206283
1378156012206349
1378156012206413
1378156012206525
1378156012206568
1378156012210689
1378156012210812
1378156012210931
1378156012211062
1378156012211147
1378156012212685
1378156012214992
1378156012215230
1378156012215354
1378156012215477
1378156012215738
1378156012215749
1378156012215863
1378156012216127
1378156012216194
1378156012216406
1378156012216466
1378156012216607
1378156012216634
1378156012216750
1378156012217012
1378156012217249
1378156012217376
1378156012218749
1378156012218865
1378156012218895
1378156012219011
1378156012219095
1378156012219368
1378156012220529
1378156012220729
1378156012230282
1378156012230379
1378156012230512
1378156012230569
1378156012230652
1378156012230771
1378156012242008
1378156012242326
1378156012318018
1378156012323125
1378156012323165
1378156012323371
1378156012323473
1378156012323492
1378156012323621
1378156012323628
1378156012323712
1378156012323769
1378156012323986
1378156012324111
1378156012324380
1378156012324499
1378156012324592
1378156012324652
1378156012324764
1378156012324894
1378156012325330
1378156012330683
1378156012336704
1378156012336749
1378156012336805
1378156012336854
1378156012336943
1378156012337059
1378156012337195
1378156012337278
1378156012337328
1378156012337440
1378156012337535
1378156012337866
1378156012338139
1378156012338256
1378156012338303
1378156012338658
1378156012338844
1378156012339264
1378156012339386
1378156012339530
1378156012340141
1378156012340256
1378156012340341
1378156012340441
1378156012340473
1378156012340593
1378156012340690
1378156012340728
1378156012340822
1378156012340852
1378156012340950
1378156012340971
1378156012341069
1378156012341598
1378156012343069
1378156012343221
1378156012351848
1378156012352004
1378156012356512
1378156012356533
1378156012367956
1378156012368655
1378156012369445
1378156012369603
1378156012369620
1378156012369781
1378156012369818
1378156012369980
1378156012370104
1378156012370171
1378156012381413
1378156012381636
1378156012381834
1378156012382238
1378156012382845
1378156012382972
1378156012383345
1378156012383470
1378156012384770
1378156012384822
1378156012384833
1378156012385358
1378156012385409
1378156012385523
1378156012385641
1378156012385793
1378156012385912
1378156012386020
1378156012392590
1378156012393985
1378156012394254
1378156012397761
1378156012397860
1378156012398095
1378156012398161
1378156012398265
1378156012398326
1378156012398850
1378156012399405
1378156012399675
1378156012399900
1378156012400105
1378156012400166
1378156012400277
1378156012400343
1378156012400413
1378156012400529
1378156012400663
1378156012400859
1378156012400973
1378156012401117
1378156012410870
1378156012410974
1378156012411094
1378156012411297
1378156012412687
1378156012412865
1378156012412879
1378156012413065
1378156012413224
1378156012414333
1378156012427042
1378156012427155
1378156012427262
1378156012427383
1378156012427529
1378156012427545
1378156012427673
1378156012427764
1378156012428186
1378156012428435
1378156012428490
1378156012428819
1378156012428975
1378156012429178
1378156012429208
1378156012429319
1378156012429471
1378156012429746
1378156012429796
1378156012429856
1378156012429900
1378156012430020
1378156012430110
1378156012430151
1378156012430259
1378156012430355
1378156012430387
1378156012430488
1378156012430657
1378156012430777
1378156012430906
1378156012431056
1378156012436422
1378156012449588
1378156012449609
1378156012449870
1378156012450104
1378156012450194
1378156012450223
1378156012450354
1378156012450474
1378156012450503
1378156012450904
1378156012451036
1378156012451104
1378156012451262
1378156012455005
1378156012455024
1378156012455168
1378156012456345
1378156012456456
1378156012456528
1378156012456659
1378156012456975
1378156012467995
1378156012468106
1378156012468184
1378156012468351
1378156012468371
1378156012468489
1378156012468613
1378156012468628
1378156012468756
1378156012469414
1378156012475250
1378156012479628
1378156012480278
1378156012484660
1378156012501056
1378156012513892
1378156012514108
1378156012514241
1378156012514478
1378156012514593
1378156012514636
1378156012514737
1378156012514767
1378156012514865
1378156012514935
1378156012514994
1378156012515055
1378156012515112
1378156012515172
1378156012515892
1378156012525005
1378156012526882
1378156012527101
1378156012527161
1378156012527377
1378156012527479
1378156012527631
1378156012527697
1378156012527768
1378156012527811
1378156012528080
1378156012528288
1378156012535227
1378156012537996
1378156012538220
1378156012538249
1378156012538364
1378156012538453
1378156012538579
1378156012538848
1378156012538964
1378156012539116
1378156012539304
1378156012540058
1378156012540294
1378156012542929
1378156012555508
1378156012555556
1378156012555746
1378156012555970
1378156012556098
1378156012556219
1378156012556343
1378156012556685
1378156012556813
1378156012557062
1378156012557345
1378156012557473
1378156012557647
1378156012557799
1378156012557824
1378156012557951
1378156012558339
1378156012558464
1378156012558582
1378156012558709
1378156012558780
1378156012558893
1378156012558916
1378156012561803
1378156012561902
1378156012562048
1378156012562072
1378156012562181
1378156012562243
1378156012562447
1378156012562885
1378156012567340
1378156012572093
1378156012572230
1378156012585288
1378156012585502
1378156012585530
1378156012585752
1378156012585882
1378156012586126
1378156012586267
1378156012586609
1378156012586731
1378156012586776
1378156012586887
1378156012586909
1378156012587022
1378156012588422
1378156012598458
1378156012598561
1378156012598679
1378156012598730
1378156012598847
1378156012598942
1378156012598997
1378156012599196
1378156012599967
1378156012600236
1378156012600327
1378156012600443
1378156012630008
1378156012634914
1378156012634963
1378156012635149
1378156012635384
1378156012635491
1378156012635626
1378156012635676
1378156012635763
1378156012635825
1378156012635854
1378156012636018
1378156012636126
1378156012636247
1378156012636630
1378156012636789
1378156012636936
1378156012639796
1378156012640081
1378156012648666
1378156012648770
1378156012648911
1378156012649032
1378156012649140
1378156012649164
1378156012649391
1378156012649524
1378156012649646
1378156012649684
1378156012649779
1378156012649829
1378156012649920
1378156012649950
1378156012650044
1378156012650077
1378156012650362
1378156012650716
1378156012654394
1378156012659121
1378156012659163
1378156012659368
1378156012664033
1378156012664429
1378156012664544
1378156012664632
1378156012664772
1378156012664901
1378156012676763
1378156012676985
1378156012677016
1378156012680462
1378156012685439
1378156012685646
1378156012685683
1378156012694145
1378156012707252
1378156012709270
1378156012710130
1378156012710243
1378156012710359
1378156012710381
1378156012710486
1378156012710523
1378156012710634
1378156012710660
1378156012710742
1378156012710786
1378156012710867
1378156012710924
1378156012715266
1378156012715426
1378156012715543
1378156012715587
1378156012722384
1378156012722478
1378156012722741
1378156012727271
1378156012727430
1378156012727609
1378156012727650
1378156012727853
1378156012731477
1378156012736392
1378156012736445
1378156012736671
1378156012749386
1378156012749603
1378156012749677
1378156012749743
1378156012749855
1378156012749985
1378156012750246
1378156012750351
1378156012750476
1378156012750624
1378156012750767
1378156012750890
1378156012751024
1378156012751175
1378156012751528
1378156012751649
1378156012751688
1378156012751784
1378156012751814
1378156012752036
1378156012752148
1378156012752305
1378156012752326
1378156012752533
1378156012752646
1378156012752773
1378156012752917
1378156012752931
1378156012753038
1378156012753064
1378156012753177
1378156012753297
1378156012753417
1378156012753590
1378156012753706
1378156012753874
1378156012760746
1378156012765729
1378156012765943
1378156012765979
1378156012766135
1378156012766156
1378156012766273
1378156012766517
1378156012770315
1378156012777446
1378156012790219
1378156012790307
1378156012790552
1378156012790613
1378156012790691
1378156012790752
1378156012790932
1378156012791056
1378156012791173
1378156012791309
1378156012791395
1378156012791485
1378156012791590
1378156012791606
1378156012792004
1378156012792152
1378156012792166
1378156012792293
1378156012792382
1378156012792418
1378156012792804
1378156012792920
1378156012792993
1378156012793092
1378156012793107
1378156012793204
1378156012793235
1378156012793767
1378156012798641
1378156012798888
1378156012799119
1378156012799177
1378156012799261
1378156012799296
1378156012799380
1378156012799429
1378156012799508
1378156012799555
1378156012799826
1378156012799948
1378156012800125
1378156012800215
1378156012800334
1378156012800463
1378156012800591
1378156012800780
1378156012800800
1378156012800914
1378156012800999
1378156012801120
1378156012801234
1378156012801263
1378156012801376
1378156012801501
1378156012801561
1378156012803531
1378156012803781
1378156012804040
1378156012804145
1378156012804205
1378156012804412
1378156012804521
1378156012804673
1378156012804885
1378156012805027
1378156012805054
1378156012805166
1378156012805191
1378156012805275
1378156012805485
1378156012805543
1378156012805649
1378156012805724
1378156012805783
1378156012805956
1378156012805973
1378156012806086
1378156012806330
1378156012806349
1378156012806463
1378156012806632
1378156012806785
1378156012806907
1378156012807045
1378156012807125
1378156012807443
1378156012807545
1378156012807564
1378156012807701
1378156012807825
1378156012807949
1378156012808083
1378156012808220
1378156012808474
1378156012808870
1378156012814113
1378156012814275
1378156012822374
1378156012822629
1378156012822859
1378156012822895
1378156012823006
1378156012823098
1378156012823159
1378156012823245
1378156012823428
1378156012823458
1378156012823572
1378156012823694
1378156012823755
1378156012824019
1378156012824042
1378156012824156
1378156012824322
1378156012824670
1378156012824839
1378156012825042
1378156012825161
1378156012825214
1378156012825426
1378156012825534
1378156012825612
1378156012825672
1378156012825778
1378156012825840
1378156012825926
1378156012826024
1378156012826101
1378156012826177
1378156012826304
1378156012826437
1378156012828668
1378156012828788
1378156012828820
1378156012829417
1378156012829672
1378156012829787
1378156012829847
1378156012829918
1378156012830033
1378156012830093
1378156012830288
1378156012830346
1378156012830535
1378156012830664
1378156012830783
1378156012830825
1378156012830936
1378156012831034
1378156012831139
1378156012831293
1378156012831400
1378156012831541
1378156012831664
1378156012831734
1378156012831800
1378156012831912
1378156012832078
1378156012832213
1378156012832338
1378156012832458
1378156012832524
1378156012832628
1378156012832734
1378156012832854
1378156012832929
1378156012832982
1378156012833010
1378156012833131
1378156012833242
1378156012833359
1378156012833496
1378156012833618
1378156012833753
1378156012833997
1378156012834203
1378156012834241
1378156012834336
1378156012834479
1378156012834605
1378156012834681
1378156012835930
1378156012836180
1378156012836290
1378156012836352
1378156012836423
1378156012836546
1378156012836605
1378156012836810
1378156012836859
1378156012837124
1378156012837242
1378156012837359
1378156012837384
1378156012837498
1378156012837641
1378156012838063
1378156012838214
1378156012838580
1378156012838706
1378156012838758
1378156012838857
1378156012838889
1378156012838977
1378156012839100
1378156012839228
1378156012839251
1378156012839456
1378156012839583
1378156012839615
1378156012839725
1378156012839826
1378156012839953
1378156012840006
1378156012841349
1378156012841474
1378156012841500
1378156012841708
1378156012841755
1378156012841856
1378156012841964
1378156012842019
1378156012842108
1378156012842278
1378156012842364
1378156012842472
1378156012842593
1378156012842723
1378156012842780
1378156012842981
1378156012843102
1378156012843146
1378156012843256
1378156012843369
1378156012843431
1378156012843629
1378156012843705
1378156012843780
1378156012843897
1378156012843995
1378156012844026
1378156012844067
1378156012844493
1378156012844745
1378156012844873
1378156012844906
1378156012845364
1378156012845478
1378156012845518
1378156012845909
1378156012846024
1378156012846081
1378156012846185
1378156012846291
1378156012846356
1378156012846450
1378156012846608
1378156012846847
1378156012846974
1378156012847115
1378156012858211
1378156012858362
1378156012858425
1378156012858718
1378156012858962
1378156012871438
1378156012871670
1378156012871916
1378156012871937
1378156012872049
1378156012872147
1378156012872288
1378156012872350
1378156012872581
1378156012872665
1378156012872718
1378156012872957
1378156012872996
1378156012873205
1378156012873268
1378156012873389
1378156012873585
1378156012873614
1378156012873715
1378156012873856
1378156012874185
1378156012874230
1378156012874285
1378156012874367
1378156012874428
1378156012874487
1378156012874669
1378156012874731
1378156012874839
1378156012874916
1378156012874980
1378156012875084
1378156012875145
1378156012875307
1378156012875434
1378156012875483
1378156012875592
1378156012875694
1378156012875851
1378156012875857
1378156012875954
1378156012876079
1378156012876109
1378156012876224
1378156012876309
1378156012876470
1378156012876702
1378156012876858
1378156012876978
1378156012877014
1378156012877142
1378156012877220
1378156012884887
1378156012884994
1378156012885112
1378156012885134
1378156012885345
1378156012885486
1378156012885524
1378156012885730
1378156012885789
1378156012885882
1378156012885990
1378156012886141
1378156012886354
1378156012886527
1378156012886559
1378156012886672
1378156012886715
1378156012886826
1378156012887003
1378156012888428
1378156012888559
1378156012888583
1378156012934485
1378156012947314
1378156012947366
1378156012947405
1378156012947467
1378156012947785
1378156012947902
1378156012947917
1378156012948049
1378156012948176
1378156012948309
1378156012948333
1378156012948776
1378156012948900
1378156012949078
1378156012949139
1378156012949251
1378156012949576
1378156012958802
1378156012961086
1378156012961217
1378156012961359
1378156012961446
1378156012961615
1378156012961994
1378156012971796
1378156012971855
1378156012971894
1378156012971987
1378156012972162
1378156012972178
1378156012972277
1378156012972396
1378156012972507
1378156012972762
1378156012972829
1378156012972907
1378156012972973
1378156012973039
1378156012973102
1378156012973535
1378156012973678
1378156012973721
1378156012973928
1378156012974432
1378156012974699
1378156012974799
1378156012974850
1378156012974933
1378156012974973
1378156012974977
1378156012975193
1378156012975300
1378156012975318
1378156012975433
1378156012975477
1378156012975588
1378156012975630
1378156012975700
1378156012975758
1378156012975822
1378156012975882
1378156012975947
1378156012976014
1378156012976085
1378156012976489
1378156012976637
1378156012976766
1378156012976836
1378156012978091
1378156012984500
1378156012985463
1378156012985822
1378156012986061
1378156012986099
1378156012986215
1378156012986232
1378156012986317
1378156012986348
1378156012986449
1378156012986466
1378156012986565
1378156012986593
1378156012986703
1378156012988039
1378156012988149
1378156012988311
1378156012988349
1378156012988519
1378156012988950
1378156012989073
1378156012989110
1378156012989234
1378156012989405
1378156012997628
1378156012997834
1378156013037671
1378156013042530
1378156013042820
1378156013064409
1378156013068825
1378156013068992
1378156013069255
1378156013069433
1378156013069686
1378156013074381
1378156013074482
1378156013074727
1378156013074734
1378156013074864
1378156013074983
1378156013075007
1378156013075129
1378156013075338
1378156013075448
1378156013075580
1378156013075841
1378156013075936
1378156013076057
1378156013076097
1378156013076427
1378156013080152
1378156013081604
1378156013081825
1378156013081852
1378156013081915
1378156013082088
1378156013082219
1378156013082300
1378156013082459
1378156013082787
1378156013082908
1378156013083060
1378156013083097
1378156013083194
1378156013083201
1378156013083436
1378156013083562
1378156013083650
1378156013083743
1378156013083768
1378156013084170
1378156013084387
1378156013084501
1378156013084620
1378156013084745
1378156013084781
1378156013084897
1378156013084912
1378156013085027
1378156013085047
1378156013085160
1378156013095485
1378156013095663
1378156013095726
1378156013095947
1378156013135663
1378156013148280
1378156013148337
1378156013148377
1378156013148498
1378156013148507
1378156013148753
1378156013148866
1378156013149120
1378156013149139
1378156013149264
1378156013149398
1378156013149882
1378156013150003
1378156013150083
1378156013150182
1378156013150207
1378156013150734
1378156013150848
1378156013150927
1378156013150983
1378156013151047
1378156013151130
1378156013151166
1378156013151247
1378156013151298
1378156013151393
1378156013151407
1378156013151557
1378156013151628
1378156013151664
1378156013151817
1378156013154044
1378156013154188
1378156013154275
1378156013154301
1378156013158718
1378156013158739
1378156013162285
1378156013162306
1378156013162571
1378156013162781
1378156013162886
1378156013162906
1378156013163024
1378156013163145
1378156013163260
1378156013163320
1378156013163484
1378156013163619
1378156013163740
1378156013163919
1378156013164238
1378156013164393
1378156013164614
1378156013164731
1378156013164866
1378156013164981
1378156013165072
1378156013165128
1378156013165241
1378156013165333
1378156013165382
1378156013165494
1378156013165589
1378156013165728
1378156013165939
1378156013166015
1378156013166103
1378156013166229
1378156013166291
1378156013168117
1378156013168236
1378156013168273
1378156013168482
1378156013168604
1378156013168673
1378156013168781
1378156013168903
1378156013169032
1378156013169412
1378156013171647
1378156013171766
1378156013171824
1378156013172007
1378156013172137
1378156013172249
1378156013172378
1378156013172456
1378156013172690
1378156013172834
1378156013172880
1378156013173064
1378156013173128
1378156013173239
1378156013173550
1378156013173618
1378156013173912
1378156013176112
1378156013176228
1378156013176281
1378156013176494
1378156013176598
1378156013176722
1378156013176743
1378156013176852
1378156013177002
1378156013177124
1378156013177212
1378156013177331
1378156013177399
1378156013177459
1378156013178019
1378156013178394
1378156013178514
1378156013178545
1378156013178754
1378156013178789
1378156013178907
1378156013179047
1378156013179155
1378156013179244
1378156013179294
1378156013179408
1378156013179497
1378156013179562
1378156013179646
1378156013179756
1378156013179878
1378156013179920
1378156013180012
1378156013180188
1378156013180331
1378156013180453
1378156013180577
1378156013180614
1378156013180730
1378156013180820
1378156013181026
1378156013341427
1378156013353111
1378156013353481
1378156013370153
1378156013371296
1378156013422760
1378156013430382
1378156013446242
1378156013464076
1378156013464112
1378156013478553
1378156013478683
1378156013478976
1378156013484497
1378156013522124
1378156013533423
1378156013533991
1378156013534603
1378156013539771
1378156013539816
1378156013552002
1378156013556141
1378156013556848
1378156013568710
1378156013568750
1378156013572387
1378156013573343
1378156013575015
1378156013575043
1378156013611545
1378156013650118
1378156013654073
1378156013654678
1378156013658995
1378156013659020
1378156013662712
1378156013663363
1378156013664225
1378156013665592
1378156013667150
1378156013668608
1378156013678667
1378156013679569
1378156013680370
1378156013683662
1378156013683685
1378156013695120
1378156013695577
1378156013699967
1378156013739586
1378156019613870
1378156034603387
1378156049604095
1378156049604710
1378156094428714
1378156094428867
1378156094429125
1378156094429505
1378156094429518
1378156094442835
1378156094442984
