1380005406006082
1380005406118263
1380005406154237
1380005406154313
1380005406175140
1380005406190082
1380005406190181
1380005406190419
1380005406190894
1380005406190988
1380005406191040
1380005406191228
1380005406225869
1380005406225936
1380005406272245
1380005406303242
1380005406303499
1380005406309219
1380005406309452
1380005406342667
1380005406342723
1380005406378678
1380005406378973
1380005406420170
1380005406452480
1380005406452702
1380005406455317
1380005406489138
1380005406490631
1380005406490870
1380005406490946
1380005406491182
1380005406491236
1380005406491283
1380005406524509
1380005406524627
1380005406526924
1380005406527136
1380005406533308
1380005406533747
1380005406533875
1380005406537371
1380005406537780
1380005406537851
1380005406537987
1380005406538784
1380005406539138
1380005406539240
1380005406539298
1380005406545131
1380005406545383
1380005406545583
1380005406545694
1380005406565123
1380005406565438
1380005406565502
1380005406565609
1380005406566686
1380005406574384
1380005406574551
1380005406574698
1380005406574775
1380005406574808
1380005406574941
1380005406576159
1380005406576329
1380005406576439
1380005406583436
1380005406583776
1380005406583902
1380005406602672
1380005406602830
1380005406606798
1380005406609483
1380005406609636
1380005406609749
1380005406615297
1380005406615701
1380005406615771
1380005406615878
1380005406616082
1380005406616175
1380005406616254
1380005406623531
1380005406623814
1380005406623930
1380005406623990
1380005406624110
1380005406644860
1380005406645075
1380005406647275
1380005406647471
1380005406653001
1380005406653203
1380005406654265
1380005406654411
1380005406670150
1380005406670249
1380005406670307
1380005406670500
1380005406670738
1380005406670830
1380005406670898
1380005406671086
1380005406671623
1380005406671826
1380005406671956
1380005406672456
1380005406672660
1380005406672773
1380005406673017
1380005406673167
1380005406673543
1380005406673847
1380005406674020
1380005406674149
1380005406684124
1380005406684439
1380005406684538
1380005406688133
1380005406688492
1380005406688740
1380005406688994
1380005406690572
1380005406691357
1380005406691465
1380005406691645
1380005406691761
1380005406706731
1380005406710157
1380005406710450
1380005406710658
1380005406710876
1380005406711038
1380005406711209
1380005406711440
1380005406711718
1380005406711941
1380005406712162
1380005406712418
1380005406712719
1380005406712906
1380005406713283
1380005406713548
1380005406713779
1380005406714014
1380005406714338
1380005406714566
1380005406714954
1380005406715103
1380005406715356
1380005406715565
1380005406715842
1380005406715992
1380005406716650
1380005406717057
1380005406717378
1380005406717593
1380005406717871
1380005406718183
1380005406718332
1380005406722252
1380005406722422
1380005406722566
1380005406724181
1380005406724635
1380005406724817
1380005406724892
1380005406728749
1380005406749368
1380005406749627
1380005406749856
1380005406750083
1380005406750332
1380005406750507
1380005406751032
1380005406751164
1380005406751462
1380005406751618
1380005406751764
1380005406751930
1380005406752308
1380005406752488
1380005406753182
1380005406754087
1380005406754375
1380005406754544
1380005406754725
1380005406754890
1380005406755509
1380005406755698
1380005406755876
1380005406756073
1380005406756282
1380005406756866
1380005406757090
1380005406757587
1380005406757861
1380005406758637
1380005406758903
1380005406759114
1380005406759324
1380005406759483
1380005406759637
1380005406759864
1380005406760027
1380005406760185
1380005406760368
1380005406760520
1380005406760976
1380005406761181
1380005406761358
1380005406761597
1380005406761805
1380005406761920
1380005406762158
1380005406762414
1380005406762621
1380005406762886
1380005406763090
1380005406763301
1380005406763486
1380005406764027
1380005406764248
1380005406764414
1380005406764749
1380005406764901
1380005406765299
1380005406765470
1380005406765625
1380005406767963
1380005406768719
1380005406768962
1380005406769221
1380005406769448
1380005406769677
1380005406769973
1380005406770163
1380005406770343
1380005406786349
1380005406786608
1380005406786840
1380005406787068
1380005406787420
1380005406787525
1380005406787721
1380005406787883
1380005406788204
1380005406789705
1380005406789841
1380005406789980
1380005406790093
1380005406790166
1380005406790670
1380005406790878
1380005406790997
1380005406791251
1380005406791437
1380005406791608
1380005406791798
1380005406791949
1380005406792472
1380005406792611
1380005406793112
1380005406793276
1380005406793769
1380005406793886
1380005406794236
1380005406794462
1380005406800658
1380005406801057
1380005406801160
1380005406801371
1380005406801571
1380005406801702
1380005406802094
1380005406802235
1380005406802540
1380005406802696
1380005406803067
1380005406803453
1380005406803633
1380005406803875
1380005406804076
1380005406804256
1380005406804497
1380005406804699
1380005406804978
1380005406805150
1380005406805349
1380005406806879
1380005406810906
1380005406811207
1380005406811438
1380005406811714
1380005406811949
1380005406812153
1380005406812438
1380005406812696
1380005406812903
1380005406813051
1380005406813292
1380005406813508
1380005406813679
1380005407063188
1380005407167414
1380005407167509
1380005407167720
1380005407264882
1380005407301480
1380005407329714
1380005407329770
1380005407348574
1380005407447757
1380005407448765
1380005407557816
1380005407558198
1380005407558446
1380005407597682
