1379883275334758
1379883275597515
1379883275597681
1379883275597828
1379883275641028
1379883275746968
1379883275747330
1379883275835279
1379883275835356
1379883275835623
1379883275835684
1379883275835748
1379883275845998
1379883276237705
1379883276469616
1379883276528519
1379883276552458
1379883276552514
1379883276570145
1379883276674690
1379883276675607
1379883276700686
1379883276700757
1379883276772138
1379883276772969
1379883276788087
1379883276788132
1379883276788624
1379883276829373
1379883276929871
1379883276930091
1379883276942058
1379883276945266
1379883277211090
1379883277485264
1379883277486359
1379883277486546
1379883277486611
1379883277486842
1379883277486936
1379883277487102
1379883277487373
1379883277523056
1379883278030131
1379883278030485
1379883278031783
1379883278031875
1379883278032130
1379883278032211
1379883278032260
1379883278072171
1379883278072408
1379883278079704
1379883278319706
