1378014620832517
1378014620906492
1378014620907129
1378014620985191
1378014620985214
1378014620985438
1378014620985446
1378014620985579
1378014621006659
1378014621030787
1378014621031035
1378014621060900
1378014621061380
1378014621061496
1378014621089722
1378014621164544
1378014621165959
1378014621305469
1378014621305493
1378014621305719
1378014621305734
1378014621305878
1378014621305887
1378014621305966
1378014621306021
1378014621306209
1378014621306218
1378014621347200
1378014621351231
1378014621351592
1378014621356421
1378014621356440
1378014621356445
1378014621359633
1378014621359764
1378014621363526
1378014621363644
1378014621363887
1378014621367779
1378014621368137
1378014621371943
1378014621372299
1378014621376140
1378014621376562
1378014621380346
1378014621383342
1378014621387161
1378014621387389
1378014621392453
1378014621397362
1378014621402758
1378014621410245
1378014621415187
1378014621415207
1378014621420334
1378014621420349
1378014621420356
1378014621420455
1378014621420590
1378014621420950
1378014621421065
1378014621421126
1378014621421253
1378014621421781
1378014621421896
1378014621421955
1378014621422072
1378014621422211
1378014621422325
1378014621422391
1378014621422502
1378014621423133
1378014621423268
1378014621423272
1378014621423388
1378014621425585
1378014621425702
1378014621426815
1378014621426929
1378014621427224
1378014621427342
1378014621427994
1378014621428103
1378014621428458
1378014621428575
1378014621432979
1378014621437584
1378014621439980
1378014621442584
1378014621442596
1378014621442604
1378014621442708
1378014621442818
1378014621442948
1378014621443085
1378014621443093
1378014621443198
1378014621443203
1378014621443322
1378014621443327
1378014621443543
1378014621443552
1378014621443662
1378014621443669
1378014621443791
1378014621443795
1378014621444143
1378014621444152
1378014621444709
1378014621447484
1378014621447607
1378014621447678
1378014621447711
1378014621447783
1378014621447941
1378014621448054
1378014621448060
1378014621448429
1378014621448437
1378014621448554
1378014621448559
1378014621448954
1378014621448959
1378014621449076
1378014621449081
1378014621449200
1378014621449204
1378014621449589
1378014621449596
1378014621449707
1378014621449712
1378014621449842
1378014621449847
1378014621449923
1378014621449957
1378014621449961
1378014621450118
1378014621450124
1378014621450333
1378014621450337
1378014621450453
1378014621450457
1378014621450571
1378014621450575
1378014621450728
1378014621450733
1378014621450859
1378014621452444
1378014621452554
1378014621452610
1378014621452742
1378014621452747
1378014621452857
1378014621452861
1378014621453007
1378014621453011
1378014621453120
1378014621453124
1378014621453819
1378014621453872
1378014621453877
1378014621454192
1378014621454198
1378014621454324
1378014621454329
1378014621454447
1378014621454451
1378014621454649
1378014621454654
1378014621454772
1378014621454781
1378014621455154
1378014621455160
1378014621455553
1378014621455558
1378014621457504
1378014621457620
1378014621457981
1378014621458024
1378014621460718
1378014621460727
1378014621460844
1378014621460850
1378014621460981
1378014621480028
1378014621480161
1378014621481570
1378014621485881
1378014621485892
1378014621485897
1378014621486003
1378014621486109
1378014621486175
1378014621486286
1378014621486289
1378014621486324
1378014621487381
1378014621488447
1378014621488554
1378014621488708
1378014621488821
1378014621488825
1378014621488961
1378014621488966
1378014621489198
1378014621489203
1378014621489332
1378014621489336
1378014621489449
1378014621489453
1378014621489626
1378014621489631
1378014621489735
1378014621489740
1378014621489992
1378014621489997
1378014621490245
1378014621490250
1378014621490441
1378014621490446
1378014621490559
1378014621490563
1378014621490678
1378014621490682
1378014621491077
1378014621491081
1378014621491201
1378014621491205
1378014621491329
1378014621492524
1378014621492657
1378014621492661
1378014621492895
1378014621492899
1378014621493029
1378014621493034
1378014621493139
1378014621493143
1378014621493274
1378014621493279
1378014621493607
1378014621493611
1378014621493732
1378014621493784
1378014621493887
1378014621494227
1378014621494358
1378014621494362
1378014621494478
1378014621494482
1378014621494612
1378014621494617
1378014621494729
1378014621494733
1378014621494989
1378014621494992
1378014621495119
1378014621495123
1378014621495233
1378014621495238
1378014621495387
1378014621495391
1378014621499347
1378014621499358
1378014621533757
1378014621533767
1378014621537434
1378014621539456
1378014621539472
1378014621539700
1378014621539705
1378014621539944
1378014621539951
1378014621540068
1378014621540072
1378014621540184
1378014621540310
1378014621540607
1378014621540738
1378014621541934
1378014621541940
1378014621541943
1378014621541946
1378014621541986
1378014621541989
1378014621542041
1378014621542100
1378014621542203
1378014621542206
1378014621543910
1378014621544050
1378014621544125
1378014621544252
1378014621546002
1378014621549160
1378014621551381
1378014621551400
1378014621551622
1378014621551627
1378014621551862
1378014621551867
1378014621551998
1378014621552002
1378014621552111
1378014621552115
1378014621552246
1378014621552250
1378014621552468
1378014621552472
1378014621552617
1378014621552622
1378014621552740
1378014621554089
1378014621554214
1378014621554219
1378014621554364
1378014621554368
1378014621554474
1378014621554479
1378014621554598
1378014621557172
1378014621557295
1378014621558256
1378014621558377
1378014621558432
1378014621558538
1378014621560242
1378014621560353
1378014621560406
1378014621560521
1378014621564494
1378014621564623
1378014621564691
1378014621564823
1378014621571285
1378014621573040
1378014621573204
1378014621577666
1378014621577696
1378014621577707
1378014621578468
1378014621578584
1378014621578856
1378014621579032
1378014621579039
1378014621579397
1378014621579406
1378014621579538
1378014621579801
1378014621579941
1378014621579948
1378014621580054
1378014621580057
1378014621580303
1378014621580307
1378014621580341
1378014621580489
1378014621580497
1378014621580599
1378014621580604
1378014621580926
1378014621580934
1378014621581046
1378014621581052
1378014621581163
1378014621581168
1378014621581301
1378014621581306
1378014621581455
1378014621581460
1378014621581775
1378014621582124
1378014621583302
1378014621583318
1378014621583541
1378014621583547
1378014621583784
1378014621583790
1378014621583922
1378014621583928
1378014621584032
1378014621584037
1378014621584161
1378014621584166
1378014621584280
1378014621584286
1378014621584416
1378014621584423
1378014621584577
1378014621584583
1378014621585044
1378014621585053
1378014621585416
1378014621585422
1378014621585665
1378014621585671
1378014621585783
1378014621585788
1378014621586031
1378014621586037
1378014621586156
1378014621586162
1378014621586285
1378014621586291
1378014621586540
1378014621586546
1378014621587817
1378014621587824
1378014621587933
1378014621587940
1378014621588045
1378014621588051
1378014621588163
1378014621588169
1378014621588420
1378014621588426
1378014621588545
1378014621588551
1378014621589025
1378014621589031
1378014621589207
1378014621589213
1378014621589343
1378014621589407
1378014621589514
1378014621589571
1378014621589674
1378014621589680
1378014621589793
1378014621589797
1378014621589916
1378014621589922
1378014621590051
1378014621590057
1378014621590162
1378014621590167
1378014621590290
1378014621590296
1378014621590435
1378014621590441
1378014621590557
1378014621590608
1378014621590716
1378014621590722
1378014621590836
1378014621590840
1378014621590966
1378014621590971
1378014621591223
1378014621591229
1378014621591358
1378014621591364
1378014621591527
1378014621591534
1378014621591641
1378014621591648
1378014621591759
1378014621591765
1378014621591890
1378014621592039
1378014621592173
1378014621592179
1378014621592312
1378014621592318
1378014621592430
1378014621620886
1378014621621020
1378014621626258
1378014621626401
1378014621631859
1378014621651605
1378014621652018
1378014621677036
1378014621677062
1378014621677361
1378014621677490
1378014621713845
1378014621714752
1378014621718549
1378014621719190
1378014621722951
1378014621781992
1378014621799822
1378014621800132
1378014621839240
1378014621857710
1378014621881098
1378014621881500
1378014621908574
1378014621909046
1378014621909162
1378014621929840
1378014621949210
1378014621949227
1378014621954267
1378014621954291
1378014621954302
1378014621954392
1378014621954529
1378014621954628
1378014621954744
1378014621955003
1378014621955125
1378014621958923
1378014621959038
1378014621961080
1378014621961202
1378014621966507
1378014621969123
1378014621969355
1378014621969487
1378014621973679
1378014621973795
1378014621974894
1378014621975013
1378014621975253
1378014621975378
1378014621975495
1378014621975617
1378014621975797
1378014621975834
1378014621975914
1378014621976211
1378014621978538
1378014621994843
1378014621994967
1378014621995213
1378014621995330
1378014621995581
1378014621995701
1378014621995824
1378014621996100
1378014621996223
1378014621996344
1378014621996481
1378014621996839
1378014621996956
1378014622014611
1378014622014769
1378014622053867
1378014622067644
1378014622085688
1378014622122583
1378014622125668
1378014622128439
1378014622128450
1378014622128555
1378014622128558
1378014622128807
1378014622128816
1378014622128931
1378014622128935
1378014622129052
1378014622129058
1378014622129183
1378014622129192
1378014622129396
1378014622129402
1378014622129550
1378014622129557
1378014622130058
1378014622130067
1378014622130181
1378014622130184
1378014622131824
1378014622131833
1378014622131946
1378014622131951
1378014622132191
1378014622132199
1378014622132315
1378014622132318
1378014622132438
1378014622132444
1378014622132562
1378014622132568
1378014622132824
1378014622132833
1378014622132946
1378014622132951
1378014622133093
1378014622133099
1378014622133455
1378014622133464
1378014622133585
1378014622133590
1378014622133836
1378014622133845
1378014622133957
1378014622133962
1378014622134341
1378014622134350
1378014622134472
1378014622134474
1378014622134590
1378014622134597
1378014622134845
1378014622134854
1378014622135097
1378014622135106
1378014622135222
1378014622135235
1378014622135344
1378014622135349
1378014622135467
1378014622135473
1378014622135738
1378014622135747
1378014622135860
1378014622135865
1378014622136034
1378014622136040
1378014622136144
1378014622136149
1378014622136290
1378014622136295
1378014622136404
1378014622136409
1378014622136943
1378014622136952
1378014622137062
1378014622137068
1378014622137251
1378014622137257
1378014622137497
1378014622137506
1378014622137614
1378014622137619
1378014622137779
1378014622137784
1378014622137890
1378014622137892
1378014622138039
1378014622138044
1378014622138210
1378014622138215
1378014622138458
1378014622138467
1378014622139390
1378014622139399
1378014622139506
1378014622139511
1378014622139642
1378014622139644
1378014622139814
1378014622139819
1378014622139925
1378014622139929
1378014622140050
1378014622140173
1378014622140824
1378014622140945
1378014622140951
1378014622141197
1378014622141206
1378014622141316
1378014622141321
1378014622141443
1378014622141446
1378014622141647
1378014622141656
1378014622141713
1378014622141798
1378014622141850
1378014622141920
1378014622142024
1378014622142029
1378014622142133
1378014622142135
1378014622142413
1378014622142418
1378014622142536
1378014622142540
1378014622142657
1378014622142660
1378014622142798
1378014622142801
1378014622142910
1378014622142915
1378014622143027
1378014622143031
1378014622143185
1378014622143190
1378014622143297
1378014622143299
1378014622143555
1378014622143560
1378014622144190
1378014622144198
1378014622144428
1378014622144436
1378014622144656
1378014622144660
1378014622144907
1378014622144912
1378014622145030
1378014622145035
1378014622145276
1378014622145285
1378014622145400
1378014622145404
1378014622145520
1378014622145525
1378014622145772
1378014622145781
1378014622146018
1378014622146027
1378014622146267
1378014622146276
1378014622146520
1378014622146529
1378014622146644
1378014622146651
1378014622146874
1378014622146878
1378014622147013
1378014622147018
1378014622147121
1378014622147124
1378014622147380
1378014622147388
1378014622147502
1378014622147506
1378014622147625
1378014622147628
1378014622147747
1378014622147753
1378014622147871
1378014622147876
1378014622147993
1378014622147997
1378014622148133
1378014622148227
1378014622148346
1378014622148486
1378014622148596
1378014622148765
1378014622148874
1378014622149007
1378014622149165
1378014622149276
1378014622149393
1378014622149683
1378014622149688
1378014622149802
1378014622149806
1378014622149932
1378014622149936
1378014622150089
1378014622150092
1378014622150201
1378014622150205
1378014622150304
1378014622150320
1378014622150324
1378014622150548
1378014622150553
1378014622150660
1378014622150663
1378014622150917
1378014622150921
1378014622151040
1378014622151044
1378014622151168
1378014622151173
1378014622151322
1378014622151326
1378014622151435
1378014622151438
1378014622151554
1378014622151558
1378014622151702
1378014622151706
1378014622152314
1378014622152319
1378014622152445
1378014622152449
1378014622152721
1378014622152725
1378014622152868
1378014622152873
1378014622152990
1378014622152994
1378014622153141
1378014622153145
1378014622153270
1378014622153274
1378014622153423
1378014622153427
1378014622153538
1378014622153543
1378014622153685
1378014622153689
1378014622153809
1378014622153812
1378014622153950
1378014622153955
1378014622154058
1378014622154062
1378014622154214
1378014622154219
1378014622154322
1378014622154325
1378014622155186
1378014622155189
1378014622155332
1378014622155335
1378014622155646
1378014622155652
1378014622155769
1378014622157648
1378014622157763
1378014622159768
1378014622159888
1378014622159893
1378014622160029
1378014622160031
1378014622160135
1378014622160140
1378014622160264
1378014622160267
1378014622160391
1378014622160395
1378014622160531
1378014622160534
1378014622160638
1378014622160643
1378014622160752
1378014622160874
1378014622161000
1378014622161133
1378014622162211
1378014622162321
1378014622162371
1378014622162476
1378014622162480
1378014622162596
1378014622162598
1378014622162709
1378014622162713
1378014622162843
1378014622162847
1378014622162965
1378014622162968
1378014622163108
1378014622163113
1378014622163211
1378014622163524
1378014622163606
1378014622163725
1378014622163730
1378014622163887
1378014622163891
1378014622169705
1378014622169852
1378014622398836
1378014622404677
1378014622404704
1378014622404798
1378014622404807
1378014622405036
1378014622405044
1378014622405160
1378014622405165
1378014622405280
1378014622405285
1378014622405414
1378014622405418
1378014622405633
1378014622405641
1378014622405756
1378014622405761
1378014622405896
1378014622405899
1378014622406208
1378014622406213
1378014622406332
1378014622406336
1378014622410270
1378014622410277
1378014622410509
1378014622410513
1378014622410770
1378014622410774
1378014622410882
1378014622411143
1378014622411147
1378014622411258
1378014622411262
1378014622411513
1378014622411518
1378014622411676
1378014622411681
1378014622411787
1378014622411791
1378014622411906
1378014622411908
1378014622412065
1378014622412069
1378014622412313
1378014622412318
1378014622412443
1378014622412446
1378014622412581
1378014622412584
1378014622415725
1378014622415735
1378014622415963
1378014622415968
1378014622416132
1378014622416137
1378014622416240
1378014622416243
1378014622416541
1378014622416546
1378014622416670
1378014622416674
1378014622417049
1378014622417053
1378014622417171
1378014622417175
1378014622417418
1378014622417423
1378014622417617
1378014622417622
1378014622417737
1378014622417739
1378014622417863
1378014622417988
1378014622418265
1378014622418267
1378014622418384
1378014622418388
1378014622420627
1378014622420633
1378014622420760
1378014622420763
1378014622420999
1378014622421004
1378014622421136
1378014622421141
1378014622421248
1378014622421252
1378014622421369
1378014622421372
1378014622421467
1378014622421518
1378014622421521
1378014622422339
1378014622422345
1378014622422581
1378014622422586
1378014622422725
1378014622422730
1378014622422832
1378014622422836
1378014622422954
1378014622422956
1378014622423216
1378014622423221
1378014622423341
1378014622423345
1378014622423595
1378014622423600
1378014622423849
1378014622423854
1378014622423971
1378014622423974
1378014622424220
1378014622424224
1378014622424338
1378014622424341
1378014622424597
1378014622424735
1378014622424742
1378014622424853
1378014622424960
1378014622425012
1378014622425131
1378014622425136
1378014622425248
1378014622425252
1378014622425484
1378014622425488
1378014622425607
1378014622425611
1378014622425743
1378014622425746
1378014622425855
1378014622425859
1378014622427372
1378014622427378
1378014622427490
1378014622427493
1378014622427741
1378014622427745
1378014622427859
1378014622427863
1378014622427994
1378014622427998
1378014622428108
1378014622428112
1378014622428371
1378014622428375
1378014622428531
1378014622428535
1378014622428643
1378014622428647
1378014622428921
1378014622428926
1378014622429090
1378014622429095
1378014622429198
1378014622429201
1378014622429341
1378014622429344
1378014622430296
1378014622430302
1378014622430540
1378014622430544
1378014622430661
1378014622430665
1378014622430786
1378014622430791
1378014622430906
1378014622430911
1378014622431044
1378014622431048
1378014622431152
1378014622431156
1378014622431289
1378014622431293
1378014622431403
1378014622431407
1378014622431524
1378014622431528
1378014622431799
1378014622431804
1378014622432060
1378014622432064
1378014622432177
1378014622432181
1378014622432428
1378014622432432
1378014622432607
1378014622432611
1378014622432760
1378014622432765
1378014622432867
1378014622432871
1378014622433018
1378014622433022
1378014622433126
1378014622433130
1378014622433298
1378014622433302
1378014622433789
1378014622433794
1378014622433920
1378014622433924
1378014622434039
1378014622434043
1378014622434240
1378014622434244
1378014622434517
1378014622434521
1378014622434655
1378014622434659
1378014622434776
1378014622434780
1378014622434915
1378014622434919
1378014622435044
1378014622435048
1378014622435167
1378014622435171
1378014622435289
1378014622435293
1378014622436156
1378014622436161
1378014622436241
1378014622436410
1378014622436417
1378014622436528
1378014622436532
1378014622436647
1378014622436652
1378014622436785
1378014622436789
1378014622437157
1378014622437161
1378014622437282
1378014622437286
1378014622437403
1378014622437407
1378014622437537
1378014622437542
1378014622437671
1378014622437675
1378014622437855
1378014622437860
1378014622437990
1378014622437995
1378014622438139
1378014622438143
1378014622438247
1378014622438251
1378014622438459
1378014622438464
1378014622439331
1378014622439337
1378014622439459
1378014622439463
1378014622439701
1378014622439705
1378014622439834
1378014622439838
1378014622439947
1378014622439951
1378014622440100
1378014622440104
1378014622440207
1378014622440212
1378014622440332
1378014622440336
1378014622440452
1378014622440457
1378014622440591
1378014622440595
1378014622440709
1378014622440713
1378014622440827
1378014622440831
1378014622440966
1378014622440971
1378014622458039
1378014622475953
1378014622758913
1378014622796656
1378014622860452
1378014622870434
1378014622871215
1378014622944630
1378014622945425
1378014622945779
1378014623019246
1378014623020737
1378014623020868
1378014623022354
1378014623095966
1378014623105095
1378014623105222
1378014623105231
1378014623105358
1378014623105367
1378014623105483
1378014623105488
1378014623179210
1378014623179231
1378014623179456
1378014623179463
1378014623179571
1378014623179579
1378014623179695
1378014623179700
1378014623179820
1378014623179825
1378014623179972
1378014623179975
1378014623180081
1378014623180092
1378014623180203
1378014623180208
1378014623180431
1378014623180440
1378014623180604
1378014623180611
1378014623254029
1378014623254050
1378014623254274
1378014623254284
1378014623254391
1378014623254396
1378014623254514
1378014623254519
1378014623254636
1378014623254642
1378014623254765
1378014623254771
1378014623254882
1378014623254888
1378014623255147
1378014623255156
1378014623255271
1378014623255277
1378014623255499
1378014623255552
1378014623255739
1378014623255747
1378014623255905
1378014623255912
1378014623256017
1378014623256023
1378014623256153
1378014623256437
1378014623256566
1378014623256886
1378014623329285
1378014623329308
1378014623329527
1378014623329536
1378014623329641
1378014623329649
1378014623329770
1378014623329777
1378014623329884
1378014623329891
1378014623330014
1378014623330018
1378014623330404
1378014623330412
1378014623330536
1378014623330539
1378014623330909
1378014623330918
1378014623331030
1378014623331039
1378014623331174
1378014623331179
1378014623331303
1378014623331306
1378014623331545
1378014623331554
1378014623331672
1378014623331680
1378014623331794
1378014623331799
1378014623331918
1378014623331923
1378014623333684
1378014623333696
1378014623333809
1378014623333817
1378014623334058
1378014623334067
1378014623334178
1378014623334187
1378014623334298
1378014623334302
1378014623334424
1378014623334429
1378014623334607
1378014623334615
1378014623334722
1378014623334728
1378014623404865
1378014623404892
1378014623405114
1378014623405123
1378014623405230
1378014623405239
1378014623405354
1378014623405359
1378014623405478
1378014623405489
1378014623405738
1378014623405748
1378014623405853
1378014623405860
1378014623405977
1378014623405981
1378014623406148
1378014623406155
1378014623406304
1378014623406309
1378014623406414
1378014623406419
1378014623406843
1378014623406854
1378014623406966
1378014623406975
1378014623407089
1378014623407096
1378014623407282
1378014623408262
1378014623408275
1378014623408391
1378014623408398
1378014623408508
1378014623408516
1378014623408760
1378014623408770
1378014623408881
1378014623408889
1378014623409005
1378014623409010
1378014623409110
1378014623409166
1378014623409406
1378014623409411
1378014623409641
1378014623409650
1378014623409769
1378014623409777
1378014623410020
1378014623410027
1378014623410277
1378014623410287
1378014623410399
1378014623410407
1378014623410556
1378014623410563
1378014623410762
1378014623410770
1378014623410880
1378014623410885
1378014623411026
1378014623411034
1378014623411148
1378014623411152
1378014623411249
1378014623411314
1378014623411424
1378014623411428
1378014623411679
1378014623411687
1378014623411792
1378014623411800
1378014623480810
1378014623480838
1378014623481053
1378014623481058
1378014623481117
1378014623481195
1378014623481259
1378014623481310
1378014623481419
1378014623481423
1378014623481652
1378014623481661
1378014623481777
1378014623481785
1378014623481901
1378014623481916
1378014623482158
1378014623482165
1378014623482306
1378014623482422
1378014623482595
1378014623482860
1378014623482986
1378014623482994
1378014623483110
1378014623483118
1378014623483361
1378014623483518
1378014623483607
1378014623483658
1378014623483726
1378014623483825
1378014623483910
1378014623484031
1378014623484104
1378014623484215
1378014623484222
1378014623484337
1378014623484522
1378014623485442
1378014623485570
1378014623485581
1378014623485817
1378014623485823
1378014623485941
1378014623485949
1378014623486066
1378014623486070
1378014623486184
1378014623486244
1378014623486357
1378014623486360
1378014623486456
1378014623486554
1378014623486569
1378014623486668
1378014623486827
1378014623486835
1378014623486949
1378014623486954
1378014623488321
1378014623488332
1378014623488506
1378014623488511
1378014623488654
1378014623488662
1378014623488771
1378014623488776
1378014623488910
1378014623488917
1378014623489372
1378014623489381
1378014623489499
1378014623489506
1378014623489617
1378014623489621
1378014623489750
1378014623489757
1378014623489875
1378014623489879
1378014623489981
1378014623490039
1378014623555731
1378014623555754
1378014623555977
1378014623555987
1378014623556095
1378014623556100
1378014623556215
1378014623556305
1378014623556359
1378014623556416
1378014623556492
1378014623556584
1378014623556633
1378014623556831
1378014623556995
1378014623557001
1378014623557106
1378014623557114
1378014623557352
1378014623557356
1378014623557601
1378014623557611
1378014623557857
1378014623557866
1378014623557981
1378014623557989
1378014623558123
1378014623558131
1378014623558237
1378014623558245
1378014623561607
1378014623561623
1378014623561735
1378014623561743
1378014623561976
1378014623561984
1378014623562090
1378014623562096
1378014623562215
1378014623562225
1378014623562478
1378014623562489
1378014623562601
1378014623562605
1378014623562983
1378014623562993
1378014623563113
1378014623563116
1378014623563235
1378014623563238
1378014623563357
1378014623563365
1378014623563480
1378014623563484
1378014623563603
1378014623563608
1378014623563725
1378014623563730
1378014623563850
1378014623563854
1378014623563971
1378014623563975
1378014623564098
1378014623564103
1378014623564217
1378014623564220
1378014623564711
1378014623564716
1378014623564835
1378014623564942
1378014623565005
1378014623565119
1378014623565124
1378014623565235
1378014623565298
1378014623565407
1378014623565415
1378014623565503
1378014623565601
1378014623565661
1378014623565770
1378014623565774
1378014623565891
1378014623565950
1378014623566010
1378014623566067
1378014623566155
1378014623566265
1378014623566327
1378014623566438
1378014623566442
1378014623566543
1378014623566598
1378014623566659
1378014623566714
1378014623566806
1378014623566913
1378014623566998
1378014623567061
1378014623567117
1378014623567570
1378014623567579
1378014623567732
1378014623567740
1378014623567846
1378014623567853
1378014623567992
1378014623567999
1378014623568112
1378014623568115
1378014623568268
1378014623568276
1378014623630722
1378014623630744
1378014623630855
1378014623630862
1378014623630958
1378014623631013
1378014623631207
1378014623631212
1378014623631332
1378014623631336
1378014623631458
1378014623631461
1378014623631579
1378014623631588
1378014623631853
1378014623631862
1378014623632096
1378014623632105
1378014623632224
1378014623632232
1378014623632408
1378014623632463
1378014623632473
1378014623632666
1378014623632674
1378014623632730
1378014623632799
1378014623632866
1378014623632870
1378014623633219
1378014623633227
1378014623633342
1378014623633350
1378014623633460
1378014623633465
1378014623633626
1378014623633634
1378014623639179
1378014623639196
1378014623639304
1378014623639312
1378014623639543
1378014623639554
1378014623639663
1378014623639671
1378014623639790
1378014623639798
1378014623639912
1378014623639920
1378014623640183
1378014623640192
1378014623640306
1378014623640314
1378014623640688
1378014623640697
1378014623640812
1378014623640819
1378014623640963
1378014623640967
1378014623641121
1378014623641129
1378014623641599
1378014623641608
1378014623641759
1378014623641766
1378014623641937
1378014635338586
1378014651582734
1378014651583590
1378014651588187
1378014651640515
1378014652134534
1378014652139353
1378014652140635
1378014652429333
1378014665339442
1378014665339761
1378014665339988
1378014665340201
1378014665340419
1378014665340627
1378014665340829
1378014665341017
1378014682860295
1378014683095112
1378014683486190
1378014695339632
1378014695339926
1378014695340130
1378014710238075
1378014710255470
1378014710256032
1378014710257102
1378014710261614
1378014710262109
