1379884328902989
1379884329361857
1379884329361940
1379884329362012
1379884329451451
1379884329451548
1379884329451763
1379884329451822
1379884329451904
1379884329452241
1379884329495898
1379884329541502
1379884329541915
1379884329542069
1379884329542229
1379884329585837
1379884329586199
1379884329589850
1379884329590093
1379884329590312
1379884329679578
1379884329679736
1379884329680939
1379884329681152
1379884329681240
1379884329682763
1379884329770570
1379884329770646
1379884329770906
1379884329770972
1379884329771224
1379884329771308
1379884329776126
1379884329814836
1379884329860300
1379884329860578
1379884329860638
1379884329860838
1379884329860902
1379884329862272
1379884329862336
1379884329862447
1379884329862983
1379884329863148
1379884329863320
1379884329863404
1379884329904989
1379884329909901
1379884329910097
1379884329910168
1379884329917331
1379884329917384
1379884329917436
1379884329917541
1379884329931526
1379884329933372
1379884329941769
1379884329951313
1379884329951400
1379884329952105
1379884329952538
1379884329952753
1379884329952804
1379884329953006
1379884329953064
1379884329953158
1379884329953537
1379884329953611
1379884329953685
1379884329953961
1379884329954270
1379884329954329
1379884329954619
1379884329958797
1379884329959188
1379884329990474
1379884329998710
1379884329998811
1379884329999943
1379884329999957
1379884330000109
1379884330010445
1379884330010733
1379884330040768
1379884330040864
1379884330041527
1379884330041670
1379884330041725
1379884330041776
1379884330041826
1379884330042245
1379884330042321
1379884330042961
1379884330043018
1379884330043314
1379884330043478
1379884330044222
1379884330044467
1379884330045520
1379884330045614
1379884330045717
1379884330047582
1379884330047802
1379884330047875
1379884330069636
1379884330069695
1379884330082234
1379884330088688
1379884330095288
1379884330108004
1379884330135205
1379884330135227
1379884330135484
1379884330135565
1379884330135802
1379884330135900
1379884330136431
1379884330136507
1379884330136672
1379884330136784
1379884330137021
1379884330137254
1379884330137327
1379884330137464
1379884330162509
1379884330188536
1379884330188893
1379884330188958
1379884330189318
1379884330189541
1379884330217574
1379884330217833
1379884330229113
1379884330229457
1379884330229538
1379884330229684
1379884330229995
1379884330230414
1379884330230673
1379884330230857
1379884330231056
1379884330231319
1379884330231522
1379884330231748
1379884330232216
1379884330232450
1379884330232637
1379884330232830
1379884330233002
1379884330233198
1379884330233510
1379884330233795
1379884330234089
1379884330234360
1379884330234549
1379884330234856
1379884330235029
1379884330235320
1379884330235527
1379884330278468
1379884330278553
1379884330279496
1379884330279624
1379884330279735
1379884330279797
1379884330280278
1379884330280358
1379884330282272
1379884330282528
1379884330282658
1379884330306282
1379884330311375
1379884330311396
1379884330316686
1379884330318505
1379884330318738
1379884330318841
1379884330319068
1379884330319138
1379884330319366
1379884330319434
1379884330319707
1379884330320196
1379884330320707
1379884330320776
1379884330320985
1379884330321056
1379884330321298
1379884330321798
1379884330321965
1379884330322316
1379884330322404
1379884330322765
1379884330322833
1379884330323145
1379884330323208
1379884330323299
1379884330323691
1379884330323763
1379884330324146
1379884330324228
1379884330324543
1379884330325068
1379884330325299
1379884330325366
1379884330325674
1379884330325852
1379884330326016
1379884330326265
1379884330326514
1379884330326846
1379884330327088
1379884330327377
1379884330327651
1379884330327920
1379884330328093
1379884330328459
1379884330328560
1379884330328681
1379884330328763
1379884330328890
1379884330329131
1379884330329417
1379884330329583
1379884330329746
1379884330332093
1379884330332483
1379884330344775
1379884330369155
1379884330369455
1379884330369593
1379884330369863
1379884330370046
1379884330370256
1379884330370479
1379884330370671
1379884330370879
1379884330371202
1379884330371441
1379884330371720
1379884330372014
1379884330372323
1379884330372627
1379884330372790
1379884330373034
1379884330400558
1379884330409809
1379884330409878
1379884330410202
1379884330410258
1379884330410350
1379884330410635
1379884330411151
1379884330411236
1379884330411682
1379884330411745
1379884330412016
1379884330412304
1379884330412390
1379884330412693
1379884330413008
1379884330413232
1379884330413322
1379884330413570
1379884330413932
1379884330414130
1379884330414339
1379884330414429
1379884330414808
1379884330414871
1379884330414971
1379884330415236
1379884330415523
1379884330415586
1379884330415687
1379884330415948
1379884330417422
1379884330417714
1379884330417792
1379884330417903
1379884330418194
1379884330418430
1379884330418631
1379884330418965
1379884330419203
1379884330419370
1379884330419532
1379884330419726
1379884330419972
1379884330420170
1379884330420444
1379884330420596
1379884330420870
1379884330421000
1379884330421213
1379884330421483
1379884330421780
1379884330421909
1379884330422094
1379884330422464
1379884330422652
1379884330422933
1379884330423182
1379884330423353
1379884330423563
1379884330423842
1379884330424022
1379884330424290
1379884330424421
1379884330424616
1379884330424863
1379884330425123
1379884330425316
1379884330425596
1379884330425815
1379884330426180
1379884330426465
1379884330426711
1379884330427058
1379884330427366
1379884330427759
1379884330428094
1379884330428406
1379884330428772
1379884330429195
1379884330429463
1379884330429913
1379884330430189
1379884330430488
1379884330430688
1379884330436606
1379884330436982
1379884330459589
1379884330460689
1379884330460986
1379884330461309
1379884330462904
1379884330463187
1379884330463325
1379884330463489
1379884330463881
1379884330464104
1379884330464274
1379884330464583
1379884330464888
1379884330465227
1379884330465591
1379884330465929
1379884330466251
1379884330466612
1379884330467011
1379884330467369
1379884330467627
1379884330504401
1379884330504685
1379884330505272
1379884330505742
1379884330506144
1379884330506471
1379884330507064
1379884330507413
1379884330507879
1379884330508188
1379884330508359
1379884330508718
1379884330509143
1379884330509395
1379884330509571
1379884330509910
1379884330510042
1379884330510383
1379884330510672
1379884330510918
1379884330511081
1379884330511549
1379884330511681
1379884330511918
1379884330512051
1379884330512397
1379884330512559
1379884330512954
1379884330513390
1379884330513588
1379884330513833
1379884330513954
1379884330514258
1379884330514477
1379884330514751
1379884330514937
1379884330515215
1379884330515407
1379884330515801
1379884330515937
1379884330516256
1379884330516525
1379884330516754
1379884330516944
1379884330517131
1379884330517608
1379884330517750
1379884330518066
1379884330518265
1379884330518675
1379884330519754
1379884330520016
1379884330520367
1379884330520735
1379884330521078
1379884330521375
1379884330522091
1379884330522403
1379884330523032
1379884330550138
1379884330550496
1379884330550665
1379884330551952
1379884330552199
1379884330552402
1379884330552636
1379884330553301
1379884330553624
1379884330555158
1379884330555323
1379884330555547
1379884330555716
1379884330555909
1379884330556437
1379884330590431
1379884330590653
1379884330591142
1379884330591500
1379884330595092
1379884330595284
1379884330595767
1379884330596001
1379884330596229
1379884330596522
1379884330596803
1379884330597167
1379884330597414
1379884330597620
1379884330597795
1379884330597999
1379884330598238
1379884330598524
1379884330598762
1379884330599006
1379884330599373
1379884330599732
1379884330600009
1379884330600255
1379884330600535
1379884330600851
1379884330601141
1379884330601270
1379884330601653
1379884330601937
1379884330602145
1379884330602369
1379884330602678
1379884330602945
1379884330603244
1379884330603369
1379884330603752
1379884330603921
1379884330604186
1379884330604485
1379884330604687
1379884330604961
1379884330605178
1379884330606381
1379884330606592
1379884330606812
1379884330607025
1379884330607248
1379884330607489
1379884330607694
1379884330608674
1379884330608933
1379884330609188
1379884330609466
1379884330609707
1379884330609965
1379884330610099
1379884330612005
1379884330612389
1379884330612629
1379884330612832
1379884330637365
1379884330680001
1379884330680755
1379884330684333
1379884330685110
1379884330687049
1379884330687263
1379884330687561
1379884330687790
1379884330688058
1379884330688148
1379884330688327
1379884330688538
1379884330688754
1379884330689116
1379884330689568
1379884330689650
1379884330690108
1379884330690175
1379884330690267
1379884330690863
1379884330690939
1379884330691377
1379884330691457
1379884330691845
1379884330692072
1379884330695378
1379884330695443
1379884330695664
1379884330695913
1379884330730467
1379884330964974
1379884331058012
