1380041895801488
1380041896056488
1380041896090554
1380041896130099
1380041896136853
1380041896141052
1380041896148295
1380041896152444
1380041896158865
1380041896163220
1380041896169361
1380041896173840
1380041896175337
1380041896175512
1380041896175913
1380041896180536
1380041896180878
1380041896182635
1380041896182784
1380041896182880
1380041896183025
1380041896184339
1380041896187308
1380041896187656
1380041896189507
1380041896226003
1380041896226174
1380041896226213
1380041896226241
1380041896226275
1380041896226540
1380041896232784
1380041896232885
1380041896233028
1380041896234433
1380041896234658
1380041896234907
1380041896235005
1380041896235092
1380041896235420
1380041896235544
1380041896235716
1380041896235783
1380041896236087
1380041896236265
1380041896236326
1380041896236490
1380041896236617
1380041896236698
1380041896237729
1380041896237823
1380041896241073
1380041896241774
1380041896241836
1380041896243044
1380041896243269
1380041896243527
1380041896243713
1380041896243812
1380041896244065
1380041896244205
1380041896244455
1380041896246184
1380041896246200
1380041896246242
1380041896246729
1380041896246855
1380041896246979
1380041896247101
1380041896247226
1380041896247377
1380041896247771
1380041896247949
1380041896248041
1380041896248256
1380041896248629
1380041896249662
1380041896252384
1380041896252434
1380041896252678
1380041896252770
1380041896252907
1380041896253086
1380041896253209
1380041896253356
1380041896253947
1380041896254167
1380041896257380
1380041896257717
1380041896257951
1380041896258049
1380041896258180
1380041896258597
1380041896258719
1380041896258852
1380041896259507
1380041896259614
1380041896259783
1380041896259958
1380041896261286
1380041896261431
1380041896261634
1380041896261759
1380041896262790
1380041896262864
1380041896263145
1380041896263935
1380041896264279
1380041896264597
1380041896264833
1380041896265078
1380041896265560
1380041896265672
1380041896265945
1380041896266225
1380041896266335
1380041896266964
1380041896267199
1380041896267321
1380041896267460
1380041896267583
1380041896267717
1380041896267835
1380041896268362
1380041896268531
1380041896268636
1380041896268773
1380041896268919
1380041896269033
1380041896271030
1380041896271107
1380041896271387
1380041896271747
1380041896271972
1380041896272120
1380041896272204
1380041896272299
1380041896272442
1380041896273081
1380041896274048
1380041896274299
1380041896274552
1380041896274745
1380041896274866
1380041896274990
1380041896275638
1380041896275754
1380041896275843
1380041896275968
1380041896276092
1380041896276229
1380041896276368
1380041896276469
1380041896276610
1380041896276723
1380041896277509
1380041896277760
1380041896278393
1380041896278599
1380041896278723
1380041896279249
1380041896279405
1380041896279436
1380041896279512
1380041896279711
1380041896279894
1380041896279986
1380041896280556
1380041896280656
1380041896280694
1380041896280980
1380041896281339
1380041896281374
1380041896281402
1380041896281433
1380041896281474
1380041896282142
1380041896282225
1380041896282429
1380041896282884
1380041896283042
1380041896283314
1380041896283585
1380041896283747
1380041896283867
1380041896284000
1380041896284120
1380041896284251
1380041896284390
1380041896284512
1380041896284642
1380041896284769
1380041896285433
1380041896285785
1380041896286101
1380041896287120
1380041896287325
1380041896287543
1380041896287667
1380041896287799
1380041896287904
1380041896288034
1380041896288159
1380041896288308
1380041896288435
1380041896288538
1380041896288663
1380041896288797
1380041896288917
1380041896289064
1380041896289174
1380041896290062
1380041896290283
1380041896291411
1380041896291533
1380041896291747
1380041896291873
1380041896291993
1380041896292129
1380041896292251
1380041896292388
1380041896292502
1380041896292635
1380041896292866
1380041896292985
1380041896293429
1380041896293535
1380041896293707
1380041896293931
1380041896294117
1380041896294497
1380041896294625
1380041896294816
1380041896295945
1380041896296085
1380041896296211
1380041896296353
1380041896296499
1380041896296639
1380041896296769
1380041896297709
1380041896298299
1380041896298432
1380041896298858
1380041896299837
1380041896300065
1380041896300258
1380041896300405
1380041896300589
1380041896301332
1380041896301584
1380041896301691
1380041896301824
1380041896301940
1380041896302597
1380041896302717
1380041896302868
1380041896303007
1380041896303118
1380041896303263
1380041896303379
1380041896303489
1380041896303619
1380041896303744
1380041896303880
1380041896304089
1380041896306351
1380041896306530
1380041896306633
1380041896306751
1380041896306863
1380041896307248
1380041896307368
1380041896308204
1380041896308336
1380041896308467
1380041896308569
1380041896308704
1380041896308823
1380041896310106
1380041896310234
1380041896310583
1380041896310862
1380041896311076
1380041896311204
1380041896311313
1380041896311722
1380041896311839
1380041896312135
1380041896312255
1380041896312419
1380041896312544
1380041896312707
1380041896312898
1380041896313749
1380041896314297
1380041896314549
1380041896314571
1380041896315282
1380041896315391
1380041896315722
1380041896315828
1380041896316479
1380041896316710
1380041896316966
1380041896317225
1380041896317366
1380041896317448
1380041896317598
1380041896317704
1380041896317874
1380041896317982
1380041896318148
1380041896320052
1380041896320574
1380041896320732
1380041896321860
1380041896403975
1380041896404060
1380041896404118
1380041896404190
1380041896404457
1380041896404517
1380041896410480
1380041896412219
1380041896412774
1380041896413080
1380041896413293
1380041896413641
1380041896413824
1380041896414225
1380041896414318
1380041896414678
1380041896414820
1380041896415150
1380041896415440
1380041896415634
1380041896415946
1380041896416065
1380041896416496
1380041896416978
1380041896417317
1380041896417671
1380041896417838
1380041896417880
1380041896417973
1380041896418059
1380041896418163
1380041896418277
1380041896418465
1380041896418719
1380041896418970
1380041896419112
1380041896419228
1380041896419326
1380041896419679
1380041896419941
1380041896420036
1380041896420167
1380041896420316
1380041896420407
1380041896420586
1380041896420771
1380041896421270
1380041896421608
1380041896421690
1380041896421869
1380041896422099
1380041896422192
1380041896422326
1380041896422450
1380041896422562
1380041896422736
1380041896422942
1380041896423002
1380041896423126
1380041896423155
1380041896423214
1380041896423321
1380041896432197
1380041896432370
1380041896433205
1380041896433391
1380041896433513
1380041896433758
1380041896433907
1380041896434484
1380041896434650
1380041896434768
1380041896436834
1380041896437063
1380041896437246
1380041896437514
1380041896438407
1380041896438648
1380041896438867
1380041896439002
1380041896439397
1380041896439469
1380041896441543
1380041896441690
1380041896441874
1380041896442038
1380041896442091
1380041896446170
1380041896446377
1380041896446593
1380041896446699
1380041896446823
1380041896446946
1380041896447182
1380041896447320
1380041896447433
1380041896447719
1380041896448615
1380041896448881
1380041896448984
1380041896449107
1380041896449214
1380041896449354
1380041896449477
1380041896449687
1380041896449808
1380041896449944
1380041896451987
1380041896452119
1380041896452234
1380041896452498
1380041896452616
1380041896452747
1380041896452867
1380041896453029
1380041896453166
1380041896454288
1380041896454420
1380041896454647
1380041896454787
1380041896454913
1380041896455030
1380041896455288
1380041896455410
1380041896455570
1380041896457089
1380041896457304
1380041896457554
1380041896457775
1380041896457914
1380041896458014
1380041896458275
1380041896458398
1380041896459851
1380041896459989
1380041896460214
1380041896460339
1380041896460448
1380041896460569
1380041896460753
1380041896460939
1380041896461054
1380041896462124
1380041896462261
1380041896462384
1380041896462545
1380041896462673
1380041896462856
1380041896463011
1380041896463081
1380041896464967
1380041896465148
1380041896465348
1380041896465466
1380041896465537
1380041896469860
1380041896470046
1380041896470174
1380041896470288
1380041896470564
1380041896470655
1380041896471011
1380041896471322
1380041896471551
1380041896471784
1380041896472167
1380041896472413
1380041896472675
1380041896472802
1380041896472924
1380041896473045
1380041896473250
1380041896473381
1380041896473509
1380041896473618
1380041896473762
1380041896473848
1380041896475841
1380041896475968
1380041896476119
1380041896476373
1380041896476771
1380041896476894
1380041896477045
1380041896477924
1380041896478168
1380041896478411
1380041896478524
1380041896478647
1380041896480622
1380041896480809
1380041896480991
1380041896481144
1380041896481252
1380041896481334
1380041896481529
1380041896481684
1380041896482008
1380041896483761
1380041896483973
1380041896484082
1380041896484158
1380041896485919
1380041896486071
1380041896486224
1380041896486386
1380041896486510
1380041896486574
1380041896493383
1380041896493611
1380041896493741
1380041896493850
1380041896493935
1380041896494110
1380041896494231
1380041896494381
1380041896494780
1380041896494977
1380041896495064
1380041896499410
1380041896499544
1380041896499957
1380041896500110
1380041896500240
1380041896500565
1380041896500924
1380041896501052
1380041896501306
1380041896501562
1380041896501794
1380041896501921
1380041896502038
1380041896502135
1380041896502253
1380041896502357
1380041896502593
1380041896502750
1380041896502862
1380041896502996
1380041896505509
1380041896505696
1380041896505887
1380041896506018
1380041896506243
1380041896506358
1380041896506659
1380041896507053
1380041896507189
1380041896507561
1380041896507789
1380041896507969
1380041896508094
1380041896508232
1380041896508505
1380041896508621
1380041896508752
1380041896510500
1380041896510654
1380041896510772
1380041896510827
1380041896512892
1380041896513063
1380041896513309
1380041896513424
1380041896513596
1380041896513720
1380041896513879
1380041896514036
1380041896517499
1380041896517745
1380041896518665
1380041896518795
1380041896520065
1380041896520199
1380041896520430
1380041896520577
1380041896520759
1380041896520864
1380041896521044
1380041896523551
1380041896523703
1380041896523820
1380041896523946
1380041896524473
1380041896524725
1380041896524986
1380041896527488
1380041896527654
1380041896527761
1380041896527885
1380041896529446
1380041896529630
1380041896529692
1380041896529766
1380041896530035
1380041896530091
1380041896534677
1380041896536722
1380041896536930
1380041896537064
1380041896537307
1380041896537410
1380041896537587
1380041896537833
1380041896538041
1380041896538169
1380041896538381
1380041896538518
1380041896538821
1380041896539019
1380041896539207
1380041896539342
1380041896539503
1380041896539592
1380041896539712
1380041896539861
1380041896539986
1380041896540213
1380041896542617
1380041896542760
1380041896542898
1380041896543013
1380041896543161
1380041896544031
1380041896544149
1380041896544318
1380041896544456
1380041896544733
1380041896544814
1380041896544911
1380041896545009
1380041896546310
1380041896546367
1380041896546560
1380041896546995
1380041896547105
1380041896547235
1380041896547370
1380041896547496
1380041896551838
1380041896551993
1380041896552178
1380041896552305
1380041896552532
1380041896552656
1380041896552761
1380041896553033
1380041896553308
1380041896553423
1380041896553486
1380041896553718
1380041896554002
1380041896554061
1380041896554175
1380041896554325
1380041896554535
1380041896555022
1380041896555138
1380041896555248
1380041896555375
1380041896555525
1380041896556015
1380041896556102
1380041896560773
1380041896560852
1380041896560919
1380041896561200
1380041896561351
1380041896561421
1380041896561851
1380041896561960
1380041896562073
1380041896562313
1380041896562566
1380041896562702
1380041896562962
1380041896563079
1380041896563214
1380041896563336
1380041896563465
1380041896563596
1380041896563743
1380041896563838
1380041896563968
1380041896564105
1380041896564391
1380041896567176
1380041896567246
1380041896567461
1380041896567512
1380041896567827
1380041896568116
1380041896568262
1380041896568441
1380041896568701
1380041896568860
1380041896569391
1380041896569449
1380041896569703
1380041896570003
1380041896570141
1380041896570270
1380041896570375
1380041896570500
1380041896570623
1380041896570752
1380041896570898
1380041896571740
1380041896572502
1380041896572554
1380041896573009
1380041896575341
1380041896575385
1380041896575509
1380041896575718
1380041896575831
1380041896614088
1380041896614392
1380041896614490
1380041896614519
1380041896619497
1380041896623457
1380041896623567
1380041896623681
1380041896624062
1380041896624177
1380041896624460
1380041896624571
1380041896624856
1380041896624979
1380041896625129
1380041896625267
1380041896625416
1380041896626112
1380041896626288
1380041896630285
1380041896630405
1380041896630516
1380041896630637
1380041896631397
1380041896631449
1380041896631604
1380041896631738
1380041896631844
1380041896631944
1380041896632064
1380041896632200
1380041896632336
1380041896632467
1380041896632564
1380041896632687
1380041896632819
1380041896632976
1380041896633046
1380041896633191
1380041896633294
1380041896633421
1380041896633587
1380041896633686
1380041896633868
1380041896634114
1380041896634174
1380041896634482
1380041896634574
1380041896634696
1380041896639614
1380041896639682
1380041896639740
1380041896640020
1380041896641518
1380041896641655
1380041896641881
1380041896642147
1380041896643256
1380041896643386
1380041896643488
1380041896643614
1380041896643894
1380041896644011
1380041896644128
1380041896644247
1380041896644543
1380041896644640
1380041896644758
1380041896644959
1380041896645045
1380041896645216
1380041896645322
1380041896645445
1380041896645771
1380041896645877
1380041896647792
1380041896648012
1380041896648167
1380041896648274
1380041896652723
1380041896652791
1380041896652846
1380041896653046
1380041896653317
1380041896653392
1380041896654035
1380041896654306
1380041896654431
1380041896654550
1380041896654755
1380041896655040
1380041896655092
1380041896655280
1380041896655876
1380041896656145
1380041896656323
1380041896656385
1380041896660064
1380041896660298
1380041896661774
1380041896669538
1380041896669545
1380041896669699
1380041896673537
1380041896673545
1380041896709310
1380041896709534
1380041896709596
1380041896709661
1380041896709712
1380041896709759
1380041896709806
1380041896716813
1380041896716923
1380041896717165
1380041896717260
1380041896717533
1380041896717672
1380041896717796
1380041896718160
1380041896718441
1380041896718553
1380041896718794
1380041896719122
1380041896719240
1380041896719502
1380041896719759
1380041896720025
1380041896720127
1380041896720250
1380041896720509
1380041896720756
1380041896720878
1380041896721135
1380041896721267
1380041896721547
1380041896721656
1380041896721770
1380041896721858
1380041896722191
1380041896722309
1380041896722427
1380041896722540
1380041896722850
1380041896722980
1380041896723088
1380041896723322
1380041896723449
1380041896723564
1380041896723824
1380041896723948
1380041896724079
1380041896724263
1380041896724388
1380041896724483
1380041896724737
1380041896724761
1380041896724876
1380041896724975
1380041896728642
1380041896728992
1380041896729262
1380041896729495
1380041896730101
1380041896731964
1380041896732127
1380041896732307
1380041896732464
1380041896732575
1380041896732732
1380041896732850
1380041896734021
1380041896734138
1380041896734294
1380041896734404
1380041896734531
1380041896734650
1380041896734786
1380041896734897
1380041896735029
1380041896735151
1380041896735279
1380041896735392
1380041896735529
1380041896735661
1380041896735776
1380041896735891
1380041896736012
1380041896736134
1380041896736266
1380041896736380
1380041896737054
1380041896737152
1380041896737283
1380041896737974
1380041896738214
1380041896738349
1380041896738483
1380041896738601
1380041896738751
1380041896738860
1380041896739016
1380041896739132
1380041896739486
1380041896739583
1380041896740477
1380041896740976
1380041896741219
1380041896741336
1380041896741830
1380041896742195
1380041896742307
1380041896742442
1380041896742550
1380041896742688
1380041896742943
1380041896743200
1380041896743443
1380041896743569
1380041896743628
1380041896743761
1380041896743934
1380041896744039
1380041896744084
1380041896744330
1380041896745014
1380041896745148
1380041896745263
1380041896745387
1380041896745511
1380041896747063
1380041896747142
1380041896747267
1380041896747418
1380041896747525
1380041896747691
1380041896747813
1380041896747991
1380041896748098
1380041896748241
1380041896748353
1380041896748940
1380041896749117
1380041896749221
1380041896749343
1380041896749505
1380041896749620
1380041896749766
1380041896749879
1380041896750005
1380041896750121
1380041896750252
1380041896750397
1380041896750493
1380041896750559
1380041896751922
1380041896752053
1380041896752194
1380041896753708
1380041896753913
1380041896754035
1380041896754157
1380041896754278
1380041896754543
1380041896754664
1380041896754919
1380041896755359
1380041896755461
1380041896755715
1380041896755830
1380041896756083
1380041896756231
1380041896756324
1380041896756500
1380041896756730
1380041896756831
1380041896756955
1380041896757226
1380041896757477
1380041896757612
1380041896757728
1380041896757919
1380041896758056
1380041896758169
1380041896758296
1380041896758693
1380041896758933
1380041896759071
1380041896759180
1380041896759462
1380041896759576
1380041896759720
1380041896759861
1380041896760049
1380041896760107
1380041896760268
1380041896760415
1380041896760524
1380041896760688
1380041896760787
1380041896761059
1380041896761165
1380041896761282
1380041896761413
1380041896761671
1380041896761792
1380041896761925
1380041896762076
1380041896762190
1380041896762601
1380041896762709
1380041896762960
1380041896763088
1380041896763433
1380041896763613
1380041896763891
1380041896764015
1380041896764133
1380041896764543
1380041896764668
1380041896764838
1380041896765915
1380041896766005
1380041896766014
1380041896766064
1380041896766249
1380041896766875
1380041896766993
1380041896767118
1380041896767286
1380041896767391
1380041896767508
1380041896767645
1380041896767842
1380041896768095
1380041896768214
1380041896768347
1380041896768598
1380041896768734
1380041896768976
1380041896770435
1380041896770490
1380041896770649
1380041896770764
1380041896771140
1380041896771483
1380041896771581
1380041896772713
1380041896772892
1380041896773122
1380041896773224
1380041896773371
1380041896774801
1380041896774866
1380041896777026
1380041896777196
1380041896780894
1380041896780966
1380041896781234
1380041896801290
1380041896801300
1380041896900069
1380041897005371
1380041897005467
1380041897005572
1380041897102999
1380041897140350
1380041897169423
1380041897169525
1380041897190330
1380041897291210
1380041897292280
1380041897396678
1380041897397102
1380041897397383
1380041897436332
1380041897473084
1380041897473420
1380041897473579
1380041897473873
1380041897473964
1380041897474151
1380041897474516
1380041897474800
1380041897474890
1380041897475219
1380041897475626
1380041897475721
1380041897479871
1380041897479954
1380041897480285
1380041897480389
1380041897480494
1380041897480576
1380041897481007
1380041897481294
1380041897481405
1380041897481497
1380041897484939
1380041897485249
1380041897485364
1380041897485444
1380041897485698
1380041897485824
1380041897485952
1380041897488483
1380041897509011
1380041897515222
