1379812329261374
1379812329389515
1379812329389621
1379812329393353
1379812329393550
1379812329393622
1379812329393871
1379812329450401
1379812329455360
1379812329456885
1379812329498569
1379812329503824
1379812329504022
1379812329504301
1379812329507905
1379812329508187
1379812329508351
1379812329508416
1379812329508707
1379812329508881
1379812329509087
1379812329509769
1379812329509821
1379812329511017
1379812329511135
1379812329512930
1379812329513576
1379812329513806
1379812329513874
1379812329514157
1379812329514407
1379812329514664
1379812329514972
1379812329515221
1379812329515361
1379812329515437
1379812329518125
1379812329518214
1379812329518429
1379812329518497
1379812329518684
1379812329518743
1379812329519703
1379812329519727
1379812329519870
1379812329519891
1379812329520022
1379812329520392
1379812329526291
1379812329568282
1379812329573559
1379812329573813
1379812329574176
1379812329574288
1379812329579146
1379812329620440
1379812329624969
1379812329630402
1379812329630639
1379812329630713
1379812329630947
1379812329631010
1379812329631651
1379812329634740
1379812329634822
1379812329635443
1379812329635790
1379812329635853
1379812329636281
1379812329636358
1379812329636630
1379812329636968
1379812329637453
1379812329637575
1379812329637994
1379812329638264
1379812329638482
1379812329638554
1379812329638771
1379812329638900
1379812329639127
1379812329639205
1379812329639268
1379812329640124
1379812329640686
1379812329640959
1379812329642315
1379812329642388
1379812329642577
1379812329642658
1379812329642875
1379812329642950
1379812329643178
1379812329643993
1379812329644063
1379812329644141
1379812329644459
1379812329646315
1379812329646378
1379812329646610
1379812329646666
1379812329646955
1379812329648073
1379812329648260
1379812329648332
1379812329648525
1379812329648813
1379812329648978
1379812329649255
1379812329649937
1379812329650089
1379812329650255
1379812329650341
1379812329650789
1379812329650959
1379812329651021
1379812329651111
1379812329654903
1379812329654932
1379812329654992
1379812329655255
1379812329655445
1379812329655525
1379812329655805
1379812329655912
1379812329656130
1379812329656751
1379812329656819
1379812329656999
1379812329657713
1379812329657910
1379812329657983
1379812329658165
1379812329658588
1379812329659862
1379812329660204
1379812329660299
1379812329660842
1379812329661117
1379812329661372
1379812329661429
1379812329661722
1379812329661970
1379812329662238
1379812329662636
1379812329662710
1379812329662951
1379812329663015
1379812329663330
1379812329664183
1379812329664356
1379812329664446
1379812329664541
1379812329664804
1379812329665041
1379812329665371
1379812329665519
1379812329665668
1379812329665803
1379812329665894
1379812329669480
1379812329669546
1379812329670493
1379812329670697
1379812329670754
1379812329673593
1379812329673747
1379812329673962
1379812329680146
1379812329680350
1379812329680631
1379812329680901
1379812329680974
1379812329681169
1379812329681428
1379812329681711
1379812329681782
1379812329682677
1379812329682908
1379812329682998
1379812329683230
1379812329683287
1379812329683474
1379812329683535
1379812329683725
1379812329696288
1379812329696421
1379812329696498
1379812329700173
1379812329700263
1379812329700478
1379812329700587
1379812329700731
1379812329720991
1379812329720998
1379812329721142
1379812329740759
1379812329756590
1379812329756670
1379812329756740
1379812329756817
1379812329756865
1379812329756904
1379812329756958
1379812329757021
1379812329757064
1379812329757108
1379812329762044
1379812329762286
1379812329762381
1379812329762448
1379812329762551
1379812329762902
1379812329763007
1379812329763166
1379812329763262
1379812329763701
1379812329763798
1379812329764145
1379812329764206
1379812329764912
1379812329765081
1379812329765269
1379812329765456
1379812329765619
1379812329765966
1379812329766045
1379812329766287
1379812329766326
1379812329766933
1379812329767206
1379812329767291
1379812329767559
1379812329767812
1379812329768164
1379812329768187
1379812329768272
1379812329768349
1379812329768427
1379812329768748
1379812329768974
1379812329769067
1379812329769614
1379812329769901
1379812329769987
1379812329770204
1379812329770425
1379812329770651
1379812329770738
1379812329770902
1379812329771127
1379812329771432
1379812329771757
1379812329771881
1379812329772037
1379812329772336
1379812329772503
1379812329772779
1379812329772923
1379812329773339
1379812329773426
1379812329773678
1379812329773794
1379812329773900
1379812329774111
1379812329774235
1379812329774528
1379812329774644
1379812329774846
1379812329774978
1379812329775157
1379812329775257
1379812329784860
1379812329786929
1379812329787173
1379812329787247
1379812329787793
1379812329787864
1379812329788036
1379812329788699
1379812329789175
1379812329789342
1379812329789478
1379812329789705
1379812329790293
1379812329790736
1379812329791311
1379812329791459
1379812329791659
1379812329791823
1379812329792074
1379812329792264
1379812329795618
1379812329795878
1379812329796050
1379812329796354
1379812329796529
1379812329796782
1379812329797010
1379812329797254
1379812329797474
1379812329797648
1379812329797840
1379812329798272
1379812329798472
1379812329798739
1379812329798871
1379812329799105
1379812329799325
1379812329799543
1379812329799719
1379812329801679
1379812329802027
1379812329802348
1379812329802645
1379812329802782
1379812329803458
1379812329803721
1379812329803891
1379812329804271
1379812329804584
1379812329804722
1379812329805083
1379812329805377
1379812329805692
1379812329805921
1379812329806048
1379812329806510
1379812329806696
1379812329807813
1379812329807921
1379812329807922
1379812329808163
1379812329808429
1379812329808621
1379812329809044
1379812329809181
1379812329809270
1379812329810270
1379812329812344
1379812329814023
1379812329814635
1379812329815007
1379812329816563
1379812329816675
1379812329816976
1379812329817196
1379812329817385
1379812329818641
1379812329819966
1379812329856731
1379812329857187
1379812329857280
1379812329857332
1379812329857388
1379812329857442
1379812329857589
1379812329860121
1379812329862802
1379812329863053
1379812329863285
1379812329863484
1379812329863563
1379812329863964
1379812329864111
1379812329864312
1379812329864431
1379812329865098
1379812329865252
1379812329865416
1379812329867975
1379812329868249
1379812329869261
1379812329869431
1379812329869711
1379812329869922
1379812329870136
1379812329870395
1379812329870589
1379812329870716
1379812329870915
1379812329871282
1379812329871516
1379812329871768
1379812329871949
1379812329872162
1379812329872270
1379812329872819
1379812329872951
1379812329873130
1379812329873264
1379812329873428
1379812329873539
1379812329874220
1379812329874346
1379812329874478
1379812329874650
1379812329886792
1379812329887006
1379812329887161
1379812329887273
1379812329887450
1379812329887603
1379812329888472
1379812329888580
1379812329888748
1379812329888967
1379812329889134
1379812329899993
1379812329900111
1379812329900323
1379812329900502
1379812329900689
1379812329900860
1379812329900992
1379812329901297
1379812329901444
1379812329901580
1379812329941640
1379812329975813
1379812329975993
1379812329976210
1379812329979704
1379812329979931
1379812329980539
1379812329980719
1379812329980914
1379812329981694
1379812329981883
1379812329982177
1379812329982401
1379812329982535
1379812329982689
1379812329982866
1379812329982983
1379812329983110
1379812329983241
1379812329983519
1379812329983641
1379812329983827
1379812329983985
1379812329984188
1379812329984359
1379812329984797
1379812329984950
1379812329985135
1379812329985292
1379812329985433
1379812329985610
1379812329985839
1379812330024221
1379812330255684
1379812330259562
1379812330259790
1379812330263973
1379812330264076
1379812330264156
1379812330264425
1379812330358862
1379812330383197
1379812330445034
1379812330447402
1379812330472405
1379812330487512
1379812330487761
1379812330586992
1379812330618986
1379812330642810
1379812330642884
1379812330661079
1379812330766493
1379812330767428
1379812330872897
1379812330873240
1379812330912595
