1380325432829041
1380325432834063
1380325432834141
1380325432834577
1380325432838182
1380325432838305
1380325432838577
1380325432838683
1380325432838978
1380325432839084
1380325432839516
1380325432839595
1380325432839903
1380325432842707
1380325432842758
1380325432976484
1380325432981366
1380325432985324
1380325432990432
1380325432990500
1380325433033377
1380325433038462
1380325433042297
1380325433047436
1380325433047629
1380325433047866
1380325433047927
1380325433051881
1380325433051985
1380325433052088
1380325433052334
1380325433052407
1380325433052634
1380325433057342
1380325433061196
1380325433061286
1380325433061573
1380325433061698
1380325433061783
1380325433061859
1380325433067624
1380325433067739
1380325433067818
1380325433068416
1380325433068560
1380325433068584
1380325433068927
1380325433068993
1380325433069250
1380325433069546
1380325433069834
1380325433069859
1380325433069933
1380325433070242
1380325433070411
1380325433072239
1380325433072395
1380325433076476
1380325433076820
1380325433076961
1380325433076982
1380325433077067
1380325433077347
1380325433077412
1380325433077514
1380325433077893
1380325433078138
1380325433078399
1380325433079062
1380325433079309
1380325433079415
1380325433079638
1380325433079736
1380325433079796
1380325433079912
1380325433080175
1380325433080253
1380325433080345
1380325433080456
1380325433080754
1380325433080937
1380325433081088
1380325433081177
1380325433083385
1380325433083497
1380325433083681
1380325433083741
1380325433085109
1380325433085437
1380325433085644
1380325433085835
1380325433085941
1380325433086149
1380325433086366
1380325433086459
1380325433086739
1380325433086938
1380325433088843
1380325433089408
1380325433089543
1380325433089590
1380325433089634
1380325433089681
1380325433089727
1380325433090697
1380325433090985
1380325433091287
1380325433092749
1380325433092936
1380325433093317
1380325433093602
1380325433094065
1380325433094463
1380325433094690
1380325433094905
1380325433096085
1380325433096222
1380325433096624
1380325433096726
1380325433096816
1380325433097123
1380325433097317
1380325433097476
1380325433097968
1380325433098223
1380325433099030
1380325433099379
1380325433099480
1380325433099693
1380325433100173
1380325433100347
1380325433100400
1380325433100951
1380325433101307
1380325433101535
1380325433103667
1380325433103769
1380325433104713
1380325433104970
1380325433105469
1380325433105720
1380325433105838
1380325433106201
1380325433106290
1380325433106487
1380325433106625
1380325433107417
1380325433107972
1380325433112683
1380325433119803
1380325433157608
1380325433157715
1380325433157762
1380325433157809
1380325433157855
1380325433157902
1380325433165224
1380325433165621
1380325433165758
1380325433165940
1380325433166030
1380325433166283
1380325433166612
1380325433166717
1380325433167145
1380325433167453
1380325433167810
1380325433167977
1380325433168140
1380325433168635
1380325433168816
1380325433169046
1380325433169145
1380325433208919
1380325433209550
1380325433235849
1380325433240045
1380325433240101
1380325433240196
1380325433240242
1380325433240286
1380325433240329
1380325433240373
1380325433247485
1380325433247980
1380325433248204
1380325433248454
1380325433248528
1380325433248755
1380325433249007
1380325433249227
1380325433249338
1380325433249659
1380325433249866
1380325433250181
1380325433250492
1380325433250839
1380325433250966
1380325433251091
1380325433251444
1380325433251915
1380325433252165
1380325433252303
1380325433252447
1380325433252752
1380325433253045
1380325433253457
1380325433253822
1380325433253948
1380325433254307
1380325433261649
1380325433261811
1380325433261910
1380325433262446
1380325433263019
1380325433263208
1380325433263675
1380325433263831
1380325433264157
1380325433264314
1380325433264651
1380325433264826
1380325433265077
1380325433301312
1380325435514634
1380325435523707
1380325435528102
1380325435555641
1380325436774848
1380325436777947
1380325436780478
1380325436784485
1380325436786196
1380325436790777
1380325436814793
1380325436819968
1380325436820324
1380325436820429
1380325436820496
1380325436820776
1380325436820972
1380325436821386
1380325436821488
1380325436821569
1380325436821913
1380325436822007
1380325436823090
1380325436825670
1380325436825795
1380325436826175
1380325436826261
1380325436826364
1380325436829609
1380325436830816
1380325436831125
1380325436831190
1380325436834996
1380325436835294
1380325436838384
1380325436843574
1380325436843658
1380325436843752
1380325436860630
1380325436865629
1380325436865740
1380325436866194
1380325436869810
1380325436870052
1380325436870308
1380325436870405
1380325436870690
1380325436870784
1380325436871090
1380325436871175
1380325436871474
1380325436871898
1380325436872005
1380325436874342
1380325436874658
1380325436874755
1380325436875097
1380325436875346
1380325436875765
1380325436876293
1380325436876376
1380325436877943
1380325436878167
1380325436878459
1380325436878941
1380325436879171
1380325436879560
1380325436879932
1380325436880268
1380325436880451
1380325437048265
1380325437073309
1380325437145909
1380325437183054
1380325437183141
1380325437183266
1380325437217721
1380325437278556
1380325437317826
1380325437357420
1380325437363081
1380325437386161
1380325437410158
1380325437410226
1380325437449465
1380325437449548
1380325437455827
1380325437496307
1380325437795349
1380325437816774
1380325437834338
1380325437846065
1380325437860856
1380325437861128
1380325437901547
1380325437915564
1380325437927183
1380325437934945
1380325437957494
1380325437993606
1380325438043316
1380325438088382
1380325438088488
1380325438088553
1380325438088616
1380325438089101
1380325438089673
1380325438093893
1380325438094546
1380325438095145
1380325438097378
1380325438103810
1380325438106152
1380325438106314
1380325438145404
1380325438145465
1380325438145828
1380325438151097
1380325438153852
1380325438154558
1380325438182105
1380325438192052
1380325438196277
1380325438201302
1380325438206379
1380325438212385
1380325438216062
1380325438247256
1380325438247313
1380325438251766
1380325438254193
1380325438282498
1380325438325796
1380325438363400
1380325438365986
1380325438403781
1380325438935960
1380325438949076
1380325438952514
1380325439017296
