1380235987062709
1380235987159501
1380235987163198
1380235987163490
1380235987249767
1380235987249844
1380235987251841
1380235987251937
1380235987253520
1380235987253613
1380235987339769
1380235987339922
1380235987340119
1380235987413935
1380235987507053
1380235987510185
1380235987510492
1380235987546835
1380235987597329
1380235987600285
1380235987600602
1380235987600765
1380235987600992
1380235987601337
1380235987601471
1380235987638809
1380235987639500
1380235987641844
1380235987641917
1380235987642070
1380235987688634
1380235987688729
1380235987690666
1380235987690861
1380235987691058
1380235987691437
1380235987691711
1380235987691908
1380235987692210
1380235987692355
1380235987725311
1380235987726107
1380235987726339
1380235987726513
1380235987727906
1380235987729338
1380235987730575
1380235987770676
1380235987810628
1380235987811002
1380235987811072
1380235987819955
1380235987820041
1380235987823976
1380235987909186
1380235987909243
1380235987909505
1380235987909564
1380235987917252
1380235987919264
1380235987919434
1380235987998712
1380235987998839
1380235987998937
1380235987999156
1380235987999223
1380235987999425
1380235988006502
1380235988007983
1380235988008389
1380235988012467
1380235988012638
1380235988012726
1380235988088287
1380235988088378
1380235988088671
1380235988088731
1380235988089009
1380235988089161
1380235988089563
1380235988089625
1380235988089721
1380235988089937
1380235988096616
1380235988096873
1380235988097175
1380235988099113
1380235988099316
1380235988099610
1380235988105865
1380235988105956
1380235988106181
1380235988106264
1380235988106330
1380235988106649
1380235988177969
1380235988178185
1380235988178616
1380235988178946
1380235988179193
1380235988179364
1380235988179431
1380235988179679
1380235988179865
1380235988180047
1380235988180237
1380235988180302
1380235988185580
1380235988185815
1380235988185989
1380235988187668
1380235988187733
1380235988187809
1380235988190547
1380235988190669
1380235988190739
1380235988190828
1380235988191280
1380235988191727
1380235988201409
1380235988201601
1380235988201877
1380235988201972
1380235988202216
1380235988202291
1380235988202512
1380235988203066
1380235988203131
1380235988274675
1380235988274768
1380235988274846
1380235988275304
1380235988275380
1380235988281658
1380235988281864
1380235988282047
1380235988282133
1380235988282210
1380235988282535
1380235988282601
1380235988283218
1380235988283286
1380235988283483
1380235988283544
1380235988287974
1380235988295159
1380235988295359
1380235988295621
1380235988295879
1380235988296398
1380235988296461
1380235988296939
1380235988297025
1380235988297285
1380235988297338
1380235988297562
1380235988363645
1380235988363860
1380235988364081
1380235988364151
1380235988364467
1380235988364539
1380235988364629
1380235988366058
1380235988366158
1380235988366367
1380235988371840
1380235988371897
1380235988371990
1380235988372219
1380235988372944
1380235988373214
1380235988373287
1380235988373547
1380235988373619
1380235988373828
1380235988374011
1380235988374066
1380235988374230
1380235988374499
1380235988374925
1380235988375230
1380235988375499
1380235988415048
1380235988452947
1380235988453152
1380235988454516
1380235988457324
1380235988457487
1380235988457611
1380235988463223
1380235988463313
1380235988463402
1380235988463529
1380235988464283
1380235988464696
1380235988506779
1380235988507013
1380235988507072
1380235988546921
1380235988552368
1380235988552728
1380235988552828
1380235988553192
1380235988553668
1380235988553740
1380235988554688
1380235988554754
1380235988637018
1380235988637227
1380235988637287
1380235988641702
1380235988642064
1380235988642330
1380235988642401
1380235988642710
1380235988642777
1380235988643965
1380235988644314
1380235988644527
1380235988737357
1380235988737451
1380235988738459
1380235988774927
1380235988828686
1380235988828773
1380235988828882
1380235988828959
1380235988862808
1380235988863009
1380235988902887
1380235988917777
1380235988917842
1380235988918138
1380235988918203
1380235988918678
1380235988994671
1380235988994941
1380235989007448
1380235989007586
1380235989085615
1380235989085822
1380235989096701
1380235989187448
1380235989187799
1380235989187867
1380235989226851
1380235989313539
1380235989313728
1380235989313813
1380235989350868
1380235989441075
1380235989441191
1380235989441431
1380235989478794
1380235989568106
1380235989570461
1380235989658349
1380235989658435
1380235989658912
1380235989750330
1380235989750444
1380235989750520
1380235989790835
1380235989877760
1380235989880673
1380235989880750
1380235989881020
1380235989881072
1380235989965337
1380235989965649
1380235989970941
1380235990064673
1380235990064780
1380235990102848
1380235990191968
1380235990194387
1380235990281606
1380235990281696
1380235990282963
1380235990371083
1380235990371162
1380235990371266
1380235990374663
1380235990374910
1380235990414851
1380235990414922
1380235990414973
1380235990415023
1380235990464766
1380235990464830
1380235990464989
1380235990508436
1380235990509367
1380235990511162
1380235990511647
1380235990512021
1380235990512616
1380235990512814
1380235990513364
1380235990513401
1380235990513456
1380235990602239
1380235990602446
1380235990638904
1380235990729309
1380235990729474
1380235990729541
1380235990768063
1380235990857556
1380235990859820
1380235990859956
1380235990949619
1380235990950151
1380235990950272
1380235991040092
1380235991040163
1380235991079256
1380235991168769
1380235991169017
1380235991169649
1380235991169727
1380235991257960
1380235991259711
1380235991260263
1380235991260776
1380235991260848
1380235991349123
1380235991349975
1380235991350437
1380235991352378
1380235991352589
1380235991439824
1380235991440614
1380235991440845
1380235991441931
1380235991442156
1380235991442900
1380235991443239
1380235991443313
1380235991447654
1380235991530100
1380235991530343
1380235991530431
1380235991530509
1380235991531816
1380235991532055
1380235991532299
1380235991532718
1380235991533325
1380235991533519
1380235991533614
1380235991533711
1380235991533984
1380235991534242
1380235991534310
1380235991541293
1380235991542053
1380235991542338
1380235991578955
1380235991622896
1380235991622967
1380235991623071
1380235991623229
1380235991623611
1380235991623713
1380235991624274
1380235991624523
1380235991624734
1380235991624985
1380235991625228
1380235991625409
1380235991625474
1380235991625674
1380235991625737
1380235991625984
1380235991632393
1380235991632477
1380235991632729
1380235991632805
1380235991633045
1380235991633120
1380235991662470
1380235991669513
1380235991670373
1380235991670725
1380235991671108
1380235991714217
1380235991714314
1380235991714543
1380235991714681
1380235991714990
1380235991715151
1380235991715244
1380235991716874
1380235991717189
1380235991717336
1380235991717534
1380235991717774
1380235991717950
1380235991718065
1380235991718279
1380235991718498
1380235991718655
1380235991723153
1380235991723384
1380235991723479
1380235991723713
1380235991723836
1380235991724005
1380235991724170
1380235991724499
1380235991724664
1380235991724860
1380235991724981
1380235991725354
1380235991754476
1380235991758664
1380235991758844
1380235991760601
1380235991760772
1380235991760969
1380235991761141
1380235991761472
1380235991762025
1380235991762453
1380235991762875
1380235991804992
1380235991805071
1380235991805285
1380235991805446
1380235991805649
1380235991805976
1380235991806256
1380235991806522
1380235991806946
1380235991807106
1380235991807268
1380235991807397
1380235991807587
1380235991808213
1380235991808365
1380235991808558
1380235991808715
1380235991808863
1380235991814328
1380235991814534
1380235991814639
1380235991846483
1380235991846490
1380235991846735
1380235991848864
1380235991849793
1380235991849968
1380235991850056
1380235991851209
1380235991851314
1380235991851567
1380235991852468
1380235991852689
1380235991852857
1380235991852898
1380235991853033
1380235991853192
1380235991853236
1380235991857587
1380235991895615
1380235991895722
1380235991895915
1380235991899022
1380235991899330
1380235991899481
1380235991899634
1380235991899708
1380235991899869
1380235991900045
1380235991934512
1380235991934525
1380235991939903
1380235991940073
1380235991940170
1380235991940468
1380235991940675
1380235991940808
1380235991941149
1380235991942184
1380235991942428
1380235991942600
1380235991942865
1380235991943079
1380235991943298
1380235991943815
1380235991944064
1380235991944684
1380235991953018
1380235991953140
1380235991953312
1380235991982448
1380235991986551
1380235991987126
1380235991987277
1380235991992686
1380235991993165
1380235991993365
1380235991993504
1380235991993944
1380235991994036
1380235991994245
1380235991994759
1380235991994993
1380235992026484
1380235992026493
1380235992031277
1380235992031369
1380235992031469
1380235992031542
1380235992031641
1380235992032092
1380235992032184
1380235992033610
1380235992033838
1380235992034086
1380235992034165
1380235992034257
1380235992034519
1380235992034714
1380235992034782
1380235992035007
1380235992035371
1380235992046880
1380235992049877
1380235992049954
1380235992050037
1380235992070465
1380235992074733
1380235992074808
1380235992075053
1380235992076226
1380235992076512
1380235992078426
1380235992083771
1380235992083985
1380235992084287
1380235992092309
1380235992092376
1380235992092646
1380235992092728
1380235992122108
1380235992122342
1380235992122613
1380235992122743
1380235992122974
1380235992123112
1380235992123317
1380235992123608
1380235992123704
1380235992123898
1380235992124053
1380235992124317
1380235992124474
1380235992124703
1380235992124852
1380235992124966
1380235992125117
1380235992125273
1380235992161130
1380235992161392
1380235992161575
1380235992161738
1380235992162465
1380235992162607
1380235992165325
1380235992165469
1380235992173971
1380235992213037
1380235992213149
1380235992213376
1380235992215540
1380235992215799
1380235992216057
1380235992216187
1380235992216450
1380235992216555
1380235992216819
1380235992217023
1380235992250522
1380235992250537
1380235992251056
1380235992263979
1380235992264796
1380235992265046
1380235992303077
1380235992303657
1380235992303824
1380235992309453
1380235992309600
1380235992310014
1380235992310214
1380235992310458
1380235992310739
1380235992310832
1380235992311169
1380235992311799
1380235992311935
1380235992342531
1380235992342544
1380235992354143
1380235992354241
1380235992395161
1380235992395408
1380235992395582
1380235992397307
1380235992403599
1380235992404173
1380235992404452
1380235992404683
1380235992404887
1380235992405120
1380235992405777
1380235992405882
1380235992406074
1380235992406200
1380235992406396
1380235992406726
1380235992406899
1380235992407084
1380235992407347
1380235992442498
1380235992442504
1380235992484088
1380235992485281
1380235992485571
1380235992485719
1380235992485845
1380235992486056
1380235992486228
1380235992486322
1380235992494450
1380235992496372
1380235992496806
1380235992497106
1380235992497273
1380235992497490
1380235992497881
1380235992497976
1380235992498206
1380235992498504
1380235992498599
1380235992499036
1380235992499249
1380235992499378
1380235992499535
1380235992499691
1380235992499778
1380235992500177
1380235992534530
1380235992534538
1380235992570755
1380235992575259
1380235992575547
1380235992576093
1380235992576184
1380235992576437
1380235992576527
1380235992576769
1380235992576848
1380235992576968
1380235992577310
1380235992582228
1380235992585219
1380235992586038
1380235992586360
1380235992590860
1380235992590937
1380235992591219
1380235992591289
1380235992591571
1380235992591831
1380235992591914
1380235992592379
1380235992592476
1380235992592555
1380235992592830
1380235992592910
1380235992593145
1380235992593214
1380235992593308
1380235992593539
1380235992630516
1380235992630527
1380235992664873
1380235992665076
1380235992665331
1380235992665583
1380235992666021
1380235992666119
1380235992666630
1380235992666895
1380235992667210
1380235992667389
1380235992669447
1380235992670021
1380235992671107
1380235992678038
1380235992678461
1380235992684472
1380235992684583
1380235992684998
1380235992685197
1380235992685421
1380235992685698
1380235992685954
1380235992686297
1380235992686770
1380235992686928
1380235992687161
1380235992687274
1380235992688130
1380235992688345
1380235992688469
1380235992688617
1380235992688815
1380235992722530
1380235992722538
1380235992758185
1380235992758298
1380235992758381
1380235992758821
1380235992758915
1380235992766385
1380235992766878
1380235992774759
1380235992779173
1380235992779337
1380235992779682
1380235992779761
1380235992779947
1380235992780180
1380235992780261
1380235992780538
1380235992780793
1380235992781269
1380235992781365
1380235992781437
1380235992781912
1380235992781982
1380235992788160
1380235992788380
1380235992788504
1380235992788726
1380235992818495
1380235992818501
1380235992841464
1380235992841586
1380235992841918
1380235992841988
1380235992842086
1380235992842205
1380235992842576
1380235992842648
1380235992842742
1380235992842858
1380235992843237
1380235992843334
1380235992844040
1380235992844155
1380235992844248
1380235992844581
1380235992844689
1380235992844798
1380235992845386
1380235992845468
1380235992845885
1380235992846013
1380235992847153
1380235992854734
1380235992854821
1380235992854908
1380235992864822
1380235992864946
1380235992865090
1380235992880221
1380235992880522
1380235992881324
1380235992881578
1380235992882663
1380235992882769
1380235992883347
1380235992884096
1380235992884254
1380235992884491
1380235992884652
1380235992884842
1380235992885068
1380235992930206
1380235992930319
1380235992930648
1380235992930848
1380235992931058
1380235992931168
1380235992932577
1380235992932834
1380235992933141
1380235992933403
1380235992933570
1380235992933782
1380235992933901
1380235992934230
1380235992934825
1380235992934981
1380235992935238
1380235992935361
1380235992935607
1380235992935772
1380235992935923
1380235992936169
1380235992936378
1380235992936536
1380235992954582
1380235992954728
1380235992954911
1380235992970963
1380235992971138
1380235992971702
1380235992971808
1380235992972027
1380235992972370
1380235992972555
1380235992972672
1380235992972948
1380235992973052
1380235992973543
1380235992975154
1380235992975264
1380235992975471
1380235992977447
1380235992978400
1380235992978544
1380235992978868
1380235992979022
1380235992980744
1380235992982090
1380235992982221
1380235992982359
1380235992982482
1380235992982601
1380235992984470
1380235992984867
1380235993026712
1380235993026859
1380235993027025
1380235993027248
1380235993027394
1380235993027532
1380235993027783
1380235993028066
1380235993028143
1380235993028374
1380235993028614
1380235993028816
1380235993028920
1380235993029145
1380235993029273
1380235993029396
1380235993029617
1380235993029780
1380235993029952
1380235993066460
1380235993068149
1380235993068405
1380235993069924
1380235993070148
1380235993070662
1380235993073216
1380235993075375
1380235993075520
1380235993075624
1380235993075782
1380235993075926
1380235993077699
1380235993078009
1380235993078256
1380235993078506
1380235993086196
1380235993113250
1380235993113415
1380235993113698
1380235993113904
1380235993113981
1380235993114102
1380235993123511
1380235993123587
1380235993123671
1380235993123934
1380235993124038
1380235993124178
1380235993124287
1380235993124430
1380235993124543
1380235993124677
1380235993124779
1380235993124925
1380235993125069
1380235993125382
1380235993125473
1380235993125563
1380235993125626
1380235993150476
1380235993158250
1380235993158319
1380235993158677
1380235993184896
1380235993204160
1380235993204423
1380235993204483
1380235993204704
1380235993204758
1380235993204938
1380235993205154
1380235993205359
1380235993205435
1380235993205478
1380235993205738
1380235993247670
1380235993250680
1380235993250762
1380235993250998
1380235993251061
1380235993251241
1380235993298394
1380235993331253
1380235993422877
1380235993462777
1380235993552842
1380235993553522
1380235993553907
1380235993652467
1380235993652617
1380235993652917
1380235993653226
1380235993747810
1380235993748174
1380235993748272
1380235993748541
1380235993748576
1380235993748639
1380235993748853
1380235993748922
1380235993749015
1380235993752717
1380235993842099
1380235993842321
1380235993842397
1380235993842648
1380235993842796
1380235993843251
1380235993843346
1380235993843848
1380235993843936
1380235993844116
1380235993844216
1380235993844434
1380235993844510
1380235993844796
1380235993845286
1380235993845393
1380235993932239
1380235993932305
1380235993932570
1380235993932634
1380235993933461
1380235993933526
1380235993934054
1380235993934302
1380235993934971
1380235993935036
1380235993935339
1380235993935403
1380235993935621
1380235993935684
1380235993935890
1380235993936145
1380235993936621
1380235993936718
1380235993936822
1380235993937311
1380235993937400
1380235993937581
1380235993951445
1380235993951469
1380235993951549
1380235993951590
1380235993951616
1380235994029317
1380235994029411
1380235994029478
1380235994043332
1380235994043483
1380235994043685
1380235994082849
1380235994116762
1380235994134235
1380235994171631
1380235994172142
1380235994172307
1380235994172587
1380235994209420
1380235994209614
1380235994244966
1380235994376771
1380235994376825
1380235994469869
1380235994469979
1380235994470073
1380235994470222
1380235994471936
1380235994472400
1380235994472665
1380235994504221
1380235994559484
1380235994562805
1380235994563116
1380235994563375
1380235994566376
1380235994651084
1380235994651386
1380235994651612
1380235994652802
1380235994654979
1380235994698686
1380235994739954
1380235994740265
1380235994740359
1380235994740460
1380235994740750
1380235994742931
1380235994743726
1380235994744032
1380235994746237
1380235994828772
1380235994829004
1380235994829214
1380235994829487
1380235994829576
1380235994830033
1380235994830145
1380235994830233
1380235994830335
1380235994830799
1380235994830873
1380235994830998
1380235994833293
1380235994833512
1380235994833616
1380235994838572
1380235994838667
1380235994838879
1380235994838895
1380235994918021
1380235994918261
1380235994918651
1380235994919127
1380235994919455
1380235994919558
1380235994919957
1380235994920054
1380235994920166
1380235994920430
1380235994920510
1380235994920607
1380235994920719
1380235994921118
1380235994921199
1380235994929551
1380235994930001
1380235994930110
1380235994930378
1380235994930678
1380235995007342
1380235995007432
1380235995007759
1380235995008017
1380235995008142
1380235995008355
1380235995008465
1380235995009355
1380235995009634
1380235995009803
1380235995010006
1380235995010269
1380235995010385
1380235995010564
1380235995010893
1380235995020515
1380235995021833
1380235995021956
1380235995022190
1380235995046448
1380235995058997
1380235995096586
1380235995096814
1380235995096894
1380235995096975
1380235995097196
1380235995097261
1380235995097363
1380235995097604
1380235995097795
1380235995097991
1380235995099493
1380235995099710
1380235995099868
1380235995099947
1380235995100048
1380235995100342
1380235995100427
1380235995100697
1380235995111645
1380235995111717
1380235995138489
1380235995138496
1380235995140419
1380235995140581
1380235995140680
1380235995140936
1380235995141017
1380235995141211
1380235995154476
1380235995154623
1380235995154940
1380235995184200
1380235995248065
1380235995248330
1380235995249332
1380235995249404
1380235995253393
1380235995253703
1380235995253802
1380235995275098
1380235995346620
1380235995363823
1380235995366110
1380235995372480
1380235995373116
1380235995373238
1380235995452308
1380235995452412
1380235995452515
1380235995455552
1380235995456214
1380235995463362
1380235995463525
1380235995463766
1380235995541764
1380235995541876
1380235995554642
1380235995554877
1380235995554991
1380235995555251
1380235995555377
1380235995555706
1380235995555779
1380235995581090
1380235995631402
1380235995631504
1380235995643332
1380235995644819
1380235995645213
1380235995645590
1380235995645604
1380235995646175
1380235995649005
1380235995651957
1380235995652199
1380235995652223
1380235995652352
1380235995670697
1380235995720730
1380235995720850
1380235995734251
1380235995734340
1380235995734944
1380235995735596
1380235995735806
1380235995735878
1380235995736322
1380235995743672
1380235995743843
1380235995745890
1380235995746010
1380235995760855
1380235995760957
1380235995810280
1380235995810510
1380235995820803
1380235995820975
1380235995821240
1380235995821324
1380235995826684
1380235995827602
1380235995827700
1380235995832900
1380235995850396
1380235995852071
1380235995899846
1380235995899942
1380235995900017
1380235995917029
1380235995917102
1380235995922859
1380235995922930
1380235995923118
1380235995941433
1380235995941514
1380235995944015
1380235995989147
1380235995989257
1380235995994802
1380235996007419
1380235996018687
1380235996018984
1380235996030473
1380235996030726
1380235996032116
1380235996038157
1380235996038384
1380235996075049
1380235996078383
1380235996078666
1380235996078849
1380235996103899
1380235996119902
1380235996120148
1380235996140220
1380235996167889
1380235996167960
1380235996168327
1380235996178697
1380235996179882
1380235996209426
1380235996209502
1380235996209594
1380235996215735
1380235996216151
1380235996256080
1380235996257489
1380235996257720
1380235996298649
1380235996298720
1380235996298998
1380235996347248
1380235996347592
1380235996388028
1380235996388149
1380235996388207
1380235996436817
1380235996436919
1380235996437024
1380235996477796
1380235996477888
1380235996477953
1380235996478332
1380235996566186
1380235996566261
1380235996568483
1380235996568579
1380235996568685
1380235996655028
1380235996655129
1380235996657906
1380235996658018
1380235996658372
1380235996744628
1380235996744747
1380235996744840
1380235996748901
1380235996752165
1380235996752250
1380235996752356
1380235996835456
1380235996835528
1380235996835636
1380235996841876
1380235996841943
1380235996842044
1380235996842333
1380235996924824
1380235996924924
1380235996931630
1380235996931700
1380235996932099
1380235997014473
1380235997014556
1380235997014984
1380235997023408
1380235997023671
1380235997023979
1380235997024900
1380235997103217
