1379775652608177
1379775652870968
1379775652871064
1379775653127680
1379775653129944
1379775653130051
1379775653130175
1379775653160780
1379775653202106
1379775653238885
1379775653239009
1379775653239202
1379775653277695
1379775653385632
1379775653385778
1379775653421436
1379775653421527
1379775653641954
1379775653642054
1379775653642309
1379775653642433
1379775653642564
1379775653642734
1379775653643103
1379775653643233
1379775653676120
1379775653676259
1379775653676380
1379775653746738
1379775653746784
1379775653932044
1379775653932302
1379775654002074
1379775654003060
1379775654003175
1379775654003446
1379775654004568
1379775654257820
1379775654257876
1379775654257958
1379775654258090
1379775654258505
1379775654513776
1379775654515062
1379775654515164
1379775654515548
1379775654515647
1379775654516012
1379775654516712
1379775654516805
1379775654554157
1379775654554238
1379775654554322
1379775654554385
1379775654579716
1379775654618009
1379775654633886
1379775654673489
1379775654674543
1379775654710373
1379775654710810
1379775654711064
1379775654751027
1379775654772738
1379775654772947
1379775654772978
1379775654773055
1379775654836496
1379775654836645
1379775654836764
1379775654836975
1379775654873783
1379775655029027
1379775655066864
1379775655066964
1379775655067288
1379775655067378
1379775655067734
1379775657259162
1379775657259250
1379775657513877
1379775657513993
1379775657514115
1379775657514194
1379775657768133
1379775657768340
1379775657768495
1379775657768584
1379775657768856
1379775657777335
1379775658033585
1379775658033705
1379775658033833
1379775658287938
1379775658288057
1379775658288362
1379775658288532
1379775658288832
