1379915250043252
1379915250237034
1379915250237137
1379915250237225
1379915250237441
1379915250241070
1379915250241296
1379915250241403
1379915250241484
1379915250241917
1379915250241998
1379915250242370
1379915250242446
1379915250242698
1379915250242774
1379915250243235
1379915250243311
1379915250245775
1379915250246027
1379915250246134
1379915250246210
1379915250246614
1379915250247226
1379915250247317
1379915250247568
1379915250247904
1379915250248069
1379915250248370
1379915250248570
1379915250263172
1379915250263318
1379915250263467
1379915250263600
1379915250263770
1379915250263869
1379915250264018
1379915250264304
1379915250272669
1379915250278417
1379915250278459
1379915250278698
1379915250278818
1379915250278951
1379915250279076
1379915250279299
1379915250279466
1379915250279879
1379915250284257
1379915250285375
1379915250285533
1379915250285869
1379915250289239
1379915250290115
1379915250290287
1379915250295158
1379915250295551
1379915250295648
1379915250299126
1379915250300911
1379915250301028
1379915250301148
1379915250301291
1379915250301346
1379915250301382
1379915250301428
1379915250301453
1379915250301882
1379915250302040
1379915250302286
1379915250302341
1379915250307684
1379915250307857
1379915250307932
1379915250308059
1379915250308341
1379915250308394
1379915250308609
1379915250308718
1379915250308795
1379915250309128
1379915250309227
1379915250309419
1379915250309541
1379915250309672
1379915250309748
1379915250310059
1379915250310081
1379915250310180
1379915250310396
1379915250310456
1379915250310771
1379915250311136
1379915250311185
1379915250314748
1379915250316567
1379915250316791
1379915250316889
1379915250316964
1379915250317060
1379915250317240
1379915250317374
1379915250317611
1379915250319340
1379915250319621
1379915250349450
1379915250350611
1379915250351735
1379915250352923
1379915250353950
1379915250354935
1379915250357370
1379915250357562
1379915250357702
1379915250357846
1379915250358122
1379915250358219
1379915250358354
1379915250358578
1379915250358845
1379915250359008
1379915250359205
1379915250359461
1379915250359591
1379915250359796
1379915250360040
1379915250360324
1379915250360406
1379915250360737
1379915250360866
1379915250361087
1379915250361208
1379915250361338
1379915250361470
1379915250361590
1379915250361841
1379915250361963
1379915250362086
1379915250362222
1379915250362382
1379915250362493
1379915250362997
1379915250363242
1379915250363371
1379915250363505
1379915250363767
1379915250363872
1379915250364000
1379915250365690
1379915250365989
1379915250366244
1379915250366483
1379915250366631
1379915250366672
1379915250366868
1379915250366962
1379915250367076
1379915250367281
1379915250367411
1379915250367680
1379915250367908
1379915250368059
1379915250368290
1379915250368429
1379915250368556
1379915250368798
1379915250368930
1379915250369044
1379915250369181
1379915250369442
1379915250369556
1379915250369679
1379915250369800
1379915250369940
1379915250370053
1379915250370214
1379915250370309
1379915250370429
1379915250370783
1379915250370914
1379915250371038
1379915250371170
1379915250371291
1379915250371408
1379915250371693
1379915250371790
1379915250371962
1379915250372087
1379915250372212
1379915250372378
1379915250372498
1379915250372605
1379915250372784
1379915250372904
1379915250373047
1379915250375319
1379915250375542
1379915250375645
1379915250375794
1379915250376163
1379915250376347
1379915250376411
1379915250379192
1379915250380512
1379915250381599
1379915250381696
1379915250382647
1379915250382876
1379915250382996
1379915250383129
1379915250383257
1379915250383386
1379915250383508
1379915250383621
1379915250383741
1379915250383883
1379915250383999
1379915250384120
1379915250384191
1379915250384321
1379915250384814
1379915250384987
1379915250385774
1379915250385947
1379915250386048
1379915250386301
1379915250386667
1379915250386862
1379915250387338
1379915250389111
1379915250390192
1379915250390417
1379915250390671
1379915250390831
1379915250391061
1379915250391188
1379915250391506
1379915250391629
1379915250391796
1379915250391924
1379915250392300
1379915250392563
1379915250392664
1379915250392779
1379915250392851
1379915250393196
1379915250393448
1379915250393588
1379915250393710
1379915250394001
1379915250394134
1379915250394207
1379915250394333
1379915250394441
1379915250394553
1379915250398213
1379915250400993
1379915250401124
1379915250401235
1379915250401327
1379915250401453
1379915250401581
1379915250401735
1379915250401848
1379915250401965
1379915250402118
1379915250402236
1379915250402349
1379915250402472
1379915250402583
1379915250402709
1379915250402830
1379915250402952
1379915250403081
1379915250403224
1379915250403305
1379915250403529
1379915250403672
1379915250403751
1379915250407549
1379915250409393
1379915250409593
1379915250409812
1379915250409947
1379915250410071
1379915250410200
1379915250410425
1379915250410541
1379915250410672
1379915250410987
1379915250411123
1379915250411196
1379915250411943
1379915250415073
1379915250415217
1379915250418658
1379915250418905
1379915250419062
1379915250419181
1379915250419299
1379915250419385
1379915250419532
1379915250419702
1379915250419873
1379915250420019
1379915250420114
1379915250420232
1379915250420395
1379915250420561
1379915250420761
1379915250424443
1379915250424561
1379915250424702
1379915250424793
1379915250425041
1379915250425130
1379915250425784
1379915250426204
1379915250426272
1379915250429973
1379915250433992
1379915250434223
1379915250434501
1379915250434583
1379915250434680
1379915250434909
1379915250435033
1379915250435160
1379915250435289
1379915250435413
1379915250435751
1379915250436017
1379915250436166
1379915250436268
1379915250436825
1379915250436989
1379915250438732
1379915250438916
1379915250439977
1379915250440212
1379915250440528
1379915250440669
1379915250440762
1379915250440884
1379915250440964
1379915250441448
1379915250441791
1379915250441950
1379915250442066
1379915250442197
1379915250443010
1379915250443150
1379915250443275
1379915250443381
1379915250443498
1379915250444602
1379915250444772
1379915250445886
1379915250446127
1379915250446267
1379915250446393
1379915250446553
1379915250446682
1379915250447391
1379915250447617
1379915250447742
1379915250447900
1379915250448111
1379915250448229
1379915250448341
1379915250450494
1379915250450727
1379915250450975
1379915250451109
1379915250451268
1379915250451360
1379915250451684
1379915250451807
1379915250452389
1379915250452503
1379915250452688
1379915250452847
1379915250452962
1379915250453214
1379915250453346
1379915250454897
1379915250455080
1379915250455196
1379915250583877
1379915250585511
1379915250585704
1379915250585820
1379915250588210
1379915250589467
1379915250589712
1379915250589865
1379915250589970
1379915250590202
1379915250591076
1379915250591090
1379915250593997
1379915250594235
1379915250594480
1379915250594611
1379915250594734
1379915250594859
1379915250594979
1379915250595120
1379915250595338
1379915250628695
1379915250628847
1379915250628954
1379915250632642
1379915250632866
1379915250633034
1379915250633130
1379915250633357
1379915250633491
1379915250636991
1379915250637446
1379915250637519
1379915250637727
1379915250836066
1379915250839890
1379915250840086
1379915250843855
1379915250844031
1379915250844254
1379915250891995
1379915250897679
1379915250900798
1379915250900861
1379915251101117
1379915251137607
1379915251137816
1379915251137991
1379915251172248
1379915251205560
1379915251229203
1379915251229278
1379915251251151
1379915251289606
1379915251292043
1379915251327839
1379915251328189
1379915251328436
1379915251369099
