1377943138205536
1377943138441426
1377943138441820
1377943138741336
1377943138741726
1377943138741837
1377943138742101
1377943138742237
1377943138766622
1377943138769142
1377943139003109
1377943139003926
1377943139004036
1377943139043563
1377943139044829
1377943139045065
1377943139214749
1377943139280711
1377943139281382
1377943139281525
1377943139281658
1377943139281753
1377943139514835
1377943139515544
1377943139518100
1377943139518124
1377943139518386
1377943139745184
1377943139746072
1377943139749915
1377943139749959
1377943139750058
1377943139750312
1377943139975832
1377943139976020
1377943139976136
1377943139980535
1377943139981067
1377943139982326
1377943139982437
1377943139982567
1377943139982712
1377943140203276
1377943140203396
1377943140203628
1377943140213032
1377943140213192
1377943140330751
1377943140585128
1377943140585533
1377943140843072
1377943141142788
1377943141375760
1377943141376280
1377943141728232
1377943141747374
1377943141984252
1377943142023588
1377943152330361
1377943167331806
1377943167332250
1377943182331839
1377943212332882
1377943212333211
1377943212333471
1377943243046109
1377943243056678
1377943243057023
1377943243067871
1377943243068463
1377943243068590
1377943243068711
1377943243068853
1377943243078841
1377943243079041
1377943243079203
1377943243079313
1377943243079385
1377943243079497
1377943243079676
1377943243079784
1377943243079858
1377943243079964
1377943243128955
1377943243139365
1377943243140133
1377943243151931
1377943243151974
1377943243162514
1377943243163354
1377943243174838
1377943243174882
1377943243175057
1377943243185443
1377943243186315
1377943243197768
1377943243197801
1377943243197867
1377943243197909
1377943243198112
1377943243198155
1377943243199829
1377943243208438
1377943243208580
1377943243208699
1377943243208812
1377943243208927
1377943243209040
1377943243209186
1377943243209306
1377943243209737
1377943243209864
1377943243210035
1377943243210146
1377943243210719
1377943243210889
1377943243212154
1377943243219512
1377943243219563
1377943243219664
1377943243219689
1377943243220286
1377943243220545
1377943243220848
1377943243221220
1377943243221599
1377943243222097
1377943243222214
1377943243222371
1377943243222484
1377943243222598
1377943243222739
1377943243222873
1377943243223125
1377943243223264
1377943243223818
1377943243223985
1377943243263627
1377943243264826
1377943243276181
1377943243276239
1377943243286399
1377943243287212
1377943243298464
1377943243298522
1377943243298672
1377943243335583
1377943243336470
1377943243347897
1377943243347943
1377943243348083
1377943243387584
1377943243388391
1377943243399783
1377943243399834
1377943243399978
