1379900002891173
1379900003072235
1379900003072328
1379900003221870
1379900003224879
1379900003224946
1379900003225122
1379900003225189
1379900003225263
1379900003225497
1379900003225642
1379900003262514
1379900003413487
1379900003413551
1379900003413632
1379900003413872
1379900003416514
1379900003417259
1379900003560036
1379900003560190
1379900003566937
1379900003568835
1379900003569555
1379900003569628
1379900003570591
1379900003570701
1379900003714381
1379900003714454
1379900003714543
1379900003714601
1379900003718318
1379900003720499
1379900003720851
1379900003721055
1379900003721566
1379900003721821
1379900003860028
1379900003872105
1379900003872532
1379900003872620
1379900004023468
1379900004024572
1379900004024648
1379900004024853
1379900004025461
1379900004068360
1379900004172135
1379900004213678
1379900004214031
1379900004214195
1379900004215246
1379900004363086
1379900004363145
1379900004363241
1379900004363520
1379900004367873
1379900004367988
1379900004368726
1379900004368841
1379900004368894
1379900004368957
1379900004369021
1379900004369073
1379900004509202
1379900004515977
1379900004516304
1379900004516378
1379900004516641
1379900004516723
1379900004516921
1379900004517599
1379900004518349
1379900004518434
1379900004518639
1379900004518951
1379900004520010
1379900004520088
1379900004520284
1379900004520435
1379900004522144
1379900004522208
1379900004522299
1379900004522514
1379900004522733
1379900004522810
1379900004526396
1379900004527221
1379900004674429
1379900004677288
1379900004679054
1379900004679516
1379900004821519
1379900004831744
1379900004973968
1379900004974051
1379900004974106
1379900004974158
1379900004974232
1379900004974284
1379900004974298
1379900004974339
1379900004974445
1379900004989024
1379900004989107
1379900004989338
1379900004989409
1379900005079966
1379900005080052
1379900005121104
1379900005121414
1379900005121540
1379900005124869
1379900005126608
1379900005126712
1379900005126835
1379900005127013
1379900005127121
1379900005127367
1379900005127461
1379900005127523
1379900005127624
1379900005127981
1379900005128062
1379900005128135
1379900005128477
1379900005128508
1379900005128599
1379900005128675
1379900005128766
1379900005129131
1379900005129175
1379900005129295
1379900005129339
1379900005129369
1379900005129770
1379900005129867
1379900005129886
1379900005129982
1379900005130100
1379900005130540
1379900005130656
1379900005130745
1379900005130854
1379900005131225
1379900005131305
1379900005131390
1379900005131728
1379900005132164
1379900005182958
1379900005216078
1379900005240119
1379900005258935
1379900005271228
1379900005271298
1379900005271838
1379900005272017
1379900005277770
1379900005278215
1379900005278360
1379900005278434
1379900005278783
1379900005278977
1379900005279437
1379900005279532
1379900005279852
1379900005279956
1379900005280758
1379900005362959
1379900005363955
1379900005417423
1379900005417493
1379900005417900
1379900005418025
1379900005424852
1379900005425885
1379900005425971
1379900005426359
1379900005426417
1379900005426526
1379900005466585
1379900005466984
1379900005469884
1379900005508504
1379900005563712
1379900005563805
1379900005563917
1379900005564220
1379900005564386
1379900005694717
1379900005694807
1379900005694885
1379900005695366
1379900005695523
1379900005696675
1379900005696973
1379900005697220
1379900005697413
1379900005697594
1379900005709943
1379900005710024
1379900005710305
1379900005710452
1379900005718956
1379900005719028
1379900005719445
1379900005719563
1379900005842854
1379900005842925
1379900005843426
1379900005843577
1379900005846492
1379900005846561
1379900005846934
1379900005847068
1379900005855959
1379900005856036
1379900005856460
1379900005856607
1379900005867094
1379900005867162
1379900005867567
1379900005867732
1379900005990759
1379900005991138
1379900005991269
1379900005996326
1379900005996403
1379900005996700
1379900006001963
1379900006002191
1379900006015097
1379900006015295
1379900006015488
1379900006015633
1379900006132679
1379900006138286
1379900006138541
1379900006138685
1379900006145527
1379900006145777
1379900006145913
1379900006147472
1379900006147637
1379900006147890
1379900006147995
1379900006163844
1379900006163921
1379900006164056
1379900006164189
1379900006277288
1379900006277460
1379900006284370
1379900006284609
1379900006284750
1379900006284954
1379900006285205
1379900006286133
1379900006286308
1379900006286561
1379900006286736
1379900006293552
1379900006293628
1379900006294015
1379900006294128
1379900006295009
1379900006295333
1379900006295439
1379900006312254
1379900006312947
1379900006313037
1379900006313161
1379900006429017
1379900006429094
1379900006429170
1379900006429395
1379900006433851
1379900006434209
1379900006434374
1379900006437825
1379900006439734
1379900006440151
1379900006440347
1379900006440446
1379900006444464
1379900006444542
1379900006444619
1379900006444826
1379900006461366
1379900006461456
1379900006461528
1379900006462007
1379900006462124
1379900006581349
1379900006581823
1379900006581908
1379900006582281
1379900006582485
1379900006582598
1379900006582795
1379900006585827
1379900006586241
1379900006586335
1379900006586526
1379900006589577
1379900006594124
1379900006594194
1379900006594592
1379900006594708
1379900006610608
1379900006610682
1379900006610765
1379900006610985
1379900006732028
1379900006732108
1379900006732565
1379900006732697
1379900006733272
1379900006733567
1379900006733729
1379900006733836
1379900006734652
1379900006734893
1379900006735040
1379900006741280
1379900006743530
1379900006743766
1379900006743841
1379900006744098
1379900006744231
1379900006758497
1379900006758592
1379900006758881
1379900006759006
1379900006883700
1379900006883795
1379900006883872
1379900006884173
1379900006884302
1379900006884841
1379900006885022
1379900006885193
1379900006885298
1379900006890499
1379900006890574
1379900006890790
1379900006890971
1379900006891096
1379900006893090
1379900006893174
1379900006893231
1379900006893330
1379900006893676
1379900006906373
1379900006906690
1379900007034724
1379900007034809
1379900007036738
1379900007038042
1379900007042684
1379900007042808
1379900007043088
1379900007046131
1379900007046319
