1380261371619669
1380261371768818
1380261371768924
1380261371769047
1380261371819605
1380261371819829
1380261371819908
1380261371820249
1380261371820330
1380261371870559
1380261371870794
1380261371871040
1380261373151992
1380261373160081
1380261373160188
1380261373163966
1380261373164036
1380261373164287
1380261373164381
1380261373164656
1380261373164747
1380261373165221
1380261373165306
1380261373165363
1380261373165455
1380261373166074
1380261373166180
1380261373166447
1380261373168495
1380261373168562
1380261373168909
1380261373168988
1380261373191254
1380261373191422
1380261373191698
1380261373192095
1380261373195560
1380261373195666
1380261373196856
1380261373200615
1380261373200729
1380261373200809
1380261373200879
1380261373201249
1380261373201438
1380261373201619
1380261373201962
1380261373205446
1380261373206796
1380261373245545
1380261373253552
1380261373253618
1380261373293639
1380261373293787
1380261373293835
1380261373301637
1380261373301711
1380261373302000
1380261373302061
1380261373302176
1380261373302388
1380261373302481
1380261373302919
1380261373302985
1380261373303062
1380261373304067
1380261373304125
1380261373341664
1380261373351811
1380261373353343
1380261373360625
1380261373369512
1380261373377393
1380261373379536
1380261373379635
1380261373379691
1380261373421489
1380261373421834
1380261373421884
1380261373422050
1380261373422133
1380261373422180
1380261373422228
1380261373422274
1380261373422338
1380261373422384
1380261373433585
1380261373433624
1380261373433861
1380261373434185
1380261373434219
1380261373434247
1380261373436392
1380261373436422
1380261373436538
1380261373437409
1380261373437511
1380261373441368
1380261373441474
1380261373441578
1380261373441650
1380261373441740
1380261373481406
1380261373481891
1380261373481982
1380261373482030
1380261373482076
1380261373482121
1380261373482200
1380261373488144
1380261373488522
1380261373488628
1380261373488704
1380261373488942
1380261373497579
1380261373497621
1380261373497844
1380261373497880
1380261373497913
1380261373498074
1380261373498683
1380261373504426
1380261373569454
1380261373582711
1380261373607725
1380261373635101
1380261373705604
1380261373706496
1380261373712281
1380261373712437
1380261373712936
1380261373806069
1380261373806159
1380261373903687
1380261374685391
1380261374690727
1380261374886247
1380261374913541
1380261374951892
1380261374977385
1380261375004998
1380261375006719
1380261375052537
1380261375152336
1380261375214586
1380261375214685
1380261375332272
1380261375430626
1380261375434737
1380261375435397
1380261375439922
1380261375442000
1380261375500266
1380261375510900
1380261375563189
