1379413016902020
1379413017092430
1379413017092532
1379413017312153
1379413017484385
1379413017485189
1379413017524358
1379413017657067
1379413017657333
1379413017657403
1379413017700012
1379413017701511
1379413017702364
1379413017803381
1379413017828869
1379413017828975
1379413017829174
1379413017829270
1379413017829539
1379413017829700
1379413017875553
1379413017878766
1379413017878904
1379413017879183
1379413017879477
1379413017915996
1379413017916227
1379413018001233
1379413018001322
1379413018001489
1379413018001675
1379413018001782
1379413018002098
1379413018002224
1379413018002329
1379413018002976
1379413018003101
1379413018003343
1379413018003618
1379413018044564
1379413018057010
1379413018057102
1379413018057320
1379413018057410
1379413018057605
1379413018057767
1379413018057834
1379413018058237
1379413018058406
1379413018096781
1379413018109177
1379413018148231
1379413018288229
1379413018312231
1379413018428084
1379413018468190
1379413018474317
1379413018477552
1379413018577161
1379413018577576
1379413018615750
1379413018663137
1379413018663607
1379413018848487
1379413018848579
1379413018848844
1379413018849103
1379413019034177
1379413019034295
1379413019034660
1379413019034758
1379413019219641
1379413019219905
1379413019220242
1379413019220454
1379413019220632
1379413019413704
1379413019595878
