1377980892837243
1377980893068558
1377980893069390
1377980893301048
1377980893301058
1377980893301197
1377980893301205
1377980893301324
1377980893531831
1377980893578871
1377980893589880
1377980893590184
1377980893604245
1377980893604820
1377980893604925
1377980893624289
1377980893858206
1377980893859324
1377980894094402
1377980894094425
1377980894094653
1377980894094661
1377980894094730
1377980894094783
1377980894094903
1377980894094910
1377980894094990
1377980894095035
1377980894095144
1377980894095249
1377980894095260
1377980894095386
1377980894095504
1377980894095612
1377980894095709
1377980894326061
1377980894327199
1377980894327309
1377980894353196
1377980894421201
1377980894422297
1377980894422404
1377980894491015
1377980894491035
1377980894491195
1377980894491202
1377980894491338
1377980894492126
1377980894559304
1377980894559325
1377980894559814
1377980894560494
1377980894629251
1377980894629629
1377980894646740
1377980894647314
1377980894647414
1377980894652320
1377980894690829
1377980894723038
1377980894724339
1377980894759866
1377980894759892
1377980894760135
1377980894760143
1377980894760279
1377980894760738
1377980894760842
1377980894760857
1377980894760991
1377980894761424
1377980894761571
1377980894761579
1377980894761717
1377980894793431
1377980894793547
1377980894793618
1377980894793716
1377980894793723
1377980894793869
1377980894793877
1377980894793980
1377980894794066
1377980894794138
1377980894794194
1377980894824920
1377980894828506
1377980894828519
1377980894828528
1377980894830182
1377980894830281
1377980894831104
1377980894831201
1377980894893945
1377980894893970
1377980894894048
1377980894894077
1377980894894294
1377980894894301
1377980894894418
1377980894894425
1377980894894531
1377980894894535
1377980894894668
1377980894894674
1377980894894957
1377980894894965
1377980894895125
1377980894895133
1377980894895236
1377980894895240
1377980894895706
1377980894895713
1377980894895875
1377980894895882
1377980894897612
1377980894901822
1377980894938803
1377980894963563
1377980894963583
1377980894963809
1377980894963817
1377980894963917
1377980894963934
1377980894964050
1377980894964146
1377980894964151
1377980894964353
1377980894964362
1377980894964461
1377980894964465
1377980894964595
1377980895004064
1377980895005123
1377980895008229
1377980895009357
1377980895009927
1377980895010753
1377980895010872
1377980895011584
1377980895074754
1377980895079393
1377980895079530
1377980895079615
1377980895079720
1377980895079807
1377980895079904
1377980895079913
1377980895080122
1377980895081148
1377980895081271
1377980895081279
1377980895081422
1377980895081426
1377980895081562
1377980895106222
1377980895365661
1377980895366498
1377980895366700
1377980895601292
1377980895601836
1377980895602071
1377980895635665
1377980895635688
1377980895635854
1377980895635873
1377980895636011
1377980895671935
1377980895672043
1377980895672069
1377980895672164
1377980895672171
1377980895672424
1377980895672432
1377980895672549
1377980895672557
1377980895672727
1377980895672734
1377980895672827
1377980895672834
1377980895673322
1377980895673330
1377980895673485
1377980895673492
1377980895673622
1377980895673626
1377980895741606
1377980895741615
1377980895741834
1377980895741841
1377980895742601
1377980895742608
1377980895742708
1377980895742713
1377980895742967
1377980895742975
1377980895743070
1377980895743077
1377980895743228
1377980895743235
1377980895743485
1377980895743493
1377980895743588
1377980895743623
1377980895743719
1377980895743725
1377980895744129
1377980895744137
1377980895744299
1377980895744307
1377980895744404
1377980895744411
1377980895744560
1377980895744567
1377980895744686
1377980895744692
1377980895745197
1377980895745204
1377980895745321
1377980895745328
1377980895745455
1377980895745462
1377980895811006
1377980895811018
1377980895811090
1377980895811120
1377980895811215
1377980895811219
1377980895811380
1377980895811386
1377980895813358
1377980895813367
1377980895813485
1377980895813492
1377980895813591
1377980895813607
1377980895813732
1377980895813739
1377980895813893
1377980895813899
1377980895846941
1377980895850403
1377980895886777
1377980895896383
1377980895900005
1377980895913478
1377980895914046
1377980895914150
1377980895932954
1377980895956047
1377980895956060
1377980895956290
1377980895956300
1377980895956396
1377980895956402
1377980895956656
1377980895956666
1377980895956763
1377980895956798
1377980895956895
1377980895956898
1377980895957176
1377980895957185
1377980895957345
1377980895957351
1377980895957453
1377980895957571
1377980895957591
1377980895957786
1377980895995454
1377980896065667
1377980896065686
1377980896065777
1377980896065798
1377980896065896
1377980896065901
1377980896066151
1377980896066158
1377980896066254
1377980896066286
1377980896066401
1377980896066421
1377980896066518
1377980896066522
1377980896066943
1377980896066951
1377980896067187
1377980896067195
1377980896067293
1377980896067300
1377980896067593
1377980896067602
1377980896067830
1377980896067839
1377980896067939
1377980896067953
1377980896068118
1377980896068124
1377980896068220
1377980896068226
1377980896068616
1377980896068626
1377980896068743
1377980896068747
1377980896068891
1377980896068898
1377980896068993
1377980896069021
1377980896069118
1377980896069124
1377980896069276
1377980896069284
1377980896069412
1377980896069420
1377980896069789
1377980896069798
1377980896069895
1377980896069928
1377980896070025
1377980896070033
1377980896070170
1377980896070187
1377980896070192
1377980896070287
1377980896070293
1377980896095709
1377980896095730
1377980896095897
1377980896095902
1377980896096037
1377980896116079
1377980896116178
1377980896116283
1377980896116419
1377980896135662
1377980896135762
1377980896135852
1377980896135954
1377980896136157
1377980896136255
1377980896136331
1377980896136430
1377980896136609
1377980896136707
1377980896136793
1377980896136891
1377980896138677
1377980896138823
1377980896138830
1377980896139054
1377980896139062
1377980896139158
1377980896139187
1377980896139299
1377980896139415
1377980896139539
1377980896139664
1377980896140039
1377980896140046
1377980896140050
1377980896140077
1377980896140227
1377980896140325
1377980896140421
1377980896140455
1377980896140552
1377980896140557
1377980896141066
1377980896141073
1377980896141195
1377980896141199
1377980896141439
1377980896141563
1377980896141814
1377980896141851
1377980896141947
1377980896141952
1377980896142191
1377980896142198
1377980896142320
1377980896142326
1377980896142437
1377980896142497
1377980896142594
1377980896142598
1377980896142695
1377980896142712
1377980896142843
1377980896142849
1377980896142956
1377980896143083
1377980896143202
1377980896143330
1377980896143454
1377980896143770
1377980896143877
1377980896143978
1377980896144006
1377980896144103
1377980896144108
1377980896144265
1377980896144271
1377980896144366
1377980896144371
1377980896193260
1377980896194222
1377980896205318
1377980896205337
1377980896205506
1377980896205513
1377980896205692
1377980896205700
1377980896207017
1377980896207025
1377980896207192
1377980896207199
1377980896207380
1377980896207387
1377980896211678
1377980896211687
1377980896211783
1377980896211791
1377980896212043
1377980896212047
1377980896212168
1377980896212173
1377980896212295
1377980896212349
1377980896212433
1377980896212452
1377980896212819
1377980896213071
1377980896213325
1377980896213333
1377980896213576
1377980896213583
1377980896213826
1377980896213832
1377980896214093
1377980896214099
1377980896214342
1377980896214346
1377980896214589
1377980896214596
1377980896214694
1377980896214701
1377980896214850
1377980896214855
1377980896214974
1377980896215048
1377980896215117
1377980896215149
1377980896215237
1377980896215366
1377980896215491
1377980896215619
1377980896215742
1377980896216016
1377980896216333
1377980896216454
1377980896216500
1377980896216599
1377980896216605
1377980896216734
1377980896216801
1377980896216880
1377980896340336
1377980896341778
1377980896454405
1377980896458927
1377980896475746
1377980896476312
1377980896476429
1377980896671230
1377980896710725
1377980896918920
1377980896935951
1377980896940188
1377980897297280
1377980897334720
1377980897561840
1377980897562830
1377980897562945
1377980897570700
1377980897570802
1377980897570810
1377980897570987
1377980897570994
1377980897571091
1377980897571099
1377980897571362
1377980897571367
1377980897571532
1377980897571539
1377980897572710
1377980897610676
1377980897726140
1377980897796213
1377980897796230
1377980897796435
1377980897796443
1377980897796539
1377980897796562
1377980897796690
1377980897796694
1377980897796793
1377980897796804
1377980897796938
1377980897796945
1377980897797041
1377980897797046
1377980897797180
1377980897797241
1377980897866192
1377980897866201
1377980897866299
1377980897866306
1377980897866559
1377980897866568
1377980897866665
1377980897866672
1377980897866813
1377980897866819
1377980897866939
1377980897866945
1377980897867042
1377980897867046
1377980897867321
1377980897867329
1377980897867491
1377980897867497
1377980897867601
1377980897867604
1377980897867918
1377980897867926
1377980897868085
1377980897868092
1377980897935732
1377980897936087
1377980897936097
1377980897936194
1377980897936231
1377980897936280
1377980897936355
1377980897936359
1377980897936623
1377980897936635
1377980897936731
1377980897936738
1377980897937012
1377980897937020
1377980897938135
1377980897938313
1377980898006559
1377980898006579
1377980898006770
1377980898006778
1377980898006905
1377980898006929
1377980898007888
1377980898008024
1377980898008035
1377980898008694
1377980898008709
1377980898008836
1377980898008845
1377980898076231
1377980898116047
1377980898116679
1377980898184512
1377980898256057
1377980898256405
1377980898324475
1377980898325286
1377980898325643
1377980898568777
1377980898569569
1377980898833806
1377980898834894
1377980898835196
1377980898835565
1377980898835856
1377980898836300
1377980898836738
1377980898837021
1377980898837310
1377980898837766
1377980898838161
1377980898904562
1377980898904570
1377980898904722
1377980898904729
1377980898904855
1377980898904908
1377980898905038
1377980898906063
1377980898906193
1377980898906310
1377980898906397
1377980898906444
1377980898906544
1377980898906561
1377980898906695
1377980898906699
1377980898906796
1377980898906800
1377980898907001
1377980898907008
1377980898907105
1377980898907127
1377980898907246
1377980898907251
1377980898907510
1377980898907519
1377980898908067
1377980898908075
1377980898908239
1377980898908541
1377980898908642
1377980898908807
1377980898909052
1377980898909307
1377980898909323
1377980898909987
1377980898909996
1377980898910175
1377980898910182
1377980898910279
1377980898910285
1377980898910451
1377980898910457
1377980898910553
1377980898910586
1377980898910743
1377980898910750
1377980898910858
1377980898910942
1377980898910994
1377980898911041
1377980898911116
1377980898911145
1377980898911243
1377980898911384
1377980898911391
1377980898911488
1377980898911512
1377980898911635
1377980898911710
1377980898911714
1377980898912519
1377980898912528
1377980898912632
1377980898912637
1377980898912794
1377980898912798
1377980898977331
1377980898977339
1377980898977436
1377980898977468
1377980898977565
1377980898977572
1377980898977881
1377980898977889
1377980898977987
1377980898977994
1377980898978202
1377980898978208
1377980898978378
1377980898978385
1377980898978880
1377980898978888
1377980898979022
1377980898980519
1377980898980644
1377980898980652
1377980898980888
1377980898980895
1377980898981015
1377980898981019
1377980898981141
1377980898981148
1377980898981271
1377980898981277
1377980898981374
1377980898981379
1377980898981659
1377980898981667
1377980898981903
1377980898981910
1377980898982008
1377980898982015
1377980898982395
1377980898982403
1377980898982663
1377980898982670
1377980898982766
1377980898982772
1377980898983023
1377980898983030
1377980898983151
1377980898983158
1377980898983255
1377980898983262
1377980898983534
1377980898983542
1377980898983644
1377980898983671
1377980898983787
1377980898983794
1377980898984042
1377980898984050
1377980898984146
1377980898984180
1377980898984279
1377980898984285
1377980898984405
1377980898984411
1377980898984534
1377980898984542
1377980898984695
1377980898984702
1377980898984801
1377980898984818
1377980898984934
1377980898984941
1377980898985057
1377980898985064
1377980898985161
1377980898985168
1377980898985781
1377980898985788
1377980898985953
1377980898985961
1377980898986057
1377980898986063
1377980899014132
1377980899019146
1377980899049429
1377980899049459
1377980899049527
1377980899049588
1377980899049707
1377980899049719
1377980899049815
1377980899049824
1377980899050169
1377980899050180
1377980899050789
1377980899050800
1377980899051191
1377980899051202
1377980899051296
1377980899051328
1377980899051427
1377980899051458
1377980899051576
1377980899051587
1377980899051681
1377980899051693
1377980899051887
1377980899051898
1377980899051996
1377980899052018
1377980899052114
1377980899052123
1377980899053615
1377980899053626
1377980899053803
1377980899053812
1377980899054003
1377980899054013
1377980899054107
1377980899054115
1377980899055016
1377980899055025
1377980899055261
1377980899055268
1377980899055365
1377980899055397
1377980899055495
1377980899055512
1377980899055607
1377980899055613
1377980899055757
1377980899055765
1377980899056013
1377980899056022
1377980899056118
1377980899056125
1377980899056388
1377980899056397
1377980899056638
1377980899056646
1377980899056769
1377980899056777
1377980899057016
1377980899057023
1377980899057144
1377980899057151
1377980899057392
1377980899057400
1377980899057644
1377980899057652
1377980899057768
1377980899057775
1377980899058020
1377980899058028
1377980899058126
1377980899058142
1377980899058272
1377980899058279
1377980899058520
1377980899058528
1377980899058661
1377980899058668
1377980899058764
1377980899058771
1377980899058951
1377980899058959
1377980899059055
1377980899059062
1377980899059199
1377980899059207
1377980899059290
1377980899059339
1377980899059458
1377980899059465
1377980899059546
1377980899059584
1377980899059705
1377980899059711
1377980899059717
1377980899059815
1377980899059822
1377980899060217
1377980899060226
1377980899060322
1377980899060350
1377980899060470
1377980899060478
1377980899060573
1377980899060580
1377980899082135
1377980899082150
1377980899082339
1377980899082343
1377980899082478
1377980899089315
1377980899089413
1377980899091290
1377980899091414
1377980899091422
1377980899091519
1377980899091526
1377980899091688
1377980899091695
1377980899091792
1377980899091810
1377980899091928
1377980899091932
1377980899092123
1377980899092130
1377980899092225
1377980899092246
1377980899092363
1377980899092367
1377980899092493
1377980899092499
1377980899092622
1377980899092629
1377980899099612
1377980899099620
1377980899099781
1377980899099786
1377980899099918
1377980899119196
1377980899119296
1377980899119442
1377980899119566
1377980899119573
1377980899119672
1377980899119701
1377980899119821
1377980899119827
1377980899120071
1377980899120079
1377980899120175
1377980899120204
1377980899120324
1377980899120330
1377980899120466
1377980899120474
1377980899120639
1377980899120646
1377980899120743
1377980899120749
1377980899121150
1377980899121159
1377980899121256
1377980899121262
1377980899122962
1377980899122970
1377980899123067
1377980899123096
1377980899123216
1377980899123220
1377980899123317
1377980899123321
1377980899126597
1377980899126606
1377980899126727
1377980899126731
1377980899126975
1377980899126983
1377980899127080
1377980899127105
1377980899127225
1377980899127231
1377980899127328
1377980899127334
1377980899127723
1377980899127731
1377980899127851
1377980899127859
1377980899128099
1377980899128106
1377980899128360
1377980899128367
1377980899128464
1377980899128471
1377980899128726
1377980899128733
1377980899128831
1377980899128837
1377980899129103
1377980899129111
1377980899129350
1377980899129357
1377980899129484
1377980899129491
1377980899129587
1377980899129594
1377980899129859
1377980899129866
1377980899129963
1377980899129994
1377980899130117
1377980899130124
1377980899130221
1377980899130227
1377980899130446
1377980899130452
1377980899130548
1377980899130576
1377980899130711
1377980899130719
1377980899130816
1377980899130839
1377980899130958
1377980899130966
1377980899131051
1377980899131075
1377980899131211
1377980899131218
1377980899131315
1377980899131345
1377980899131445
1377980899131462
1377980899131749
1377980899131757
1377980899131880
1377980899131887
1377980899132013
1377980899160150
1377980899160248
1377980899160349
1377980899160397
1377980899160451
1377980899160539
1377980899160557
1377980899160652
1377980899160659
1377980899160784
1377980899160791
1377980899161031
1377980899161038
1377980899161157
1377980899161164
1377980899161414
1377980899161422
1377980899161801
1377980899161809
1377980899162055
1377980899162062
1377980899162307
1377980899162314
1377980899162554
1377980899162562
1377980899162814
1377980899162822
1377980899162919
1377980899162926
1377980899163195
1377980899163203
1377980899163450
1377980899163457
1377980899163554
1377980899163561
1377980899163724
1377980899163731
1377980899163827
1377980899163846
1377980899163963
1377980899163970
1377980899164290
1377980899164296
1377980899164452
1377980899164460
1377980899164558
1377980899164565
1377980899164725
1377980899164733
1377980899164836
1377980899164840
1377980899165010
1377980899165014
1377980899165111
1377980899165141
1377980899165260
1377980899165264
1377980899165361
1377980899165403
1377980899165503
1377980899165506
1377980899165656
1377980899165662
1377980899166387
1377980899166394
1377980899166551
1377980899166555
1377980899188233
1377980899188241
1377980899191508
1377980899191515
1377980899191613
1377980899191643
1377980899191764
1377980899191771
1377980899191857
1377980899191880
1377980899192024
1377980899192031
1377980899192127
1377980899192151
1377980899192270
1377980899192277
1377980899192368
1377980899192399
1377980899192520
1377980899192527
1377980899192610
1377980899192646
1377980899192766
1377980899192773
1377980899192859
1377980899192891
1377980899192991
1377980899192998
1377980899193121
1377980899193128
1377980899193228
1377980899193244
1377980899193374
1377980899193382
1377980899193479
1377980899193508
1377980899193627
1377980899193635
1377980899193732
1377980899193756
1377980899193858
1377980899193873
1377980899228827
1377980899228843
1377980899229043
1377980899229051
1377980899229146
1377980899229153
1377980899232180
1377980899232188
1377980899232429
1377980899232437
1377980899235515
1377980899235523
1377980899235640
1377980899274026
1377980899274908
1377980899325253
1377980899368051
1377980899534085
1377980899538227
1377980899542331
1377980899644195
1377980899646399
1377980899648275
1377980899714003
1377980899714017
1377980899714120
1377980899714127
1377980899714253
1377980899714258
1377980899714386
1377980899714390
1377980899782831
1377980899782839
1377980899783002
1377980899783006
1377980899783245
1377980899783253
1377980899783350
1377980899783357
1377980899783616
1377980899783624
1377980899783721
1377980899783727
1377980899784002
1377980899784010
1377980899784111
1377980899784127
1377980899784277
1377980899784284
1377980899784379
1377980899784386
1377980899784853
1377980899784862
1377980899785006
1377980899785010
1377980899788202
1377980899828042
1377980899851957
1377980899851971
1377980899852218
1377980899852226
1377980899852495
1377980899852506
1377980899852667
1377980899852674
1377980899852769
1377980899852775
1377980899853220
1377980899853232
1377980899853849
1377980899853863
1377980899854099
1377980899854108
1377980899854203
1377980899854210
1377980899854465
1377980899854476
1377980899854724
1377980899854735
1377980899854832
1377980899854852
1377980899854987
1377980899854996
1377980899855092
1377980899855099
1377980899855195
1377980899855199
1377980899855356
1377980899855365
1377980899855461
1377980899855467
1377980899855600
1377980899855607
1377980899855703
1377980899855725
1377980899855855
1377980899855864
1377980899855963
1377980899855972
1377980899856067
1377980899856099
1377980899856218
1377980899856225
1377980899856321
1377980899856328
1377980899874499
1377980899906657
1377980899906669
1377980899906852
1377980899906859
1377980899906993
1377980899921039
1377980899921049
1377980899921236
1377980899921243
1377980899923171
1377980899923180
1377980899923426
1377980899923436
1377980899923675
1377980899923683
1377980899923754
1377980899923780
1377980899923788
1377980899924218
1377980899924229
1377980899924235
1377980899924442
1377980899924454
1377980899924551
1377980899924560
1377980899924809
1377980899924817
1377980899924938
1377980899924946
1377980899925311
1377980899925320
1377980899925567
1377980899925574
1377980899925672
1377980899925689
1377980899925815
1377980899925822
1377980899926064
1377980899926073
1377980899926699
1377980899926707
1377980899926804
1377980899926811
1377980899927067
1377980899927075
1377980899927171
1377980899927201
1377980899927318
1377980899927326
1377980899927447
1377980899927454
1377980899927572
1377980899927580
1377980899927676
1377980899927710
1377980899927829
1377980899927836
1377980899927932
1377980899927939
1377980899928122
1377980899928129
1377980899928225
1377980899928232
1377980899928309
1377980899928391
1377980899928399
1377980899928496
1377980899928516
1377980899928633
1377980899928641
1377980899928735
1377980899928759
1377980899928881
1377980899928888
1377980899928980
1377980899929007
1377980899929125
1377980899929133
1377980899932082
1377980899990078
1377980899990087
1377980899991406
1377980899991414
1377980899991542
1377980899991550
1377980899991645
1377980899991652
1377980899991748
1377980899991753
1377980899991915
1377980899991923
1377980899995557
1377980899995566
1377980899995811
1377980899995820
1377980899996066
1377980899996074
1377980899996169
1377980899996176
1377980899996434
1377980899996442
1377980899996540
1377980899996547
1377980899996949
1377980899996957
1377980899997053
1377980899997060
1377980899997216
1377980899997224
1377980899997321
1377980899997327
1377980899997850
1377980899997858
1377980899998101
1377980899998109
1377980899998205
1377980899998212
1377980899998419
1377980899998428
1377980899998586
1377980899998593
1377980899998919
1377980899998927
1377980899999080
1377980899999087
1377980899999184
1377980899999191
1377980899999359
1377980899999366
1377980899999462
1377980899999482
1377980899999600
1377980899999606
1377980899999702
1377980899999727
1377980899999844
1377980899999851
1377980899999955
1377980899999962
1377980900000116
1377980900001272
1377980900001438
1377980900001446
1377980900001576
1377980900150376
1377980900152074
1377980900166265
1377980900293324
1377980900404556
1377980900405416
1377980900566417
1377980900566433
1377980900566563
1377980900664655
1377980900665604
1377980900665720
1377980900716506
1377980900754576
1377980900775423
1377980900777729
1377980900926103
1377980900926125
1377980900926298
1377980900926310
1377980900926449
1377980900967896
1377980900967928
1377980900967988
1377980900968033
1377980900968267
1377980900968278
1377980900968358
1377980900968381
1377980900968620
1377980900968633
1377980900968728
1377980900968754
1377980900968892
1377980900968897
1377980900969249
1377980900969257
1377980900969420
1377980900969424
1377980901002667
1377980901003443
1377980901003548
1377980901005051
1377980901005152
1377980901005267
1377980901005444
1377980901008546
1377980901008648
1377980901008746
1377980901008882
1377980901050364
1377980901185181
1377980901211782
1377980901211793
1377980901212058
1377980901212067
1377980901212233
1377980901228779
1377980901230654
1377980901233006
1377980901247646
1377980901248231
1377980901248332
1377980901254372
1377980901261585
1377980901261622
1377980901271813
1377980901310522
1377980901489000
1377980901532065
1377980901564981
1377980901566329
1377980901569304
1377980901570454
1377980901570944
1377980901645594
1377980901646748
1377980901647484
1377980901647599
1377980901647903
1377980901686526
1377980901723872
1377980901723882
1377980901724072
1377980901724080
1377980901798125
1377980901799189
1377980901799287
1377980901836049
1377980901900194
1377980901912099
1377980901913049
1377980901943087
1377980901943099
1377980901943257
1377980901943263
1377980901943410
1377980902182919
1377980902183975
1377980902198269
1377980902198300
1377980902198866
1377980902423569
1377980902424011
1377980902426147
1377980902426160
1377980902426168
1377980902426348
1377980902426447
1377980902440989
1377980902441089
1377980902441550
1377980902441650
1377980902454212
1377980902454326
1377980902454408
1377980902454554
1377980902652092
1377980902652291
1377980902653104
1377980902690485
1377980902723449
1377980902771713
1377980902905432
1377980902906243
1377980903131347
1377980903135725
1377980903135984
1377980903388407
1377980903389238
1377980903408201
1377980903619605
1377980903621423
1377980903630500
1377980903630658
1377980903632783
1377980903632939
1377980903670445
1377980903702470
1377980903702490
1377980903707688
1377980903710555
1377980903753547
1377980903779079
1377980903859923
1377980903859976
1377980903860375
1377980903860391
1377980903860492
1377980903860534
1377980903860814
1377980903860823
1377980903860947
1377980903860954
1377980903861325
1377980903861337
1377980903861480
1377980903861595
1377980903861599
1377980903861734
1377980903886884
1377980903886908
1377980903887106
1377980903887115
1377980903887253
1377980903888817
1377980903892673
1377980903901782
1377980903901805
1377980903901968
1377980903901975
1377980903902109
1377980903924091
1377980903924112
1377980903924287
1377980903924295
1377980903924434
1377980904009218
1377980904010969
1377980904050443
1377980904092103
1377980904105631
1377980904131906
1377980904170914
1377980904176869
1377980904267629
1377980904267653
1377980904267862
1377980904267871
1377980904268006
1377980904288413
1377980904289696
1377980904326396
1377980904333274
1377980904520360
1377980904521129
1377980904523244
1377980904523256
1377980904539874
1377980904578404
1377980904581474
1377980904583233
1377980904583258
1377980904583366
1377980904583375
1377980904583646
1377980904583657
1377980904586351
1377980904588332
1377980904588491
1377980904754186
1377980904793658
1377980904807339
1377980904807826
1377980904812039
1377980904814513
1377980904825143
1377980904828070
1377980904828092
1377980904828099
1377980904828260
1377980904828433
1377980904829397
1377980904831167
1377980904831321
1377980904834941
1377980904843161
1377980904843307
1377980904844535
1377980904856727
1377980904856757
1377980904913144
1377980904983009
1377980904983034
1377980904983248
1377980904983257
1377980904983354
1377980904983358
1377980904983491
1377980904983495
1377980904983597
1377980904983601
1377980904984048
1377980904984325
1377980904984338
1377980905056526
1377980905057411
1377980905057557
1377980905059686
1377980905059720
1377980905060662
1377980905060778
1377980905063851
1377980905063973
1377980905063987
1377980905064178
1377980905064184
1377980905064341
1377980905064345
1377980905064445
1377980905064463
1377980905064584
1377980905064589
1377980905064819
1377980905064828
1377980905064926
1377980905064932
1377980905065069
1377980905065236
1377980905081652
1377980905081773
1377980905082335
1377980905097862
1377980905097882
1377980905114169
1377980905114275
1377980905114302
1377980905114435
1377980905114493
1377980905114639
1377980905114645
1377980905230800
1377980905244656
1377980905244992
1377980905245219
1377980905250404
1377980905290378
1377980905291038
1377980905295019
1377980905295165
1377980905295306
1377980905295404
1377980905295556
1377980905295680
1377980905295688
1377980905295784
1377980905295790
1377980905296114
1377980905296122
1377980905296325
1377980905296333
1377980905491334
1377980905517592
1377980905519033
1377980905743980
1377980905745443
1377980905745560
1377980905745666
1377980905827900
1377980905866354
1377980905972295
1377980906042853
1377980906067005
1377980906067040
1377980906269794
1377980906270443
1377980906310303
1377980906561202
1377980906561236
1377980906561459
1377980906561470
1377980906561606
1377980906786651
1377980906790917
1377980907019373
1377980907020532
1377980907247325
1377980907248269
1377980909856574
1377980911066871
1377980913710768
1377980913903546
1377980913905807
1377980913906810
1377980914088436
1377980914120361
1377980915009397
1377980915092517
1377980915092531
1377980915092711
1377980915092723
1377980915092865
1377980915317783
1377980915321867
1377980915549997
1377980915732859
1377980915959750
1377980915960719
1377980915960835
1377980918701629
1377980918778616
1377980919981921
1377980922060878
1377980922061185
1377980922061442
1377980922061699
1377980922061933
1377980922062522
1377980922062982
1377980922063230
1377980922063467
1377980922063689
1377980922063980
1377980922064214
1377980981751007
