1377974221911972
1377974221934811
1377974221935188
1377974221973604
1377974221973779
1377974221973996
1377974221974105
1377974221996890
1377974221997145
1377974221997239
1377974221997381
1377974221997486
1377974221997693
1377974221997839
1377974221997966
1377974222102836
1377974222106905
1377974222126713
1377974222126885
1377974222130271
1377974222131096
1377974222168219
1377974222168275
1377974222168307
1377974222168450
1377974222168625
1377974222191924
1377974222192091
1377974222197514
1377974222217223
1377974222217278
1377974222217380
1377974222217609
1377974222217706
1377974222221588
1377974222221688
1377974222221945
1377974222222052
1377974222222438
1377974222222551
1377974222222659
1377974222223041
1377974222223191
1377974222223308
1377974222228742
1377974222236073
1377974222236281
1377974222236391
1377974222240615
1377974222241265
1377974222246054
1377974222246154
1377974222246413
1377974222246521
1377974222246899
1377974222247015
1377974222247139
1377974222247508
1377974222247618
1377974222247732
1377974222247879
1377974222247996
1377974222248195
1377974222248314
1377974222249241
1377974222265604
1377974222265748
1377974222265964
1377974222266072
1377974222269896
1377974222269999
1377974222270241
1377974222270349
1377974222270612
1377974222270731
1377974222270836
1377974222271097
1377974222271206
1377974222271336
1377974222271767
1377974222289287
1377974222289518
1377974222289756
1377974222289864
1377974222290131
1377974222290246
1377974222290392
1377974222290658
1377974222290825
1377974222290932
1377974222313304
1377974222313500
1377974222313613
1377974222314233
1377974222314352
1377974222314697
1377974222314832
1377974222314941
1377974222315074
1377974222315333
1377974222315473
1377974222315580
1377974222422541
1377974222439908
1377974222440347
1377974222457811
1377974222494769
1377974222519215
1377974222527246
1377974222546612
1377974222546841
1377974222547082
1377974222547191
1377974222547453
1377974222547557
1377974222547718
1377974222548078
1377974222548241
1377974222548346
1377974222566433
1377974222566569
1377974222566702
1377974222567558
1377974311222227
1377974311222275
1377974311239678
1377974311240686
1377974311245492
1377974311245789
