1380291481164839
1380291481169813
1380291481173422
1380291481173474
1380291481173619
1380291481173748
1380291481173998
1380291481174123
1380291481177610
1380291481177791
1380291481178013
1380291481178135
1380291481178260
1380291481178397
1380291481178805
1380291481178906
1380291481179045
1380291481179163
1380291481179706
1380291481179863
1380291481182696
1380291481183706
1380291481183836
1380291481183949
1380291481184052
1380291481184173
1380291481184285
1380291481184450
1380291481184569
1380291481186176
1380291481186291
1380291481186391
1380291481186528
1380291481186623
1380291481239212
1380291481251461
1380291481251801
1380291481262177
1380291481262362
1380291481262517
1380291481262648
1380291481273029
1380291481273161
1380291481273403
1380291481274965
1380291481283928
1380291481285487
1380291481285751
1380291481285969
1380291481295742
1380291481295911
1380291481296206
1380291481296416
1380291481296820
1380291481296964
1380291481297114
1380291481297359
1380291481297591
1380291481297939
1380291481306689
1380291481306954
1380291481307275
1380291481307661
1380291481307993
1380291481308142
1380291481308392
1380291481308578
1380291481308806
1380291481308918
1380291481309412
1380291481309500
1380291481309691
1380291481309848
1380291481310650
1380291481310929
1380291481310955
1380291481317825
1380291481317969
1380291481318420
1380291481318841
1380291481319765
1380291481319994
1380291481320314
1380291481320414
1380291481320528
1380291481320970
1380291481321104
1380291481321620
1380291481321757
1380291481321957
1380291481322079
1380291481322212
1380291481322340
1380291481322501
1380291481322596
1380291481324263
1380291481324369
1380291481324522
1380291481324733
1380291481332932
1380291481333028
1380291481333247
1380291481333450
1380291481333609
1380291481333734
1380291481334255
1380291481334407
1380291481334638
1380291481335518
1380291481335621
1380291481335751
1380291481335869
1380291481336003
1380291481336314
1380291481336440
1380291481337273
1380291481338138
1380291481338250
1380291481345915
1380291481345919
1380291481345995
1380291481346049
1380291481347639
1380291481348003
1380291481348285
1380291481348533
1380291481348649
1380291481348930
1380291481349176
1380291481349416
1380291481352498
1380291481359466
1380291481359618
1380291481359778
1380291481375717
1380291481375823
1380291481378095
1380291481385572
1380291481393988
1380291481471851
1380291481578675
1380291481578831
1380291481578858
1380291481578884
1380291481578936
1380291481579009
1380291481579093
1380291481579134
1380291481579176
1380291481591892
1380291481591945
1380291481592056
1380291481592237
1380291481592359
1380291481595259
1380291481595312
1380291481595580
1380291481595637
1380291481595870
1380291481596183
1380291481596672
1380291481596848
1380291481603061
1380291481603132
1380291481603296
1380291481603394
1380291481606291
1380291481606908
1380291481607202
1380291481607832
1380291481608581
1380291481608667
1380291481613956
1380291481614180
1380291481620177
1380291481620392
1380291481620626
1380291481679695
1380291481743959
1380291481744234
1380291481744357
1380291481744766
1380291481796994
1380291481821799
1380291481821991
1380291481822195
1380291481822306
1380291481829885
1380291481876338
1380291481894760
1380291481937700
1380291481937829
1380291481937839
1380291481937850
1380291481937987
1380291481938003
1380291481938018
1380291481938036
1380291481938053
1380291481938070
1380291481939865
1380291481941391
1380291481942065
1380291481942611
1380291481950200
1380291481950561
1380291481950818
1380291481951074
1380291481951615
1380291481951731
1380291481952094
1380291481952646
1380291481952825
1380291481952928
1380291481953073
1380291481953176
1380291481953287
1380291481962061
1380291481962235
1380291481962891
1380291481963288
1380291481963490
1380291481963572
1380291481963665
1380291481963885
1380291481964136
1380291481964572
1380291481965215
1380291481965494
1380291481965550
1380291481965779
1380291481966012
1380291481966066
1380291481966250
1380291481966336
1380291481966550
1380291481966607
1380291481966667
1380291481968028
1380291481972847
1380291481973130
1380291481974048
1380291481974270
1380291481974365
1380291481977904
1380291481978057
1380291481978269
1380291481978489
1380291481978568
1380291482030340
1380291482030461
1380291482030542
1380291482030644
1380291482030768
1380291482030893
1380291482031017
1380291482031120
1380291482036323
1380291482040462
1380291482040623
1380291482040674
1380291482040723
1380291482040772
1380291482040821
1380291482053018
1380291482053311
1380291482053638
1380291482053651
1380291482053876
1380291482053975
1380291482054089
1380291482054525
1380291482054603
1380291482054942
1380291482055001
1380291482055183
1380291482055585
1380291482055667
1380291482055694
1380291482055829
1380291482056417
1380291482056468
1380291482056575
1380291482056595
1380291482057126
1380291482057191
1380291482057345
1380291482057456
1380291482057602
1380291482057750
1380291482057940
1380291482057997
1380291482058207
1380291482058268
1380291482058434
1380291482058745
1380291482058758
1380291482059066
1380291482059176
1380291482059320
1380291482059387
1380291482064245
1380291482064429
1380291482064804
1380291482065230
1380291482065559
1380291482065669
1380291482066874
1380291482066933
1380291482067154
1380291482067278
1380291482067769
1380291482067936
1380291482068304
1380291482068474
1380291482068556
1380291482068659
1380291482068985
1380291482069217
1380291482069350
1380291482069516
1380291482070004
1380291482070147
1380291482070411
1380291482070766
1380291482071011
1380291482071136
1380291482071269
1380291482071517
1380291482071626
1380291482071885
1380291482072006
1380291482072142
1380291482072283
1380291482072375
1380291482072498
1380291482072637
1380291482072740
1380291482073023
1380291482073155
1380291482073252
1380291482073411
1380291482073548
1380291482075525
1380291482075660
1380291482076129
1380291482076267
1380291482076343
1380291482076545
1380291482076771
1380291482078286
1380291482078417
1380291482078487
1380291482078600
1380291482078759
1380291482078876
1380291482078987
1380291482079773
1380291482080017
1380291482080169
1380291482080292
1380291482080407
1380291482080617
1380291482080743
1380291482080912
1380291482081463
1380291482085254
1380291482085339
1380291482085466
1380291482085573
1380291482085684
1380291482086318
1380291482086444
1380291482086551
1380291482086696
1380291482086812
1380291482086940
1380291482087075
1380291482087174
1380291482087301
1380291482087421
1380291482087567
1380291482087681
1380291482087797
1380291482087916
1380291482088039
1380291482088175
1380291482088298
1380291482088408
1380291482088545
1380291482088656
1380291482088798
1380291482088916
1380291482089039
1380291482089147
1380291482089278
1380291482090928
1380291482091063
1380291482091197
1380291482091973
1380291482092148
1380291482094138
1380291482094795
1380291482095540
1380291482096639
1380291482096652
1380291482097238
1380291482099125
1380291482099293
1380291482099923
1380291482100145
1380291482100260
1380291482100523
1380291482100656
1380291482102330
1380291482102557
1380291482102658
1380291482102954
1380291482103436
1380291482103525
1380291482103781
1380291482104032
1380291482104148
1380291482104276
1380291482104396
1380291482104517
1380291482104637
1380291482104767
1380291482104908
1380291482105017
1380291482105126
1380291482105262
1380291482105378
1380291482105500
1380291482105634
1380291482105757
1380291482105870
1380291482106027
1380291482106137
1380291482106263
1380291482106502
1380291482106631
1380291482106745
1380291482106884
1380291482106990
1380291482107148
1380291482107263
1380291482107384
1380291482107505
1380291482107667
1380291482108315
1380291482108471
1380291482108586
1380291482118045
1380291482118158
1380291482118376
1380291482118642
1380291482118706
1380291482118806
1380291482118992
1380291482119144
1380291482119257
1380291482119760
1380291482119879
1380291482120126
1380291482120262
1380291482120645
1380291482120761
1380291482120901
1380291482121128
1380291482121260
1380291482121377
1380291482121505
1380291482121623
1380291482122023
1380291482122142
1380291482122272
1380291482122517
1380291482122652
1380291482122767
1380291482122895
1380291482123013
1380291482123168
1380291482123406
1380291482123570
1380291482123680
1380291482142558
1380291482142564
1380291482143143
1380291482144528
1380291482151227
1380291482151274
1380291482161605
1380291482161838
1380291482161964
1380291482162466
1380291482173108
1380291482173159
1380291482173399
1380291482173513
1380291482173799
1380291482173882
1380291482174007
1380291482174395
1380291482174559
1380291482174659
1380291482174817
1380291482175250
1380291482186002
1380291482186051
1380291482186173
1380291482212286
1380291482212296
1380291482212340
1380291482212389
1380291482212443
1380291482212619
1380291482213252
1380291482213418
1380291482213637
1380291482213784
1380291482214092
1380291482214278
1380291482214528
1380291482214681
1380291482214820
1380291482214932
1380291482215172
1380291482215297
1380291482215418
1380291482215578
1380291482215695
1380291482220605
1380291482220667
1380291482220872
1380291482221001
1380291482221285
1380291482221430
1380291482221628
1380291482221775
1380291482221883
1380291482222249
1380291482222386
1380291482222546
1380291482222636
1380291482222762
1380291482225305
1380291482225556
1380291482225794
1380291482226034
1380291482226157
1380291482226400
1380291482226537
1380291482226807
1380291482226922
1380291482227025
1380291482227147
1380291482227406
1380291482227538
1380291482227669
1380291482227808
1380291482232646
1380291482232761
1380291482232874
1380291482233119
1380291482233237
1380291482233483
1380291482233622
1380291482233903
1380291482234025
1380291482234344
1380291482234642
1380291482234822
1380291482250062
1380291482250181
1380291482286418
1380291482500400
1380291482525391
1380291482525486
1380291482541797
1380291482580300
1380291482580869
1380291482616931
1380291482617394
1380291482658304
