1379414832272257
1379414833118783
1379414833118845
1379414833118935
1379414833193496
1379414833194595
1379414833194694
1379414833237788
1379414833266837
1379414833267169
1379414833314372
1379414833340737
1379414833341395
1379414833345951
1379414833346027
1379414833417875
1379414833419693
1379414833420405
1379414833534948
1379414833585233
1379414833617723
1379414833617806
1379414833618086
1379414833618556
1379414833654225
1379414833654355
1379414833654409
1379414833654648
1379414833654978
1379414833676449
1379414833681391
1379414833681464
1379414833692595
1379414833692996
1379414833693385
1379414833698382
1379414833698463
1379414833698715
1379414833727749
1379414833731516
1379414833731794
1379414833731888
1379414833731985
1379414833732467
1379414833732535
1379414833732790
1379414833733177
1379414833733424
1379414833733702
1379414833733791
1379414833733981
1379414833734338
1379414833734442
1379414833734765
1379414833734846
1379414833735076
1379414833735159
1379414833735225
1379414833735470
1379414833736009
1379414833773158
1379414833773240
1379414833773475
1379414833775908
1379414833775979
1379414833807604
1379414833807675
1379414833807869
1379414833808365
1379414833808777
1379414833809867
1379414833810072
1379414833810320
1379414833810621
1379414833810791
1379414833811194
1379414833811247
1379414833811842
1379414833812065
1379414833850894
1379414833851209
1379414833856030
1379414833856159
1379414833856252
1379414833856792
1379414833863515
1379414833863579
1379414833882357
1379414833882463
1379414833882926
1379414833883388
1379414833885468
1379414833885698
1379414833885911
1379414833886014
1379414833886297
1379414833886617
1379414833887080
1379414833887154
1379414833887389
1379414833887671
1379414833887904
1379414833887979
1379414833888658
1379414833928037
1379414833928397
1379414833931061
1379414833931088
1379414833931148
1379414833944207
1379414833956591
1379414833957510
1379414833958922
1379414833960040
1379414833960311
1379414833960738
1379414833961044
1379414833961081
1379414833961626
1379414833961711
1379414833962022
1379414833962081
1379414833962186
1379414833962592
1379414833962694
1379414833962920
1379414833963348
1379414833963586
1379414833963690
1379414833963886
1379414833963944
1379414833964060
1379414833964122
1379414833964475
1379414833964562
1379414833964832
1379414833980002
1379414833980456
1379414834005183
1379414834029167
1379414834034103
1379414834034450
1379414834034523
1379414834035260
1379414834035647
1379414834035836
1379414834036093
1379414834036321
1379414834037592
1379414834037948
1379414834038211
1379414834038558
1379414834038840
1379414834039025
1379414834040284
1379414834040801
1379414834041169
1379414834041485
1379414834041566
1379414834041754
1379414834041949
1379414834042192
1379414834042387
1379414834042628
1379414834043042
1379414834043232
1379414834043524
1379414834043855
1379414834044040
1379414834044282
1379414834044561
1379414834055846
1379414834098633
1379414834108747
1379414834108879
1379414834109071
1379414834109300
1379414834109479
1379414834109636
1379414834110240
1379414834113060
1379414834115238
1379414834115484
1379414834115726
1379414834115997
1379414834116413
1379414834116606
1379414834117159
1379414834117300
1379414834117449
1379414834117650
1379414834117839
1379414834157721
1379414834159737
1379414834163884
1379414834184913
1379414834185098
1379414834190057
1379414834190293
1379414834190369
1379414834234110
1379414834234297
1379414834234731
1379414834234867
1379414834259705
1379414834259933
1379414834260275
1379414834260410
1379414834266871
1379414834267054
1379414834302461
1379414834309838
1379414834335651
1379414834335671
1379414834374673
1379414834374690
1379414834446513
1379414834458576
1379414834466159
1379414834542132
1379414834542662
1379414834542775
1379414834654335
