1379931164892722
1379931165253506
1379931165253655
1379931165253929
1379931165258300
1379931165258388
1379931165258627
1379931165258711
1379931165258904
1379931165258984
1379931165259254
1379931165259447
1379931165259578
1379931166184513
1379931166190268
1379931166190384
1379931166190463
1379931166194568
1379931166194681
1379931166194927
1379931166195034
1379931166195418
1379931166195527
1379931166195744
1379931166196787
1379931166196889
1379931166201603
1379931166201723
1379931166201855
1379931166201946
1379931166202328
1379931166202412
1379931166205481
1379931166205666
1379931166205776
1379931166206409
1379931166215581
1379931166215761
1379931166215786
1379931166253750
1379931166258949
1379931166264544
1379931166268439
1379931166274509
1379931166281599
1379931166281915
1379931166287427
1379931166291339
1379931166296009
1379931166299286
1379931166299531
1379931166299648
1379931166299864
1379931166300028
1379931166337721
1379931166344217
1379931166386389
1379931166423376
1379931166423632
1379931166432293
1379931166432339
1379931166432399
1379931166432458
1379931166432522
1379931166432575
1379931166432628
1379931166438904
1379931166439233
1379931166439605
1379931166439720
1379931166439809
1379931166440295
1379931166440393
1379931166440734
1379931166441111
1379931166441904
1379931166441990
1379931166442098
1379931166442203
1379931166442544
1379931166442564
1379931166442696
1379931166443023
1379931166443701
1379931166443890
1379931166445457
1379931166447430
1379931166447706
1379931166447784
1379931166448987
1379931166449109
1379931166449200
1379931166449322
1379931166449445
1379931166450003
1379931166450294
1379931166450792
1379931166451046
1379931166451345
1379931166451497
1379931166452129
1379931166452357
1379931166454220
1379931166454383
1379931166454711
1379931166454927
1379931166455197
1379931166455375
1379931166455650
1379931166455941
1379931166456091
1379931166456307
1379931166493497
1379931167338029
1379931167343071
1379931169341195
1379931169365186
1379931169772900
1379931169779561
1379931169779658
1379931169779743
1379931169796359
1379931169842291
1379931170111742
1379931170148020
1379931170148580
1379931171211339
1379931171213425
