1379830278229551
1379830279268469
1379830279372988
1379830279373222
1379830279373288
1379830279472172
1379830279633652
1379830279661493
1379830279661548
1379830279685499
1379830279791508
1379830279792486
1379830279897404
1379830279897778
1379830279898223
1379830279936243
1379830292887726
1379830292887815
1379830292887889
1379830292920211
1379830292920287
1379830292920515
1379830292920585
1379830292920669
1379830292920978
1379830292953025
1379830292953195
1379830292953358
1379830292953437
1379830292953626
1379830292953677
1379830292996269
1379830292996700
1379830293038536
1379830293038605
1379830293038792
1379830293067854
1379830293070880
1379830293071039
1379830293071268
1379830293086622
1379830293108247
1379830293108402
1379830293108535
1379830293139573
1379830293152792
1379830293152900
1379830293192459
1379830293238100
1379830293238165
1379830293263644
1379830293312213
1379830293312276
1379830293352876
1379830293386214
1379830293418513
1379830293418661
1379830293418716
1379830293418951
1379830293419004
1379830293419054
1379830293419119
1379830293452996
1379830293454122
1379830293454639
1379830293454743
1379830293455128
1379830293456415
1379830293456525
1379830293456643
1379830293456758
1379830293463844
1379830293464000
1379830293466380
1379830293466457
1379830293467825
1379830293472719
1379830293487350
1379830293487533
1379830293487762
1379830293488211
1379830293488233
1379830293488735
1379830293520219
1379830293520319
1379830293520392
1379830293520537
1379830293520632
1379830293520952
1379830293521389
1379830293522558
1379830293522915
1379830293522989
1379830293553124
1379830293553254
1379830293553535
1379830293553608
1379830293553938
1379830293554008
1379830293554498
1379830293554808
1379830293555026
1379830293555118
1379830293556060
1379830293556135
1379830293556338
1379830293556414
1379830293556698
1379830293556869
1379830293557241
1379830293557318
1379830293586854
1379830293587376
1379830293587466
1379830293587812
1379830293588095
1379830293588160
1379830293588591
1379830293588659
1379830293588749
1379830293589108
1379830293589360
1379830293589651
1379830293589683
1379830293590111
1379830293590196
1379830293590681
1379830293590748
1379830293591852
1379830293592187
1379830293592274
1379830293592675
1379830293618627
1379830293618680
1379830293624936
1379830293625216
1379830293625332
1379830293625547
