1379276007701703
1379276007864746
1379276007864816
1379276007864895
1379276007920735
1379276007925504
1379276007926338
1379276007926786
1379276007930618
1379276007933591
1379276007933680
1379276007933937
1379276007934121
1379276007934546
1379276007934835
1379276007935353
1379276007936393
1379276007936668
1379276007938637
1379276007938894
1379276007938956
1379276007939253
1379276007939486
1379276007939739
1379276007940291
1379276007940366
1379276007940633
1379276007940898
1379276007941122
1379276007941359
1379276007941559
1379276007941751
1379276007941830
1379276007942166
1379276007942225
1379276007942587
1379276007942666
1379276007942771
1379276007942855
1379276007943300
1379276007943355
1379276007943444
1379276007943839
1379276007944089
1379276007944268
1379276007944453
1379276007944702
1379276007944886
1379276007945086
1379276007945367
1379276007945896
1379276007946080
1379276007952186
1379276007952562
1379276007955155
1379276007955308
1379276007955550
1379276007955624
1379276007955867
1379276007955932
1379276007956131
1379276007956197
1379276007956423
1379276008040527
1379276008040776
1379276008040869
1379276008040940
1379276008041032
1379276008041325
1379276008041396
1379276008041594
1379276008049953
1379276008063389
1379276008063999
1379276008064122
1379276008102795
1379276008107872
1379276008108616
1379276008108965
1379276008112146
1379276008112837
1379276008113035
1379276008113130
1379276008113511
1379276008113587
1379276008113681
1379276008113911
1379276008114269
1379276008114476
1379276008114516
1379276008122733
1379276008209024
1379276008613895
1379276008714876
1379276008714948
1379276008715166
1379276008814366
1379276008946823
1379276008959553
1379276008959612
1379276008979224
1379276009080390
1379276009081394
1379276009181071
1379276009181407
1379276009219596
