1379861512818837
1379861513110006
1379861513110097
1379861513110348
1379861513110424
1379861513200263
1379861513200464
1379861513200696
1379861513200776
1379861513201122
1379861513201183
1379861513201475
1379861513201553
1379861513201804
1379861513201860
1379861513246920
1379861513291164
1379861513291293
1379861513332622
1379861513372010
1379861513460219
1379861513460285
1379861513460401
1379861513460507
1379861513501653
1379861513543284
1379861513583628
1379861513594332
1379861513667687
1379861513690041
1379861513729940
1379861513753848
1379861513754071
1379861513783061
1379861513865049
1379861513877433
1379861513877591
1379861513877836
1379861513877922
1379861513948096
1379861513948201
1379861513948313
1379861513948390
1379861513952550
1379861513970118
1379861513981428
1379861513982816
1379861513983021
1379861513983168
1379861513983232
1379861513983316
1379861514001098
1379861514037946
1379861514040494
1379861514040662
1379861514040957
1379861514041065
1379861514068684
1379861514068831
1379861514069017
1379861514075495
1379861514075584
1379861514077567
1379861514077866
1379861514077959
1379861514087179
1379861514105592
1379861514127928
1379861514128016
1379861514128263
1379861514128317
1379861514128350
1379861514174168
1379861514174254
1379861514174481
1379861514174561
1379861514191085
1379861514259248
1379861514276811
1379861514276993
1379861514277246
1379861514318478
1379861514360757
1379861514398096
1379861514411994
1379861514412112
1379861514412413
1379861514418059
1379861514501319
1379861514502384
1379861514542032
1379861514542200
1379861514553749
1379861514562340
1379861514595708
1379861514595830
1379861514595990
1379861514596275
1379861514651275
1379861514685349
1379861514685554
1379861514686091
1379861514686585
1379861514686887
1379861514687360
1379861514687483
1379861514687588
1379861514688037
1379861514750443
1379861514750548
1379861514750665
1379861514775241
1379861514775360
1379861514775428
1379861514775937
1379861514776361
1379861514777314
1379861514778055
1379861514778181
1379861514778301
1379861514778412
1379861514778533
1379861514778626
1379861514778978
1379861514779089
1379861514779196
1379861514779302
1379861514779397
1379861514779750
1379861514817773
1379861514864744
1379861514864833
1379861514865065
1379861514865151
1379861514865756
1379861514866019
1379861514867532
1379861514869599
1379861514869809
1379861514901775
1379861514910054
1379861515017612
1379861515017713
1379861515017822
1379861515048280
1379861515064637
1379861515064667
1379861515064822
1379861515064932
1379861515064994
1379861515065095
1379861515065174
1379861515065251
1379861515080018
1379861515080052
1379861515083220
1379861515087937
1379861515112044
1379861515149754
1379861515150015
1379861515151789
1379861515151919
1379861515151999
1379861515152327
1379861515153627
1379861515154009
1379861515154263
1379861515154374
1379861515154464
1379861515154587
1379861515154710
1379861515155197
1379861515155403
1379861515155589
1379861515156079
1379861515156448
1379861515156583
1379861515160689
1379861515160759
1379861515161015
1379861515179173
1379861515179246
1379861515179316
1379861515237904
1379861515238187
1379861515238297
1379861515240520
1379861515240625
1379861515240712
1379861515240810
1379861515243579
1379861515243701
1379861515243814
1379861515243870
1379861515244006
1379861515245632
1379861515245708
1379861515245898
1379861515247083
1379861515247371
1379861515247516
1379861515247781
1379861515247905
1379861515255039
1379861515255088
1379861515255489
1379861515255580
1379861515278632
1379861515309440
1379861515323304
1379861515323405
1379861515323478
1379861515323571
1379861515323881
1379861515324034
1379861515329847
1379861515330004
1379861515330080
1379861515330175
1379861515333234
1379861515333412
1379861515333532
1379861515333640
1379861515333776
1379861515333795
1379861515337957
1379861515338068
1379861515338184
1379861515338245
1379861515338334
1379861515350989
1379861515351078
1379861515351292
1379861515351368
1379861515360370
1379861515409913
1379861515410078
1379861515410397
1379861515410521
1379861515414065
1379861515414204
1379861515414330
1379861515414549
1379861515417392
1379861515417477
1379861515417930
1379861515418044
1379861515422760
1379861515422907
1379861515423281
1379861515428190
1379861515428532
1379861515428657
1379861515446727
1379861515446823
1379861515446893
1379861515447131
1379861515487991
1379861515489065
1379861515496179
1379861515496473
1379861515496547
1379861515496723
1379861515500362
1379861515500467
1379861515500630
1379861515501007
1379861515503816
1379861515503964
1379861515504112
1379861515504212
1379861515504310
1379861515504539
1379861515511625
1379861515511732
1379861515511822
1379861515512276
1379861515512403
1379861515518794
1379861515518931
1379861515519186
1379861515542134
1379861515542370
1379861515582414
1379861515582505
1379861515582927
1379861515583015
1379861515583123
1379861515584578
1379861515584679
1379861515584931
1379861515585032
1379861515585132
1379861515589628
1379861515590058
1379861515590694
1379861515591408
1379861515591528
1379861515591651
1379861515592092
1379861515592157
1379861515593778
1379861515599854
1379861515600096
1379861515608729
1379861515608848
1379861515640303
1379861515640404
1379861515640535
1379861515668979
1379861515669113
1379861515669366
1379861515669573
