1380426169360350
1380426169449268
1380426169449379
1380426169535654
1380426169535743
1380426169701781
1380426169701959
1380426169789789
1380426169791655
1380426169792005
1380426169792112
1380426169821238
1380426169877940
1380426169878014
1380426169878474
1380426169878792
1380426169878913
1380426169879155
1380426169921159
1380426169973380
1380426169973607
1380426169973641
1380426170008721
1380426170015409
1380426170103223
1380426170103363
1380426170103434
1380426170103662
1380426170103752
1380426170103988
1380426170104137
1380426170104551
1380426170104753
1380426170105207
1380426170105340
1380426170105455
1380426170105617
1380426170105742
1380426170190409
1380426170190604
1380426170190813
1380426170190996
1380426170191837
1380426170192076
1380426170192290
1380426170192484
1380426170192593
1380426170192663
1380426170193036
1380426170193274
1380426170193522
1380426170193730
1380426170193895
1380426170194121
1380426170194382
1380426170194696
1380426170194871
1380426170235637
1380426170279895
1380426170280353
1380426170280682
1380426170280947
1380426170281138
1380426170281710
1380426170281900
1380426170282087
1380426170282214
1380426172262448
1380426172384707
1380426172384797
1380426172499507
1380426173427805
1380426173451862
1380426173616967
1380426173732866
1380426173811432
1380426173927569
1380426173927655
1380426173928059
1380426173931873
1380426173933949
