1378203153712184
1378203153712302
1378203153712329
1378203153933384
1378203154458008
1378203154458143
1378203154458166
1378203154458307
1378203154534816
1378203156000148
1378203156253141
1378203156253610
1378203156524656
1378203156524816
1378203156524829
1378203156584733
1378203156588700
1378203156589110
1378203156597221
1378203156771984
1378203156772082
1378203156772132
1378203156772225
1378203156772247
1378203156772356
1378203157011693
1378203157011858
1378203157011869
1378203157012005
1378203157012123
1378203157012364
1378203157012472
1378203157085721
1378203157251018
1378203157251093
1378203157251149
1378203157251356
1378203157251470
1378203157251498
1378203157251604
1378203157251624
1378203157251731
1378203157252134
1378203157252302
1378203157252443
1378203157252817
1378203157253001
1378203157253156
1378203157253290
1378203157253440
1378203157496053
1378203157496135
1378203157496259
1378203157496422
1378203157496527
1378203157496552
1378203157496659
1378203157496913
1378203157497295
1378203157497402
1378203157497663
1378203157497917
1378203157498172
1378203157498286
1378203157498399
1378203157498549
1378203157498658
1378203157498805
1378203157498913
1378203157499049
1378203157499344
1378203157499456
1378203157499593
1378203157499601
1378203157499733
1378203157570818
1378203157572008
1378203157579336
1378203157583447
1378203157583822
1378203157589771
1378203157592968
1378203157593077
1378203157593108
1378203157593219
1378203157596784
1378203157723622
1378203157723797
1378203157723811
1378203158099494
1378203158099589
1378203158099641
1378203158099867
1378203158115941
1378203158231929
1378203158232136
1378203158232284
1378203158685971
1378203158686569
1378203159281345
1378203159288139
1378203159522878
1378203159523381
1378203159758989
1378203159993156
1378203160005205
1378203160010269
1378203160010678
1378203160014614
1378203160015335
1378203160021280
1378203160021303
1378203160025626
1378203160026442
1378203160031934
1378203160031962
1378203160032319
1378203160032495
1378203160032750
1378203160032929
1378203160036335
1378203160037143
1378203160037323
1378203160037493
1378203160037629
1378203160037713
1378203160037847
1378203160042865
1378203160044089
1378203160049719
1378203160049742
1378203160049883
1378203160087521
1378203160088332
1378203160093929
1378203160093970
1378203160097913
1378203160098424
1378203160104082
1378203160126710
1378203160131524
1378203160138311
1378203160143807
1378203160143859
1378203160144012
1378203160146842
1378203160149664
1378203160149705
1378203160149776
1378203160149866
1378203160150101
1378203160150182
1378203160150211
1378203160150477
1378203160151847
1378203160153164
1378203160153190
1378203160153279
1378203160153300
1378203160153523
1378203160153581
1378203160153637
1378203160153787
1378203160153903
1378203160153920
1378203160154024
1378203160154046
1378203160156013
1378203160156268
1378203160156517
1378203160156632
1378203160156887
1378203160156998
1378203160157405
1378203160157521
1378203160157779
1378203160157890
1378203160158294
1378203160158548
1378203160158660
1378203160158929
1378203160159045
1378203160159066
1378203160159172
1378203160159311
1378203160159817
1378203160160007
1378203160160115
1378203160160265
1378203160160374
1378203160160511
1378203160160624
1378203160160830
1378203160160940
1378203160161718
1378203160161861
1378203160161981
1378203160162108
1378203160162371
1378203160162624
1378203160162734
1378203160162975
1378203160163083
1378203160163266
1378203160163403
1378203160163708
1378203160163847
1378203160163986
1378203160164095
1378203160164262
1378203160164351
1378203160164378
1378203160164498
1378203160164606
1378203160164760
1378203160164811
1378203160164897
1378203160164921
1378203160165029
1378203160165925
1378203160166044
1378203160166189
1378203160166311
1378203160166471
1378203160166583
1378203160166603
1378203160166729
1378203160168654
1378203160168764
1378203160168885
1378203160168976
1378203160168995
1378203160169256
1378203160169366
1378203160169521
1378203160169650
1378203163914916
1378203163917560
1378203163917579
1378203163923931
1378203163923958
1378203163924434
1378203163924801
1378203163925046
1378203163925580
1378203163925697
1378203163925719
1378203163925869
1378203163927152
1378203163927323
1378203163927434
1378203163927599
1378203163927712
1378203163927841
1378203163927849
1378203163929263
1378203163930200
1378203163930650
1378203163930671
1378203163931695
1378203163931810
1378203163931823
1378203163932399
1378203163932512
1378203163932571
1378203163932677
1378203163933164
1378203163935080
1378203163936046
1378203163936269
1378203163936417
1378203163936641
1378203163936654
1378203163936730
1378203163936765
1378203163940452
1378203163940665
1378203163940775
1378203163941160
1378203163941537
1378203163941654
1378203163942191
1378203163942308
1378203163942330
1378203163942437
1378203163942577
1378203163942958
1378203163943103
1378203163943264
1378203163943400
1378203163943545
1378203163943558
1378203163943663
1378203163944919
1378203163946583
1378203163946605
1378203163948727
1378203163948974
1378203163949226
1378203163949598
1378203163949976
1378203163950093
1378203163950250
1378203163950532
1378203163950670
1378203163950782
1378203163950806
1378203163950912
1378203163950936
1378203163951064
1378203163951450
1378203163952200
1378203163953830
1378203163953851
1378203163953949
1378203163953974
1378203163954201
1378203163954252
1378203163954310
1378203163954899
1378203163958542
1378203163958790
1378203163959043
1378203163959154
1378203163959428
1378203163959537
1378203163959548
1378203163959898
1378203163960012
1378203163960035
1378203163960141
1378203163960164
1378203163960270
1378203163960893
1378203163961051
1378203163961165
1378203163963217
1378203163963459
1378203163963689
1378203163963838
1378203163964006
1378203163969798
1378203163969816
1378203163969977
1378203163970178
1378203163970292
1378203163974294
1378203163974559
1378203163974699
1378203163975708
1378203163980970
1378203163980993
1378203163981119
1378203164019580
1378203164020514
1378203164026616
1378203164026671
1378203164026719
1378203164026773
1378203164026883
1378203164027068
1378203164030895
1378203164031008
1378203164031133
1378203164031954
1378203164032316
1378203164032490
1378203164032618
1378203164032734
1378203164033261
1378203164034270
1378203164035504
1378203164035535
1378203164035863
1378203164035882
1378203164035960
1378203164035988
1378203164036288
1378203164036706
1378203164037154
1378203164039853
1378203164040117
1378203164045304
1378203164046398
1378203164051668
1378203164051723
1378203164055560
1378203164056302
1378203164062311
1378203164062334
1378203164062433
1378203164062445
1378203164062669
1378203164062711
1378203164062771
1378203164066162
1378203164103567
1378203164104695
1378203164110286
1378203164110354
1378203164110482
1378203164147538
1378203164148397
1378203164152348
1378203164152407
1378203164154109
1378203164154237
1378203164154253
1378203164154509
1378203164154648
1378203164191527
1378203164231866
1378203164235765
1378203164236609
1378203164238716
1378203164238740
1378203164238842
1378203164238863
1378203164239110
1378203164242576
1378203164242769
1378203164242962
1378203164243074
1378203164243250
1378203164244290
1378203164246800
1378203164246854
1378203164246981
1378203164246997
1378203164250122
1378203164250273
1378203164250286
1378203164250484
1378203164250597
1378203164251373
1378203164252173
1378203164254726
1378203164254749
1378203164254874
1378203164254888
1378203164255124
1378203164258255
1378203164258425
1378203164258439
1378203164258648
1378203164258785
1378203164681185
1378203166265751
1378203167688254
1378203168025986
1378203168027012
1378203168027329
1378203168798546
1378203169459576
1378203177793828
1378203177794791
1378203177795116
1378203178563065
1378203182679605
1378203182679679
1378203182679801
1378203182679872
1378203182679922
1378203183444231
1378203183444440
1378203183444504
1378203183444571
1378203183444678
1378203183444723
1378203183444830
1378203183445248
1378203183445361
1378203183445510
1378203183567335
1378203183567659
1378203184214505
1378203187561732
1378203187562798
1378203187563122
1378203188332701
1378203190899068
1378203190900250
1378203190900378
1378203190900832
1378203190903738
1378203190905503
1378203190905724
1378203190947547
1378203190948296
1378203190954143
1378203190954197
1378203190954359
1378203190954475
1378203190991577
1378203190992367
1378203190998167
1378203190998222
1378203191002602
1378203191003386
1378203191009807
1378203191009864
1378203191013979
1378203191014806
1378203191020484
1378203191020532
1378203191020633
1378203191020648
1378203191020844
1378203191020996
1378203191059563
1378203191060395
1378203191066251
1378203191066311
1378203191066348
1378203191066413
1378203191066494
1378203191066520
1378203191066674
1378203191070331
1378203191070545
1378203191070683
1378203191107573
1378203191108422
1378203191114026
1378203191114080
1378203191114184
1378203191114199
1378203191114384
1378203191151571
1378203191152422
1378203191158370
1378203191158419
1378203191158475
1378203191158520
1378203191158616
1378203191158636
1378203191158783
1378203191162599
1378203191162703
1378203191162742
1378203191162835
1378203191162874
1378203191163004
1378203191163130
1378203191196713
1378203191196869
1378203191198560
1378203191198673
1378203191204565
1378203191204615
1378203191205695
1378203191209351
1378203191210200
1378203191215964
1378203191216020
1378203191216157
1378203191255553
1378203191256480
1378203191262264
1378203191262299
1378203191262402
1378203191262416
1378203191262654
1378203191262729
1378203191262761
1378203191265894
1378203191303581
1378203191304491
1378203191310557
1378203191310584
1378203191310736
1378203191310751
1378203191310956
1378203191311070
1378203191315073
1378203191315313
1378203191315446
1378203191316374
1378203191321838
1378203191321866
1378203191322190
1378203191322247
1378203191322337
1378203191326385
1378203191327221
1378203191333316
1378203191333345
1378203191333427
1378203191333451
1378203191333673
1378203191333725
1378203191333785
1378203191336910
1378203191375584
1378203191376818
1378203191383130
1378203191383152
1378203191383241
1378203191383278
1378203191383497
1378203191383549
1378203191383602
1378203191387610
1378203191387801
1378203191387810
1378203191387945
1378203191427584
1378203191428392
1378203191433933
1378203191433995
1378203191437866
1378203191438687
1378203191444186
1378203191444211
1378203191448094
1378203191448746
1378203191455442
1378203191455467
1378203191455606
1378203191455620
1378203191455767
1378203191495569
1378203191496446
1378203191502713
1378203191502742
1378203191505375
1378203191861729
1378203191862636
1378203191901603
1378203192151617
1378203192152391
1378203192152705
1378203192258546
1378203192404427
1378203192575281
1378203192576303
1378203192576632
1378203193043055
1378203193043994
1378203193044374
1378203193044412
1378203193044524
1378203193044869
1378203193048779
1378203193050680
1378203193056243
1378203193056283
1378203193056648
1378203193056853
1378203193056964
1378203193057109
1378203193057272
1378203193057415
1378203193057563
1378203193058040
1378203193058523
1378203193058667
1378203193060945
1378203193061083
1378203193553895
1378203193554004
1378203193554050
1378203193554159
1378203193554528
1378203193555033
1378203193555147
1378203193555172
1378203193555301
1378203193555579
1378203193555879
1378203193556178
1378203193556308
1378203193671534
1378203193672685
1378203193709477
1378203194101038
1378203194373126
1378203194373921
1378203194375238
1378203194379369
1378203194379850
1378203194380046
1378203194380061
1378203194380190
1378203194382017
1378203194382124
1378203194382178
1378203194382381
1378203194382493
1378203194382633
1378203194382869
1378203194382986
1378203194383100
1378203194383770
1378203194384018
1378203194384142
1378203194384285
1378203194384404
1378203194384515
1378203194384986
1378203194385105
1378203194385249
1378203194385414
1378203194385524
1378203194385683
1378203194385797
1378203194385911
1378203194387701
1378203194387812
1378203194387849
1378203194388189
1378203194388307
1378203194388450
1378203194388562
1378203194388682
1378203194388883
1378203194388992
1378203194389163
1378203194389301
1378203194390722
1378203194390868
1378203194391014
1378203194391083
1378203194391126
1378203194391236
1378203194391391
1378203194625869
1378203194627061
1378203194698732
1378203194705453
1378203194706639
1378203194706745
1378203194706782
1378203194706893
1378203194707002
1378203194707110
1378203194707127
1378203194707225
1378203194707257
1378203194707368
1378203194707499
1378203194707608
1378203194707617
1378203194711206
1378203194711451
1378203194711694
1378203194711947
1378203194712057
1378203194712480
1378203194712592
1378203194712618
1378203194712724
1378203194712744
1378203194712886
1378203194746673
1378203194746725
1378203194873958
1378203194960850
1378203194969149
1378203195063433
1378203195063673
1378203195328756
1378203195329968
1378203195329987
1378203195330421
1378203195336180
1378203195336411
1378203195336513
1378203195336532
1378203195336641
1378203195336756
1378203195337161
1378203195337276
1378203195337539
1378203195337923
1378203195338180
1378203195338430
1378203195338685
1378203195338936
1378203195339189
1378203195339298
1378203195339478
1378203195339630
1378203195339638
1378203195339743
1378203195339768
1378203195339875
1378203195340898
1378203195341016
1378203195341040
1378203195341152
1378203195341269
1378203195341444
1378203195341546
1378203195341576
1378203195341694
1378203195341814
1378203195342114
1378203195343192
1378203195343305
1378203195343373
1378203195343505
1378203195345345
1378203195345446
1378203195345478
1378203195345591
1378203195345833
1378203195345944
1378203195346289
1378203195346399
1378203195346421
1378203195346529
1378203195346978
1378203195347153
1378203195347264
1378203195347377
1378203195589533
1378203195591868
1378203195591886
1378203195596092
1378203195596201
1378203195596693
1378203195599400
1378203195599643
1378203195599773
1378203195599880
1378203195599989
1378203195600397
1378203195600509
1378203195600773
1378203195601047
1378203195601217
1378203195601368
1378203195601481
1378203195601641
1378203195602172
1378203195602285
1378203195602310
1378203195602416
1378203195607207
1378203195607319
1378203195607344
1378203195607453
1378203195607474
1378203195607581
1378203195607589
1378203195607730
1378203195607837
1378203195607946
1378203195607967
1378203195608075
1378203195608359
1378203195608466
1378203195608492
1378203195608597
1378203195608617
1378203195608723
1378203195609115
1378203195667668
1378203195668735
1378203195705309
1378203195740679
1378203195779577
1378203195780526
1378203195817296
1378203195841788
1378203195852411
1378203195891573
1378203195895608
1378203196193583
1378203196194822
1378203196401369
1378203196402603
1378203196441251
1378203196483590
1378203196510064
1378203196510697
1378203196580284
1378203196580500
1378203196580633
1378203196592921
1378203196663724
1378203196664201
1378203196664318
1378203196664488
1378203196664592
1378203196664610
1378203196664742
1378203196664832
1378203196664864
1378203196665005
1378203196713531
1378203196958957
1378203196959623
1378203197101931
1378203197105947
1378203197112766
1378203197153180
1378203197184544
1378203197227170
1378203197399673
1378203197402147
1378203197402169
1378203197402619
1378203197406151
1378203197407817
1378203197408382
1378203197409041
1378203197409338
1378203197409377
1378203197409440
1378203197409467
1378203197409605
1378203197409830
1378203197409941
1378203197410159
1378203197410270
1378203197410299
1378203197410418
1378203197410533
1378203197411140
1378203197411265
1378203197411286
1378203197414227
1378203197414440
1378203197422472
1378203197422573
1378203197422634
1378203197422710
1378203197422746
1378203197422833
1378203197422856
1378203197424270
1378203197426716
1378203197426750
1378203197426827
1378203197426852
1378203197427126
1378203197427203
1378203197427232
1378203197427314
1378203197427344
1378203197427456
1378203197427747
1378203197427887
1378203197428023
1378203197428549
1378203197429021
1378203197429197
1378203197430534
1378203197431374
1378203197431619
1378203197444146
1378203197476134
1378203197476269
1378203197476345
1378203197476456
1378203197476656
1378203197476765
1378203197548415
1378203197548634
1378203197548645
1378203197548752
1378203197548771
1378203197548899
1378203197549011
1378203197549280
1378203197549394
1378203197549413
1378203197549524
1378203197549955
1378203197550082
1378203197550245
1378203197550364
1378203197620990
1378203197621160
1378203197621187
1378203197621931
1378203197622188
1378203197622288
1378203197622308
1378203197622424
1378203197622640
1378203197622764
1378203197659597
1378203197698054
1378203197699200
1378203197737144
1378203197847879
1378203197848065
1378203197848080
1378203197969482
1378203198161303
1378203198801843
1378203199471579
1378203207709818
1378203207710133
1378203207711940
1378203207780523
1378203207781313
1378203207820301
1378203207850174
1378203208057783
1378203208059500
1378203208096305
1378203208100096
1378203208100779
1378203208106459
1378203208106493
1378203208369095
1378203217851939
1378203217852801
1378203217853161
1378203219480735
1378203220234386
1378203220841667
1378203220841760
1378203220841823
1378203220841962
1378203221589080
1378203221589146
1378203221589224
1378203221589281
1378203221589335
1378203221589444
1378203222334633
1378203222336401
1378203222336504
1378203222336539
1378203222336647
1378203222336758
1378203222336869
1378203222337040
1378203222337146
1378203223083185
1378203223083327
1378203223083347
1378203223084320
1378203223084569
1378203223084679
1378203223084708
1378203223084816
1378203223084924
1378203223085052
1378203223085243
1378203223829055
1378203223829200
1378203223829230
1378203223829341
1378203227095371
1378203227096418
1378203227096714
1378203227358143
1378203227358346
1378203227358370
1378203227358517
1378203227359008
1378203227361044
1378203227361966
1378203227362017
1378203227631649
1378203227632509
1378203227632797
1378203227655158
1378203227655384
1378203227655527
1378203227695591
1378203227888377
1378203227889787
1378203227902474
1378203227929187
1378203228145725
1378203228189587
1378203228190246
1378203228199933
1378203228453289
1378203228491582
1378203228492140
1378203228504809
1378203228748884
1378203228787580
1378203228788628
1378203228789001
1378203228793149
1378203228793457
1378203228799448
1378203228799562
1378203228799585
1378203228799694
1378203228799835
1378203228803884
1378203228804089
1378203228804105
1378203228804235
1378203228814103
1378203228818188
1378203228818626
1378203228824412
1378203228833636
1378203229035085
1378203229895158
1378203230385687
1378203230385951
1378203230386113
1378203230386191
1378203230386226
1378203230386304
1378203230386328
1378203230386467
1378203231403801
1378203231898266
1378203233898359
1378203234576869
1378203234577013
1378203234577034
1378203234577181
1378203234577330
1378203234577444
1378203234577569
1378203235895832
1378203237703638
1378203237703786
1378203237703804
1378203237703944
1378203237893856
1378203238382238
1378203238382307
1378203238382419
1378203238382560
1378203238382671
1378203238544703
1378203238544879
1378203238544901
1378203238545076
1378203238545131
1378203238545181
1378203238545265
1378203238545289
1378203238545427
1378203238545836
1378203238566629
1378203238567256
1378203239894132
1378203240217002
1378203240217130
1378203240217151
1378203240571738
1378203240571892
1378203240571903
1378203240572076
1378203240572139
1378203240572252
1378203240572444
1378203240572606
1378203240572718
1378203240573168
1378203240573415
1378203240573521
1378203240895240
1378203240895429
1378203241894770
1378203242571237
1378203242571388
1378203242571421
1378203242571568
1378203242571757
1378203242571866
1378203242572010
1378203242572196
1378203242572372
1378203242572519
1378203242572825
1378203242572927
1378203245090654
1378203245090879
