1379249880585501
1379249880867630
1379249881147699
1379249881147813
1379249881147903
1379249881148172
1379249881429032
1379249881429125
1379249881429350
1379249881429462
1379249881429552
1379249881429842
1379249881430029
1379249881430468
1379249881709891
1379249881710179
1379249881710274
1379249881710388
1379249881710650
1379249881711170
1379249881711259
1379249881711748
1379249881711859
1379249881712101
1379249881712189
1379249881712584
1379249881712689
1379249881712777
1379249881712886
1379249881713101
1379249881990230
1379249881990441
1379249881990620
1379249881990825
1379249881992907
1379249884522513
1379249885139990
1379249885140034
1379249885140331
1379249885140510
1379249888676838
1379249888677095
1379249888677183
1379249888677410
1379249888677524
1379249889215875
1379249894678496
1379249907291640
1379249907291738
1379249907291842
1379249907291915
