1379603945839197
1379603945844326
1379603945844386
1379603945844609
1379603945844657
1379603945848386
1379603945848572
1379603945848810
1379603945848933
1379603945849188
1379603945849329
1379603945849729
1379603945849804
1379603945849960
1379603945850071
1379603945850618
1379603945850756
1379603945853185
1379603945853377
1379603945853457
1379603945969922
1379603946014067
1379603946022069
1379603946024607
1379603946024762
1379603946035192
1379603946035217
1379603946037637
1379603946039568
1379603946039745
1379603946039869
1379603946040325
1379603946040678
1379603946041395
1379603946041412
1379603946041512
1379603946041601
1379603946041801
1379603946042782
1379603946044435
1379603946044797
1379603946045121
1379603946045538
1379603946050898
1379603946051120
1379603946051270
1379603946051890
1379603946055575
1379603946055808
1379603946056058
1379603946056175
1379603946056447
1379603946056556
1379603946056897
1379603946057004
1379603946057191
1379603946057429
1379603946057522
1379603946057978
1379603946058264
1379603946062804
1379603946063969
1379603946064088
1379603946064461
1379603946064636
1379603946064873
1379603946064936
1379603946064985
1379603946065035
1379603946065987
1379603946069162
1379603946069455
1379603946069599
1379603946069712
1379603946070006
1379603946070284
1379603946070447
1379603946071881
1379603946072278
1379603946072545
1379603946072639
1379603946074187
1379603946074363
1379603946074541
1379603946077154
1379603946077405
1379603946079107
1379603946079301
1379603946079501
1379603946079654
1379603946084436
1379603946084620
1379603946084772
1379603946085124
1379603946085402
1379603946085500
1379603946085812
1379603946085966
1379603946086122
1379603946086253
1379603946086415
1379603946086755
1379603946090428
1379603946090552
1379603946090629
1379603946090799
1379603946090901
1379603946090948
1379603946091271
1379603946091470
1379603946091843
1379603946092041
1379603946096126
1379603946096427
1379603946096503
1379603946096549
1379603946096733
1379603946097168
1379603946097449
1379603946097570
1379603946097829
1379603946097963
1379603946098254
1379603946098377
1379603946098483
1379603946099334
1379603946099498
1379603946099526
1379603946099605
1379603946099628
1379603946099741
1379603946099805
1379603946099899
1379603946099971
1379603946100018
1379603946100443
1379603946100545
1379603946100670
1379603946100832
1379603946100957
1379603946101075
1379603946101125
1379603946105570
1379603946105626
1379603946116998
1379603946117177
1379603946117382
1379603946117562
1379603946117619
1379603946131832
1379603946132033
1379603946132097
1379603946135100
1379603946135335
1379603946135573
1379603946135718
1379603946135839
1379603946135945
1379603946136121
1379603946139029
1379603946139192
1379603946139246
1379603946140620
1379603946140736
1379603946140850
1379603946140994
1379603946141095
1379603946141161
1379603946142418
1379603946144421
1379603946144647
1379603946144748
1379603946145114
1379603946145311
1379603946145471
1379603946145623
1379603946145725
1379603946147191
1379603946149800
1379603946150182
1379603946150403
1379603946150526
1379603946150636
1379603946150854
1379603946154795
1379603946154942
1379603946155168
1379603946158233
1379603946160739
1379603946164071
1379603946164783
1379603946167275
1379603946169524
1379603946169612
1379603946169782
1379603946170024
1379603946170195
1379603946170441
1379603946170553
1379603946170601
1379603946170732
1379603946171077
1379603946171318
1379603946171670
1379603946171823
1379603946171995
1379603946172138
1379603946172193
1379603946175657
1379603946175837
1379603946175916
1379603946175967
1379603946176629
1379603946176786
1379603946176846
1379603946185217
1379603946185358
1379603946185424
1379603946191268
1379603946191397
1379603946191672
1379603946191801
1379603946191930
1379603946192058
1379603946192261
1379603946192410
1379603946192534
1379603946192924
1379603946193061
1379603946193442
1379603946193556
1379603946193618
1379603946196667
1379603946196898
1379603946197135
1379603946197242
1379603946197493
1379603946197620
1379603946197798
1379603946197961
1379603946198097
1379603946198227
1379603946198337
1379603946198686
1379603946198855
1379603946198985
1379603946199073
1379603946203307
1379603946203407
1379603946203514
1379603946203654
1379603946206919
1379603946215490
1379603946215675
1379603946215739
1379603946219184
1379603946219294
1379603946222623
1379603946222733
1379603946231938
1379603946232072
1379603946238965
1379603946239086
1379603946241973
1379603946242198
1379603946242293
1379603946242395
1379603946242558
1379603946242683
1379603946242757
1379603946248025
1379603946248159
1379603946248226
1379603946250286
1379603946250390
1379603946252709
1379603946252799
1379603946266162
1379603946266289
1379603946266360
1379603946266617
1379603946266778
1379603946266875
1379603946267029
1379603946267192
1379603946267449
1379603946267569
1379603946268754
1379603946271791
1379603946271915
1379603946271992
1379603946272108
1379603946275524
1379603946275709
1379603946276428
1379603946276562
1379603946276696
1379603946280796
1379603946281036
1379603946281177
1379603946281290
1379603946281502
1379603946281606
1379603946286184
1379603946286390
1379603946286632
1379603946286779
1379603946286891
1379603946287012
1379603946287225
1379603946287345
1379603946287522
1379603946287930
1379603946287996
1379603946288065
1379603946291794
1379603946291989
1379603946292247
1379603946292367
1379603946292481
1379603946292680
1379603946292799
1379603946296638
1379603946296865
1379603946297120
1379603946297245
1379603946297387
1379603946297505
1379603946297812
1379603946297954
1379603946300035
1379603946303108
1379603946303221
1379603946303341
1379603946303494
1379603946303631
1379603946303743
1379603946303859
1379603946303973
1379603946304097
1379603946304237
1379603946304360
1379603946304465
1379603946304605
1379603946308968
1379603946341190
1379603946382556
1379603946382607
1379603946477937
1379603946478086
1379603946478098
1379603946482356
1379603946518219
1379603946738532
1379603946791807
1379603946791896
1379603946844904
1379603946906816
1379603946959620
1379603946960769
1379603946978830
1379603947029714
1379603947030746
1379603947084160
1379603947084589
1379603947084853
1379603947122661
