1379214701082568
1379214701162838
1379214701162903
1379214701197978
1379214701238990
1379214701247607
1379214701247827
1379214701275073
1379214701275294
1379214701312178
1379214701312380
1379214701325297
1379214701325503
1379214701325767
1379214701337012
1379214701337698
1379214701337856
1379214701338229
1379214701338428
1379214701338556
1379214701338642
1379214701338812
1379214701351280
1379214701352854
1379214701352942
1379214701353055
1379214701353307
1379214701363917
1379214701365550
1379214701365622
1379214701365733
1379214701365965
1379214701366039
1379214701366529
1379214701367245
1379214701367456
1379214701377872
1379214701378108
1379214701379078
1379214701383473
1379214701384109
1379214701387972
1379214701389841
1379214701420311
1379214701420557
1379214701429584
1379214701429671
1379214701429740
1379214701453566
1379214701453618
1379214701456513
1379214701456709
1379214701456848
1379214701457054
1379214701457252
1379214701466723
1379214701467289
1379214701467579
1379214701467802
1379214701479549
1379214701479785
1379214701479865
1379214701480084
1379214701480420
1379214701480844
1379214701480991
1379214701481080
1379214701481285
1379214701481347
1379214701481866
1379214701482032
1379214701482206
1379214701482284
1379214701490571
1379214701492029
1379214701492221
1379214701493623
1379214701493686
1379214701493944
1379214701494033
1379214701494242
1379214701494305
1379214701494513
1379214701494587
1379214701494661
1379214701494888
1379214701494962
1379214701495023
1379214701496314
1379214701496488
1379214701496640
1379214701501163
1379214701501348
1379214701502627
1379214701502866
1379214701503121
1379214701503200
1379214701503526
1379214701503587
1379214701503953
1379214701504033
1379214701504270
1379214701504365
1379214701504516
1379214701504658
1379214701504778
1379214701505589
1379214701505683
1379214701535578
1379214701541285
1379214701541523
1379214701541585
1379214701542766
1379214701543468
1379214701543847
1379214701544013
1379214701556235
1379214701556923
1379214701557278
1379214701557521
1379214701557999
1379214701558151
1379214701558291
1379214701558472
1379214701558615
1379214701558727
1379214701558913
1379214701559069
1379214701559236
1379214701559356
1379214701559506
1379214701559644
1379214701559722
1379214701559901
1379214701560046
1379214701578165
1379214701578479
1379214701578623
1379214701578762
1379214701578901
1379214701578996
1379214701579078
1379214701600002
1379214701620219
1379214701621062
1379214701671793
1379214701708338
1379214701721028
1379214701726701
1379214701734442
1379214701772326
1379214701780226
1379214701813696
1379214701813986
1379214701814413
1379214701814688
1379214701819047
1379214701860016
1379214701860122
1379214701860425
1379214701876440
1379214701876792
1379214701877029
1379214701913629
1379214701925279
1379214701926268
1379214701938460
1379214701938575
1379214701938954
1379214701939152
1379214701952149
1379214701952229
1379214701952552
1379214701992374
1379214702005490
1379214702005604
1379214702005882
1379214702044506
1379214702057625
1379214702096306
1379214702096558
1379214702109731
1379214702148327
1379214702161399
1379214702200303
1379214702212947
1379214702213809
1379214702225615
1379214702225944
1379214702226199
1379214702239312
1379214702276340
1379214702289131
1379214702301012
1379214702314292
1379214702352299
1379214702365622
1379214702404298
1379214702417325
1379214702456312
1379214702469628
1379214702508298
1379214702521744
1379214702521903
1379214702533959
1379214702534223
1379214702547209
1379214702585466
1379214702600768
1379214702653396
1379214702653529
1379214702653631
1379214702692487
1379214702731766
1379214702731864
1379214702731987
1379214702732071
1379214702762934
1379214702768008
1379214702768289
1379214702800905
1379214702800937
1379214702801280
1379214702801464
1379214702802152
1379214702802201
1379214702802333
1379214702802496
1379214702802585
1379214702802630
1379214702819620
1379214702819722
1379214702820124
1379214702820208
1379214702820281
1379214702820892
1379214702821129
1379214702821204
1379214702821518
1379214702821797
1379214702822302
1379214702822385
1379214702822580
1379214702822747
1379214702822952
1379214702823346
1379214702823427
1379214702823519
1379214702823775
1379214702823871
1379214702824834
1379214702825130
1379214702825381
1379214702825659
1379214702825731
1379214702825988
1379214702826229
1379214702826373
1379214702826498
1379214702826654
1379214702826817
1379214702826977
1379214702827096
1379214702827287
1379214702828269
1379214702828724
1379214702828973
1379214702829125
1379214702829427
1379214702829637
1379214702829897
1379214702829943
1379214702830224
1379214702830329
1379214702830478
1379214702832067
1379214702832325
1379214702832463
1379214702832667
1379214702832824
1379214702832903
1379214702834117
1379214702834241
1379214702834446
1379214702838513
1379214702838892
1379214702839090
1379214702839325
1379214702840193
1379214702840414
1379214702840510
1379214702845009
1379214702845197
1379214702848924
1379214702849174
1379214702849791
1379214702856715
1379214702858038
1379214702862441
1379214702862528
1379214702862857
1379214702908011
1379214702908088
1379214702908175
1379214702908253
1379214702952603
1379214703009700
1379214703009796
1379214703009999
1379214703010249
1379214703023072
1379214703023250
1379214703023535
1379214703033303
1379214703033615
1379214703035597
1379214703035678
1379214703035989
1379214703036066
1379214703036352
1379214703036472
1379214703036594
1379214703037115
1379214703037206
1379214703037283
1379214703037525
1379214703037594
1379214703037972
1379214703045404
1379214703045560
1379214703048274
1379214703048505
1379214703048941
1379214703049314
1379214703049641
1379214703049706
1379214703051207
1379214703051443
1379214703051532
1379214703051925
1379214703053811
1379214703057626
1379214703057908
1379214703058539
1379214703058629
1379214703058733
1379214703059009
1379214703059598
1379214703063379
1379214703063564
1379214703064197
1379214703064715
1379214703065013
1379214703065774
1379214703065914
1379214703066050
1379214703066242
1379214703066382
1379214703066488
1379214703066616
1379214703066704
1379214703067137
1379214703067264
1379214703068699
1379214703070837
1379214703070981
1379214703071164
1379214703071452
1379214703071537
1379214703071687
1379214703072838
1379214703072975
1379214703073119
1379214703073188
1379214703075772
1379214703075886
1379214703076173
1379214703076319
1379214703076826
1379214703077316
1379214703077775
1379214703078193
1379214703078571
1379214703078999
1379214703079752
1379214703079878
1379214703079999
1379214703080164
1379214703080278
1379214703080406
1379214703080587
1379214703080774
1379214703080888
1379214703080999
1379214703081143
1379214703081292
1379214703081337
1379214703081763
1379214703081953
1379214703082335
1379214703083621
1379214703083766
1379214703084016
1379214703084147
1379214703084290
1379214703084993
1379214703085343
1379214703085501
1379214703085778
1379214703086075
1379214703086388
1379214703086566
1379214703086692
1379214703086833
1379214703086912
1379214703087058
1379214703087472
1379214703087638
1379214703089167
1379214703089314
1379214703089450
1379214703089540
1379214703090202
1379214703090905
1379214703091086
1379214703091303
1379214703091383
1379214703093999
1379214703094142
1379214703094330
1379214703094467
1379214703094585
1379214703094845
1379214703095018
1379214703095490
1379214703098281
1379214703098455
1379214703098604
1379214703101605
1379214703101843
1379214703102106
1379214703102359
1379214703102497
1379214703102881
1379214703103513
1379214703103649
1379214703103881
1379214703104138
1379214703104254
1379214703105665
1379214703105812
1379214703105892
1379214703105989
1379214703106206
1379214703106359
1379214703106482
1379214703106587
1379214703106847
1379214703106964
1379214703107102
1379214703107197
1379214703107357
1379214703107504
1379214703107722
1379214703108229
1379214703108359
1379214703108607
1379214703108705
1379214703108886
1379214703109001
1379214703109299
1379214703109446
1379214703110694
1379214703110856
1379214703120315
1379214703125045
1379214703125307
1379214703125428
1379214703130370
1379214703130514
1379214703130695
1379214703134860
1379214703135100
1379214703135593
1379214703136048
1379214703136795
1379214703136888
1379214703139004
1379214703139064
1379214703139636
1379214703139685
1379214703139730
1379214703149062
1379214703158681
1379214703158940
1379214703159120
1379214703159159
1379214703159639
1379214703159894
1379214703159917
1379214703160045
1379214703160065
1379214703160132
1379214703160294
1379214703160309
1379214703160397
1379214703160480
1379214703160867
1379214703161001
1379214703161258
1379214703161817
1379214703162244
1379214703162342
1379214703162586
1379214703162730
1379214703162771
1379214703162940
1379214703162984
1379214703163139
1379214703163283
1379214703163488
1379214703163588
1379214703163722
1379214703163947
1379214703164211
1379214703164319
1379214703164457
1379214703164595
1379214703164729
1379214703164953
1379214703165060
1379214703165360
1379214703165503
1379214703165640
1379214703165856
1379214703165963
1379214703166142
1379214703166274
1379214703166426
1379214703166566
1379214703166730
1379214703166809
1379214703166935
1379214703167058
1379214703167259
1379214703167424
1379214703167512
1379214703167655
1379214703167780
1379214703167906
1379214703168032
1379214703168137
1379214703168265
1379214703168388
1379214703169545
1379214703169787
1379214703170044
1379214703173257
1379214703173383
1379214703173512
1379214703173575
1379214703173710
1379214703173860
1379214703173988
1379214703174165
1379214703174355
1379214703174500
1379214703174604
1379214703174737
1379214703175902
1379214703176016
1379214703176325
1379214703176556
1379214703176747
1379214703176879
1379214703177276
1379214703178049
1379214703178534
1379214703178762
1379214703179011
1379214703179369
1379214703179513
1379214703179660
1379214703179748
1379214703179890
1379214703180018
1379214703180234
1379214703183887
1379214703183969
1379214703184120
1379214703184264
1379214703184295
1379214703185434
1379214703185527
1379214703186919
1379214703191820
1379214703192067
1379214703192287
1379214703192536
1379214703192922
1379214703193050
1379214703194103
1379214703194444
1379214703196993
1379214703197207
1379214703201212
1379214703201310
1379214703201599
1379214703201800
1379214703201935
1379214703202068
1379214703202135
1379214703214053
1379214703214382
1379214703214888
1379214703215288
1379214703215518
1379214703216241
1379214703216531
1379214703216590
1379214703216765
1379214703217032
1379214703217079
1379214703256559
1379214703269387
1379214703269612
1379214703269836
1379214703281117
1379214703281227
1379214703281632
1379214703281884
1379214703282164
1379214703282246
1379214703282449
1379214703282772
1379214703283021
1379214703295770
1379214703300264
1379214703310723
1379214703323381
1379214703323622
1379214703323899
1379214703334877
1379214703335098
1379214703335182
1379214703372472
1379214703397127
1379214703421132
1379214703421151
1379214703421394
1379214703421473
1379214703433040
1379214703433481
1379214703444688
1379214703499493
1379214703580663
1379214703597116
1379214703597325
1379214703601494
1379214703601555
1379214703640383
1379214703649725
1379214703692367
1379214703701329
1379214703722420
1379214703722575
1379214703743859
1379214703756582
1379214703859735
1379214703872376
1379214703872462
1379214703877096
1379214703878302
1379214703880204
1379214703930110
1379214703931145
1379214703932791
1379214703972227
1379214704016200
1379214704017134
1379214704120500
1379214704120821
1379214704161900
1379214705831775
1379214705859823
1379214705860088
1379214705887071
1379214729876145
1379214729876845
