1380141201289562
1380141201369554
1380141201369741
1380141201391654
1380141201473709
1380141201658412
1380141201978035
1380141201978633
1380141201978860
1380141201978972
1380141201979388
1380141201979469
1380141201979566
1380141202057712
1380141202058379
1380141202058463
1380141202058885
1380141202058990
1380141202059088
1380141202059490
1380141202059595
1380141202059780
1380141202059884
1380141202060044
1380141202060211
1380141202104727
1380141202109918
1380141202109984
1380141202110067
1380141202156758
1380141202200149
1380141203252607
1380141203253573
1380141203254210
1380141203254783
1380141203255414
1380141203255994
1380141203256541
1380141203257111
1380141203257679
1380141203258237
1380141203258901
1380141203259505
1380141203260062
1380141203260278
1380141203260377
1380141203260485
1380141203260515
1380141203261564
1380141203261706
1380141203261816
1380141203261926
1380141203266017
1380141203266155
1380141203266273
1380141203266362
1380141203267286
1380141203267376
1380141203267597
1380141203267659
1380141203268272
1380141203268724
1380141203268933
1380141203269177
1380141203269531
1380141203269597
1380141203269755
1380141203270073
1380141203270269
1380141203271999
1380141203272184
1380141203272630
1380141203273003
1380141203273157
1380141203273532
1380141203274356
1380141203276402
1380141203276688
1380141203278691
1380141203296967
1380141203301633
1380141203304742
1380141203306045
1380141203313307
1380141203319211
1380141203320040
1380141203320519
1380141203320597
1380141203320886
1380141203320966
1380141203321123
1380141203321512
1380141203321630
1380141203325253
1380141203325363
1380141203325450
1380141203326752
1380141203327183
1380141203327293
1380141203327389
1380141203327494
1380141203327622
1380141203327729
1380141203328418
1380141203328490
1380141203330897
1380141203331527
1380141203340910
1380141203343209
1380141203347424
1380141203347459
1380141203347560
1380141203347578
1380141203352103
1380141203352517
1380141203360435
1380141203365301
1380141203383942
1380141203383980
1380141203481648
1380141203481806
1380141203485993
1380141203486154
1380141203486257
1380141203486345
1380141203486462
1380141203490426
1380141203490710
1380141203490814
1380141203490901
1380141203491008
1380141203491452
1380141203491540
1380141203491666
1380141203492136
1380141203492324
1380141203492499
1380141203529084
1380141203534232
1380141203781037
1380141203805304
1380141203806590
1380141203809331
1380141203809353
1380141203809375
1380141203813881
1380141203815934
1380141203819523
1380141203819634
1380141203819726
1380141203820319
1380141203820998
1380141203824636
1380141203825759
1380141203825943
1380141203831597
1380141203832338
1380141203832747
1380141203864682
1380141203909409
1380141203919863
1380141203926129
1380141203928053
1380141203928261
1380141203928382
1380141203928490
1380141203928628
1380141203928762
1380141203933223
1380141203933373
1380141203933530
1380141203936170
1380141203937633
1380141203939407
1380141203942342
1380141203943924
1380141203944088
1380141203944173
1380141203948690
1380141203948887
1380141203948986
1380141203949510
1380141203949640
1380141203949781
1380141203949881
1380141203949996
1380141203950481
1380141203950555
1380141203951959
1380141203953700
1380141203953784
1380141204150859
1380141204153064
1380141204156996
1380141204159623
1380141204159709
1380141204160069
1380141204160173
1380141204160553
1380141204160671
1380141204160763
1380141204160859
1380141204161035
1380141204161162
1380141204161803
1380141204161896
1380141204165138
1380141204165384
1380141204165614
1380141204250618
1380141204254486
1380141204257173
1380141204260028
1380141204260191
1380141204260326
1380141204260433
1380141204261043
1380141204261171
1380141204261283
1380141204261383
1380141204261477
1380141204263880
1380141204265768
1380141204274599
1380141204277093
1380141204283278
1380141204284048
1380141204285192
1380141204290742
1380141204290890
1380141204290991
1380141204291372
1380141204291446
1380141204291938
1380141204292013
1380141204333240
1380141204333273
1380141205968678
1380141205974565
1380141205975108
1380141205975389
1380141205975481
1380141205976041
1380141205976192
1380141205976319
1380141205976434
1380141205976965
1380141205979330
1380141205979484
1380141205980260
1380141205980641
1380141205980920
1380141205981175
1380141205981393
1380141205981802
1380141205981881
1380141205982183
1380141205982261
1380141206017053
1380141206017254
1380141206082277
1380141206089379
1380141206092637
1380141206093508
1380141206093632
1380141206093826
1380141206094081
1380141206094357
1380141206094501
1380141206094757
1380141206094962
1380141206097170
1380141206097402
1380141206098657
1380141206115314
1380141206273038
1380141206378471
1380141206380576
1380141206384604
1380141206385275
1380141206385593
1380141206385682
1380141206385922
1380141206386153
1380141206386241
1380141206386644
1380141206386764
1380141206386847
1380141206389482
1380141206389624
1380141206390585
1380141206390804
1380141206390858
1380141206391980
1380141206392103
1380141206392367
1380141206392454
1380141206392719
1380141206392806
1380141206392918
1380141206393055
1380141206393384
1380141206396385
1380141206396513
1380141206397418
1380141206397817
1380141206397933
1380141206398043
1380141206398119
1380141206398241
1380141206398681
1380141206407940
1380141206410827
1380141206412852
1380141206413872
1380141206414782
1380141206415001
1380141206415099
1380141206415452
1380141206415830
1380141206415942
1380141206416044
1380141206416125
1380141206416425
1380141206418339
1380141206418549
1380141206420153
1380141206420531
1380141206420649
1380141206421065
1380141206421158
1380141206421178
1380141206421854
1380141206421947
1380141206422063
1380141206422380
1380141206422991
1380141206423091
1380141206423333
1380141206423601
1380141206423743
1380141206423764
1380141206423895
1380141206424008
1380141206424908
1380141206425187
1380141206425499
1380141206425846
1380141206426150
1380141206426272
1380141206427531
1380141206430377
1380141206430914
1380141206431106
1380141206431393
1380141206431573
1380141206431817
1380141206432013
1380141206432903
1380141206433089
1380141206433247
1380141206433382
1380141206435861
1380141206436205
1380141206436414
1380141206436730
1380141206436928
1380141206437515
1380141206437960
1380141206438259
1380141206438392
1380141206438655
1380141206438891
1380141206439161
1380141206439354
1380141206439599
1380141206439836
1380141206440043
1380141206441409
1380141206441657
1380141206445385
1380141206445512
1380141206445613
1380141206446165
1380141206446392
1380141206446567
1380141206447314
1380141206447714
1380141206448611
1380141206449839
1380141206450553
1380141206451915
1380141206452760
1380141206454862
1380141206461170
1380141206462988
1380141206463009
1380141206463774
1380141206464568
1380141206465235
1380141206467461
1380141206470045
1380141206470234
1380141206475694
1380141206476523
1380141206476787
1380141206477080
1380141206477272
1380141206477563
1380141206477699
1380141206477970
1380141206478044
1380141206478316
1380141206478431
1380141206478729
1380141206478796
1380141206506788
1380141206506959
1380141206541487
1380141206554512
1380141206560287
1380141206561440
1380141206561861
1380141206562036
1380141206562153
1380141206562236
1380141206562634
1380141206564418
1380141206565574
1380141206566073
1380141206566370
1380141206569050
1380141206605306
1380141206640266
1380141206664207
1380141206664337
1380141206670908
1380141206672664
1380141206674980
1380141206680077
1380141206686158
1380141206691205
1380141206691438
1380141206691627
1380141206692013
1380141206692158
1380141206692183
1380141206692277
1380141206693868
1380141206694019
1380141206694281
1380141206694464
1380141206694601
1380141206694710
1380141206695833
1380141206695857
1380141206701568
1380141206701681
1380141206705808
1380141206709485
1380141206711122
1380141206711245
1380141206711388
1380141206713242
1380141206719468
1380141206740884
1380141206773130
1380141206945484
1380141206981937
1380141207036684
1380141207043675
1380141207044595
1380141207048911
1380141207049735
1380141207050204
1380141207050353
1380141207050522
1380141207050853
1380141207050968
1380141207051076
1380141207051171
1380141207053168
1380141207053214
1380141207053902
1380141207055024
1380141207055170
1380141207055438
1380141207055539
1380141207055799
1380141207055886
1380141207056038
1380141207057549
1380141207057872
1380141207058038
1380141207058083
1380141207058185
1380141207058284
1380141207058823
1380141207061921
1380141207061994
1380141207062253
1380141207062291
1380141207062366
1380141207062532
1380141207069748
1380141207070137
1380141207070233
1380141207070649
1380141207071089
1380141207071528
1380141207071833
1380141207071978
1380141207073562
1380141207073667
1380141207073991
1380141207074365
1380141207074762
1380141207083789
1380141207083862
1380141207084232
1380141207084677
1380141207084742
1380141207085209
1380141207085586
1380141207085672
1380141207086066
1380141207086454
1380141207086814
1380141207095537
1380141207099448
1380141207101542
1380141207102140
1380141207102164
1380141207107573
1380141207113127
1380141207113579
1380141207113813
1380141207114053
1380141207114269
1380141207114297
1380141207119281
1380141207119372
1380141207120705
1380141207120930
1380141207121071
1380141207121185
1380141207126575
1380141207126690
1380141207209949
1380141207219617
1380141207223791
1380141207224581
1380141207224840
1380141207225109
1380141207225229
1380141207226127
1380141207226594
1380141207230572
1380141207230811
1380141207236300
1380141207236434
1380141207238641
1380141207238867
1380141207239165
1380141207239269
1380141207239512
1380141207239636
1380141207239764
1380141207240463
1380141207240690
1380141207248941
1380141207249129
1380141207285470
1380141207294283
1380141207294487
1380141207297621
1380141207323414
1380141207325291
1380141207326475
1380141207327997
1380141207330033
1380141207336707
1380141207337312
1380141207337840
1380141207338197
1380141207338310
1380141207338682
1380141207339003
1380141207339243
1380141207339310
1380141207340242
1380141207340525
1380141207340667
1380141207340836
1380141207341104
1380141207341262
1380141207341523
1380141207341746
1380141207341945
1380141207342009
1380141207343286
1380141207343502
1380141207343641
1380141207343810
1380141207344174
1380141207344519
1380141207344935
1380141207345042
1380141207345432
1380141207345480
1380141207345578
1380141207345869
1380141207345924
1380141207346250
1380141207346317
1380141207346485
1380141207347335
1380141207347579
1380141207347825
1380141207347960
1380141207348165
1380141207348420
1380141207348601
1380141207348845
1380141207349270
1380141207349447
1380141207351413
1380141207351602
1380141207354565
1380141207355126
1380141207356622
1380141207357611
1380141207357921
1380141207361318
1380141207362139
1380141207362250
1380141207362325
1380141207362429
1380141207362560
1380141207362666
1380141207362795
1380141207363925
1380141207364325
1380141207364476
1380141207365042
1380141207366103
1380141207366136
1380141207366277
1380141207384397
1380141207394130
1380141207394598
1380141207394648
1380141207394697
1380141207397476
1380141207398907
1380141207399123
1380141207399513
1380141207399702
1380141207399818
1380141207402028
1380141207413725
1380141207413811
1380141207414069
1380141207414147
1380141207416011
1380141207421936
1380141207425883
1380141207426132
1380141207426320
1380141207453074
1380141207453098
1380141207460641
1380141207461502
1380141207463835
1380141207463869
1380141207466391
1380141207467370
1380141207467732
1380141207467985
1380141207468086
1380141207468179
1380141207468544
1380141207468678
1380141207468807
1380141207470041
1380141207470064
1380141207470862
1380141207470986
1380141207471896
1380141207472203
1380141207493735
1380141207494399
1380141207495627
1380141207496774
1380141207498875
1380141207498905
1380141207499544
1380141207500636
1380141207500893
1380141207501000
1380141207501378
1380141207501504
1380141207501599
1380141207502037
1380141207503808
1380141207503905
1380141207505379
1380141207505518
1380141207505965
1380141207506063
1380141207506545
1380141207506649
1380141207506724
1380141207512268
1380141207515003
1380141207516865
1380141207538689
1380141207543711
1380141207543853
1380141207544293
1380141207544784
1380141207565668
1380141207565791
1380141207565877
1380141207566288
1380141207570532
1380141207570639
1380141207570895
1380141207570973
1380141207571259
1380141207571362
1380141207571480
1380141207571983
1380141207572217
1380141207572297
1380141207572449
1380141207572545
1380141207575210
1380141207575539
1380141207576160
1380141207576411
1380141207576628
1380141207577116
1380141207577152
1380141207577237
1380141207577615
1380141207577728
1380141207577813
1380141207578065
1380141207578272
1380141207578789
1380141207579137
1380141207579247
1380141207579355
1380141207579482
1380141207579589
1380141207580028
1380141207580433
1380141207580498
1380141207582173
1380141207594741
1380141207601285
1380141207602180
1380141207602603
1380141207602748
1380141207602878
1380141207602996
1380141207603108
1380141207603625
1380141207606204
1380141207606300
1380141207607324
1380141207607744
1380141207608229
1380141207608334
1380141207611094
1380141207617085
1380141207619926
1380141207619994
1380141207632589
1380141207635728
1380141207641600
1380141207642499
1380141207642940
1380141207643051
1380141207643175
1380141207643303
1380141207643434
1380141207644102
1380141207646178
1380141207646284
1380141207647417
1380141207647723
1380141207648082
1380141207648475
1380141207648586
1380141207648670
1380141207649138
1380141207649235
1380141207649319
1380141207649568
1380141207660942
1380141207661860
1380141207665113
1380141207665164
1380141207665222
1380141207669175
1380141207669691
1380141207670174
1380141207670571
1380141207670745
1380141207671001
1380141207676549
1380141207677811
1380141207678171
1380141207678484
1380141207678565
1380141207678860
1380141207678995
1380141207679467
1380141207679864
1380141207680284
1380141207680591
1380141207682412
1380141207682670
1380141207684588
1380141207689236
1380141207697976
1380141207698193
1380141207699511
1380141207699701
1380141207699871
1380141207709090
1380141207721329
1380141207783827
1380141207788066
1380141207788299
1380141207792417
1380141207792563
1380141207792907
1380141207793269
1380141207793428
1380141207793613
1380141207883603
1380141207887641
1380141207887789
1380141207896117
1380141207897099
1380141207897222
1380141207897447
1380141207897711
1380141207897842
1380141207898132
1380141207898365
1380141207898493
1380141207902746
1380141207902982
1380141207903133
1380141207929101
1380141207929547
1380141207930243
1380141207932056
1380141207933375
1380141207935394
1380141207935425
1380141207938182
1380141207939265
1380141207940247
1380141207941103
1380141207941417
1380141207941554
1380141207941830
1380141207942093
1380141207942222
1380141207942326
1380141207942416
1380141207942933
1380141207944722
1380141207944887
1380141207945859
1380141207945966
1380141207946033
1380141207946501
1380141207947100
1380141207947542
1380141207947674
1380141207947852
1380141207947918
1380141207947971
1380141207948416
1380141207948506
1380141207948829
1380141207948924
1380141207950730
1380141207950820
1380141207950956
1380141207951728
1380141207951843
1380141207951974
1380141207952091
1380141207952192
1380141207952577
1380141207952885
1380141207954562
1380141207955150
1380141207960716
1380141207960885
1380141207961252
1380141207978759
1380141207981054
1380141207981214
1380141208096713
1380141208097668
1380141208101308
1380141208101451
1380141208102515
1380141208102712
1380141208102826
1380141208105879
1380141208106063
1380141208106224
1380141208106629
1380141208107075
1380141208107154
1380141208107311
1380141208107420
1380141208108346
1380141208109494
1380141208110485
1380141208110645
1380141208110717
1380141208111833
1380141208112937
1380141208113567
1380141208113728
1380141208114005
1380141208114081
1380141208114131
1380141208114241
1380141208114369
1380141208114491
1380141208115896
1380141208116732
1380141208116838
1380141208118184
1380141208118284
1380141208118531
1380141208122455
1380141208123309
1380141208124445
1380141208144818
1380141208158077
1380141208158878
1380141208160065
1380141208165183
1380141208165565
1380141208165770
1380141208169768
1380141208171906
1380141208172026
1380141208172140
1380141208172234
1380141208176653
1380141208176826
1380141208176949
1380141208177071
1380141208177156
1380141208177602
1380141208178171
1380141208181825
1380141208182271
1380141208182603
1380141208182681
1380141208187695
1380141208193834
1380141208194753
1380141208199642
1380141208200111
1380141208200378
1380141208201605
1380141208208863
1380141208209162
1380141208209304
1380141208209722
1380141208209817
1380141208210053
1380141208237027
1380141208394559
1380141208400085
1380141208400928
1380141208402108
1380141208404700
1380141208404860
1380141208405181
1380141208408995
1380141208409281
1380141208409387
1380141208409476
1380141208409603
1380141208409784
1380141208416323
1380141208422748
1380141208424505
1380141208425317
1380141208426383
1380141208427717
1380141208428429
1380141208429402
1380141208429424
1380141208429445
1380141208429528
1380141208429549
1380141208429981
1380141208429992
1380141208430408
1380141208431220
1380141208436038
1380141208452918
1380141208489335
1380141208510734
1380141208511545
1380141208512539
1380141208513528
1380141208516680
1380141208516955
1380141208517528
1380141208518454
1380141208519422
1380141208520841
1380141208520938
1380141208522166
1380141208522268
1380141208522387
1380141208524968
1380141208541087
1380141208541812
1380141208542809
1380141208543825
1380141208544839
1380141208545869
1380141208546619
1380141208547140
1380141208547454
1380141208556131
1380141208565442
1380141208566490
1380141208567439
1380141208574934
1380141208580942
1380141208581403
1380141208614233
1380141208653392
1380141208659898
1380141208660826
1380141208660935
1380141208661251
1380141208661402
1380141208661511
1380141208661602
1380141208662001
1380141208662139
1380141208664276
1380141208664485
1380141208665962
1380141208679091
1380141208684628
1380141208693448
1380141208693750
1380141208693951
1380141208694130
1380141208881521
1380141208887745
1380141208888592
1380141208888746
1380141208892626
1380141208892763
1380141208892853
1380141208893216
1380141208893684
1380141208893777
1380141208897279
1380141208897522
1380141208955295
1380141208961061
1380141208961526
1380141208961599
