1379937086339771
1379937086530520
1379937086680941
1379937086681409
1379937086681492
1379937086681861
1379937086682391
1379937089783838
1379937089935733
1379937089935920
1379937089936309
1379937089936456
1379937089954968
1379937090101428
1379937090101805
1379937090105182
1379937090105660
1379937090249378
1379937090249451
1379937090249873
1379937090250202
1379937090251739
1379937090255323
1379937090256039
1379937090256614
1379937090256927
1379937090257735
1379937090257940
1379937090258289
1379937090394371
1379937090401429
1379937090401493
1379937090401796
1379937090406196
1379937090559143
1379937090559281
1379937090597718
1379937090709091
1379937090752741
1379937090753042
1379937090898872
1379937090903849
1379937090908011
1379937090908551
1379937091045529
1379937091045877
1379937091045971
1379937091048070
1379937091227191
1379937091227272
1379937091227636
1379937091227707
1379937091236058
1379937091236139
1379937091236201
1379937091236260
1379937091236321
1379937091236381
1379937091376894
1379937091377007
1379937091383319
1379937091383407
1379937091384042
1379937091387244
1379937091387369
1379937091387459
1379937091387533
1379937091389402
1379937091389446
1379937091389567
1379937091389874
1379937091390496
1379937091395606
1379937091396336
1379937091525358
1379937091525444
1379937091525753
1379937091541657
1379937091541768
1379937091550080
1379937091550329
1379937091589828
1379937091689970
1379937091690081
1379937091690547
1379937091691959
1379937091692078
1379937091702077
1379937091702138
1379937091741634
1379937091745274
1379937091745537
1379937091841734
1379937091892618
1379937091892963
1379937091990006
1379937091990174
1379937091990259
1379937091990601
1379937092031438
1379937092031510
1379937092031572
1379937092031633
1379937092031693
1379937092031752
1379937092031814
1379937092044614
1379937092045077
1379937092138874
1379937092139845
1379937092140293
1379937092140378
1379937092146263
1379937092146777
1379937092180487
1379937092180961
1379937092181004
1379937092181292
1379937092182877
1379937092183323
1379937092183363
1379937092183657
1379937092183896
1379937092184089
1379937092184819
1379937092185597
1379937092186745
1379937092186904
1379937092187819
1379937092188121
1379937092188251
1379937092188810
1379937092188980
1379937092189101
1379937092189370
1379937092189942
1379937092190115
1379937092190287
1379937092190380
1379937092191380
1379937092191582
1379937092192235
1379937092192414
1379937092192544
1379937092192768
1379937092192891
1379937092246012
1379937092327391
1379937092327476
1379937092328010
1379937092328184
1379937092333507
1379937092333609
1379937092333699
1379937092333935
1379937092334710
1379937092334842
1379937092335207
1379937092335361
1379937092336466
1379937092339085
1379937092339175
1379937092339628
1379937092339797
1379937092340112
1379937092341609
1379937092343898
1379937092344166
1379937092344752
1379937092344874
1379937092345265
1379937092345581
1379937092345887
1379937092346006
1379937092348170
1379937092348474
1379937092348831
1379937092348978
1379937092387300
1379937092387591
1379937092387736
1379937092478258
1379937092478696
1379937092478880
1379937092478981
1379937092487091
1379937092487756
1379937092487922
1379937092488062
1379937092488261
1379937092488765
1379937092489276
1379937092489493
1379937092489632
1379937092490009
1379937092490171
1379937092490292
1379937092497744
1379937092498054
1379937092498208
1379937092502603
1379937092502976
1379937092503126
1379937092542649
1379937092542926
1379937092543161
1379937092543265
1379937092624859
1379937092625114
1379937092625255
1379937092638135
1379937092638443
1379937092638588
1379937092641647
1379937092642374
1379937092642562
1379937092642693
1379937092649557
1379937092650046
1379937092650240
1379937092650368
1379937092656592
1379937092656882
1379937092657025
1379937092698154
1379937092698592
1379937092698747
1379937092771339
1379937092771435
1379937092771533
1379937092771766
1379937092787689
1379937092788207
1379937092788446
1379937092793040
1379937092793482
1379937092793625
1379937092802123
1379937092802204
1379937092802451
1379937092810226
1379937092810345
1379937092810706
1379937092810782
1379937092811004
1379937092854321
1379937092854496
1379937092854770
1379937092918783
1379937092919357
1379937092919515
1379937092937692
1379937092938028
1379937092938127
1379937092938293
1379937092942935
1379937092943358
1379937092943529
1379937092953870
1379937092954414
1379937092954509
1379937092954716
1379937092967551
1379937092967774
1379937093009486
1379937093009598
1379937093010044
1379937093010194
1379937093065807
1379937093066160
1379937093066332
1379937093087411
1379937093087599
1379937093092844
1379937093093135
1379937093093435
1379937093093697
1379937093093860
1379937093108134
1379937093108456
1379937093108595
1379937093121321
1379937093122643
1379937093122739
1379937093122790
1379937093122981
1379937093164977
1379937093165194
1379937093165473
1379937093165605
1379937093212964
1379937093215126
1379937093215307
1379937093215432
1379937093236692
1379937093236970
1379937093237154
1379937093237275
1379937093243559
1379937093244061
1379937093244231
1379937093244329
1379937093260863
1379937093261112
1379937093261286
1379937093276121
1379937093276384
1379937093276505
1379937093320349
1379937093320449
1379937093320517
1379937093362356
1379937093362436
1379937093363002
1379937093386633
1379937093387042
1379937093387127
1379937093393514
1379937093393610
1379937093415301
1379937093415731
1379937093430190
1379937093430630
1379937094464296
1379937094488247
1379937094488317
1379937094562637
1379937094664042
1379937094665164
1379937094788806
1379937094789251
1379937094789895
1379937094828641
1379937094830604
