1380263110822134
1380263110829566
1380263110829643
1380263110830076
1380263110834073
1380263110834165
1380263110834528
1380263110834830
1380263110834922
1380263110835157
1380263110835489
1380263110835594
1380263110835682
1380263110835941
1380263110838622
1380263110925508
1380263110930792
1380263110930898
1380263110931193
1380263110949313
1380263110999470
1380263111055479
1380263111065364
1380263111065440
1380263111105567
1380263111127923
1380263111131870
1380263111137694
1380263111137797
1380263111137877
1380263111141557
1380263111141640
1380263111141865
1380263111141974
1380263111142305
1380263111142377
1380263111142472
1380263111142932
1380263111143174
1380263111143266
1380263111143570
1380263111144120
1380263111148512
1380263111148903
1380263111149028
1380263111149109
1380263111149227
1380263111149312
1380263111149724
1380263111150057
1380263111150153
1380263111150423
1380263111150525
1380263111150755
1380263111150839
1380263111150901
1380263111151132
1380263111151218
1380263111151288
1380263111152330
1380263111152572
1380263111153422
1380263111153638
1380263111153812
1380263111154797
1380263111157968
1380263111158448
1380263111158536
1380263111158700
1380263111158859
1380263111160619
1380263111160774
1380263111160962
1380263111162531
1380263111164583
1380263111164786
1380263111165005
1380263111167951
1380263111168120
1380263111168310
1380263111168760
1380263111172174
1380263111172284
1380263111172436
1380263111172646
1380263111172825
1380263111173179
1380263111173337
1380263111173510
1380263111175242
1380263111175601
1380263111175750
1380263111176623
1380263111176781
1380263111176990
1380263111177094
1380263111177526
1380263111177664
1380263111181572
1380263111181819
1380263111182404
1380263111182489
1380263111182536
1380263111182580
1380263111184220
1380263111184620
1380263111184867
1380263111186678
1380263111186794
1380263111187005
1380263111187097
1380263111189952
1380263111190160
1380263111194485
1380263111194905
1380263111194966
1380263111195381
1380263111195762
1380263111195822
1380263111196203
1380263111196698
1380263111197353
1380263111197393
1380263111197776
1380263111197978
1380263111198107
1380263111201677
1380263111202563
1380263111203319
1380263111203788
1380263111203878
1380263111204234
1380263111204541
1380263111209923
1380263111210385
1380263111210587
1380263111249343
1380263111249943
1380263111290514
1380263111329531
1380263111334609
1380263111338481
1380263111343919
1380263111347085
1380263111347213
1380263111350742
1380263111350932
1380263111351096
1380263111351466
1380263111351950
1380263111357526
1380263111357645
1380263111361609
1380263111361799
1380263111362021
1380263111362382
1380263111367932
1380263111405554
1380263111410973
1380263111411055
1380263111451251
1380263111472097
1380263111472453
1380263111472578
1380263111545782
1380263111545865
1380263111545915
1380263111545960
1380263111546005
1380263111552365
1380263111552483
1380263111552774
1380263111552837
1380263111552892
1380263111552958
1380263111553318
1380263111554668
1380263111554900
1380263111555050
1380263111561920
1380263111562019
1380263111562519
1380263111562880
1380263111562969
1380263111563268
1380263111563606
1380263111564067
1380263111564438
1380263111564520
1380263111564865
1380263111565249
1380263111565373
1380263111565649
1380263111566026
1380263111566195
1380263111567190
1380263111567814
1380263111568512
1380263111568701
1380263111568826
1380263111569357
1380263111569617
1380263111571055
1380263111571412
1380263111571693
1380263111572061
1380263111572227
1380263111572502
1380263111573036
1380263111573274
1380263111573521
1380263111573831
1380263111574173
1380263111575423
1380263111575766
1380263111576203
1380263111576522
1380263111576862
1380263111577421
1380263111577630
1380263111577969
1380263111578220
1380263111578448
1380263111578747
1380263111579131
1380263111579389
1380263111579607
1380263111579906
1380263111580248
1380263111580615
1380263111580933
1380263111581419
1380263111581564
1380263111582114
1380263111582559
1380263111582720
1380263111583087
1380263111583381
1380263111583623
1380263111583971
1380263111584320
1380263111584615
1380263111584918
1380263111585280
1380263111586206
1380263111586367
1380263111586570
1380263111586816
1380263111587043
1380263111587367
1380263111587516
1380263111587813
1380263111590790
1380263111591134
1380263111591443
1380263111591902
1380263111592237
1380263111592487
1380263111592838
1380263111593122
1380263111593274
1380263111593388
1380263111593644
1380263111593921
1380263111594175
1380263111594392
1380263111594548
1380263111595084
1380263111595701
1380263111601760
1380263111602184
1380263111602391
1380263111602822
1380263111606686
1380263111606840
1380263111607150
1380263111607514
1380263111607847
1380263111608119
1380263111608362
1380263111611333
1380263111611530
1380263111612070
1380263111612489
1380263111612896
1380263111613307
1380263111613521
1380263111615771
1380263111615957
1380263111616605
1380263111616848
1380263111617090
1380263111617345
1380263111617507
1380263111617666
1380263111619802
1380263111621054
1380263111621213
1380263111621406
1380263111622779
1380263111623244
1380263111623488
1380263111623795
1380263111624172
1380263111624352
1380263111624593
1380263111627599
1380263111627808
1380263111628022
1380263111628272
1380263111628716
1380263111629001
1380263111629362
1380263111629639
1380263111631882
1380263111632168
1380263111632307
1380263111639751
1380263111640135
1380263111640343
1380263111640638
1380263111641080
1380263111641330
1380263111641564
1380263111644445
1380263111647094
1380263111647378
1380263111647824
1380263111648352
1380263111648621
1380263111652126
1380263111652536
1380263111652757
1380263111653170
1380263111653352
1380263111653653
1380263111653853
1380263111654103
1380263111656649
1380263111656893
1380263111657369
1380263111657664
1380263111657920
1380263111658167
1380263111658446
1380263111658706
1380263111658974
1380263111659207
1380263111659356
1380263111660163
1380263111660272
1380263111661087
1380263111665825
1380263111666209
1380263111666421
1380263111666701
1380263111667096
1380263111667285
1380263111667561
1380263111667799
1380263111667999
1380263111670504
1380263111670750
1380263111671217
1380263111671439
1380263111672016
1380263111672250
1380263111672780
1380263111673104
1380263111673245
1380263111673388
1380263111678988
1380263111679454
1380263111679713
1380263111679835
1380263111684984
1380263111685311
1380263111685461
1380263111685599
1380263111690766
1380263111691024
1380263111691384
1380263111691624
1380263111691759
1380263111697049
1380263111697508
1380263111697770
1380263111697869
1380263111702865
1380263111703155
1380263111703438
1380263111703574
1380263111708688
1380263111709110
1380263111709242
1380263111709376
1380263111713741
1380263111767237
1380263111767581
1380263111774629
1380263111774892
1380263111775057
1380263111776084
1380263111776232
1380263111776711
1380263111776985
1380263111777412
1380263111777661
1380263111777886
1380263111778165
1380263111778312
1380263111778588
1380263111778865
1380263111779118
1380263111779478
1380263111779908
1380263111780076
1380263111780348
1380263111780496
1380263111780867
1380263111781122
1380263111781707
1380263111781907
1380263111782933
1380263111787618
1380263111787871
1380263111788216
1380263111788787
1380263111789123
1380263111789308
1380263111790213
1380263111790555
1380263111790831
1380263111794648
1380263111795722
1380263111796021
1380263111803722
1380263111804021
1380263111804323
1380263111804645
1380263111804949
1380263111805278
1380263111805647
1380263111805813
1380263112069437
1380263112073310
1380263112073542
1380263112078513
1380263112078761
1380263112078858
1380263112082498
1380263112333032
1380263113160935
1380263113166543
1380263113217463
1380263113238661
1380263113238833
1380263113249440
1380263113683848
1380263113686838
1380263113686862
1380263113889508
1380263113889577
1380263113889633
1380263113889687
1380263113889741
1380263113889795
1380263113890484
1380263113896115
1380263113896617
1380263113896708
1380263113897155
1380263113897242
1380263113897334
1380263113897535
1380263113897594
1380263113898040
1380263113898143
1380263113898171
1380263113898709
1380263113898754
1380263113902361
1380263113904203
1380263113904552
1380263113904939
1380263113905338
1380263113906470
1380263113906896
1380263113908397
1380263113910926
1380263113920187
1380263113920564
1380263113924856
1380263113925307
1380263113925629
1380263113925735
1380263113925812
1380263113925945
1380263113926027
1380263113928915
1380263113930524
1380263113930866
1380263113931013
1380263113932437
1380263113933756
1380263113934221
1380263113936922
1380263113944256
1380263113944606
1380263113981284
1380263113983408
1380263113988750
1380263113989107
1380263113989308
1380263113991171
1380263113991604
1380263113998118
1380263114000180
1380263114002661
1380263114007176
1380263114030064
1380263114058283
1380263114058434
1380263114069774
1380263114070069
1380263114070333
1380263114088979
1380263114094724
1380263114101972
1380263114102278
1380263114102451
1380263114102712
1380263114102821
1380263114383511
1380263114411405
1380263114411676
1380263114487987
1380263114587897
1380263114810169
1380263114911059
1380263114911556
1380263114915876
1380263114918004
