1379816694981808
1379816695153015
1379816695322728
1379816695322833
1379816695322914
1379816695323018
1379816695442790
1379816695492535
1379816695492704
1379816695492964
1379816695493097
1379816695493247
1379816695493345
1379816695493687
1379816695493815
1379816695612645
1379816695649933
1379816695662938
1379816695663146
1379816695663258
1379816695663371
1379816695663635
1379816695663758
1379816695664223
1379816695664309
1379816695822836
1379816695823122
1379816695996290
1379816695996471
1379816696034356
1379816696168610
1379816696168721
1379816696168828
1379816696168913
1379816696203075
1379816696207506
1379816696340900
1379816696341053
1379816696341296
1379816696341372
1379816696341610
1379816696341699
1379816696372412
1379816696373035
1379816696373435
1379816696513522
1379816696542276
1379816696542359
1379816696542554
1379816696542706
1379816696545316
1379816696718757
1379816696718861
1379816696757223
1379816696758083
1379816696758832
1379816696758866
1379816696758897
1379816696758937
1379816696891096
1379816696891209
1379816696891386
1379816696891516
1379816696929890
1379816696930032
1379816696931131
1379816696931243
1379816696931507
1379816696931627
1379816696931735
1379816696931862
1379816696932067
1379816696932888
1379816696934240
1379816696934364
1379816696934554
1379816697063636
1379816697098392
1379816697098508
1379816697098702
1379816697098851
1379816697099051
1379816697100003
1379816697101161
1379816697107611
1379816697107782
1379816697264913
1379816697265025
1379816697265128
1379816697265229
1379816697266138
1379816697279363
1379816697428913
1379816697429026
1379816697429180
1379816697429387
1379816697434045
1379816697434108
1379816697474219
1379816697641518
1379816697642477
1379816697642690
1379816697809943
1379816697810186
1379816697810248
1379816697978026
1379816697978152
1379816698013175
1379816698178913
1379816698179026
1379816698180665
1379816698345031
1379816698348678
1379816698348838
1379816698348934
1379816698510773
1379816698510869
1379816698510967
1379816698512389
1379816698675008
1379816698680500
1379816698680554
1379816698718027
1379816698884251
1379816698884320
1379816698922172
1379816699089579
1379816699090300
1379816699192791
1379816699192873
1379816699257934
1379816699297505
1379816699297644
1379816699365243
1379816699366276
1379816699399407
1379816699527086
1379816699527137
1379816699538475
1379816699538587
1379816699538829
1379816699538922
1379816699693940
1379816699694067
1379816699694238
1379816699694346
1379816699704058
1379816699705143
1379816699705552
1379816699705821
1379816699710861
1379816699710955
1379816699711043
1379816699711252
1379816699711625
1379816699711734
1379816699712171
1379816699712318
1379816699859495
1379816699859685
1379816699859839
1379816699859978
1379816699860094
1379816699862195
1379816699862288
1379816699870758
1379816699870918
1379816699871259
1379816699871683
1379816699883800
1379816699883930
1379816699884038
1379816699884115
1379816699885447
1379816699885530
1379816699885919
1379816699886027
1379816699886147
1379816699886230
1379816699887085
1379816700038570
1379816700056153
1379816700056336
1379816700056724
1379816700056905
1379816700056997
1379816700057459
1379816700058518
1379816700058878
1379816700059391
1379816700059490
1379816700059603
1379816700059710
1379816700059805
1379816700060280
1379816700060511
1379816700060614
1379816700060699
1379816700097772
1379816700220504
1379816700220585
1379816700229050
1379816700229152
1379816700229166
1379816700229267
1379816700229306
1379816700229340
1379816700229583
1379816700229739
1379816700229798
1379816700229857
1379816700229916
1379816700229976
1379816700230062
1379816700230560
1379816700230625
1379816700230687
1379816700230753
1379816700230815
1379816700230875
1379816700258502
1379816700282384
1379816700282480
1379816700304037
1379816700395786
1379816700395941
1379816700396103
1379816700396440
1379816700396701
1379816700396851
1379816700396963
1379816700397323
1379816700398656
1379816700398843
1379816700398982
1379816700399024
1379816700399137
1379816700399219
1379816700399225
1379816700399316
1379816700399567
1379816700399709
1379816700399829
1379816700399940
1379816700400049
1379816700400683
1379816700400850
1379816700401104
1379816700401201
1379816700401332
1379816700401573
1379816700401683
1379816700401774
1379816700402813
1379816700402986
1379816700403249
1379816700403362
1379816700403474
1379816700403673
1379816700403836
1379816700403940
1379816700404050
1379816700404378
1379816700404493
1379816700404514
1379816700405660
1379816700405864
1379816700406094
1379816700406366
1379816700406479
1379816700406538
1379816700406734
1379816700406743
1379816700406954
1379816700407092
1379816700407204
1379816700407352
1379816700407478
1379816700407612
1379816700407712
1379816700407948
1379816700407991
1379816700408065
1379816700408195
1379816700408348
1379816700409996
1379816700410117
1379816700410263
1379816700410388
1379816700410500
1379816700410640
1379816700410759
1379816700410874
1379816700411037
1379816700411146
1379816700411296
1379816700411410
1379816700411566
1379816700411693
1379816700560147
1379816700563511
1379816700563632
1379816700563756
1379816700563868
1379816700563965
1379816700567920
1379816700568006
1379816700568338
1379816700568574
1379816700568764
1379816700569393
1379816700572631
1379816700572667
1379816700573058
1379816700573431
1379816700573555
1379816700573652
1379816700574005
1379816700574081
1379816700575098
1379816700575196
1379816700575342
1379816700575669
1379816700712132
1379816700713248
1379816700727929
1379816700728085
1379816700728221
1379816700731472
1379816700731776
1379816700734797
1379816700734896
1379816700735168
1379816700735412
1379816700735505
1379816700735763
1379816700739797
1379816700741242
1379816700741362
1379816700741465
1379816700741886
1379816700741957
1379816700742321
1379816700742434
1379816700742747
1379816700742950
1379816700743136
1379816700815605
1379816700816064
1379816700854003
1379816700891380
1379816700891488
1379816700891634
1379816700900546
1379816700900638
1379816700900876
1379816700904893
1379816700904994
1379816700905231
1379816700908930
1379816700909070
1379816700909169
1379816700909270
1379816700909458
1379816700909641
1379816700909743
1379816700909959
1379816700910073
1379816700910214
1379816700947503
1379816700947758
1379816700947873
1379816700995401
1379816700995513
1379816701016193
1379816701016345
1379816701045141
1379816701045358
1379816701055410
1379816701055538
1379816701055634
1379816701055870
1379816701064713
1379816701064831
1379816701065383
1379816701065947
1379816701071412
1379816701077082
1379816701077106
1379816701077159
1379816701077224
1379816701077487
1379816701077651
1379816701077772
1379816701078267
1379816701097974
1379816701098048
1379816701098230
1379816701109994
1379816701111297
1379816701113556
1379816701113833
1379816701113987
1379816701114042
1379816701114254
1379816701114349
1379816701114512
1379816701167534
1379816701167724
1379816701185758
1379816701185999
1379816701214510
1379816701214733
1379816701220138
1379816701220278
1379816701220379
1379816701243944
1379816701244147
1379816701244219
1379816701244324
1379816701244500
1379816701244579
1379816701244637
1379816701270765
1379816701270997
1379816701280497
1379816701280827
1379816701280947
1379816701280955
1379816701281338
1379816701281441
1379816701283318
1379816701283559
1379816701283677
1379816701340064
1379816701355808
1379816701355919
1379816701384596
1379816701384788
1379816701384925
1379816701385039
1379816701385156
1379816701385258
1379816701387245
1379816701387365
1379816701387462
1379816701411292
1379816701411361
1379816701411488
1379816701411492
1379816701411602
1379816701411726
1379816701444310
1379816701444503
1379816701447284
1379816701447498
1379816701447620
1379816701449483
1379816701449765
1379816701449900
1379816701455712
1379816701455810
1379816701455939
1379816701456393
1379816701524800
1379816701524919
1379816701525015
1379816701549646
1379816701549757
1379816701549862
1379816701553350
1379816701553405
1379816701553613
1379816701553912
1379816701554250
1379816701554340
1379816701577800
1379816701577935
1379816701578105
1379816701590373
1379816701590463
1379816701611450
1379816701611608
1379816701613929
1379816701614114
1379816701614188
1379816701616058
1379816701616202
1379816701616277
1379816701616678
1379816701616886
1379816701617177
1379816701694291
1379816701694454
1379816701694569
1379816701714534
1379816701714758
1379816701720966
1379816701721077
1379816701721295
1379816701730562
1379816701730716
1379816701744421
1379816701744476
1379816701744542
1379816701744743
1379816701777896
1379816701778042
1379816701778150
1379816701780288
1379816701780399
1379816701780639
1379816701782798
1379816701782973
1379816701789856
1379816701789911
1379816701794337
1379816701863545
1379816701863809
1379816701863911
1379816701864128
1379816701864261
1379816701864359
1379816701878460
1379816701878584
1379816701878826
1379816701888079
1379816701888283
1379816701888384
1379816701899412
1379816701911594
1379816701911704
1379816701911955
1379816701944452
1379816701944575
1379816701944697
1379816701946899
1379816701947107
1379816701947218
1379816701949263
1379816701949373
1379816701949456
1379816701966461
1379816701966587
1379816702041999
1379816702042201
1379816702042310
1379816702055564
1379816702055618
1379816702055713
1379816702078344
1379816702078557
1379816702078599
1379816702078705
1379816702111625
1379816702111863
1379816702113555
1379816702113674
1379816702113820
1379816702113937
1379816702114052
1379816702114192
1379816702114683
1379816702115881
1379816702116037
1379816702116426
1379816702116529
1379816702116628
1379816702116707
1379816702116836
1379816702138698
1379816702138758
1379816702138955
1379816702205876
1379816702205980
1379816702206216
1379816702206322
1379816702206436
1379816702206535
1379816702207063
1379816702207244
1379816702222302
1379816702222357
1379816702222665
1379816702222787
1379816702222868
1379816702245127
1379816702245181
1379816702245326
1379816702245406
1379816702245612
1379816702245717
1379816702245804
1379816702278394
1379816702278602
1379816702281358
1379816702281516
1379816702281667
1379816702284380
1379816702284574
1379816702312182
1379816702313439
1379816702313601
1379816702370414
1379816702370577
1379816702389415
1379816702389790
1379816702412231
1379816702412280
1379816702444893
1379816702448030
1379816702448052
1379816702448152
1379816702450842
1379816702450910
