1379605568761577
1379605568777247
1379605568777639
1379605568777718
1379605568783360
1379605568783571
1379605568783745
1379605568784013
1379605568784089
1379605568784435
1379605568784624
1379605568784715
1379605568784915
1379605568785273
1379605568785413
1379605568789843
1379605568789930
1379605568799197
1379605568799829
1379605568800053
1379605568801898
1379605568802034
1379605568809709
1379605568809960
1379605568810134
1379605568810915
1379605568818750
1379605568823867
1379605568866436
1379605568874437
1379605568899990
1379605568915968
1379605568928244
1379605568942189
1379605568942351
1379605568942555
1379605568942607
1379605568954009
1379605568954252
1379605568954498
1379605568954755
1379605568955114
1379605568955241
1379605568957172
1379605568972827
1379605568973036
1379605568973318
1379605568979855
1379605568980047
1379605568980320
1379605568980430
1379605568980597
1379605568981818
1379605568981850
1379605568989184
1379605568989278
1379605568989460
1379605568989719
1379605568989840
1379605568990222
1379605568990362
1379605568990512
1379605568991008
1379605568991165
1379605568991251
1379605569031980
1379605569289527
1379605569289688
1379605569299051
1379605569299175
1379605569299391
1379605569306555
1379605569320385
1379605569322962
1379605569333693
1379605569333773
1379605569333838
1379605569334116
1379605569334662
1379605569334776
1379605569346068
1379605569346472
1379605569346710
1379605569347173
1379605569350796
1379605569358925
1379605569359555
1379605569359585
1379605569359697
1379605569359710
1379605569360112
1379605569360217
1379605569365752
1379605569371214
1379605569374339
1379605569374413
1379605569374609
1379605569374774
1379605569413019
1379605569418332
1379605569418564
1379605569418823
1379605569422442
1379605569422692
1379605569422855
1379605569422956
1379605569423175
1379605569423268
1379605569423918
1379605569424373
1379605569424527
1379605569424714
1379605569424776
1379605569424932
1379605569428796
1379605569472387
1379605569492179
1379605569507168
1379605569524100
1379605569524208
1379605569527368
1379605569540921
1379605569541789
1379605569556430
1379605569556547
1379605569556668
1379605569556763
1379605569557033
1379605569558273
1379605569562454
1379605569570279
1379605569570387
1379605569570650
1379605569570723
1379605569768735
1379605569772672
1379605569782737
1379605569787991
1379605569788190
1379605569788469
1379605569798456
1379605569802767
1379605569802852
1379605569802925
1379605569803046
1379605569805417
1379605569805718
1379605569805827
1379605569806089
1379605569809423
1379605569809574
1379605569809626
1379605569809674
1379605569809721
1379605569809772
1379605569815734
1379605569815922
1379605569816896
1379605569817085
1379605569817211
1379605569817406
1379605569817485
1379605569817559
1379605569817794
1379605569817926
1379605569818031
1379605569818510
1379605569818762
1379605569819016
1379605569819214
1379605569819480
1379605569819715
1379605569820159
1379605569820415
1379605569820524
1379605569820710
1379605569820824
1379605569821090
1379605569821112
1379605569822538
1379605569822838
1379605569822936
1379605569823192
1379605569824506
1379605569824670
1379605569824791
1379605569826057
1379605569827868
1379605569828750
1379605569831991
1379605569832154
1379605569832378
1379605569832450
1379605569832530
1379605569832743
1379605569833730
1379605569833896
1379605569834362
1379605569834519
1379605569836748
1379605569836916
1379605569840254
1379605569840713
1379605569846042
1379605569846077
1379605569846187
1379605569847035
1379605569848328
1379605569848614
1379605569852799
1379605569852988
1379605569853290
1379605569853590
1379605569853921
1379605569854186
1379605569854515
1379605569854724
1379605569854853
1379605569855024
1379605569855412
1379605569855665
1379605569855956
1379605569856101
1379605569856285
1379605569856549
1379605569856766
1379605569856877
1379605569857029
1379605569857260
1379605569857479
1379605569857606
1379605569857674
1379605569857773
1379605569858079
1379605569858215
1379605569858418
1379605569858538
1379605569860652
1379605569860757
1379605569861036
1379605569861146
1379605569863538
1379605569863854
1379605569866303
1379605569866305
1379605569866987
1379605569867207
1379605569867357
1379605569870689
1379605569870970
1379605569872060
1379605569872384
1379605569873418
1379605569873653
1379605569873778
1379605569873878
1379605569873958
1379605569874805
1379605569874938
1379605569875156
1379605569875361
1379605569875500
1379605569875657
1379605569876908
1379605569877314
1379605569877484
1379605569879772
1379605569881531
1379605569881781
1379605569881892
1379605569882726
1379605569883215
1379605569883389
1379605569885149
1379605569885382
1379605569885501
1379605569890159
1379605569890385
1379605569890500
1379605569894084
1379605569896745
1379605569897911
1379605569898778
1379605569899258
1379605569900001
1379605569904337
1379605569904557
1379605569905222
1379605569905578
1379605569905720
1379605569905926
1379605569906786
1379605569907077
1379605569907171
1379605569910746
1379605569911258
1379605569911484
1379605569911915
1379605569915757
1379605569916332
1379605569917225
1379605569917362
1379605569917490
1379605569919695
1379605569919918
1379605569920516
1379605569920734
1379605569920952
1379605569921199
1379605569921750
1379605569922163
1379605569922309
1379605569922550
1379605569922684
1379605569927639
1379605569927997
1379605569928151
1379605569930760
1379605569932246
1379605569932458
1379605569932672
1379605569932921
1379605569933091
1379605569933899
1379605569934148
1379605569935768
1379605569935988
1379605569936166
1379605569936352
1379605569937329
1379605569937649
1379605569937881
1379605569938088
1379605569938231
1379605569942234
1379605569942537
1379605569942774
1379605569943028
1379605569943237
1379605569943385
1379605569948360
1379605569948605
1379605569948854
1379605569949050
1379605569949567
1379605569949764
1379605569951826
1379605569952077
1379605569952224
1379605569952352
1379605569989855
1379605569993402
1379605570006245
1379605570034076
1379605570036815
1379605570093879
1379605570120169
1379605570138023
1379605570179449
1379605570179913
1379605570180027
1379605570233994
1379605570249848
1379605571414018
1379605571590941
1379605571645729
1379605571646023
1379605571663749
1379605571721097
1379605571722104
1379605571776118
1379605571776492
1379605571777048
1379605571817360
1379605572611516
1379605572614377
1379605572662107
