1379860774997022
1379860775009413
1379860775009490
1379860775009934
1379860775013583
1379860775013717
1379860775102119
1379860775107676
1379860775108104
1379860775108217
1379860775108315
1379860775108414
1379860775108884
1379860775108990
1379860775109085
1379860775112071
1379860775112275
1379860775113411
1379860775113572
1379860775113677
1379860775113918
1379860775114024
1379860775114340
1379860775114440
1379860775114660
1379860775114717
1379860775115198
1379860775115264
1379860775115509
1379860775115670
1379860775116011
1379860775117371
1379860775117446
1379860775118583
1379860775118671
1379860775118732
1379860775118985
1379860775119749
1379860775119962
1379860775120036
1379860775157709
1379860775158076
1379860775165853
1379860775165914
1379860775167744
1379860775167862
1379860775167970
1379860775168053
1379860775168122
1379860775168559
1379860775168656
1379860775168714
1379860775169362
1379860775169448
1379860775169816
1379860775169919
1379860775170148
1379860775170170
1379860775170593
1379860775170694
1379860775170922
1379860775170984
1379860775171072
1379860775171302
1379860775171393
1379860775172974
1379860775173176
1379860775173841
1379860775174289
1379860775174365
1379860775174776
1379860775175157
1379860775175353
1379860775175795
1379860775175857
1379860775175957
1379860775176198
1379860775176453
1379860775176988
1379860775177049
1379860775177139
1379860775177256
1379860775177621
1379860775178186
1379860775178280
1379860775178346
1379860775180151
1379860775180246
1379860775180626
1379860775186083
1379860775225682
1379860775225760
1379860775225808
1379860775225865
1379860775225912
1379860775226171
1379860775232149
1379860775232252
1379860775232337
1379860775233051
1379860775233372
1379860775233405
1379860775233484
1379860775233589
1379860775234175
1379860775234392
1379860775234608
1379860775234716
1379860775234825
1379860775235147
1379860775235176
1379860775235257
1379860775235761
1379860775235864
1379860775236107
1379860775236184
1379860775236289
1379860775236562
1379860775236666
1379860775236919
1379860775237001
1379860775237097
1379860775238791
1379860775238886
1379860775239244
1379860775239318
1379860775239537
1379860775240174
1379860775244997
1379860775245142
1379860775245669
1379860775245820
1379860775246495
1379860775246596
1379860775246667
1379860775246769
1379860775247154
1379860775247244
1379860775247349
1379860775247414
1379860775247524
1379860775247936
1379860775248051
1379860775248154
1379860775248219
1379860775248292
1379860775250524
1379860775250699
1379860775250777
1379860775251775
1379860775251850
1379860775251958
1379860775252055
1379860775252442
1379860775252493
1379860775256302
1379860775256414
1379860775256514
1379860775256604
1379860775256673
1379860775258079
1379860775258893
1379860775258978
1379860775259205
1379860775259303
1379860775259365
1379860775260162
1379860775260263
1379860775260369
1379860775260465
1379860775260816
1379860775260909
1379860775260977
1379860775261325
1379860775261399
1379860775262820
1379860775262927
1379860775263215
1379860775267830
1379860775268248
1379860775268808
1379860775269140
1379860775269179
1379860775269387
1379860775270456
1379860775270563
1379860775270626
1379860775271029
1379860775271129
1379860775275407
1379860775275806
1379860775275909
1379860775275972
1379860775276085
1379860775276450
1379860775276511
1379860775309260
1379860775309286
1379860775313516
1379860775313955
1379860775319460
1379860775319534
1379860775319847
1379860775323549
1379860775323757
1379860775323856
1379860775324069
1379860775324318
1379860775324434
1379860775324528
1379860775324835
1379860775324909
1379860775324957
1379860775325004
1379860775325104
1379860775325152
1379860775330777
1379860775330978
1379860775331087
1379860775331293
1379860775331414
1379860775331584
1379860775331984
1379860775332213
1379860775332416
1379860775332805
1379860775333146
1379860775333276
1379860775333438
1379860775333538
1379860775334081
1379860775334212
1379860775334614
1379860775334911
1379860775340888
1379860775340989
1379860775341070
1379860775341871
1379860775342279
1379860775342559
1379860775342752
1379860775343066
1379860775343565
1379860775343871
1379860775348888
1379860775349169
1379860775352646
1379860775352884
1379860775353180
1379860775353388
1379860775353682
1379860775354011
1379860775354305
1379860775354449
1379860775354772
1379860775355005
1379860775358548
1379860775358805
1379860775359208
1379860775359664
1379860775359885
1379860775360137
1379860775360386
1379860775360637
1379860775360868
1379860775361275
1379860775361536
1379860775361810
1379860775362216
1379860775362384
1379860775364612
1379860775364742
1379860775365049
1379860775365435
1379860775365620
1379860775365862
1379860775366052
1379860779918635
1379860779955267
1379860779955483
1379860779990922
1379860780195513
1379860780201162
1379860780201356
1379860780201466
1379860780201574
1379860780201662
1379860780202244
1379860780232927
1379860780256965
1379860781187641
1379860781226021
1379860781427450
1379860781463577
1379860781464067
1379860781505190
1379860781507365
1379860793000367
