-224
1470
1470
737
-592
827
-590
405
1507
-174
294
-582
838
2752
1470
2807
2888
1470
1470
1470
1470
2888
1470
1470
1470
1041
-220
2888
1033
-592
827
-174
-220
-220
-220
-220
-220
-220
-220
-220
-228
278
-618
1470
1470
1034
3604
3604
3604
3604
1470
1470
768
3604
2888
1034
2888
1470
2597
-174
278
-592
827
-174
-644
1500
1500
1252
-174
628
278
-174
278
-174
278
-604
-604
-604
278
1470
2274
-174
-621
1470
1470
1588
2888
1470
1470
1018
609
2211
278
-584
1500
1016
-250
-174
-604
-604
-604
-604
1470
1470
1265
1470
2888
707
4024
278
-174
1470
1470
1666
-604
278
-604
-604
-604
-604
318
1470
1470
1464
5270
-604
1470
1470
1470
1027
-185
1470
1470
1434
2888
1425
-604
-604
-604
-606
-609
1470
1470
1694
-605
1470
1470
1470
1316
-620
2888
1470
933
2047
1470
1470
1987
-611
-612
1470
1806
1078
2559
554
554
-515
345
-89
89
440
1059
-196
660
