-419
1500
1500
1500
1500
1500
1500
1500
1500
1500
1500
1500
1500
1500
1500
1500
1500
1500
1500
1500
1500
1500
1500
1500
1500
1500
1500
1500
1500
1500
1500
1500
628
-838
418
-440
348
-457
1500
1500
1500
1500
1500
1500
1500
1500
1500
1500
1500
1500
-459
1500
1500
1500
1500
1500
1403
1500
1500
1634
-464
1500
1718
-466
1500
1500
1500
1500
1500
1500
1500
1500
1500
1500
1500
1500
1500
1300
-466
1500
1500
1500
1500
1738
-451
1330
-465
-464
1500
1500
1826
2948
-465
1500
1500
1500
1323
1500
1500
1500
1500
-466
-523
-523
-465
-466
-464
-466
421
483
1500
1500
1500
508
1500
2948
1500
1500
1562
1500
1500
1459
-420
1500
1500
2948
1500
1500
1500
1500
1500
1500
1500
1500
1500
1045
1687
2948
1828
1062
-466
1110
-464
1500
1500
1500
1500
1629
-466
1500
1500
2335
-454
850
-464
1500
1500
2467
-466
1500
1500
2467
-465
-466
-464
-523
-523
1554
477
2589
2948
1500
-439
-523
-523
2948
1641
1500
1500
2262
1578
608
1254
-523
-523
-523
-523
1542
1500
1500
809
1500
1500
2948
1500
1500
1500
936
2948
1652
-228
1500
1500
1500
389
-584
1500
1016
-250
111
-185
366
-89
89
-196
