-417
1500
1500
1500
1500
1500
2948
1500
1264
-427
1500
1500
2948
1500
1500
1500
1407
-428
1500
1500
2948
1500
1315
-429
1500
1500
2948
1500
1500
1500
1500
1500
1500
1500
1500
-429
1500
1500
2261
-429
2948
1500
1500
1500
1500
1500
1500
1576
-429
1500
1500
2948
1500
1500
1500
1500
1500
1500
1500
850
-429
1500
1500
1500
1500
1500
1500
1500
1500
1500
1500
1574
-436
1500
2948
1500
1500
1500
1500
-429
2948
2004
1500
1500
1500
1657
-429
-429
1500
2948
2948
1275
853
2948
1500
1500
1500
2948
1500
1500
2948
1500
1500
1500
2948
1275
2948
1500
1500
1500
1289
2948
1500
2948
173
-575
-429
-429
-429
-429
-429
1500
2948
1500
1500
1500
1500
1500
1500
1500
1500
1500
1500
1500
1500
1500
1500
1500
1500
1500
493
2948
1500
1500
1500
1275
2948
1500
1500
779
2948
1500
1500
1500
1500
1500
1642
1500
1393
2948
1500
1500
1500
1500
1500
1500
1500
1424
-429
-440
-429
-429
-429
-429
1500
2948
1556
-429
1500
1500
2948
1500
1500
1500
1561
1500
1500
1500
1500
1500
1500
1500
1500
1500
1500
1500
779
1500
1500
1500
1500
1500
1275
2948
1500
1500
1500
1500
1500
1500
1500
1500
1500
1500
1500
1500
1500
1500
1500
1500
779
1500
2282
1500
1500
1500
1288
2948
1500
1500
1500
1500
1500
1500
1500
1500
1500
642
1500
2948
1500
1500
1500
1500
848
528
1500
1500
1500
1500
2948
1500
-451
-429
-429
-429
2948
2384
-429
1500
2948
2948
1236
-429
4396
2948
2723
3781
-429
1500
1500
1500
1500
1500
1275
1500
2948
1646
-429
2948
1500
2948
1275
2948
2948
1500
1764
-429
2948
4396
5844
3220
-429
1500
2948
2948
2948
2948
2948
1500
2948
1500
1116
-429
526
5844
7292
2948
1500
2948
1917
-429
4396
-538
5619
3843
-429
-542
1500
1500
1500
1500
1500
1275
2948
2948
2452
1500
2948
1500
1500
2948
1500
1500
1500
4396
4396
1500
1500
1500
2948
2948
2948
1500
1500
1500
2948
2948
2948
1500
1500
3178
1500
1500
734
2948
2948
1500
1275
2948
1500
1500
1500
1500
1313
1531
2948
2948
1500
2948
2948
1432
1500
1500
2948
1500
1500
2948
1500
1500
1500
1018
2948
1500
1500
1500
-536
-429
-429
-429
-429
-429
7292
4396
4396
1500
2948
1500
1500
1500
1500
1500
1500
9201
-531
1500
1500
1500
1500
1500
1275
2948
1500
1500
1500
1824
-429
1500
1500
1500
1500
1500
1500
1500
1500
1500
901
-429
2948
1500
1500
1500
1500
1500
1500
1500
1500
1500
1722
1500
-429
1500
1500
1500
1500
1500
1500
1500
1500
1275
2948
1500
2948
1500
1500
575
-429
1500
1500
1500
1500
1500
1500
1500
1500
1500
1275
2948
1500
902
-429
1500
1715
1500
2948
1500
7067
4396
2948
4396
2238
-429
711
8494
-429
7292
5844
1500
2227
7292
8515
800
-429
7292
7292
5452
-429
1500
8740
6023
-429
4396
1500
2723
2948
1625
-429
3000
1155
1600
1500
4396
1500
4396
1500
2948
1500
1500
1500
1500
1500
1500
1500
1500
1500
2948
2948
2948
1500
2227
1500
2948
4396
1500
2948
1500
1500
1500
2948
1500
1665
-429
2948
2948
2723
1500
2948
1500
2948
1632
-429
4396
4396
1500
1500
2948
2227
4396
2948
3977
-429
4396
1653
-429
1500
2792
-429
1500
4396
1500
4396
2948
1500
779
3367
-429
1500
2948
1500
1500
1500
1500
1500
1500
1500
1500
991
-429
1500
1500
2948
1500
1500
1500
2948
2948
2948
2029
-429
1500
2948
1500
2948
2948
3239
-429
1500
1500
2948
2723
2948
2948
2723
1595
2948
4396
2526
2948
2948
1500
2723
2948
1500
1500
568
1500
1500
1500
1607
1500
596
-587
1014
-228
1500
1500
1252
609
-584
1500
1016
-250
318
-185
345
-89
89
-196
1500
2948
1500
1500
1275
2948
1500
1500
1500
1004
2948
1500
2948
1004
1500
1443
-463
1524
