-442
1512
1512
1512
1512
1512
1512
-458
1512
1512
1512
1512
1512
1512
1512
1512
2972
1512
1512
1512
1512
1512
13192
-461
1512
1512
1512
1512
1512
1512
1512
1512
1512
1512
1512
1512
989
2972
2972
-463
1515
-474
-446
1512
1512
870
1512
1512
1512
1512
1512
1512
1512
1281
1610
1512
1512
1512
1409
-477
-228
1500
1500
1252
609
-475
-475
1512
1512
-475
2972
1512
1512
2972
1512
1512
1512
1512
1512
1512
1512
1512
1512
1512
1512
1512
1499
1512
-475
2972
1512
1512
-475
1512
1512
1512
1512
1512
1512
1512
1512
1512
1512
1653
1512
1883
1512
1512
1512
1512
-475
1512
1512
2972
1512
1512
1512
1512
1516
1512
1512
1512
1512
1512
1512
1512
1512
1512
837
-475
2681
1512
1512
1512
1512
-475
2972
1512
1037
-475
1512
1512
1512
1512
2972
1512
1512
-509
1512
633
1512
1512
1512
1512
1512
1512
1512
1512
1512
1512
1512
1512
-509
1512
1512
1512
1512
1512
1512
1512
1512
1512
1975
1512
1512
1512
1512
1512
1512
1512
1512
1512
1512
1512
1512
2972
1512
-509
1512
750
2268
1512
1512
1512
593
-509
-475
-509
-509
-509
-475
1512
1726
2972
2972
1512
2972
1512
1512
1512
1512
1512
1512
1512
1512
1512
1064
1512
1512
1512
1512
1512
1512
1512
1512
1512
1512
1512
1319
1512
2972
1512
-509
1877
1512
1512
1512
1512
609
1512
1512
2972
1512
1512
1512
1512
2972
1512
1512
1512
1512
1178
-509
1512
1512
4432
1512
1512
1512
1512
1512
1512
1512
1512
1512
1512
1512
1512
1512
1383
1512
1512
1512
1512
-509
2972
1512
1512
1578
-509
1512
1512
705
-509
1512
1512
1473
-509
1512
1512
1512
1512
1804
-463
1128
-486
-485
612
1512
1512
957
840
-250
318
383
