-433
1500
1220
1500
1500
1500
1500
1500
1500
3484
-579
7292
4396
1500
1500
-553
1500
1500
1500
1500
1500
1500
1500
1500
1500
1500
1500
1500
1500
1500
1500
1500
1500
1500
1500
1500
1500
1500
-646
2948
1500
1500
1500
2948
1500
1500
2948
1500
1500
1500
1500
1500
1500
2948
1500
1500
2948
1500
1500
1028
2948
1500
1500
2948
2948
4087
-600
4946
1500
1370
-598
-598
-597
-591
-596
1273
1500
1500
1120
516
1500
2948
1500
1500
2948
1500
1500
1500
2948
2948
1500
2948
958
1500
223
4396
-585
-592
-596
-597
-594
4396
1500
1500
1500
2948
2948
1500
1500
7292
8740
7292
2948
1500
3478
-586
2569
4396
914
-585
5844
-535
4396
1500
1500
2250
3978
2948
1500
7292
8740
7292
8740
7292
8740
1438
1933
4396
729
1428
-574
-228
-628
-603
-637
-595
1500
1858
1500
2641
-599
1500
1500
633
-595
1500
1500
1500
1500
1500
1500
1500
1500
1500
1500
445
-601
1500
2948
1500
1500
1500
1500
1500
1500
1500
1500
1500
1500
669
875
-602
-592
1488
1500
1500
1500
1500
1331
-599
1272
2936
1958
1625
1500
1890
389
-694
792
-584
1500
1016
-250
111
-185
403
-89
-196
660
