-218
1500
1500
881
-605
1500
1016
-366
290
-467
1500
1500
2948
1500
1500
1500
1500
1500
1324
-233
1500
1500
2806
-615
840
-615
840
-234
-229
-225
-234
302
2948
1252
2972
1228
2888
878
-509
1606
561
1500
1500
1500
1500
1500
1500
1500
1500
1500
1500
-613
1500
1500
1500
1500
1500
1500
827
16436
5388
16436
-611
8884
405
1183
376
-174
7604
16436
5753
-228
294
-615
840
-362
-530
-234
-234
95
-524
1500
302
2700
-514
729
1606
682
1500
1686
-234
1500
1500
1252
302
609
-485
1500
689
-605
1500
1016
-250
-458
-229
-605
-608
-457
-457
-457
-458
-458
-457
-457
-458
-458
1500
2700
2948
1500
1500
1500
679
1500
1500
1500
1500
1500
2948
1500
1500
1500
-600
1500
2700
2948
1252
1500
2700
2948
1252
3583
1500
2700
4148
2948
1252
1606
2948
1252
2948
1252
5735
1500
158
1606
1606
1606
1606
1606
3768
1606
1606
1606
-613
827
-174
318
-234
-185
-589
294
-608
302
1500
1500
1500
1500
1500
1500
1500
1500
1500
1500
-618
1500
1500
1500
886
-607
889
-234
-607
1500
2948
1500
1500
1500
1500
648
-234
794
-602
302
-234
1500
1033
302
1500
1500
2948
1500
1500
1500
1500
1500
1500
1500
302
2948
1500
1500
1500
1500
1500
-601
7292
1500
1500
1500
1500
1500
1500
1500
1500
1500
1500
1500
1500
2948
2948
1500
2948
1500
1500
1500
1500
1500
2948
1500
1500
2948
382
1500
1500
1500
1500
1500
2948
1500
15980
16436
16436
3940
16436
8961
-613
-89
-232
16436
981
1500
-196
-234
1500
5844
1500
1500
1500
1500
1448
1470
-234
1470
918
302
302
-613
827
-174
-590
-234
-596
294
-234
-741
-593
302
841
2948
1500
1500
1500
2948
1500
1500
1500
-234
302
2948
1403
-234
1500
1500
1500
1500
1784
-594
302
302
958
1500
1500
2948
1500
1500
1500
2948
1500
1576
-601
1500
1500
2948
1500
1500
1500
1500
1500
1500
-581
1500
1500
1500
1500
1500
1500
1500
1500
1500
1500
1500
1500
1500
1500
1500
1500
1500
11636
1500
815
-219
1500
1500
1500
1500
1500
1500
1500
1500
1500
1500
1500
1500
1500
1500
1500
1373
1470
2145
-596
-613
1500
1500
2948
1500
1500
1500
1500
1500
1500
1500
1500
1500
1500
1500
1500
827
-174
16436
5388
4971
278
-739
450
