1379244603832161
1379244603853568
1379244603853886
1379244603853933
1379244603927009
1379244603954264
1379244604165013
1379244604346303
1379244604346944
1379244604378564
1379244604398646
1379244604399448
1379244604437541
1379244604440905
1379244604441015
1379244604441226
1379244604441527
1379244604441680
1379244604457589
1379244604457676
1379244604457896
1379244604461112
1379244604461407
1379244604461748
1379244604461811
1379244604462020
1379244604510081
1379244604523453
1379244604523616
1379244604561126
1379244604671351
1379244604699103
1379244604736140
1379244604736525
1379244604736812
1379244604737068
1379244604737340
1379244604737595
1379244604737856
1379244604738120
1379244604738461
1379244604748370
1379244604751377
1379244604751526
1379244604751656
1379244604758035
1379244604759957
1379244604760049
1379244604760099
1379244604760368
1379244604760558
1379244604761014
1379244604761080
1379244604761986
1379244604762199
1379244604762368
1379244604762556
1379244604762778
1379244604762842
1379244604763764
1379244604763829
1379244604770809
1379244604770898
1379244604770970
1379244604771181
1379244604786697
1379244604831561
1379244604885663
1379244604890700
1379244604950106
1379244604969304
1379244604988793
1379244604989532
1379244604989749
1379244604989819
1379244604989978
1379244605008606
1379244605009628
1379244605009980
1379244605027158
1379244605027877
1379244605028992
1379244605030743
1379244605030954
1379244605031008
1379244605046198
1379244605047027
1379244605049659
1379244605049802
1379244605050031
1379244605050046
1379244605052791
1379244605053654
1379244605058081
1379244605066383
1379244605070486
1379244605070556
1379244605070644
1379244605074605
1379244605075141
1379244605075215
1379244605075374
1379244605076337
1379244605077112
1379244605078000
1379244605083208
1379244605084931
1379244605086950
1379244605087033
1379244605087367
1379244605087880
1379244605087987
1379244605092511
1379244605104380
1379244605104412
1379244605104486
1379244605104854
1379244605105090
1379244605105291
1379244605105557
1379244605105628
1379244605105857
1379244605110377
1379244605122312
1379244605134060
1379244605149390
1379244605149472
1379244605154410
1379244605155196
1379244605155951
1379244605156787
1379244605157649
1379244605158425
1379244605169912
1379244605174979
1379244605177820
1379244605178114
1379244605178195
1379244605178411
1379244605178619
1379244605178811
1379244605178895
1379244605179227
1379244605179373
1379244605179475
1379244605179946
1379244605190997
1379244605191340
1379244605191368
1379244605191575
1379244605191649
1379244605191722
1379244605192065
1379244605192073
1379244605192245
1379244605192321
1379244605192770
1379244605193193
1379244605195752
1379244605203353
1379244605203457
1379244605203816
1379244605203913
1379244605203917
1379244605203990
1379244605212738
1379244605212845
1379244605213381
1379244605214504
1379244605218999
1379244605219054
1379244605256157
1379244605258465
1379244605267216
1379244605267551
1379244605332689
1379244605369716
1379244605369742
1379244605369789
1379244605370164
1379244605408586
