1379223973663363
1379223974111056
1379223974111148
1379223974111218
1379223974123058
1379223974124476
1379223974124534
1379223974124732
1379223974124795
1379223974124885
1379223974125179
1379223974125270
1379223974136733
1379223974164312
1379223974174891
1379223974175044
1379223974175633
1379223974175759
1379223974175848
1379223974176179
1379223974176382
1379223974176558
1379223974188194
1379223974189489
1379223974189745
1379223974189838
1379223974190192
1379223974201842
1379223974202114
1379223974202372
1379223974202721
1379223974202803
1379223974203103
1379223974203617
1379223974203813
1379223974203868
1379223974204170
1379223974204734
1379223974211830
1379223974214558
1379223974216946
1379223974217017
1379223974217247
1379223974217334
1379223974217389
1379223974217620
1379223974225348
1379223974229448
1379223974234612
1379223974243529
1379223974243587
1379223974243674
1379223974243937
1379223974244185
1379223974244388
1379223974244453
1379223974255622
1379223974255676
1379223974268835
1379223974283517
1379223974283582
1379223974326612
1379223974326959
1379223974373983
1379223974374067
1379223974374397
1379223974374520
1379223974388263
1379223974388363
1379223974388634
1379223974389031
1379223974389928
1379223974390013
1379223974390131
1379223974390605
1379223974390707
1379223974390766
1379223974391122
1379223974391183
1379223974391450
1379223974391473
1379223974391560
1379223974391799
1379223974391869
1379223974392072
1379223974392420
1379223974392480
1379223974392710
1379223974405739
1379223974406092
1379223974406225
1379223974406892
1379223974407063
1379223974407168
1379223974407235
1379223974407787
1379223974407855
1379223974408329
1379223974408500
1379223974417002
1379223974417079
1379223974417140
1379223974417471
1379223974417661
1379223974417713
1379223974421668
1379223974421671
1379223974421856
1379223974422372
1379223974422545
1379223974422699
1379223974422769
1379223974423226
1379223974423291
1379223974423496
1379223974423705
1379223974423790
1379223974423876
1379223974423930
1379223974424514
1379223974424699
1379223974424782
1379223974424973
1379223974429294
1379223974429560
1379223974435406
1379223974435694
1379223974435971
1379223974436359
1379223974436702
1379223974436882
1379223974436952
1379223974437360
1379223974437420
1379223974437589
1379223974437666
1379223974437864
1379223974438183
1379223974438622
1379223974438787
1379223974438851
1379223974442820
1379223974448071
1379223974448150
1379223974448215
1379223974448358
1379223974448444
1379223974451603
1379223974451808
1379223974452159
1379223974453468
1379223974455955
1379223974456224
1379223974456423
1379223974456585
1379223974456907
1379223974457315
1379223974457383
1379223974457484
1379223974457711
1379223974458101
1379223974458296
1379223974458382
1379223974458574
1379223974461033
1379223974461142
1379223974461236
1379223974461482
1379223974461558
1379223974466868
1379223974466971
1379223974467204
1379223974467282
1379223974467347
1379223974467633
1379223974467846
1379223974467893
1379223974469140
1379223974469362
1379223974469447
1379223974469653
1379223974469726
1379223974470002
1379223974470272
1379223974470799
1379223974470998
1379223974471243
1379223974471624
1379223974471798
1379223974472058
1379223974472164
1379223974472306
1379223974472462
1379223974472607
1379223974472723
1379223974472856
1379223974473094
1379223974473287
1379223974473565
1379223974473662
1379223974473795
1379223974474877
1379223974475072
1379223974475228
1379223974475418
1379223974475566
1379223974475755
1379223974476362
1379223974476528
1379223974476671
1379223974476761
1379223974477347
1379223974477398
1379223974477488
1379223974481612
1379223974481777
1379223974482022
1379223974482248
1379223974482530
1379223974482662
1379223974482958
1379223974483496
1379223974483912
1379223974484187
1379223974484524
1379223974484749
1379223974486530
1379223974486769
1379223974487089
1379223974487246
1379223974487412
1379223974487602
1379223974487926
1379223974488162
1379223974488379
1379223974488633
1379223974488862
1379223974489115
1379223974489258
1379223974489445
1379223974489606
1379223974489818
1379223974490020
1379223974490181
1379223974490427
1379223974490688
1379223974490981
1379223974491172
1379223974491426
1379223974491615
1379223974491900
1379223974492085
1379223974492202
1379223974492544
1379223974492839
1379223974493153
1379223974493321
1379223974493737
1379223974493821
1379223974494213
1379223974494577
1379223974494877
1379223974495246
1379223974495442
1379223974495997
1379223974496356
1379223974496645
1379223974496974
1379223974497126
1379223974497711
1379223974497967
1379223974501370
1379223974501572
1379223974501737
1379223974502153
1379223974502483
1379223974502659
1379223974503043
1379223974503187
1379223974503386
1379223974504197
1379223974504471
1379223974505817
1379223974506059
1379223974508716
1379223974508896
1379223974509159
1379223974509406
1379223974509552
1379223974509809
1379223974510054
1379223974510396
1379223974510683
1379223974521276
1379223974521457
1379223974561174
1379223974860146
1379223974860202
1379223974865440
1379223974906614
1379223976670326
1379223976771237
1379223976771310
1379223976771413
1379223976870976
1379223976899011
1379223976911406
1379223976932561
1379223977036980
1379223977038018
1379223977138041
1379223977138346
1379223977176704
