1379254657477132
1379254657910324
1379254657915543
1379254657915659
1379254658107903
1379254658109268
1379254658112118
1379254658117051
1379254658117131
1379254658305784
1379254658311107
1379254658311187
1379254658311630
1379254658311708
1379254658311979
1379254658503572
1379254658508309
1379254658512792
1379254658519360
1379254658525794
1379254658534469
1379254658534769
1379254658538595
1379254658538704
1379254658538806
1379254658539073
1379254658539180
1379254658539374
1379254658539659
1379254658540178
1379254658546927
1379254658547026
1379254658552038
1379254658552180
1379254658552457
1379254658553393
1379254658594282
1379254658594393
1379254658594737
1379254658601162
1379254658604978
1379254658653716
1379254658697854
1379254658773588
1379254658774398
1379254658785398
1379254658814390
1379254658848833
1379254659055886
1379254659059344
1379254659081582
1379254659149517
1379254659149626
1379254659159224
1379254659178993
1379254659179271
1379254659179624
1379254659252588
1379254659252767
1379254659269805
1379254659269916
1379254659346330
1379254659348679
1379254659351774
1379254659354318
1379254659366206
1379254659366452
1379254659374597
1379254659374771
1379254659377273
1379254659377434
1379254659477209
1379254659477318
1379254659481134
1379254659517731
1379254659530585
1379254659530652
1379254659541886
1379254659542233
1379254659548862
1379254659549092
1379254659549340
1379254659615094
1379254659615223
1379254659616761
1379254659616982
1379254659617099
1379254659619231
1379254659619390
1379254659641638
1379254659646834
1379254659647046
1379254659790186
1379254659792364
1379254659792454
1379254659792720
1379254659792855
1379254659803913
1379254659811101
1379254659819633
1379254659824446
1379254659835935
1379254659864888
1379254659865513
1379254659874357
1379254659882194
1379254659882562
1379254659886230
1379254659886884
1379254659886943
1379254659887119
1379254659922656
1379254659923966
1379254659924416
1379254659927834
1379254659953555
1379254659955733
1379254659993553
1379254660001632
1379254660001876
1379254660001965
1379254660006882
1379254660006963
1379254660007066
1379254660015257
1379254660015473
1379254660020582
1379254660020687
1379254660020933
1379254660021036
1379254660039442
1379254660039788
1379254660044171
1379254660044370
1379254660061877
1379254660069099
1379254660069177
1379254660069338
1379254660131588
1379254660132071
1379254660132397
1379254660132500
1379254660132567
1379254660132672
1379254660133389
1379254660133503
1379254660168897
1379254660169075
1379254660234525
1379254660238664
1379254660238822
1379254660246500
1379254660246600
1379254660246683
1379254660247151
1379254660247277
1379254660256342
1379254660256425
1379254660256531
1379254660257074
1379254660257129
1379254660257247
1379254660257512
1379254660257755
1379254660262110
1379254660264619
1379254660264697
1379254660265102
1379254660265237
1379254660274305
1379254660274574
1379254660274688
1379254660274782
1379254660274863
1379254660274961
1379254660285118
1379254660285195
1379254660285316
1379254660285415
1379254660285814
1379254660285918
1379254660287989
1379254660288106
1379254660288435
1379254660292833
1379254660293230
1379254660293416
1379254660293703
1379254660293924
1379254660294032
1379254660294124
1379254660303009
1379254660303329
1379254660303631
1379254660303741
1379254660303867
1379254660311374
1379254660311640
1379254660311920
1379254660312177
1379254660312318
1379254660312442
1379254660329921
1379254660330020
1379254660330225
1379254660333104
1379254660338692
1379254660338802
1379254660338881
1379254660339037
1379254660423391
1379254660428344
1379254660428464
1379254660428548
1379254660428610
1379254660428768
1379254660436645
1379254660436758
1379254660436870
1379254660437495
1379254660437640
1379254660444887
1379254660445151
1379254660445418
1379254660445505
1379254660445584
1379254660445871
1379254660445969
1379254660446016
1379254660446126
1379254660455652
1379254660455873
1379254660455966
1379254660456055
1379254660492363
1379254660492833
1379254660492999
1379254660553826
1379254660558794
1379254660558921
1379254660558995
1379254660559138
1379254660583148
1379254660583425
1379254660583556
1379254660604338
1379254660606071
1379254660606343
1379254660606452
1379254660719173
1379254660719258
1379254660724214
1379254660724313
1379254660724506
1379254660730855
1379254660730945
1379254660731039
1379254660731249
1379254660739043
1379254660739154
1379254660739490
1379254660739594
1379254660745939
1379254660746035
1379254660746144
1379254660746216
1379254660746435
1379254660753542
1379254660753661
1379254660753774
1379254660753873
1379254660754377
1379254660754497
1379254660760505
1379254660760870
1379254660761039
1379254660767396
1379254660767706
1379254660767781
1379254660767920
1379254660774938
1379254660775265
1379254660775394
1379254660781111
1379254660781423
1379254660781486
1379254660781623
1379254660789425
1379254660792638
1379254660792731
1379254660792879
1379254660799231
1379254660799510
1379254660799630
1379254660805376
1379254660805587
1379254660812840
1379254660812908
1379254660813101
1379254660819167
1379254660821017
1379254660821099
1379254660821307
1379254660824410
1379254660824502
1379254660824640
1379254660828852
1379254660828979
1379254660829068
1379254660829149
1379254660832352
1379254660832604
1379254660832692
1379254660835563
1379254660835815
1379254660835906
1379254660836083
1379254660836164
1379254660836499
1379254660836599
1379254660836753
1379254660839112
1379254660839375
1379254660839544
1379254660842256
1379254660842392
1379254660842498
1379254660842636
1379254660844278
1379254660844421
1379254660844522
1379254660849300
1379254660849484
1379254660849592
1379254660851285
1379254660851485
1379254660851579
1379254660855967
1379254660856108
1379254660858934
1379254660859056
1379254660859383
1379254660859458
1379254660859857
1379254660859928
1379254660860101
1379254660860213
1379254660860380
1379254660863477
1379254660863601
1379254660863708
1379254660863806
1379254660864329
1379254660864406
1379254660864791
1379254660864895
1379254660864981
1379254660865327
1379254660865553
1379254660865814
1379254660865916
1379254660865983
1379254660866362
1379254660866383
1379254660866468
1379254660866547
1379254660867034
1379254660867119
1379254660871929
1379254660872027
1379254660872126
1379254660872189
1379254660872300
1379254660872405
1379254660873114
1379254660873288
1379254660873317
1379254660873396
1379254660873556
1379254660877898
1379254660878009
1379254660878101
1379254660878189
1379254660878294
1379254660879172
1379254660879254
1379254660879408
1379254660880330
1379254660880600
1379254660880679
1379254660880787
1379254660881074
1379254660881420
1379254660881495
1379254660881623
1379254660882167
1379254660884861
1379254660885063
1379254660886974
1379254660887072
1379254660887361
1379254660887437
1379254660887458
1379254660887645
1379254660888028
1379254660892450
1379254660894336
1379254660894434
1379254660895063
1379254660895152
1379254660895536
1379254660895618
1379254660895709
1379254660896148
1379254660896214
1379254660896318
1379254660896724
1379254660914015
1379254660914117
1379254661070452
