1379240002283130
1379240002296568
1379240002296653
1379240002296737
1379240002344309
1379240002356874
1379240002357153
1379240003350087
1379240003376238
1379240003391537
1379240003392550
1379240003429907
1379240003429971
1379240003430075
1379240003464598
1379240003479349
1379240003492031
1379240003492122
1379240003497064
1379240003535509
1379240003536474
1379240003572540
1379240003572918
1379240003573514
1379240003604416
1379240003604590
1379240003604743
1379240003604951
1379240003606940
1379240003617959
1379240003618093
1379240003618183
1379240003618497
1379240003712530
1379240003728059
1379240003728200
1379240003728291
1379240003851686
1379240003885743
1379240004104958
1379240004118984
1379240004119572
1379240004146847
1379240004147390
1379240004147751
1379240004148100
1379240004148497
1379240004159860
1379240004160920
1379240004165753
1379240004165865
1379240004165984
1379240004166079
1379240004166147
1379240004166582
1379240004166790
1379240004170540
1379240004171713
1379240004172118
1379240004172193
1379240004172505
1379240004184154
1379240004221604
1379240004221779
1379240004228936
1379240004233574
1379240004240443
1379240004246813
1379240004254810
1379240004265835
1379240004271358
1379240004291574
1379240004297035
1379240004297559
1379240004297650
1379240004318825
1379240004364055
1379240004364833
1379240004368052
1379240004373974
1379240004378484
1379240004379419
1379240004384288
1379240004384606
1379240004384671
1379240004384782
1379240004384862
1379240004385179
1379240004385285
1379240004385392
1379240004385885
1379240004386113
1379240004386197
1379240004387130
1379240004390950
1379240004391071
1379240004391157
1379240004391238
1379240004394217
1379240004394299
1379240004394391
1379240004394693
1379240004394895
1379240004394992
1379240004395211
1379240004395804
1379240004395930
1379240004396229
1379240004396340
1379240004396745
1379240004396764
1379240004396856
1379240004396967
1379240004397356
1379240004397488
1379240004397873
1379240004397936
1379240004398026
1379240004400687
1379240004400933
1379240004401052
1379240004401420
1379240004401648
1379240004401866
1379240004402125
1379240004402284
1379240004402624
1379240004402754
1379240004402930
1379240004403087
1379240004403311
1379240004403521
1379240004403711
1379240004403913
1379240004404027
1379240004404184
1379240004410443
1379240004439983
1379240004441304
1379240004441511
1379240004459892
1379240004472894
1379240004732439
1379240004732954
1379240004733482
1379240004733913
1379240004734456
1379240004734720
1379240004735161
1379240004735668
1379240004736117
1379240004736499
1379240004736893
1379240004737495
1379240004737913
1379240004741869
1379240004741982
1379240004742064
1379240004742468
1379240004742574
1379240004742744
1379240004742892
1379240004742957
1379240004743753
1379240004743787
1379240004743876
1379240004744999
1379240004745036
1379240004745244
1379240004745339
1379240004745772
1379240004746238
1379240004747116
1379240004747380
1379240004747467
1379240004747589
1379240004748848
1379240004749161
1379240004749392
1379240004749546
1379240004751489
1379240004753706
1379240004753781
1379240004753846
1379240004754022
1379240004754108
1379240004754444
1379240004754679
1379240004754779
1379240004754957
1379240004755876
1379240004756123
1379240004756985
1379240004757173
1379240004757259
1379240004757990
1379240004758101
1379240004759187
1379240004763514
1379240004769296
1379240004771475
1379240004772284
1379240004776738
1379240004782554
1379240004782645
1379240004782943
1379240004783050
1379240004783121
1379240004783221
1379240004783521
1379240004783597
1379240004783700
1379240004784073
1379240004784160
1379240004808042
1379240004824188
1379240004824447
1379240004824525
1379240004952772
1379240004954836
1379240004960308
1379240004960490
1379240004960594
1379240004960695
1379240004961097
1379240004961548
1379240004961634
1379240004974601
1379240004974693
1379240005005433
1379240005006721
1379240005013889
1379240005013995
1379240005018883
1379240005019075
1379240005019195
1379240005019287
1379240005019730
1379240005020372
1379240005020461
1379240005020949
1379240005021024
1379240005023843
1379240005024217
1379240005024341
1379240005024441
1379240005024793
1379240005025048
1379240005025132
1379240005030270
1379240005030541
1379240005030733
1379240005030830
1379240005031288
1379240005061288
1379240005071423
1379240005101913
1379240005123519
1379240005124512
1379240005128490
1379240005134443
1379240005135378
1379240005140922
1379240005141169
1379240005141903
1379240005142007
1379240005142251
1379240005142651
1379240005143010
1379240005143127
1379240005143411
1379240005143682
1379240005143815
1379240005143903
1379240005144207
1379240005144298
1379240005144388
1379240005144692
1379240005144823
1379240005144943
1379240005145069
1379240005145185
1379240005145529
1379240005145797
1379240005146023
1379240005146215
1379240005151619
1379240005181330
1379240005181359
1379240005297369
1379240005303649
1379240005304040
1379240005304060
1379240005304313
1379240005321350
1379240005322682
1379240005326305
1379240005329389
1379240005331314
1379240005336171
1379240005485049
1379240005491657
1379240005491757
1379240005492140
1379240005492267
1379240005492380
1379240005492468
1379240005497236
1379240005497340
1379240005497430
1379240005497528
1379240005614207
1379240005615728
1379240005621112
1379240005621333
1379240005621426
1379240005621852
1379240005621944
1379240005623441
1379240005624980
1379240005625950
1379240005626270
1379240005626758
1379240005627067
1379240005633706
1379240005633768
1379240005633977
1379240005634091
1379240005635411
1379240005635552
1379240005635803
1379240005635901
1379240005636194
1379240005636282
1379240005636542
1379240005636639
1379240005636752
1379240005636865
1379240005638625
1379240005638718
1379240005639462
1379240005642154
1379240005642256
1379240005643317
1379240005643442
1379240005643546
1379240005643632
1379240005643706
1379240005643826
1379240005643942
1379240005645068
1379240005645404
1379240005645521
1379240005645682
1379240005651330
1379240005651428
1379240005651790
1379240005651900
1379240005652014
1379240005652097
1379240005652499
1379240005652527
1379240005653259
1379240005653868
1379240005659011
1379240005681256
1379240005689513
1379240005721992
1379240005748886
1379240005750130
1379240005751537
1379240005772517
1379240005778339
1379240005778476
1379240005778612
1379240005778747
1379240005778874
1379240005779342
1379240005779434
1379240005779970
1379240005780099
1379240005780179
1379240005780315
1379240005780866
1379240005780966
1379240005781082
1379240005781197
1379240005781357
1379240005786833
1379240005787186
1379240005787429
1379240005787683
1379240005787928
1379240005788192
1379240005788433
1379240005788547
1379240005788792
1379240005792741
1379240005792955
1379240005817248
1379240005853484
1379240005893429
