1379190592279197
1379190592312320
1379190592312460
1379190592442760
1379190592524840
1379190592525236
1379190592525308
1379190592554389
1379190592588454
1379190592589371
1379190592716865
1379190592716953
1379190592717086
1379190592746615
1379190592781476
1379190592784204
1379190592784508
1379190592784567
1379190592784812
1379190592821760
1379190592822867
1379190592855276
1379190592885256
1379190592888456
1379190592920883
1379190592954717
1379190592954844
1379190592987906
1379190592988421
1379190592988624
1379190592989053
1379190592989407
1379190592989892
1379190593023141
1379190593023178
1379190593023671
1379190593023864
1379190593023979
1379190593024108
1379190593024358
1379190593024711
1379190593024788
1379190593025639
1379190593025712
1379190593026123
1379190593026382
1379190593026549
1379190593026759
1379190593027907
1379190593032387
1379190593055449
1379190593056472
1379190593057055
1379190593057471
1379190593057552
1379190593057877
1379190593057962
1379190593058240
1379190593058313
1379190593058654
1379190593058795
1379190593059010
1379190593059421
1379190593059695
1379190593059780
1379190593060048
1379190593060129
1379190593060371
1379190593060479
1379190593060805
1379190593060901
1379190593060992
1379190593061090
1379190593061365
1379190593061706
1379190593061826
1379190593061886
1379190593062174
1379190593062447
1379190593062881
1379190593063076
1379190593063463
1379190593063969
1379190593064124
1379190593064304
1379190593064415
1379190593089459
1379190593089785
1379190593089895
1379190593090337
1379190593090532
1379190593090679
1379190593090906
1379190593091058
1379190593091342
1379190593091568
1379190593091821
1379190593091908
1379190593092336
1379190593092441
1379190593092529
1379190593092827
1379190593093679
1379190593093802
1379190593093826
1379190593093906
1379190593094108
1379190593094488
1379190593094617
1379190593094817
1379190593095020
1379190593095270
1379190593095397
1379190593095771
1379190593095939
1379190593096110
1379190593096323
1379190593096485
1379190593096979
1379190593097250
1379190593097819
1379190593098270
1379190593098836
1379190593099280
1379190593123666
1379190593123799
1379190593123903
1379190593125309
1379190593125447
1379190593125601
1379190593125797
1379190593127913
1379190593128136
1379190593128405
1379190593128624
1379190593128703
1379190593128932
1379190593129067
1379190593129213
1379190593129471
1379190593129583
1379190593129746
1379190593132469
1379190593132780
1379190593133025
1379190593133172
1379190593133308
1379190593133427
1379190593133877
1379190593133954
1379190593134029
1379190593161179
1379190593161457
1379190593161637
1379190593161885
1379190593162166
1379190593162291
1379190593162703
1379190593162763
1379190593163059
1379190593163300
1379190593163341
1379190593163549
1379190593163594
1379190593163987
1379190593164181
1379190593164227
1379190593194401
1379190593194518
1379190593194581
1379190593209886
1379190593242819
1379190593340974
1379190593441610
1379190593441947
1379190593539535
1379190593559977
1379190593572840
1379190593572925
1379190593578559
1379190593677873
1379190593678721
1379190593780512
1379190593780841
1379190593781102
1379190593821495
