1379207620806414
1379207621097301
1379207621098480
1379207621098622
1379207621246808
1379207621249776
1379207621249993
1379207621250238
1379207621250431
1379207621250797
1379207621250894
1379207621334340
1379207621334440
1379207621334536
1379207621334602
1379207621401586
1379207621401879
1379207621402292
1379207621402369
1379207621402734
1379207621402839
1379207621403041
1379207621403328
1379207621403434
1379207621403536
1379207621403771
1379207621413521
1379207621413627
1379207621413863
1379207621414153
1379207621414230
1379207621414602
1379207621414705
1379207621414925
1379207621414979
1379207621460431
1379207621553825
1379207621553925
1379207621554008
1379207621554330
1379207621554866
1379207621555074
1379207621555155
1379207621555418
1379207621555515
1379207621555562
1379207621566139
1379207621566234
1379207621665382
1379207621959302
1379207622038808
1379207622078518
1379207622079011
1379207622159991
1379207622160086
1379207622160163
1379207622198695
1379207622279246
1379207622279446
1379207622279542
1379207622279776
1379207622358809
1379207622358957
1379207622359217
1379207622359317
1379207622359401
1379207622359630
1379207622359741
1379207622359846
1379207622360446
1379207622360550
1379207622360632
1379207622361326
1379207622361622
1379207622438683
1379207622438956
1379207622439045
1379207622439571
1379207622439809
1379207622440036
1379207622440146
1379207622440347
1379207622440425
1379207622440848
1379207622440954
1379207622441012
1379207622441253
1379207622441996
1379207622444586
1379207622444664
1379207622453961
1379207622466981
1379207622521866
1379207622523554
1379207622523959
1379207622524049
1379207622524332
1379207622524414
1379207622524802
1379207622524912
1379207622525009
1379207622525255
1379207622525574
1379207622525686
1379207622525929
1379207622603608
1379207622604100
1379207622604416
1379207622604497
1379207622604835
1379207622605332
1379207622605446
1379207622605709
1379207622606098
1379207622606160
1379207622606253
1379207622606594
1379207622606692
1379207622606770
1379207622606872
1379207622607219
1379207622619140
1379207622619401
1379207622649430
1379207622683239
1379207622683464
1379207622685180
1379207622685354
1379207622762100
1379207622772577
1379207623015645
1379207623015701
1379207623047269
1379207623157576
1379207623197545
1379207623197592
1379207623222886
1379207623402498
1379207623402556
1379207623532882
1379207623595696
1379207623596000
1379207623596175
1379207623641500
1379207623641702
1379207623644503
1379207623749830
1379207623751256
1379207623751399
1379207623752318
1379207623789826
1379207623789901
1379207623793037
1379207623902726
1379207623902898
1379207623902983
1379207623903938
1379207623918465
1379207623918498
1379207623957525
1379207623995210
1379207623995321
