-418
4328
1500
1500
1500
1500
1500
1500
901
-485
-516
1432
1500
1500
-510
1420
1535
1500
1500
2948
1500
1420
2948
1500
2948
2948
1500
1500
1500
1500
1500
-483
342
1500
1500
1500
2948
1500
1500
1500
1500
1500
1500
1500
1500
1500
1500
1500
1500
1500
1500
1500
1432
1500
1500
-488
1500
1500
1500
1500
1500
1500
1500
1500
1500
1500
1500
1500
1500
1500
1500
1500
1500
1500
2948
1500
13084
11636
1500
1500
2948
1500
1079
1512
2948
-565
1500
1500
2948
2948
1500
1500
1500
1500
1500
1500
1500
1500
16436
16436
1500
2948
1500
1500
1500
668
-564
1500
1500
1500
1500
1500
1500
1500
1500
2948
1500
1500
658
-456
1124
1500
1500
1500
1500
1500
1500
1500
2948
1500
1500
2948
1500
1500
1500
2948
1500
2948
1500
2948
1512
1500
1500
-457
1500
1500
1500
1500
1500
1500
1500
2948
2948
2948
2948
2948
2948
1500
1500
993
2948
2948
1500
1500
-456
1500
1500
719
1500
1500
2948
1500
1500
1500
2948
1517
1512
1500
1290
-456
1512
1500
1154
-453
4912
-650
-649
-228
1512
1500
1500
607
1500
2700
607
442
609
-544
-537
1432
1971
1432
-535
-539
6532
2880
1500
2868
1500
1500
1500
1500
1500
1500
1500
1500
1500
1500
-539
1500
1272
1500
1500
1500
1500
1500
2948
1500
1500
1500
1500
1500
1500
1500
1500
1500
1500
1500
1500
1022
2880
1500
-538
-538
-541
-536
-539
1432
1500
1500
1500
1500
1500
1500
1500
-584
1500
1016
-250
1420
1500
2948
1500
1500
1500
1420
1500
1500
1500
1500
1500
1500
1500
1500
1500
1500
1500
1500
1500
1500
1500
1500
1500
1500
1500
1500
2948
2948
1420
1500
1380
1377
4396
1500
1500
2948
1500
1500
1500
1420
3553
318
7292
8740
2948
1500
1500
1500
1191
2948
1500
1500
1500
1500
1500
1500
2948
1500
2948
2948
2948
1500
2948
1500
993
1500
1500
650
-185
345
89
-89
-196
660
