-422
2788
1420
1420
1420
1420
1420
1420
1420
1420
2788
-586
1420
1420
1420
1420
1420
1420
1420
1420
1420
1420
1420
1420
1420
1420
-591
1420
1420
1420
1420
-552
1419
2788
1345
1756
-594
471
1169
-585
1420
1420
1420
1420
-618
1420
976
-631
716
-628
2788
1420
1420
-630
1420
1420
1832
1420
1420
1420
1420
1420
1267
-633
1420
1420
1190
1420
995
-632
-598
-633
-228
-634
-639
-635
-629
1420
1396
-632
2948
1252
1420
2788
1420
1420
717
1420
-630
2788
1420
1420
1420
1420
1420
1420
1420
609
1420
2000
-630
1238
-584
1500
1016
1420
1420
-250
1084
-632
1420
1420
2788
1420
1420
1420
1420
1017
-631
1420
1420
1420
1420
2788
612
-631
1571
-631
318
1420
1420
706
-633
-185
1420
1420
675
-631
382
-89
-196
1420
1420
1420
1420
430
-637
1420
1420
1207
-629
1420
1420
1420
1425
-631
1448
-633
1420
2010
-633
1420
1793
-630
1420
1420
939
-629
1420
681
1420
-631
1420
1148
-635
1420
1478
-633
1420
1420
672
-632
1420
1420
1364
-635
1420
1420
1596
-634
1420
1668
-631
1420
1420
700
1420
-636
1420
1753
-633
1420
1420
1107
-633
1420
1420
853
-632
1420
1420
1115
-631
1420
1420
879
-633
1420
1628
-631
1420
1255
-593
1420
1174
-630
1420
1224
-637
1420
1173
2618
-620
-637
1420
1385
2278
-634
-638
1420
1420
1420
2788
1420
1420
1420
1420
1420
1420
1420
1420
1420
1420
2788
1420
1420
1420
1420
1420
1420
1420
1420
1420
1420
1420
1420
1420
1420
1420
2788
1420
1420
1400
-641
549
-646
1420
1420
1420
1420
1420
1420
1420
1420
1854
-639
1420
1420
1420
1420
1420
2788
1420
1420
1420
1420
1420
1420
1420
1420
1420
1420
1420
1420
1826
-636
1420
1420
969
-643
543
521
1420
2788
1420
1420
1420
1420
2788
1420
1420
1420
1420
1479
515
1420
1420
1507
658
