-423
1500
1500
2948
1500
1500
1500
1500
1500
1500
1500
1500
1500
1500
2174
-501
1512
1512
2972
1512
1512
1512
1512
1512
1512
1512
1512
1512
1512
1512
1512
-512
1512
2972
1512
1512
1512
1512
1512
1512
1512
1512
1880
2972
2972
1512
2972
1512
1512
1134
14984
-480
-479
16436
12868
1512
1512
2972
1512
1512
1512
16436
16436
16436
12220
7352
1512
1512
1512
1512
1512
2972
1512
1512
1512
-498
4189
1512
1512
1512
2972
1512
1512
1512
1512
1512
1512
1324
1512
2972
2972
2972
2972
348
2972
1512
1512
-488
-506
-479
2972
2972
1512
2972
1512
1857
1512
1512
1512
1512
1512
1512
1512
663
1512
2723
2972
1872
1512
1512
1262
2972
1944
1512
1512
1228
1512
1512
2972
1512
1512
1512
1512
1512
1512
2972
1512
1512
16436
2648
16436
-558
16436
3388
16436
1047
-482
-485
-485
-492
1512
2972
4432
1241
1512
2728
-411
-486
4864
2972
1228
1512
2972
1512
1512
1512
1263
2972
1512
1512
1512
1228
2972
1512
1512
1228
1512
1512
1512
1512
1512
1512
2972
1512
1512
1512
2972
4432
1036
-490
1512
2729
4148
4148
1619
-485
959
-482
1500
2948
1500
1512
1512
1512
1512
4189
1228
2972
1512
1512
5648
4148
2688
2972
1512
2972
1512
2972
1512
2972
1512
2972
1512
1512
117
-507
1512
1512
1512
2729
1512
1512
2972
1512
2972
4148
1228
845
-484
4188
4864
2972
4148
1512
1512
1512
1512
1512
1512
1512
1512
1512
2972
2972
2972
2972
4432
2972
1512
4432
2972
2972
2972
1512
4432
4432
2761
-481
1512
2729
2972
2305
-475
1512
1512
1512
2972
1512
1512
1512
1512
1512
1512
2972
2972
7103
6784
8762
-489
2972
1107
-521
2972
4189
4148
1228
2972
608
-476
1512
1512
4189
1228
2972
1228
2127
-482
1512
2728
2972
1228
768
2972
1228
2972
1512
1512
1512
1512
1512
1512
1512
1512
1512
2972
2972
2972
1512
1512
2972
2972
2972
2972
4188
1228
1512
2688
4148
1484
1512
1512
1228
1512
2688
1512
1512
1269
3305
2972
1262
1512
2688
2972
1228
1512
2536
1512
16436
3145
32820
1876
16436
2200
32820
14744
2972
1512
1512
2266
1500
1500
989
1512
2729
2972
1228
2972
1228
2354
2972
1512
1512
1512
1512
1512
1512
1512
5892
1512
1512
1512
1512
1512
1228
1690
16436
9973
-465
-492
-477
-482
-479
-478
1512
1512
1269
2972
1944
1512
3047
1512
1512
1263
2972
1228
768
1512
2688
2972
1269
1708
2972
1263
2972
1228
2972
1228
2017
2972
1269
2972
1228
2765
6078
762
-478
-495
-572
-584
-574
-581
-228
567
-573
830
-593
1512
2723
4148
2655
-581
1512
1512
1268
2972
973
-478
602
-592
615
-577
464
478
-580
590
1512
1512
1269
1512
1512
1228
768
1512
2688
1512
2688
768
2972
1228
1512
2408
549
-591
483
-595
467
1512
674
634
-643
1500
1500
1252
2948
1500
1500
-510
-593
-590
-580
-574
-571
2972
1262
2725
2972
1268
2972
1228
1418
1500
1512
1350
2948
1500
1500
1500
1500
1500
1500
1500
1512
1512
1408
1500
1500
773
1315
-624
1500
1500
1500
1500
778
2948
1500
1500
2948
1500
1500
1500
609
2948
1500
1315
-584
2464
-250
318
-185
382
-89
-196
