-448
1420
1420
1420
1420
1420
1420
-524
1529
1420
1420
-570
1420
1420
1420
1420
-522
713
1629
-583
403
1202
391
1420
-575
1420
2788
1420
390
1420
-581
-620
-586
-580
1420
1420
1420
1420
1420
1420
1420
1420
1420
1420
1420
1420
577
1420
1420
1420
392
388
1420
1420
-598
1420
1420
1420
2788
1420
1420
1420
1420
1420
1420
2788
1420
1420
1420
1420
1420
1420
2788
1420
1420
1420
1420
2788
1420
1420
1420
1420
2788
1420
1420
1420
1420
1420
1420
1420
1420
1420
1420
1420
1420
4156
-588
1420
1420
1420
414
1420
1420
2788
1420
1420
1420
1420
1420
1420
1711
1420
1420
2788
1420
1420
2788
1420
1420
2788
1420
1420
2788
1420
1420
1420
1420
2788
1420
1420
1420
1420
2788
1420
1420
2788
1420
1420
1420
1420
2788
1420
1420
495
903
-603
1420
1420
1420
1420
1420
1420
1420
2788
1420
1420
1037
1420
2788
1420
1420
1420
1420
1420
1420
1420
1420
1420
1420
1420
1420
2788
1420
1420
2788
1420
1420
2788
1420
1420
1420
1420
1420
1420
2788
1420
8260
424
-589
1420
1420
1289
1420
1420
1420
1420
1420
1420
1420
1420
1420
1420
1420
1420
1420
1420
1420
1420
1420
15100
1420
1420
-584
1420
1420
1420
1420
1420
1420
1420
1420
1420
1420
1420
1420
1420
1420
1420
2788
1420
1420
16436
799
-488
614
809
1141
-589
-228
-514
-541
471
1026
1102
1500
2098
-228
1500
1500
1500
389
-728
-580
-585
-583
-582
-582
-584
1420
1420
1420
1420
1504
425
-589
1420
1420
1420
1420
1420
1420
1420
1420
1420
1420
1420
1420
1420
968
1420
-588
1420
2788
1492
-588
1052
-588
432
-588
1420
1420
683
-588
1369
-588
1420
1490
-588
1420
1420
1420
1420
1420
1420
1420
1420
1420
1420
1420
1420
4156
1420
1420
2788
1420
1420
1420
1420
1420
1420
1420
1420
1420
1420
1420
2788
1420
1420
1420
1420
1420
1420
1420
1420
1420
1420
1420
2788
1377
-588
1420
1420
2788
1420
1420
1420
1420
1420
1420
2788
1420
1420
1420
1420
2788
1420
1712
-587
1420
515
1420
-582
1420
1420
2788
1420
1793
1420
2788
1420
-582
574
-634
300
1420
1420
1420
1420
1420
1420
1420
1420
1420
1420
1420
1420
375
2788
-615
4292
1420
1420
1420
1420
1420
1420
1420
1420
1420
1010
840
1318
2788
1688
-870
413
-615
840
-682
-366
1243
-605
1500
1016
-250
99
-525
111
-185
403
812
-641
1192
-601
-607
-89
-645
817
820
553
-621
-697
657
-653
674
508
-657
1208
-648
-682
-619
782
-699
600
610
1101
-529
1137
-522
681
-523
-847
787
1047
-646
435
