-218
1412
1412
995
-598
1500
638
-583
1878
-362
95
-442
-228
1412
1412
1412
1473
-446
1412
1412
2772
1412
1412
1412
1412
1412
2772
1412
2303
4148
-221
1500
1500
1500
118
609
-594
840
-594
840
-366
99
-584
1500
1016
-250
-524
-225
-250
-250
-250
-250
-230
-225
137
89
-493
174
174
174
-541
-533
1500
1882
1512
1512
-533
1228
1512
1470
2165
746
1500
-378
111
217
1663
1500
1412
1412
1412
1412
987
1412
-592
1412
2772
1412
1412
1412
1412
1412
2772
1412
2772
1412
1412
1412
2772
1412
1412
2772
1412
1412
1412
1412
1412
1412
2772
1412
1412
2772
1412
1412
2772
1412
1412
2772
1412
1412
1412
1412
1234
12292
7497
128
827
318
-590
405
1183
376
-174
-185
294
-489
-531
-253
-253
1500
1009
1048
185
185
382
-594
840
-366
-89
-606
306
-196
-535
660
1512
1512
536
1407
-571
-250
-482
-482
-486
-510
-502
137
1500
89
990
1689
-528
1658
1412
2772
2772
-501
933
-492
1412
1412
1412
2772
1412
4132
1412
2772
985
1412
1034
1412
1412
1412
1412
1412
2772
1412
1412
1412
2772
1412
2772
1412
1412
1412
1412
1412
1412
1412
1412
1412
1412
2772
1412
1412
2772
-253
1412
1412
1412
1412
1412
1412
2772
1412
1412
6852
1517
6852
8212
8212
6930
5983
6852
8212
1412
2772
6852
6852
2772
4132
2772
185
1412
4132
2772
2772
1412
1412
2772
1412
1412
1412
1412
1412
1412
1412
1412
1412
1412
1412
1412
1654
1412
1674
1412
1612
1412
2772
1412
1553
-606
1408
-226
3737
-226
-423
1500
1580
89
