-422
350
1500
1500
1500
1500
1500
1500
1632
-418
-426
481
898
-424
483
1512
1512
-445
135
483
2972
437
1512
1512
-442
676
1512
1512
1512
643
434
1512
1512
-442
277
436
2972
-442
238
1894
-442
1508
-442
434
1512
1512
435
-455
390
1512
1512
-455
1512
1512
862
1850
1512
-459
2972
391
1512
1512
-452
3224
1512
1512
2972
1512
1512
-458
389
335
3624
-458
390
1512
1512
-457
-461
-458
-460
-458
-453
-460
1500
1500
1500
389
390
1512
1512
2972
2575
391
1512
1512
1228
1512
1512
1228
390
1512
1512
1228
439
1512
1565
436
1512
1358
434
1730
391
1512
1512
435
436
436
1512
1512
1512
1348
-460
1175
1512
1512
1512
1512
1197
1512
815
1512
1512
1512
1512
1512
1512
1512
1512
293
2469
1512
1512
1512
1512
1512
1512
1896
1512
-460
-454
-462
-461
-461
-461
-461
-584
1500
1016
-250
111
-185
1512
1512
1512
1512
1512
1512
1512
1512
1512
1512
1512
1512
1512
1512
2972
1512
1512
1542
-461
403
-89
1830
438
435
436
375
2972
1512
1512
1228
435
438
1512
1336
438
4580
1630
-196
660
438
1512
2259
391
524
2972
1512
1937
1512
1512
1512
2247
1228
1512
2688
1512
944
-403
2948
1123
