-420
4374
1500
1500
1500
1500
1500
1500
1500
2948
1500
1500
1500
1508
1500
1500
2948
1500
1501
1500
1500
1500
1500
1500
1500
1500
1500
1500
1500
2948
1515
2941
1500
1500
1606
-571
344
2948
-435
1500
906
-430
348
1216
1512
1513
347
1217
1512
1513
-446
644
919
2972
1512
1512
1512
642
921
1299
480
-449
1239
325
1512
1512
1500
1418
-486
472
326
1238
1512
1513
-483
-476
-484
-478
-478
239
-473
326
1238
700
-478
1500
326
784
-484
1495
-478
854
-482
846
-477
1455
-479
326
1238
1001
-481
325
2699
438
-480
1752
325
1239
1013
897
1500
1109
326
1238
445
326
1238
408
-483
-475
-496
-479
-480
-480
2361
-482
2171
2972
1373
-481
-480
326
1806
-483
832
-476
1322
-478
976
326
2277
326
2134
326
2067
326
1238
1231
326
1238
1461
-502
2960
1500
-497
1500
1500
1500
1500
1500
1381
1500
2948
-499
1500
1500
1500
1500
1500
2948
1500
1500
-508
1500
1500
1500
1500
1500
908
1500
-502
4396
1500
1500
1500
1500
1500
1500
1500
1500
924
-487
4408
1500
1500
1500
1500
1500
1500
1500
1500
1500
1500
1500
1500
1512
1500
1500
-619
1500
2948
4396
1500
1500
2948
1941
2948
2948
1500
1500
2948
2241
378
1303
-619
-473
-470
-479
-468
-486
-488
1500
2948
2948
1500
1500
1500
1500
1500
1500
1500
5809
1912
7369
693
7474
1512
1895
326
1238
2456
2948
1500
1500
1500
1500
1914
1512
1500
1500
1500
1500
1500
1095
2960
1500
1500
1500
1500
1550
1500
1959
325
1239
2972
956
-669
1500
961
-543
1500
1464
1500
1052
-484
-475
-484
-489
-460
-458
-469
2948
1252
2948
3711
1512
1500
-473
1500
1500
647
-474
2948
2948
3280
-470
1512
1500
1500
1500
1500
325
326
934
1239
-472
2972
1238
1512
1512
2972
1512
1512
1512
2037
1512
-512
2150
-505
4396
2948
1512
2783
2948
1500
1500
691
2948
1103
-505
609
1512
7292
1354
-482
1512
1500
1500
1500
1826
-476
1512
2948
1950
-485
1512
2948
1239
-502
1500
1500
1500
1500
1512
-493
1512
1500
1500
870
-510
4396
2126
-504
2948
1707
1512
1567
2948
2948
1500
1500
1500
1500
1031
1512
1500
1359
1066
1512
1500
1193
1091
-825
-501
-482
-482
-482
-482
1500
1500
602
-482
6383
1512
734
1512
2333
1500
1500
1090
1664
325
484
1239
-584
-507
4529
-495
326
1238
1512
1512
1512
2972
2035
-491
1500
1016
1902
635
-481
612
-489
1500
1500
1067
-487
-250
629
-491
684
-503
1387
-479
1207
318
511
528
1006
-185
-492
345
89
-89
367
629
325
1500
1773
-196
660
978
1512
828
