-426
4432
1512
1512
1512
1512
2972
1512
1512
1512
1512
1512
1512
1512
1304
-462
2972
1512
1512
1512
1444
-481
2972
1512
1512
1512
1512
1789
-486
889
-486
1184
-486
1308
-486
1308
-467
2888
1470
1470
-487
647
1240
-487
1108
-487
1111
-482
1512
1512
2933
-479
1512
1512
1512
1512
1512
1512
1512
1512
1512
-488
1512
1512
2972
1512
623
411
-559
-486
1136
-486
809
-486
1552
1500
1155
1500
1303
-486
1303
2066
-486
1304
-501
902
-496
-487
867
1123
2948
1252
-491
1108
609
-488
-482
1512
1108
1299
-495
-480
1512
1512
1512
1297
1512
1512
2972
-484
2972
1512
1512
1512
1512
1512
1512
1512
1512
1512
1512
1512
1512
1512
760
1512
1512
1512
-486
8812
1512
1512
1512
2972
1512
1512
2972
1512
1512
1512
1512
1512
1512
2972
2972
1512
1512
1512
1512
1512
1512
1512
1512
1512
8472
1246
-477
1148
-493
1211
-586
1500
1454
267
-581
1453
1009
-580
1453
-588
1396
-586
1500
1454
238
2902
-562
133
1014
-584
1500
1016
-250
-438
1411
318
-185
382
-89
-196
660
