-431
1397
1500
1500
2680
-493
681
-467
1500
1500
1500
626
-464
1755
-500
1500
1500
1500
-411
1500
1500
2948
1500
1500
1500
1500
1500
1500
1500
1500
-513
1500
1500
1500
1500
2948
1500
1500
1500
1500
1500
1500
1500
1500
1500
1500
1500
1500
1500
1500
15980
1500
-508
1500
-511
-504
1500
1500
1500
1500
1500
1500
1500
1500
2948
1500
1500
1500
1500
1500
1500
1500
1500
1500
1500
1500
1500
1500
1500
1500
1500
1500
1500
1500
1500
1500
1500
1500
1500
1500
1500
1500
1500
1500
1500
1500
1500
5844
1500
1500
1500
1500
1500
1500
1500
1500
1500
1500
1500
1500
1500
1500
1500
1500
1500
233
-503
1500
1771
-509
1500
2948
1500
1500
1500
1500
1500
1500
1500
1500
1500
1500
1500
1500
1500
1500
1500
1500
1500
1500
1500
1500
1500
1500
1500
1500
1500
1500
1500
1806
2948
1500
1500
1500
1500
1500
1500
1500
1500
1500
1500
1500
1500
1500
1500
1500
1500
1500
1500
1500
1500
1500
1500
1500
1500
1500
1389
1500
2948
1500
1500
1500
1500
1500
1500
1500
1500
1500
1500
1500
1500
1500
1500
1500
16436
1044
-602
-499
-518
16436
4213
-507
498
-528
1500
1500
1500
1500
1500
1500
1500
1500
1500
1500
1500
1500
1500
1500
1500
857
1500
1500
2948
1500
1500
1500
1500
1500
1500
1500
1500
1500
1500
1500
343
1500
1500
1500
1500
1500
1500
1500
1500
1500
1500
1500
1500
1500
1500
1500
1500
1500
1500
1500
1500
1500
1500
1500
1500
1500
1500
1500
1500
1500
1500
1500
1500
1500
1500
1500
1500
1500
1500
1500
1500
1500
1500
1500
1500
1500
1500
1500
1500
1500
359
4396
2948
1500
2948
1500
1500
519
4396
1118
2948
1500
1500
1500
1500
1500
4396
2948
1500
1500
1746
1500
1500
1500
1500
1500
1500
1500
1500
1500
1500
1500
1500
1500
1500
1500
1500
1500
5844
3199
-653
1284
-633
760
-730
688
-616
711
-645
762
-228
-591
-797
796
-822
1500
1500
1252
775
553
-684
609
508
-739
682
-584
1500
1016
-250
318
-185
345
-89
89
-196
