-414
1500
1500
2358
-467
1500
1500
1500
1500
1500
1812
1500
977
-468
-491
273
-511
1500
1500
1500
2948
1812
1500
952
1500
1500
1500
-511
1500
1500
1500
2948
1500
1500
1500
1500
1500
1500
1500
1500
1500
1500
1500
1500
1500
1500
1500
1500
-511
1500
1500
2948
1500
1500
1500
1500
1500
1500
1500
1500
1500
1500
1500
1500
1500
1500
1500
1500
1500
1500
1500
1500
1500
1500
1500
1500
1500
1500
1500
1500
1500
8740
-494
1500
1500
2132
2948
1500
1500
1500
1500
1500
1500
1500
1500
1500
1500
1500
1500
1500
1500
1500
10188
-486
-505
-486
-220
1470
1470
1034
2948
1500
1500
1500
1500
1500
1500
1500
1500
1500
1500
1500
1500
1500
1500
1500
1500
1500
1500
1500
1500
1500
1500
1500
1500
1500
1500
1500
1500
1500
1500
1500
1500
1500
1500
1500
1363
-484
1500
1500
1500
1500
1500
1812
1238
-525
1500
2948
1844
1500
-509
2948
1544
-502
1500
2948
1500
1500
1500
1500
1500
1500
1500
1500
1500
1500
1500
1500
1571
942
1500
1500
1410
1500
1500
-592
-490
-499
-513
1500
1500
1809
-504
1500
1500
1500
1500
1500
1812
1500
1500
1500
1284
-495
1500
1500
2948
1812
927
-498
827
1500
4396
1981
-516
1500
1500
2636
-520
2487
2948
1500
1500
1500
1812
1500
1500
1500
1500
3260
420
2557
1500
1500
763
1697
1500
2948
1500
1158
-590
405
1183
376
-174
278
-468
921
-448
1445
-228
1500
1500
1500
389
-584
1500
1016
-250
111
-185
403
-89
-196
