-424
2948
1500
1500
-460
1512
1512
2972
1500
1512
1512
1500
1500
1512
1512
1500
1500
1500
1500
1500
1500
1500
-507
2948
1512
1444
2972
1512
1512
1512
1512
1512
1512
1512
1512
1512
1512
1512
1512
1512
1512
-507
1512
1512
1512
1579
2972
1512
1512
-507
1512
1512
1141
2972
2972
-507
1512
2972
1512
2972
1144
1512
1512
2972
1351
1500
1303
-405
-507
-507
-507
1512
1512
1512
1512
1512
1512
1512
1512
1512
1512
1512
1512
1512
1512
1512
1047
2972
1512
1512
1512
1512
1512
1512
1512
1512
1512
911
1512
1512
2972
1512
1512
671
2948
2948
1500
1500
1500
1500
1500
1500
1500
1500
1500
1500
1500
1500
-474
-507
-507
-536
1512
1820
1512
1512
1512
1512
1512
1512
1512
1512
1512
1512
1512
1512
1512
1512
1512
1512
1512
2972
1512
1512
859
2972
1512
1512
1512
1512
1512
1512
1512
14652
6828
1232
-474
-514
-514
-507
-529
-507
-507
2972
1512
1592
-507
1512
1512
1512
1512
1512
1512
1615
1512
1512
1512
1512
1436
1512
1512
2972
1512
1512
1512
1512
967
2972
1512
1512
1512
1512
1512
1512
1512
1512
1512
1512
1512
1512
1512
1512
760
1062
-505
5892
1512
4432
4432
1512
2972
1512
1512
1512
1512
1512
1512
2972
2972
2972
2795
2972
1512
1512
1871
1512
1522
-535
1512
1667
-514
1512
2166
1062
-508
1512
1757
-529
1512
1512
1512
1512
1512
2630
-434
1512
2972
1512
1512
1512
1512
2972
1512
-434
7352
1512
1512
1512
2972
1512
1512
1512
1512
1512
1512
1512
1512
1512
1512
1512
1512
1512
1512
1512
14652
-434
-507
-507
-507
-529
-507
-507
-529
-536
-529
-529
-529
-529
4432
7352
3437
1512
2972
4432
1512
1512
1512
1512
1512
2972
2972
1512
1886
1512
1512
1512
2972
2143
2972
1512
1512
1512
1512
1512
1512
1512
1512
864
1512
1951
1512
1512
1512
1512
1512
1512
1512
1512
1512
1512
1512
1268
2972
1512
1512
-507
-465
-507
-507
-529
-220
1512
1512
1512
1512
1512
1512
2972
2972
4432
4432
4432
1512
1512
1512
1512
1512
1512
1512
1512
1512
2972
2972
1512
1512
877
-507
4432
4145
-529
1512
7352
2972
2972
1512
4432
1512
3610
-529
2972
1512
5892
2972
1512
2972
2972
4432
2123
-507
1512
5892
4432
1512
1512
1512
2447
-536
1512
1512
1512
2972
2972
976
-507
1512
2972
2972
1603
-507
1512
1512
2972
2972
2972
2972
4432
1512
1512
1512
1512
1512
1512
712
-536
1512
2972
2972
4432
2376
-507
2972
1512
1512
2972
2972
2972
2441
-536
1512
2972
2972
1512
2972
1512
2972
1512
1512
2972
2972
4432
2751
-536
1512
2972
4890
-507
1512
2972
2731
-507
1512
2972
2972
1528
-536
1512
1512
2972
2972
2972
2972
2972
2972
1857
-507
1512
2972
4432
2141
-507
1512
1512
1512
1512
1512
1512
2972
1512
1512
1512
2972
1512
2972
2972
2972
2972
1606
-507
1512
1512
2972
1512
2972
2972
2972
1512
2972
1512
2972
1512
1512
3033
4432
3870
2972
1512
1512
573
2972
1512
1018
1512
1512
1512
-503
-507
-511
-507
2972
2972
1512
4896
1512
1512
1512
1512
1512
1512
1512
1512
2972
2972
2876
-529
1512
1512
1512
1512
2972
2972
2167
1512
2972
1512
2972
1512
3163
2972
1512
2972
2972
2972
4486
1512
1512
5892
2972
1472
-529
4432
4432
1512
2972
1512
874
2972
1512
2972
1512
1512
420
-529
2972
1512
1512
1512
1512
1512
2972
2972
3204
-529
1512
1512
1512
1702
1512
1512
2972
2972
1512
1512
1512
1068
-487
1512
2972
1512
2972
4432
1512
1512
1512
1512
12673
5892
1908
-501
1512
1512
1252
-495
4432
1133
-529
2972
1512
2972
2893
-529
4395
-529
2255
1512
1512
1966
-529
1512
1512
1512
2972
3254
-529
1512
2972
1512
1137
-529
2972
1512
1512
2972
1512
1525
-529
4432
1512
1322
-529
1503
-529
1512
1512
1512
2972
1183
-529
1512
1512
1512
1512
2972
3459
-529
1512
1512
1512
1512
1512
1512
1512
2972
1476
-529
2972
1512
2972
1512
1512
1512
1512
1512
1605
-528
1512
1512
1512
1512
931
-529
1512
2972
2541
-529
2972
310
-529
1111
-529
1512
1512
1512
2972
1512
1512
2972
1512
1512
2972
2972
2972
1512
2972
2972
2972
1512
1512
1512
836
-529
2972
2972
2027
-499
2972
2972
1512
1512
2972
2972
4432
1512
1512
2972
4432
2174
-512
582
-503
1512
1512
2319
-512
1512
1512
1512
1512
1417
-502
779
-501
2785
-519
1512
1512
2972
2972
1512
1512
463
-515
523
-508
467
-529
1512
1512
1512
1512
1512
1512
2972
183
-529
2972
1200
2972
2972
2972
2972
2972
1512
1398
457
1512
1512
1512
2972
2972
1512
2972
1512
2972
1867
1512
1512
1512
1512
2972
2972
1512
1512
1512
2972
1512
1512
1512
1512
1512
1512
1512
2972
1512
1512
548
1512
1512
1512
1512
1512
1512
1512
1512
1512
1512
1512
1512
1512
2972
1512
1512
1512
1512
1512
1512
1512
1512
1512
1512
1512
1512
1512
1512
1512
1512
1512
2972
1512
1512
2972
1512
1512
1512
1512
1512
4432
1512
2972
1512
8812
16436
1512
2972
4432
1208
8628
-592
827
7860
16436
16436
1326
-608
337
-590
405
1507
-174
-228
278
-478
921
1500
1500
1252
609
-584
1500
1016
-250
318
-185
382
-89
-196
