-419
2948
1500
1500
1500
1456
-440
1500
1500
2948
1500
1500
1408
-440
-400
1500
1500
2948
1610
4396
1099
1418
-470
-470
1500
2092
-470
-461
2948
2682
2948
1500
2948
1989
1500
1923
-479
-470
-456
-491
1500
1013
-501
2948
1500
1500
1500
1500
479
2557
2948
1500
1500
-464
1500
1500
1149
1500
1500
3426
-457
-457
-457
-457
1500
1500
1500
4396
1500
1500
1500
1500
1500
1500
1500
1500
1500
1500
1500
1500
1500
1500
1500
1500
1500
1500
2948
-463
1500
1500
1500
2948
2948
1500
1500
1500
1500
1500
1500
1500
1500
1500
1500
1500
1500
1500
1500
1500
1500
1500
1500
1500
1500
1500
1500
1500
1500
1500
1500
2948
2948
1500
1500
1500
1500
1500
1500
1500
1500
1500
1500
1500
1500
1500
1500
1500
1500
1500
1500
1500
8740
1500
1500
2948
1500
-459
2948
1500
1500
1500
1500
1500
1500
1500
1500
1500
1500
1500
1500
2948
1500
2948
1500
1500
1500
2948
2948
1500
1500
1500
1500
1500
2948
1500
1500
1500
1500
1500
1500
1410
-459
1500
1500
1500
806
-459
1500
1500
1500
1500
1500
1500
1500
1500
2948
1500
1500
1500
2948
1500
1500
1500
1500
1500
1500
1500
1500
1500
1500
1500
2948
2948
1500
1500
1500
1500
1500
1968
1500
1500
1500
1500
1500
1500
1500
1500
1500
1500
903
16436
4396
8740
7478
-463
1500
1500
2948
1500
1500
1500
1500
618
-459
1500
1500
1734
-459
1500
1500
1500
1500
1500
1500
1500
1500
1500
1500
1500
553
-459
1500
1500
1500
1500
1500
1500
2948
1500
2948
1094
-463
1500
1500
2948
2948
2948
1500
1500
1500
903
1355
1500
-459
1500
1500
1500
839
1500
-459
1500
1500
1500
1500
1500
1500
1500
1500
1500
1500
1500
1500
1500
1500
903
1500
1500
1500
2948
1500
1500
1500
1500
1500
1500
1500
1500
1500
1500
1500
1500
1500
1500
1500
1500
905
2948
1500
1500
1500
1500
1500
1500
1500
1500
1500
1500
1500
2948
2948
793
-459
1500
1500
1500
1359
1500
1500
2948
1500
1500
2948
2948
2948
2948
4396
2807
-460
8740
8143
2948
16436
4332
-461
4396
3692
8740
7292
3241
3224
-236
2452
-476
-461
-461
-461
1500
2414
1500
1500
682
3060
711
1500
1500
1500
1500
10188
1500
1500
1500
1500
1500
1500
1500
1500
1500
1500
1500
1500
1500
1500
1500
1124
1500
1500
1500
1500
1500
1500
5320
13084
-461
-453
-451
-470
2436
1500
1500
2846
4396
1175
2624
3421
1500
1500
657
-598
331
2813
-362
-225
-223
95
-527
1500
1887
-378
748
111
-489
1500
1500
1500
1025
1420
2788
-228
319
2948
1500
389
-592
405
1477
-378
-584
111
2464
-250
-505
111
-185
403
-89
-196
537
1420
1420
1420
-89
89
