-427
1500
2948
1500
1500
1455
1500
2276
-440
1500
913
-487
2948
1500
1500
1500
1500
1500
1500
1500
1500
-486
2948
1500
1500
1500
1500
1500
1500
1500
1500
1500
1500
1500
1500
1500
1500
1500
1500
1725
1500
1500
-487
2948
1500
1500
1500
1500
1500
1500
1500
1500
1500
1500
1500
1500
1500
1500
1500
1500
1500
1500
1500
1500
-486
7292
1500
2948
1500
1699
1500
1500
1500
1500
1500
1500
2948
1500
1500
1500
1500
-486
-485
-487
-487
5844
7292
4396
2948
2948
1500
1500
1500
1500
1500
1500
1500
1500
1500
4396
2948
2948
4396
2948
2948
1500
1500
1500
1500
1500
1500
1500
1500
1500
2948
4396
4396
2948
2948
7292
5844
5140
2948
2948
1500
2948
1500
1500
1500
1500
2948
1500
1500
1500
1500
1500
1500
1500
2948
2948
4396
1500
936
-487
16436
14076
1500
1500
1500
1500
1500
2948
2948
1500
1500
1500
1500
2244
2948
1500
2948
2948
2948
2948
2948
925
-494
1359
-484
-408
1500
709
-484
1500
1370
1500
1500
2948
1500
1500
1500
2948
2948
4396
2948
2948
1108
-459
205
-484
1500
931
-494
1500
372
-490
1645
-479
1500
2948
1500
1500
700
-489
1482
1779
-497
1500
1500
2948
2948
1500
1500
1500
1500
1500
797
2948
1500
1500
1500
2948
1500
1500
1500
1500
508
2948
1500
1859
-497
1500
1500
1500
1500
1500
1500
1500
1500
1500
1500
1270
-484
1500
1500
1500
2948
1261
-490
1500
1500
1500
1500
1500
1500
1201
-484
1431
-462
1832
-462
1500
1500
1500
2948
1500
1500
2948
1500
1500
1500
1500
1211
-463
2948
1500
2948
1500
1500
1500
1500
1500
849
-463
1500
1500
1500
1500
1500
1500
1500
1500
1500
1500
1500
1500
1500
1500
1500
1500
1500
1500
1500
1500
1500
1253
-459
1819
-463
1500
1500
2948
2948
1500
1500
1500
1500
1500
793
1860
-460
1500
1500
1500
1500
1500
1282
-464
1500
1838
-462
1500
1500
1500
1500
1500
1412
-461
1500
1067
-471
1500
1500
573
-465
1500
1041
-467
1500
1500
1500
1500
2948
1500
1500
1500
1500
1500
1888
-468
1500
2948
1974
1500
2948
1500
2948
1500
1500
1500
1500
1500
794
1500
1500
2948
1260
1500
1500
13084
1500
2948
1500
2948
2948
2948
2948
2948
2948
1500
1500
2948
1724
2948
2948
5844
7292
5844
7292
1500
1500
2948
4396
4396
5844
5844
5844
1500
1500
2948
1500
1500
1447
2948
2948
4396
1500
1500
1500
2948
1500
2305
1500
7292
4396
1500
1500
1500
2948
1500
1040
7292
7292
5844
1500
2948
4396
5844
4396
1500
1500
1500
1500
1500
1500
1500
2948
1500
2948
1796
-477
-475
-477
7292
7292
2948
1500
1500
1500
1500
1500
1500
1500
4396
2948
5169
2948
1500
1500
1500
-472
1500
1500
1500
1500
1500
1500
1500
1303
1500
2948
1500
1500
1500
2948
1353
2948
871
-480
-477
666
528
-473
2948
2916
-228
1500
1500
1500
389
-584
2464
-250
111
-185
403
-89
-196
660
