-428
1500
1500
1500
2948
1500
1500
1500
509
-547
1500
1500
2948
1500
934
-551
1295
-555
1289
-617
1500
1500
1500
2284
-617
1500
1500
2948
1143
-618
1500
1500
1500
1749
-618
1500
1500
1500
1688
-618
1500
1500
-618
1500
796
1500
-618
1500
1500
1500
2413
2208
-618
1500
1500
1869
-617
1500
1500
1650
-617
1500
1500
1868
-618
1500
1500
1500
1318
-618
1500
1500
1500
1618
-617
1500
1500
1500
1954
-595
1041
-617
1500
1500
1500
2267
-617
1500
1500
1500
2160
-617
1500
1500
4396
1454
-618
1500
1500
1500
1500
2065
-617
1500
1500
1500
1336
-618
1500
1500
1500
1500
1900
-617
1500
1500
1500
1500
2181
-617
1500
1500
1500
1500
-617
2145
1500
1500
1500
1395
-618
1500
1500
2523
-617
1500
1500
1500
1911
-618
1500
1500
1709
-617
-617
-618
-589
-587
-617
-618
1500
1500
2948
2948
1500
1057
1500
2597
-508
1500
1500
1500
1500
2027
2948
1500
1178
1500
1500
1414
1441
1500
1500
2051
1500
2068
-444
-228
520
2948
1500
389
-584
1500
1016
-250
111
-185
403
-89
-196
