-228
1500
1500
1252
609
-584
1500
1016
-250
318
-185
345
-89
-196
89
-418
1500
1500
2948
1500
2948
1500
1500
2948
1500
1500
2948
1500
1500
1500
1500
1500
1500
1500
1500
1500
2948
1500
1500
1240
-462
1500
1500
2948
1500
2948
2948
1500
2686
-461
1500
1500
2948
1500
1500
1500
2948
2948
1500
2948
1500
1500
1500
1500
1500
1500
8740
-469
2026
980
-454
1500
1500
2948
1500
1500
2672
-469
1731
-470
-468
1500
1500
2948
1556
2948
2948
-469
705
2948
2133
-460
2948
2948
1500
1500
2948
4396
2948
-460
2948
1500
1500
1500
1500
1500
2948
1500
1500
2222
1500
1500
2948
-461
1500
4396
2948
1500
1500
1500
1500
1500
1500
1500
2948
1500
2948
2948
-459
4396
4396
1571
1500
1500
2948
2948
4396
2948
1500
1500
1500
2948
2948
1500
1500
1500
4396
-460
7292
8740
5844
1500
2227
1500
4396
1500
1500
1500
1500
2948
5844
-459
-465
-470
-469
-468
-472
-513
-459
-460
-460
16436
8567
-460
1500
1500
1500
1500
1500
1500
2948
2948
2948
1500
2948
5844
3414
-460
5844
7292
8740
5844
1500
1500
7292
5844
1500
1500
5844
8740
7292
1500
1500
1739
-546
1606
-548
2948
3047
699
-426
5007
1500
863
1500
1500
16436
11180
7292
2948
1500
1500
1500
1500
1500
2948
1500
1500
1500
2948
1500
1425
-460
1500
1500
2948
2948
2948
2948
2948
4396
1500
1500
1030
-461
620
2173
1500
1901
1500
2948
2948
1500
1500
2948
2948
2948
2948
1500
1500
1500
1500
1500
1500
1500
2948
2948
1500
2948
2948
1500
1500
1500
1500
1500
1500
1500
1500
1500
2948
2948
4396
1500
1500
1500
1500
1500
1500
1500
1500
1500
2948
2948
2948
2948
2948
1500
1500
1500
1500
