-424
2948
1500
1500
1500
1500
1500
1500
1500
-454
-518
650
1500
-509
2948
1500
1500
1500
1500
1500
1500
1500
1500
1500
612
650
-431
181
1500
1500
1500
-414
-516
650
1500
1500
1500
1500
1500
1500
1353
-488
-509
-510
-550
-529
-479
-549
2948
1500
1500
1500
1500
1500
1500
1500
1458
650
799
650
799
376
1500
1500
1500
1500
1500
2948
-478
1500
1500
2948
1500
1500
1500
1500
1500
1573
1500
1500
1500
-480
1500
1500
1500
2948
1500
1500
1500
277
2948
1968
-488
1500
1500
1500
1500
1500
1500
1058
-486
4396
-509
650
1500
1500
1389
2948
1500
-509
708
1500
2948
1500
1500
1500
-472
-489
-502
-498
-487
1500
2948
1500
1500
1500
2948
2948
2948
1500
1500
1500
1500
1500
1500
1892
1500
1500
1500
1500
1500
1500
807
1500
-545
2948
1500
1850
1500
1500
1500
1500
1500
1500
1500
1500
1500
2948
1500
2948
1500
1500
1500
5181
1234
1500
1500
1500
1500
1500
1500
1500
1500
1500
1500
1500
1500
-543
-553
1500
1500
2948
1500
2948
1500
1500
1500
1500
1500
-557
1500
1500
1500
2948
1500
1500
1500
1500
1500
1500
1500
1500
1500
1500
1500
1500
1500
1500
1962
1500
2948
1500
1500
1442
2948
2609
-557
1500
1500
1500
2948
1500
1500
2948
1500
1500
1500
1500
1500
1500
1500
1500
1500
1500
-551
1500
2029
1500
1500
2948
1500
1500
1500
1500
1500
1500
1500
1500
1500
1500
905
2948
1500
1500
1169
2948
1500
1500
2948
1500
1500
1500
1500
1465
-574
-472
-492
-526
-521
-504
-478
-228
1500
1500
1500
1500
1500
2948
1500
1865
650
2948
1500
1500
1500
1500
1500
1500
2948
1500
983
1500
1500
1976
2948
1500
389
1405
1370
1319
-524
-503
-514
-496
-493
-470
-509
-492
1470
1470
1470
1470
1470
1470
1470
1470
1470
1470
1470
1470
1470
1470
1470
1470
1470
1470
1470
1470
1470
1470
1470
1470
1470
1161
-584
1500
1500
1500
2948
846
2948
-510
1500
2264
1500
1500
-477
2948
2234
1500
-491
1220
-494
1500
2948
1500
1500
1540
1500
1500
-492
1500
1500
1641
1500
-499
1500
2464
-250
111
-185
1500
2948
2948
3291
-653
1500
1500
2948
1500
1500
1500
2948
1500
2562
-511
1500
2892
-476
1500
1500
1500
1500
2948
1500
1500
1177
-492
1500
1500
2948
1337
-506
366
-89
89
-196
1500
1500
1067
-508
1500
2948
1500
1500
1041
-493
1500
1500
2948
2028
-467
1500
1500
1500
1500
1500
1758
-456
1500
1551
1500
2948
2948
2394
-596
1500
1500
3029
-517
1500
2948
5844
4396
4396
3752
-491
4396
1500
5767
1500
1500
1500
1500
1500
1861
-497
-499
2948
2948
1500
1500
1578
-486
1500
2948
1500
502
-481
1500
1500
1031
-480
1500
1500
1500
-475
1500
1500
1500
1500
1500
1500
681
-480
1500
2948
1500
1036
-477
1500
1972
-480
1500
1500
1500
1281
516
1500
1796
1500
1378
1500
1500
1496
1500
1500
1500
1500
1500
1500
1500
631
