-420
2972
1512
1512
1512
1512
1512
1512
1512
1512
981
-427
1512
1512
1512
-429
1512
1512
2972
1512
1512
1512
1512
1512
1512
1512
1512
-422
2972
1512
1512
1512
1512
2972
1512
1512
1512
1512
1512
162
2972
-459
5892
4432
1225
-450
1638
1512
2972
-450
-448
-460
-441
1512
1512
1512
1512
1512
1512
1512
1512
1512
1512
1512
1512
1512
1512
1512
1512
2972
1512
1512
977
-405
1512
1512
2972
1512
1512
1512
2008
1680
1868
1962
-462
-448
-458
1512
1512
1512
2972
1512
1512
1512
1512
2972
1512
1512
1512
1512
1512
1512
1512
1512
1512
1512
1512
1512
814
1512
2972
1512
1512
1512
1512
1512
1512
1512
2972
1512
1512
1512
2972
1512
1512
1512
1512
1512
1512
1512
1512
1512
1512
1512
1512
1512
1512
1512
1512
1512
2972
1512
1512
1512
1512
1512
1512
1512
1512
2972
1512
1512
1512
1512
1512
1512
2972
1512
1512
1512
1512
1512
1512
1512
1512
1512
1512
1512
1512
1512
1512
1512
2972
1512
2972
1512
1512
1512
1512
1512
1512
1512
1512
1512
1512
1512
1512
1512
2972
1512
2972
1512
1512
1512
1512
1512
2972
1512
1512
1512
1512
1512
1512
1512
1512
1512
1512
1512
1512
2972
2972
1512
2972
1512
1512
1512
1512
1512
2972
2972
1861
1512
1512
2972
2972
2972
1512
1512
1512
1512
1512
1512
1512
1512
1512
2972
1512
1512
1512
1512
1512
1512
1512
1512
1512
1512
1512
1512
1512
1512
1512
1512
1512
1512
1512
1512
1512
1512
1512
1512
1512
1512
1512
1512
2972
1512
1512
1512
1512
1512
1512
1512
1512
1512
1512
1512
1512
1512
1512
1512
1512
1512
1512
2972
1512
1512
1512
1512
1512
1512
1512
1512
1512
1512
2972
2972
1512
1512
1512
1512
2972
2972
1512
1512
1512
1512
1512
1512
1512
1512
1512
1512
1512
1512
2972
1512
4432
1512
1512
1512
1512
1512
1512
1512
1512
1512
1512
1512
2972
2972
7352
4432
2972
1512
1512
1512
1512
1512
1512
1512
1512
1512
1512
1512
1512
1512
2972
1512
1512
2972
1755
1512
1512
1512
1512
1512
1512
1512
1512
2972
1512
1512
1512
1512
1512
1512
1512
1512
2972
2972
1512
1512
1512
1512
1512
1512
1512
1512
1512
1512
1512
1512
1512
1512
2058
1512
1512
1512
1512
1512
1512
2972
1512
1512
1512
1512
532
1512
2972
1512
1512
1512
1512
1512
1512
1512
1512
1512
1512
1512
1512
1512
1512
1512
772
1512
1512
1512
1512
1512
3212
-228
1512
1512
1512
1512
2972
1512
1512
2972
1992
1500
1500
1500
1512
2972
1512
1512
3212
389
1512
1512
2972
1512
1512
2972
2972
1992
-584
1512
1512
1512
1512
1512
3212
1512
1512
2972
1512
1512
2972
1512
1512
1500
1016
1512
1512
2972
1512
1512
1512
772
-250
1512
1512
1512
1512
1512
1752
2972
1512
111
-185
1512
1512
1512
1512
1512
1512
1512
1512
1512
2972
1512
1512
1512
1512
1512
1512
1512
1512
1512
1512
1512
1512
1512
1512
1512
1512
970
403
-89
-196
