-228
1500
1500
1500
389
-584
1500
1016
-250
111
-185
403
-89
-196
-420
1512
1512
1512
2972
1512
1512
1512
1512
1512
981
-427
1512
1512
1512
1512
1512
1512
1512
1512
1512
1512
1512
1512
-429
1512
1512
2972
1512
1512
1512
1512
1512
-422
1512
1512
1512
1512
1512
1512
1512
1512
1512
1512
-459
1512
1512
2685
1512
-450
2972
1512
1512
1512
2972
1512
1512
1512
1512
1512
1512
1512
162
3468
-450
-448
-460
-441
1512
1512
1512
1512
1512
1512
2972
2972
1512
1512
1512
1512
1512
1512
1512
977
-462
1638
-448
1868
-458
2972
1512
1512
1512
1512
1680
-405
1512
1512
1512
1512
1512
1512
2972
1512
1512
1512
1512
1512
1512
1512
1512
1512
814
1512
1512
1512
1512
1512
1512
1962
1861
1512
1512
1512
1512
2972
1512
1512
1512
1512
1512
1512
1512
2972
1512
1512
1512
1512
1512
1512
1512
1512
1512
2972
1512
1512
1512
1512
1512
1512
1512
1512
1512
1512
1512
1512
1512
1512
1512
1512
1512
1512
1512
1512
1512
1512
1512
1512
1512
1512
1512
1512
1512
1512
1512
1512
1512
1512
1512
1512
1512
1512
1512
1512
1512
1512
1512
1512
1512
1512
1512
2972
1512
1512
1512
1512
1512
1512
1512
1512
1512
1512
1512
1512
1512
1512
1512
1512
1512
1512
1512
1512
1512
1512
1512
1512
1512
1512
1512
1512
1512
1512
1512
1512
1512
1512
1512
1512
1512
1512
1512
1512
1512
1512
1512
1512
1512
1512
1512
1512
1512
1512
2972
1512
1512
1512
1512
1512
1512
1512
1512
1512
1512
1512
1512
1512
1512
1512
1512
1512
1512
1512
2972
2972
1512
1512
1512
1512
1512
1512
1512
1512
4432
1512
2972
1512
1512
1512
1512
1512
1512
2058
1512
2972
292
1512
1512
1512
1512
1512
1512
1512
1512
1512
1512
1512
1512
1512
1512
1512
1512
1512
1512
1512
1512
1512
2972
1512
532
1512
1512
1512
1512
1512
1512
1512
1512
1512
1512
1512
1512
1512
1512
1512
1512
1512
1512
1512
1512
1512
1512
1512
1512
1512
1512
1512
1512
2972
1512
2972
4432
1512
2972
1512
1512
2972
2972
1512
1512
2972
1512
1512
2972
1512
1512
2972
1512
1512
2972
2972
1512
2972
1512
1512
1512
1512
1512
1512
1512
1512
1512
1512
1512
1512
1512
1512
1512
1512
1512
1512
1512
1512
1512
1512
1512
1512
1512
1512
1512
1512
1512
1512
1512
1512
1512
1512
1512
1512
1512
1512
1512
1512
1512
1512
1512
1512
1512
1512
1512
1512
1512
1512
1512
1512
1512
1512
1512
1512
1512
1512
1512
1512
1512
1512
1512
1512
1512
1512
1512
1512
1512
1512
1512
1512
1512
1512
1512
1512
1512
1755
1512
1512
1512
1512
1512
1512
772
1512
1512
1512
1512
1512
1752
1512
1512
2972
2972
2972
1512
1512
1512
5892
1512
1512
1512
772
1512
1512
1512
2972
3212
1512
1512
1512
4432
2972
1512
1512
1992
1512
1512
2972
3212
1512
1512
2972
3212
1512
1512
1512
1512
1512
1512
2972
2972
1512
1512
1512
1512
1512
1512
1512
1512
1512
1512
1512
1512
1512
1512
1012
2972
2972
1512
1752
1512
2972
2972
1470
