-435
2972
2972
1512
1512
1512
1512
1512
2972
1512
1512
1512
1512
1512
1512
1512
1512
1512
1512
1512
1512
1512
1512
1512
1512
1512
1512
1512
1512
1512
1512
1512
1512
1512
11732
-502
1512
1512
1512
1512
1512
1512
1512
1512
1512
1512
1512
1512
1512
1512
1512
1512
1512
1512
1512
1512
14652
11514
1512
1512
1512
1560
-516
1512
1512
1472
1512
1512
1536
1512
1512
1536
1512
1512
1472
1512
1512
1512
1560
-513
1512
1512
1584
1512
1512
1472
1512
1512
1496
1512
1512
1536
1512
1512
1472
1512
1512
1560
1512
1512
1512
1512
1157
2972
1512
1560
14644
2932
-516
-476
614
1512
1512
1512
1512
1512
1512
1584
1512
1512
1512
1512
1512
1472
1512
1512
1512
1512
1512
1496
1512
1512
1512
2972
1512
1496
1512
1512
1536
1512
1512
16436
16436
776
1520
1512
2972
1560
-497
1512
1472
1512
1512
1495
1512
1512
1367
2972
1472
2972
1536
1423
1500
2273
-497
1500
1500
1521
-497
-489
1500
1500
1097
4433
-489
2948
2948
1500
1574
1500
1500
1537
-489
-489
-489
-463
-489
1500
1500
5844
5844
2948
7292
1574
7292
5844
1558
2310
1500
1500
1500
1673
1500
1500
1537
-489
1478
2837
2948
1500
1500
2948
1500
1759
1500
1500
1500
2948
1352
7292
5844
4544
1500
1800
-489
483
1500
1500
1500
1500
1500
1500
1500
-489
1574
1500
1500
1500
1293
-489
-521
7292
8740
6685
8740
7292
8740
2563
1500
1241
1500
2948
1759
1500
1500
1500
1500
1500
1500
1500
1352
2948
1500
1500
1500
1500
1500
1500
7292
8740
4812
3392
7292
8740
655
7292
2948
2948
2948
1648
7292
8740
6892
-505
5892
1434
7292
8740
7292
7637
8740
972
-522
1500
1500
2430
7292
8740
2178
1500
1500
1500
1500
1500
4396
7292
8740
7292
1500
2948
1500
1500
1500
1500
1500
1500
1500
6689
9343
2706
4137
8999
7144
8740
1500
3327
-489
7292
7692
8740
8244
921
-517
1512
1552
1500
2948
1500
1172
1500
5844
1500
1500
1500
1500
1500
1500
1500
1500
1500
1500
1500
1500
1956
1500
1500
1500
7292
7292
1500
1500
1500
2948
1500
1500
1500
1500
1500
2948
1500
2948
1500
2948
2948
1500
1500
1500
1500
1500
1500
1500
1500
1500
1500
14532
12588
7844
7292
8740
7292
5844
7292
5844
1500
2948
2948
962
1595
2452
1512
1512
1771
-452
-517
-517
-518
-569
-489
-562
361
2948
2948
2948
1500
1500
1500
1500
1500
1500
1500
1500
2948
2948
1500
2948
1500
1500
1500
1500
1500
1500
1500
1500
1500
1500
1500
1500
1500
1500
1500
16436
1500
1500
2948
1500
1500
1500
1500
1500
1500
1500
1500
1500
14397
16436
4892
16436
16436
-509
477
2007
2948
1500
2948
1500
1500
1500
1500
1500
1500
1512
1500
1512
1307
2948
1500
2948
2948
1500
1500
2948
2948
1512
2011
1512
4480
5348
1500
1500
1500
2948
1500
1500
1500
1500
1500
1500
-465
1766
6324
1500
1500
1500
1500
2948
1500
1500
1500
1500
1500
1500
1500
1500
1500
2948
1004
2948
1500
1500
1500
1512
2580
11636
12588
3044
1512
1512
2972
-476
2996
1500
2948
1500
1500
1500
1500
1500
1500
1500
1500
1500
1500
1500
1500
1500
1500
2948
2948
1500
1956
13179
1512
1512
1520
1512
1512
1536
910
2948
-492
2948
2948
-228
1512
1512
3020
-489
-489
2948
1252
1500
4396
1500
1500
1500
1500
1512
2932
1512
1512
1536
1512
1512
1536
1512
1512
1520
609
1500
1500
4396
1500
1500
1500
1500
1500
1500
4396
2948
1500
1500
2948
2948
2948
4396
1500
2948
5117
-489
3702
-489
8278
-489
13492
2948
2948
1500
1500
1500
1500
1500
1500
1500
1500
1500
1500
1500
1500
1500
1500
1500
1500
1500
1500
1500
2948
1500
1500
4396
1500
4323
1500
1500
1500
1500
2948
2948
1460
-489
1500
1500
1500
1500
1500
1500
1500
1500
1500
1500
2534
1512
1512
2996
2932
1512
1512
1633
1500
1500
1500
1500
1500
1500
1500
2948
1500
1500
49204
132
2948
1500
1500
1500
1500
1500
1500
1500
1500
2948
1500
1500
1500
2948
1500
1500
1500
1500
1500
1500
1500
1500
1500
1500
1500
1500
1500
2948
2948
2948
4396
2948
1500
1500
1500
1500
1500
1500
1500
1500
1500
32820
16145
13084
16436
8679
-566
-523
-524
-525
-528
-527
1500
1500
4396
2948
2948
1500
1500
1500
2948
2948
1500
4396
2948
2948
1500
1500
1500
2948
1420
2948
2948
1076
16436
8568
-496
4432
912
-533
2765
-533
1290
-524
4432
1512
1582
-528
1893
-496
1811
-496
1309
-521
1512
1512
1512
2259
-522
1603
1500
2948
1500
1500
1500
1500
1500
1500
1500
1500
1500
1500
1500
49204
16436
6340
1512
1512
1281
2502
4432
5477
1661
1747
1901
1512
2972
1512
1512
1512
1512
5892
1512
1512
1512
1368
2032
-526
-496
-496
-524
-524
-526
-522
578
-584
-496
-496
1500
1500
1500
1916
1500
1500
1500
1016
1999
-530
1295
-524
2972
1512
1512
2972
1765
-523
1673
-496
2024
-525
1698
-496
1512
1512
1512
1512
2972
734
-524
1870
-489
1512
1512
1512
2051
-531
772
2085
-489
2083
-491
7292
4110
-465
1286
-527
1512
5892
2972
1512
1512
1376
-527
1512
2972
4432
4432
1512
3082
-524
1773
-491
1512
1512
1500
4396
2972
1500
1512
4396
4432
1500
1500
1512
1500
1815
-526
2948
1500
1500
1500
2948
4396
2948
2948
1500
1500
1245
-497
3020
2972
1979
-530
1500
1500
2948
2948
1500
1500
1500
1500
1500
1500
1500
1500
1500
1500
2948
2948
1500
1500
3002
-497
1500
4057
-537
1223
-497
-752
1512
1239
1512
1512
1874
2972
4432
1512
1512
1512
1407
1500
4396
2948
1500
1500
4396
1500
1500
1500
1500
1500
1500
1500
1500
1500
1500
2948
1512
1763
1500
1633
-497
2948
2948
2948
2948
2948
2948
4396
5844
5844
5844
5844
1500
1500
1500
1705
-497
1512
2972
2972
2972
1512
1512
2972
1512
1512
1512
2972
1512
1512
2972
4336
-497
1512
6075
5056
-489
1500
1500
1500
1500
1500
3718
-250
1500
1500
2406
1500
2178
-489
559
1500
2948
1139
-497
2948
1500
1549
-497
318
1512
2816
2948
1305
-497
1500
1500
4396
2948
1500
1500
1500
1500
1500
1500
1500
1500
1500
1500
1500
4396
1500
2948
2366
-497
2948
1500
2948
2948
2948
4396
4488
1500
1500
1500
1500
1500
1500
1864
1500
1650
-497
2948
1730
-495
2948
2368
-497
1500
1785
-497
2948
2948
2948
1500
1500
1500
2948
1500
1500
2948
2948
1500
7681
5547
1500
8740
1500
961
1500
1500
2948
2948
1500
15114
-497
1500
1500
894
-497
1500
1500
1705
-497
1500
2948
1110
-497
1500
1500
2929
-489
1500
1500
1500
1500
1500
1500
1500
1500
1500
1500
1500
1500
1500
1500
1500
1500
1500
1500
1500
1500
1500
3337
1500
1500
2948
1500
1500
2266
-495
4396
1621
-495
-185
1500
1500
1500
1500
1500
4396
1500
1500
1500
1500
1500
1500
1500
1500
1500
1500
1500
1500
1500
4396
1500
2331
-495
4500
-495
2651
4396
1500
1500
1500
2948
1500
1500
1500
1500
1500
1500
1500
1500
1500
1500
1500
3337
1500
1500
1500
1500
2948
345
-89
89
2948
1500
1500
1533
-489
1500
1500
3001
-489
2948
3064
-489
2948
1500
1255
-489
1500
1500
1203
1500
713
-489
1500
1500
1500
-196
5844
1500
1500
1500
14532
660
7292
953
-492
8740
7292
5844
7292
5844
7292
4316
2948
1500
1500
1500
1500
2948
1500
1500
1500
1500
1500
2948
1500
1500
1500
1500
2948
1500
877
-492
1500
1500
4396
1500
1500
1500
1500
1500
1500
1500
1500
2948
1500
1500
4396
1500
2948
1513
-497
1500
1500
2948
1500
1500
1500
1500
1500
1500
4396
4396
2948
1500
2948
2948
2948
7292
2449
-497
1500
1500
2948
2948
1500
1500
1500
1500
1500
1500
1500
1500
1500
1500
1500
1500
2948
2948
1500
1500
2948
1500
1500
1500
1592
1500
2948
2948
2948
1500
1500
1500
1500
1500
1500
1500
1500
1500
1500
1500
2948
1500
4396
4396
2948
4396
4396
6300
2948
1500
2948
2948
1325
-489
1500
2636
-489
1500
2004
-491
1500
2948
1314
-491
3114
-489
1500
1714
-489
2948
2948
4396
1500
1500
1500
1500
1500
2948
1500
1500
1500
1500
2948
1500
2948
1500
2948
1500
2948
2948
1500
2948
2948
2948
2948
2948
1500
1500
2948
1228
-489
2948
2948
2948
2089
1500
1500
4396
1500
1500
2948
4396
2948
2948
4396
1500
1500
3088
-489
1500
4396
5844
7292
5844
7292
5844
3616
-470
1500
1500
4396
4396
1500
1500
1500
1500
1500
2948
1500
2948
1500
1500
4396
4396
2948
4396
1998
-470
1500
4396
2948
2948
1500
1500
1500
1500
2948
1500
2948
2948
2948
1500
4396
2948
4396
1592
1500
2948
2948
2948
1500
1500
1500
1500
1500
2948
1500
1500
2948
4396
4396
1500
1500
1500
1500
1500
2948
1500
2948
1500
1500
1500
1251
-472
2948
1500
2948
5844
4396
4396
4396
4396
4396
1500
1188
-472
5844
4396
1500
2948
4396
2948
2003
-472
1500
1500
1500
1500
4396
4396
320
-471
1629
-470
2948
5844
3830
-472
1500
1500
1187
-471
4985
1500
1500
1500
1500
1500
1500
1500
1500
1500
2296
-472
2948
1323
-472
1500
1500
1946
-472
1500
1500
1500
1181
-472
1500
1500
1500
1500
2948
2211
-489
1500
1500
641
1500
1500
1500
1500
1500
2948
2948
1500
1500
1500
2948
1198
-465
1500
4396
2948
2639
-489
2948
2281
-489
1500
4396
1259
-489
1500
2948
2948
1500
4396
968
-489
1500
1500
1500
2089
1500
1500
1500
1500
1500
2891
-489
421
-489
2948
5844
2948
1500
1500
1500
2948
1500
4396
1500
2948
2948
2948
4396
1500
1500
1500
1500
1592
2948
2948
1500
1500
1500
2948
1500
2948
4396
5844
5844
7292
8740
7292
8740
7292
8740
1420
2948
1500
1500
1500
1500
2948
1500
1500
1500
2948
1500
1500
1500
1500
1500
3446
-489
2948
1500
1500
1500
1500
2948
1500
1500
1500
1500
1500
1500
1500
1500
1500
1500
1500
2948
1500
1500
870
-489
1500
1500
1500
1500
1500
1500
1500
1500
1500
1500
1500
1500
1500
2089
2948
2948
1500
1500
1500
1500
1500
1500
1500
1500
1500
1500
1500
1500
1500
1500
1500
1500
1500
1500
1500
1500
1500
2948
1500
2948
2948
1500
2948
1500
2948
1500
2948
1500
2948
2948
4396
4396
5844
2948
2948
4396
4396
3324
1500
2948
1500
1500
1500
1500
2948
4396
1500
1500
1500
1500
1500
2948
2948
1500
1500
1500
1328
1500
1672
1500
2948
1500
1500
1592
4396
2948
1500
2948
2948
2948
2551
-489
2948
4396
4396
1500
2948
1500
1500
1500
2948
2948
2948
1500
2948
2948
2948
2948
2948
2948
1500
2948
4396
7292
8740
7292
8740
7292
8740
7292
3780
2948
4396
1500
2948
1500
1500
1500
2948
1500
2948
1500
2948
2948
1500
7292
8740
790
-489
5844
8740
7881
1500
1500
1500
1500
1500
1500
1500
1500
1500
1500
1500
49204
1311
1500
1500
1500
1500
1500
1500
1500
1500
1500
1500
1500
2948
1500
1500
2948
1500
2948
2948
1500
2948
1500
1328
1672
2948
1500
1500
2948
1500
1500
1500
1500
1500
1500
7292
2480
1500
2948
1500
1500
1500
1500
1500
1500
1500
2948
1500
1500
1500
2948
1500
1500
1500
1500
1500
2948
1500
1500
2948
2089
1500
2492
16436
5712
1592
1500
1500
1500
1500
1500
1500
1500
1500
1500
14532
16436
5388
1500
1500
1500
1500
1500
1500
1500
1500
1500
1500
1500
1500
2948
1500
1500
1500
825
1500
1500
641
1500
1500
1500
2948
1500
1500
1500
1500
2948
1500
1500
1500
1500
1500
1500
1500
1500
1500
641
1500
4396
1500
1500
1500
1500
1500
1500
1500
1500
1500
1500
1500
1500
1500
1500
1500
1500
1500
2089
1500
1500
2948
1500
2948
2948
1500
1500
1500
1500
1500
1500
1500
1500
1500
2948
1500
641
1500
1932
