-426
770
1958
1403
669
1500
1500
1500
2314
-411
-503
-522
1535
1500
2948
1500
1888
-504
905
-518
2948
1500
1500
1500
1500
2948
1500
1500
-522
5844
1500
1500
1500
1500
1500
1500
1500
1500
965
291
1500
1500
-518
7292
6300
1500
1500
1500
1500
1500
1500
1500
1500
1500
1500
1500
1500
1500
1500
1500
1500
1500
1500
1500
1500
1500
1500
1500
1500
1500
1500
1500
1500
2948
1500
1500
2948
1500
1500
1500
1500
1500
1500
1500
1500
1500
1500
767
14532
16436
13084
16436
16436
12563
16436
16436
3789
1500
1500
1252
-477
-525
-513
-515
-516
-517
-514
1606
2948
4396
1500
1500
1500
1500
1500
1500
1500
1500
1500
1500
3414
2948
2948
1500
1500
1500
1500
1500
1500
1500
1500
1500
738
1500
2948
1500
1500
1500
1500
1500
1500
2948
1500
1500
2948
1500
2948
1500
2948
1500
1500
1470
1470
610
-594
-527
1500
4396
1500
2948
1500
1500
1500
1500
509
2948
1500
1500
1500
1004
2948
1500
1500
1500
1500
1500
2029
1500
1500
1500
1500
1500
1500
1500
712
1500
1500
1500
1401
1500
1500
1500
1500
1500
1500
1098
16436
1044
2009
1552
2603
1431
-441
-517
-513
-521
-519
-520
-518
1500
4396
2453
1500
1500
3071
-507
1500
4396
1500
5844
2768
-536
1500
2948
1049
-549
4396
1500
2948
1929
-539
1500
2948
2948
4396
7749
5844
1624
-533
5844
499
-536
1500
1500
1500
1500
2948
1500
1500
1500
1500
1500
2948
1500
1500
1500
1500
2948
2948
4396
1500
3681
-536
1500
1659
-539
1500
1500
1500
1500
1500
1500
1500
1500
1500
1957
2948
1500
557
-549
2948
1500
1500
1500
2948
1500
1598
-537
2948
2948
1500
1500
1500
5844
5844
4396
2948
1500
4396
1500
5844
5844
8245
6796
6796
1500
1747
-545
1500
1212
-539
1500
4396
2453
1500
2948
2948
3900
4396
5348
1500
2596
-541
4396
2948
1500
2948
1500
1500
1500
1500
2948
2948
2948
4396
1500
4396
2948
5349
4396
2948
1500
1500
2948
2948
5844
6301
7292
2948
3404
2948
1500
1500
1500
1500
2948
1500
1500
1500
1500
4396
2453
2948
2948
4396
2948
1500
4396
1500
2948
1500
2948
3404
1500
1500
2948
1500
2948
1500
1982
-545
5844
2948
1500
1326
-545
2948
2948
1500
4396
5844
1500
1500
2948
1500
1500
16436
6836
5844
1500
1500
2948
1500
1500
2948
2948
1500
1500
1500
4396
1500
1500
1500
1500
2948
1500
1500
1500
1500
1500
2948
1500
1500
1500
1500
1500
1500
1500
1500
2948
2948
2948
1500
1500
1500
2948
2948
1500
1500
1500
1500
2948
1500
2948
1500
1500
2948
4396
1500
13084
16436
7825
1500
2948
2948
1500
2948
1500
1500
1550
-542
576
2948
2948
1500
2948
2948
2948
1500
2948
2327
-545
1500
2948
4396
2948
2948
1500
1500
1500
1500
1500
4396
2948
1500
2948
1500
1500
1500
2948
4396
2948
1500
1500
1500
2948
2948
2948
1500
1500
1500
1500
1500
2948
1500
1500
1500
1500
2948
1500
1500
1500
1500
1500
2948
2253
-540
1500
2948
2948
1500
2948
1500
3405
2948
1500
1500
1500
1500
1500
1500
1500
2948
2948
2948
1500
1500
1500
1500
2948
1500
2948
1500
1500
1500
1500
4396
2948
1500
2948
1500
1500
1500
1500
2948
2948
2948
1500
1500
1500
2948
1500
1500
1500
1500
1500
1500
2948
1500
1500
1500
1500
2948
2948
1500
1500
1500
10188
49204
32820
1500
5844
2948
1500
2948
2948
4396
1500
2948
16436
1500
1500
1500
2948
1500
1500
863
-544
1500
2948
4396
5844
5844
5844
2334
-544
4396
5844
1500
1500
2948
2948
2948
2948
1500
1500
1500
2948
1500
1500
918
-536
1500
1500
2948
4396
2948
1500
1957
2948
1500
2948
4396
2948
1500
508
4396
4396
1500
1500
1500
2948
1500
2948
1500
1500
1500
1500
2728
-534
5844
2948
2948
2948
1500
1500
1500
2948
2948
4396
4396
1500
1500
1500
2948
2948
2948
1500
1500
1500
1500
2948
1500
1500
1500
1500
1500
2042
-472
2948
1500
2948
2948
1500
1278
1500
1500
2948
1500
1500
1500
1500
2948
1500
1500
1500
4396
1500
1500
1500
2948
2948
1500
1500
1500
1500
1500
1500
1500
1500
2948
2948
1500
1500
1500
10188
49204
16436
15690
49204
49204
648
1500
1500
1500
1500
1500
1500
1500
1500
1500
1500
2948
1500
1500
1500
1500
1500
1500
1500
1500
1500
2948
1500
745
8964
-594
840
-466
1470
4306
2888
1470
2888
1470
1470
5724
1470
2888
3719
-597
1014
-541
16436
7524
7548
436
-594
840
-234
-228
302
1500
1500
1500
389
-495
601
-584
1500
1016
-250
111
-185
403
-89
-196
660
