-419
1500
1500
2948
1500
1500
1500
1500
2948
491
-423
-433
740
-447
1500
1500
-434
1500
909
2913
555
-433
656
-433
-433
-468
-448
-468
-447
698
-447
740
-447
1035
-447
1003
-468
1500
1500
1500
1500
1500
1500
1500
1969
-447
2948
1500
1500
1500
1500
1264
-447
1023
1500
2888
-468
-447
-228
1500
549
-447
4396
1500
1500
3816
213
-447
-447
1037
-447
2948
1500
635
-447
1500
4396
2948
2948
1500
389
1500
1500
1924
-447
3136
1500
1500
-447
810
-468
1500
1620
-447
915
-447
2948
1500
883
-447
1500
1500
1659
-468
2948
1500
1500
4396
1500
1500
1500
1500
1500
1500
2808
-448
1026
-448
1500
1500
1482
-448
3348
-448
1315
-468
270
-468
1500
2284
-468
1500
1500
2431
-468
1500
851
-459
1500
1500
1500
1177
-457
971
-466
1023
-466
960
-466
771
-466
1500
1852
-466
595
-466
-584
1500
1016
1335
-466
1294
-466
1215
-466
1588
-466
1014
-461
1306
-456
-250
1243
-400
1313
-457
827
-452
1240
1230
111
1500
1500
1211
673
1500
2541
504
-185
403
-89
-196
660
