-468
1610
1420
1420
1420
1420
1420
2788
1420
2788
1420
1420
1420
1420
2788
1420
2788
1420
1420
1420
2788
6892
8260
8260
2788
1420
1420
1420
1420
1420
1420
1420
1420
1420
1420
1420
1420
1420
1420
1420
1420
2788
1420
1420
1420
2788
-638
1420
1420
1420
1420
1420
1420
1420
2788
1420
1420
1420
1420
1420
2788
1420
1420
1420
1420
1420
-640
1500
1396
1420
1420
1420
4156
1420
1420
1420
1420
1420
1420
2788
1420
2788
1420
2788
1420
2788
1500
1420
1420
-647
1420
1420
1420
1420
1420
1757
2788
1420
1420
1420
1420
1420
1420
1420
1420
2788
1420
1420
1420
1420
1420
1420
1420
2136
2788
-640
1420
-233
2948
1252
1606
1420
1420
1420
1420
1420
1420
1420
1420
1420
1420
1420
1420
1420
1420
2788
1420
1420
2788
1420
1420
1507
1420
1420
1420
1420
1420
1420
1420
2788
1420
1420
1420
13732
1420
-568
1420
1420
1420
1420
1420
1420
1420
1420
1420
1420
1420
1420
2788
12364
4236
-654
-662
1420
2788
4156
1420
1420
2788
1420
1420
1420
1420
2788
1420
1420
1420
1420
1420
1420
405
-517
1420
1438
2868
1420
748
415
-518
1420
1649
416
-518
416
-526
1610
881
-526
2034
-526
1420
1005
-526
-527
2294
1420
2194
-528
-530
-629
1406
1420
985
1375
-531
2868
-531
1420
1420
1420
1420
2788
1420
-531
4236
1420
1420
665
-531
1420
1420
1420
1420
1707
2868
1420
2868
1420
-531
1420
1420
1420
1420
3105
1420
2788
1420
1420
1420
1420
1500
1420
-547
-629
-633
-631
-626
-632
-584
477
495
495
827
1420
1420
1420
1420
1420
735
2157
-523
1500
1004
2276
1548
1500
1420
1420
879
1420
1420
1420
1420
2788
1420
1420
1420
1420
2788
485
2298
1500
1420
1420
1420
2788
1420
1437
2788
1420
1420
1420
-594
5604
1420
1563
840
1420
1171
1500
1420
1420
2788
1420
1420
1420
1420
1420
1420
1420
1420
1420
1420
1803
-490
1420
4156
1420
1420
1610
1420
1420
-499
-487
-543
-531
-528
-528
-628
-633
1420
1420
2788
1420
4156
1420
1420
2788
1420
1420
1420
1672
1610
1420
1420
830
1500
1420
1420
1420
858
1420
1420
2788
1420
1420
2788
1420
1500
1336
1500
1195
1500
1420
2788
788
1500
1420
2788
1420
1500
2788
1420
2788
1420
1420
1256
1420
1516
1420
1325
1500
1420
2693
831
1500
1458
-564
1611
-594
840
1420
1028
1420
1420
1420
1420
1420
1420
1420
1420
1420
1420
1260
1420
1420
1420
1420
1420
877
1420
1420
-492
-234
302
-591
-609
-228
307
1500
1500
1500
1500
-609
-528
-529
-638
-628
-528
-526
-527
1500
1500
2948
1500
1500
1500
1500
1500
1500
1500
2614
2948
2948
1500
1500
2948
2948
1500
1500
2948
1500
1500
1500
1500
1500
1500
1500
1500
1500
1500
1500
2948
1500
2948
4396
1500
2948
4396
1500
2948
1047
164
547
1500
2700
1500
4098
-528
1500
2788
2007
-528
1500
1420
4133
-528
1500
1441
-526
1500
1478
-628
1852
-526
1690
-526
1482
-638
1500
744
-636
609
1420
1420
-537
1348
2358
-631
1500
-526
1290
-526
2283
-528
601
1500
1482
-528
1420
733
-631
1500
1420
4156
1500
5524
807
2788
1420
1347
1500
2788
1420
1420
3134
-584
-527
-628
-633
1500
1016
1420
1420
-250
132
132
829
1500
1420
4156
1420
1420
1500
1420
1420
1420
2788
1420
1420
1420
1420
1420
2788
1420
1420
1420
2788
1420
1420
1420
1420
1500
1420
1420
2788
2788
4156
4156
1420
1420
1420
648
-634
1420
5524
1420
1420
1420
1420
1420
4156
1611
-528
1500
1420
4156
4156
1420
1420
4768
-528
2590
-659
1500
1420
1420
4156
1420
2788
1420
1420
2788
1420
1675
-629
1420
625
-628
318
1420
94
-632
1420
143
-629
1420
1420
5524
1420
1250
-528
1420
1420
1420
2691
-527
1420
2029
-527
1500
1420
2788
4156
1420
1500
1420
1420
1420
4156
2788
2788
1420
4156
2614
-528
4156
1680
-636
4271
-525
1420
1175
2363
-526
1465
1483
1420
1420
1420
1420
1420
2868
6892
1420
1420
1420
1420
1420
1420
2788
1420
4156
1420
1420
743
2415
1515
1500
1476
1327
1500
1118
2561
1606
1420
1463
-185
1420
2788
1420
1420
1420
382
-89
-196
660
1420
1420
1420
1420
1420
1420
1420
1420
1420
1420
1420
1420
1420
1420
1420
1420
4156
1420
2788
2204
1420
2788
1420
1420
2788
1420
1420
1729
