-418
2948
1500
1500
-456
1500
1500
2948
1500
1500
1500
1500
1500
2948
1500
1500
1500
1500
1500
-420
1500
1500
1246
2948
1827
1500
1500
1500
4396
2948
-470
1500
1500
1500
1933
-439
301
-683
418
-465
1500
2346
-463
1847
-464
-465
-523
2254
483
1666
-228
2948
1500
1500
389
-464
1547
-464
1608
-465
-463
-464
1739
1422
1667
-584
1500
1016
-250
2948
-465
-523
1500
1500
2948
3178
111
2948
1500
1500
2435
-464
-465
-462
-463
1500
1500
2948
1500
1500
1500
1932
1500
1500
1500
1500
1235
3122
1500
1500
1500
1200
-185
403
-89
-196
1500
1500
2948
-462
-465
1500
4396
844
1500
2481
-463
-463
-463
1500
1500
2948
1136
-463
-465
1500
1500
1500
1500
1500
1259
-464
1500
1500
1500
1002
1500
-465
2948
1665
-465
1500
1500
2458
1500
-465
2948
1500
1500
1717
1500
1971
-464
1500
1500
1358
-465
1500
1500
1500
1500
1500
559
2948
2948
3133
-465
1500
1500
1500
1500
1500
1500
1500
1500
1996
-463
1500
2948
2948
1571
1500
1500
1500
1500
1500
1500
1500
1500
1500
1500
1500
777
1500
1500
1500
1500
1500
1500
1500
1500
-463
1500
1500
1573
-463
-465
-465
-464
-465
-464
-464
1500
1500
1115
1500
1500
1815
1548
2948
1500
615
1910
-464
1820
4396
1973
1026
-465
-462
-448
-462
-463
1500
1500
2188
2948
1500
1500
2948
1500
1500
1500
1500
1877
1899
1500
518
-464
1500
1500
1500
1500
783
1500
1336
1500
2037
-464
1500
703
-446
956
-446
-465
-465
-463
-464
1500
1092
2948
1500
1500
918
1500
1780
2377
978
-537
1500
1500
2166
-537
-523
1500
1500
2175
1787
-464
1500
1203
-233
1500
1872
-378
111
-537
697
-633
393
89
