-426
2948
1500
1500
1500
1500
1500
1500
1500
1908
-495
1500
1500
1500
1500
2948
1500
1500
1500
1500
1500
1500
-515
1500
1500
1500
1500
1500
2948
1500
1500
1500
1206
2948
1500
1500
1500
1500
1500
1738
-505
899
-520
-524
-522
1500
1500
2948
1500
1500
1500
1500
1500
1500
1500
1500
1500
1500
1500
1500
1500
-526
1107
1500
1500
2131
2010
1500
1500
2948
1500
1500
1500
1500
1500
1076
-527
2948
2948
1500
1500
1500
1500
1500
1500
1500
1500
1500
1500
1000
1500
2948
4396
1500
1500
-471
-519
-525
-520
-522
-518
1500
1500
1500
1500
2948
1500
1500
1500
1500
1500
1500
1872
1500
1500
1500
1500
1500
1500
1500
1500
1500
1500
1500
1653
-531
1500
1500
1548
1500
1992
-523
1500
1542
-529
1500
1500
2948
1500
1500
1500
1500
935
1500
-527
2255
-526
1270
-528
1500
745
2392
1500
-534
-525
834
-525
1500
1357
1500
1230
-520
-525
1562
-530
2340
-525
1521
1500
-532
1286
-532
1500
1459
-530
2317
-523
1500
1500
859
1424
-528
1500
880
-528
-529
1500
1291
2172
-527
-521
1500
655
1500
-522
1595
-532
1500
2069
899
-528
-522
1500
1135
2438
-523
2060
-525
-496
1500
600
1691
-535
-533
1500
1833
-536
1500
1057
-535
1276
-527
1500
1165
-538
534
595
-531
522
605
2948
454
790
1500
834
-459
1447
-228
1500
1500
1252
609
-584
1500
1016
-250
318
-185
382
-89
-196
-420
1500
2948
1500
1500
1633
-489
-451
1500
2163
-446
-449
-461
843
2948
1500
1702
-463
-464
1500
955
1237
843
1500
-478
-468
-474
1501
-473
1466
-469
4396
1500
1238
-470
1500
1500
1500
1500
1500
1500
1500
1500
1500
2948
1500
1500
1032
1403
-470
-474
2948
2948
1710
-467
1500
1500
2948
1500
1500
1500
1500
1500
843
2177
1500
1500
1500
1500
-477
4396
1500
1500
1500
1500
1669
1500
-494
2948
1490
-475
1500
1500
2948
1500
1500
2948
1500
2948
2948
1500
1603
3044
-433
1500
2948
4396
1500
2948
2948
4396
4370
1500
2948
2948
2948
4295
1500
1362
4396
1039
841
1011
-762
-770
-764
-768
1433
-765
-773
1500
1500
916
-776
1180
-776
-775
1255
-777
1107
-781
1500
2427
-784
1230
-789
1355
-773
1235
1072
1500
1500
-779
2948
1500
1500
1500
-780
