-431
334
1500
1500
1500
1500
1500
1500
1500
-448
1500
1500
1500
1500
1500
1500
1500
1500
1500
1500
333
1500
1500
-448
1500
1500
1500
1500
1500
1500
1500
1500
1500
1500
1500
1500
1500
1500
330
-484
1500
1500
1500
1500
1500
1500
1500
1500
1500
1500
315
240
-470
333
1500
1500
1500
-470
-470
-470
332
1500
1260
-482
-228
843
-482
331
331
140
1500
-484
1500
1500
1252
609
335
1500
1500
1500
1500
1500
1500
1500
1500
1500
1500
1500
1500
1500
1500
1500
1500
1500
1500
1500
1500
1500
976
7292
881
335
-584
5844
1500
250
1016
1500
1500
1500
1500
1500
1500
1500
1500
1500
1500
1500
1500
1500
1500
1500
1500
1500
1500
1500
1500
1500
1500
1500
1500
1500
1500
1500
1500
7292
1500
1500
1500
1500
1500
1500
1500
1500
-485
-250
1500
1500
1500
1500
1500
1500
1500
1500
1500
1500
1500
1500
1500
1500
1500
1500
1500
1500
1500
1500
1500
1500
1500
1500
1500
1500
1500
1500
1500
1500
1500
4396
2948
1500
5844
318
1500
1500
2948
1500
1500
1500
1500
1500
1500
1500
1500
4396
2948
2948
1500
1500
1500
1264
2948
1500
1500
1500
1500
1500
1500
1500
1500
1500
1500
1500
1500
16436
2492
1500
16436
1044
-482
-485
-474
1500
-185
1500
1500
1500
1500
1500
1500
382
1500
1500
2948
1500
1500
1500
1500
1500
1500
1500
1500
1500
1500
1500
1500
1500
1500
1500
1500
331
331
1500
1500
1500
1500
1500
1500
4396
1500
1500
1500
1500
1500
1500
1500
1500
1500
1500
1500
1500
171
376
353
1500
1500
2948
1500
1500
1500
1500
1500
1500
1500
1500
-470
-469
379
1500
1500
1500
1500
1500
1500
1500
1500
1500
1500
1500
1500
1500
1500
1500
1500
8740
1500
1500
1500
1500
1500
1500
1500
1500
1500
1500
1500
1500
1500
1500
1500
1500
1500
1500
1500
1500
1500
1500
1500
1500
1500
1500
1500
1500
1500
1500
1500
1500
1500
1500
1500
1500
1500
16436
3940
1500
1500
2948
1500
1500
1500
1500
9143
1500
2948
1500
1500
1500
1500
1500
1500
1500
1500
1500
1500
1500
1500
1500
1500
1500
1500
16436
3940
-469
-469
1500
1500
1500
1500
1500
1500
1500
1500
1500
1500
1500
1500
1500
1500
1459
1500
1500
1500
1500
1500
1500
1500
1500
1500
1500
1500
1500
1500
1500
1500
1500
1500
1500
1500
1500
1500
1500
1500
1500
1500
1500
1500
1500
1500
1500
1500
1500
1500
1500
1500
1500
1500
1500
1500
1500
1500
1500
1500
1500
7292
-469
2948
1500
1500
1500
1500
1500
1500
1500
1500
1500
1500
1500
1500
1500
1500
1500
1500
1500
1500
1500
1500
1500
1500
1500
1500
1500
1500
1500
1500
1500
1500
1500
1500
1500
1500
1500
1500
2948
1500
1500
1500
1500
1500
1500
1500
1500
1500
1500
1500
1500
1500
1500
1500
1500
1500
1500
1500
1500
16436
1044
8740
8740
-469
1500
1500
1500
1500
1500
1500
1500
1500
1500
1500
879
1500
1500
1500
2948
1500
1500
1500
1500
1500
1500
1500
1500
1500
1500
1500
1500
1500
1500
1500
1500
1500
1500
1500
1500
1500
1500
1500
1500
1500
1500
1500
1500
1500
1500
1500
1500
1500
-465
-472
-476
-470
-470
-473
-196
836
-469
1500
1500
1500
1500
1500
1500
1500
1500
1500
1500
1500
1500
1500
1500
1500
1500
4396
1500
4396
2948
2948
1500
1500
1500
2948
1500
1500
1500
1500
1500
1500
1500
2948
784
-470
1500
1500
335
1500
1500
1500
1500
1500
1500
1500
1500
1500
1500
1500
1500
335
2948
1500
1500
1500
1500
1500
1500
1500
1500
1500
1500
1500
331
1500
334
1500
1500
2948
1500
1500
1500
1500
1500
2948
1500
1500
1500
1500
1500
1500
1500
1500
1500
1500
1500
1500
1500
1500
1500
1500
1500
1500
1500
1500
1500
1500
1500
1001
2948
1500
1500
1500
1500
1500
1500
1500
1500
1500
1500
1500
1500
1500
1500
1500
1500
1500
1500
1500
1500
1500
2948
1500
1500
1500
1500
1500
1500
1500
1500
1500
1500
1500
1500
1500
2948
1500
1500
1500
1500
1500
1500
1500
1500
1500
1500
4396
1500
1500
2948
1500
2948
1353
1500
-474
435
1500
1500
2948
1500
1500
514
-471
850
-470
1500
1500
1500
1500
580
-471
1500
1500
1500
1500
1500
1500
1500
1500
1500
1500
1500
1500
1500
1500
1159
333
898
322
-470
-472
1500
1500
1500
1500
1500
1500
1500
1500
2948
357
335
1500
1500
1500
2948
1500
2948
1500
1500
333
629
333
1500
1325
1500
333
321
1326
-474
785
-477
1446
-477
581
-475
1192
-477
297
-477
335
1500
1500
2948
1500
1500
1500
1500
1500
334
1500
1500
1500
2948
2948
1500
1500
1500
1500
1500
2948
1500
1500
1500
333
333
1500
333
1500
1500
678
-477
333
1500
1327
-477
1202
-476
170
-476
334
1500
1500
1254
-480
-476
333
2948
334
4396
334
1500
1500
1500
1415
-476
333
1500
333
1500
1183
-476
517
-476
542
-477
334
1500
1500
1500
356
835
-477
-477
334
2948
1500
333
1500
1500
781
-477
334
1500
1500
1500
1500
526
-477
503
-477
334
334
1500
1500
2948
1500
1500
1500
334
1500
1500
1500
1500
824
-477
334
2948
1500
1500
1293
-477
333
1500
1500
1011
-477
368
-477
334
1500
1500
1500
1500
1161
-477
334
1500
1500
1500
334
1500
1500
1500
1500
334
1500
1500
1242
-477
1500
741
-477
334
1500
2948
1500
1158
-476
1432
-476
334
1500
1500
1500
409
-476
332
1500
1500
333
1500
1500
293
-476
333
1500
1500
1326
-476
333
1500
181
-476
1077
-476
333
1500
1500
-476
333
1500
1500
1468
-476
333
1500
333
1500
333
1500
333
885
1500
-476
168
-476
1417
-476
1172
-476
1186
-476
839
-476
333
1500
333
1500
1500
333
1500
333
1500
1500
334
1500
1500
334
1500
1500
1500
1481
-477
146
-477
623
-476
333
689
1500
-476
841
-476
1258
-476
333
1500
333
1500
1500
333
1500
1284
-476
333
1500
1500
333
1500
1500
1447
-476
149
-477
254
-477
333
1500
220
-477
333
1500
1500
909
-477
333
1500
333
1338
-471
333
1500
398
-471
333
1500
1074
-465
331
1237
408
-473
-473
332
1500
1146
-473
331
455
-476
592
-470
422
-475
1392
-474
451
-481
313
-488
332
332
1500
455
333
1500
-507
1500
1500
333
1500
1500
332
1500
1500
248
-507
1313
-507
399
-492
801
-490
1417
-492
399
-489
400
-490
382
-419
292
377
374
332
335
382
1165
1332
