-424
1500
1500
1500
1500
1500
1500
-531
1500
1500
2948
1500
1500
1500
1006
1500
1500
-504
-547
1500
1500
1500
1500
1618
-535
1500
2948
1500
1500
1500
1500
1500
1500
1500
2948
2948
1500
1500
1500
1500
923
1500
1500
1500
-545
2570
1711
2948
-542
-544
-545
-542
-543
1500
1500
2948
-447
1009
1500
2948
2948
1500
1500
1500
1500
1500
1500
2948
1500
1500
1500
1500
1500
1500
1500
2948
4396
2948
1500
1500
673
-543
1500
5844
1500
2046
-543
1500
1500
1500
1500
1500
1739
-543
1500
1500
1500
1500
1500
1500
1500
1500
1500
925
-546
1500
1500
1854
-545
1500
1500
1500
1500
4396
4396
1500
1500
1500
1500
1500
2851
-545
1500
1500
2723
-543
1500
1500
1500
1500
2948
1500
2948
819
-545
1500
1500
785
-546
1500
2948
2948
4396
4396
5844
5844
5844
1500
3549
-541
2948
2985
-549
1500
1500
1500
1500
2948
1500
2948
1500
1500
4396
1500
1500
1421
-546
1500
1890
-544
1500
4396
4396
4366
-552
1500
1500
1855
-540
1500
1500
1469
-541
1500
1500
1500
1500
1500
1500
1500
1500
1500
1500
1500
1500
1500
480
-546
1500
2776
-548
1903
-544
1500
1718
-541
1500
1500
3009
-542
1500
2245
-544
1500
859
-535
2948
3863
-538
1500
1500
1772
-544
1500
4396
1500
2948
1500
1500
1500
1566
1500
1500
1500
1500
1500
1500
1500
1500
1500
1500
1500
1500
1500
1500
1500
1500
1500
1500
1156
1500
2349
1500
1500
1693
1500
1023
1827
-534
-540
-542
-535
-538
-535
-228
1500
1500
1500
1355
-541
1554
-539
1320
-539
1288
-537
1794
-537
1500
451
-539
389
1500
636
-592
1352
-586
1500
584
-593
1500
683
-587
1988
-599
677
1522
792
654
671
-584
-595
-598
-587
-590
-587
1769
-586
1500
1016
-250
954
804
1167
1804
648
806
111
-185
403
-89
-196
-218
1500
1500
1207
-594
910
-595
910
-174
290
-446
1500
1500
2948
1500
1500
1423
-221
1500
1570
-174
290
-475
1500
1500
1500
1500
1500
1036
1500
2194
-491
-429
-429
-429
-429
-429
-218
-218
-218
-218
-218
-218
185
1500
185
1500
1500
1500
1558
185
1512
1512
543
1512
2003
3463
1512
2003
1512
185
2003
1512
2003
-520
-458
185
-532
-528
-534
-539
1500
901
1500
1548
2948
1500
1500
1500
2948
1500
2948
1500
1500
1500
2948
2852
2723
1889
1500
4396
1500
2948
1500
2948
1500
4396
5844
11636
16436
9436
