-420
1500
1500
1500
1500
2948
1500
2948
1500
1500
1500
1500
1500
2948
1500
1500
2948
1500
1500
1500
1500
1500
1500
2948
1500
2948
2948
1500
1500
1500
1500
1500
1500
2096
-431
1908
-468
-421
1500
1500
1500
1500
1500
1500
1500
1500
1500
1500
1500
1500
1500
1500
-487
588
2948
2948
1500
1500
1500
1500
1500
1500
2948
2948
4396
1500
2948
1500
-484
1500
1500
4396
2948
1500
1500
1500
2948
1500
2948
2948
1500
620
-493
1500
1500
2948
1629
-483
2948
2948
1500
2948
1500
1500
2948
-484
2948
1500
1283
1500
1500
1500
1500
771
1500
1500
2948
396
-490
2425
-401
-488
-528
-496
1500
1500
1500
1500
1500
1500
2948
1992
1500
1500
2948
4396
2399
2948
4396
2948
1454
2948
1500
2948
2948
2948
163
3404
1332
1500
1500
1500
1500
2948
2474
1500
2948
1500
1571
572
-523
-476
-490
-495
-485
-489
-497
1332
1500
1500
1500
1500
1500
-457
2948
2659
1500
1500
2396
1500
1500
2948
3510
1500
2948
1320
2948
2948
1500
1500
923
2948
1500
1500
837
492
1500
1500
484
-461
348
1500
2199
1440
-459
-487
-490
-531
-511
-502
-498
-456
-457
1500
1500
2948
1500
1500
1163
1500
1500
1500
2948
1500
794
-496
1500
1500
1500
1500
1500
1500
678
1500
563
-487
-488
2948
2948
1808
-515
1500
1500
2948
2948
1500
1500
1500
2948
1500
2948
1500
2948
1500
1500
2948
1956
1500
1500
934
2948
1500
1500
2948
1012
1500
-492
2948
1500
2948
1500
1500
1500
1500
1500
1500
2948
1500
2948
1500
1500
3404
1500
1500
2948
2948
2582
-485
1500
610
2948
976
1500
3232
-487
1500
2948
1500
1500
1098
-490
1500
1500
1500
1500
1730
-475
1500
1500
1500
1500
1407
-485
2948
1500
1500
1500
2948
1500
1500
1500
1956
2948
2948
1848
-489
1403
-483
1500
1500
1500
1130
-494
1500
1500
1500
1483
-493
1500
1500
1500
1500
1500
1581
-483
1500
2714
-491
1500
1500
1500
1054
-487
1500
1500
1500
1500
1100
-494
2948
1500
723
-500
1500
1500
1500
1500
1500
1500
1500
1500
1033
-522
1500
1500
1500
1500
1065
-495
2948
2323
-488
1500
1500
765
-479
2948
2948
1958
-502
1500
2948
2948
1500
1279
-486
1500
1500
1500
1500
1500
1500
2948
1500
1500
1500
1500
1500
997
-503
1500
1500
1500
1348
-492
1500
1500
2948
2948
3079
508
-495
2948
4396
2948
3752
-476
1500
2948
2948
1030
-496
1500
1500
2948
1692
-479
1500
1500
1500
1562
-494
803
-488
1500
1500
1500
1500
2948
1500
1500
1500
1006
-504
1500
1500
1500
1500
647
1500
-493
1500
1500
1537
-487
1500
1500
2948
2948
1500
1500
1500
1500
1956
1500
1500
1500
1500
1500
2948
2948
941
-476
1500
1500
1500
1853
-476
1500
1500
1500
847
-475
1500
1500
1500
1500
2948
1500
1500
1500
1500
1500
1500
1500
1500
734
864
-500
-507
1500
1500
855
709
-496
-481
1500
747
508
-493
2948
1500
1500
1500
1500
1500
2948
1500
1500
1500
1500
1956
1500
1500
2948
2948
2199
-488
1500
1500
2948
1500
1500
820
-483
208
-489
1500
1500
1500
1500
2948
2948
2948
755
-490
1500
1500
1500
2948
1500
1500
1500
1500
1500
1500
1500
1500
1500
2948
1500
2948
1500
1500
1500
1500
1500
1500
1500
1298
-489
1286
-470
1500
2948
4214
-534
508
2948
2948
1500
1500
508
1500
2948
1500
2948
1500
1500
1500
1608
-532
1500
1500
1500
1537
-502
1500
1500
2948
1931
-516
275
-476
1133
-490
1500
1500
2948
1500
1500
1500
678
-485
1500
1500
1500
1500
1500
1589
-486
1500
1500
1500
1500
1500
1500
1500
1500
1500
1500
1674
1500
1500
2948
1500
1568
-475
1500
1500
1500
1500
2948
1500
1257
-487
1500
1500
1500
1500
2948
1500
1500
1500
1500
1956
1500
1500
1500
1500
1500
2948
2948
1500
1956
1500
1500
1500
2948
2948
1500
1500
1500
1956
372
-500
1500
1500
2948
1500
1441
2948
1500
1500
1500
1500
1500
1500
1500
1500
1500
614
2948
1500
1500
1500
1500
1500
1500
1500
753
2948
1500
1500
1500
1500
1500
2948
2948
1500
1053
1500
1500
1500
2948
2948
2948
1500
1956
1500
2948
1500
1500
2948
1500
1500
1500
2948
2948
2948
1500
1500
2948
2948
1500
1500
1500
1500
1500
1500
1500
2948
1500
2948
2948
2948
4396
1284
1500
2948
1500
2948
1500
1500
2948
1500
2948
1500
2948
1484
931
1332
1500
1500
1500
1500
-228
194
2948
1500
389
1332
1500
1500
1500
674
-584
1500
1016
-250
111
-185
403
-89
-196
-456
1432
4512
5252
1432
1432
2812
1432
1432
2812
1432
1752
-515
1432
1432
1432
1432
1432
2812
759
2812
2812
1432
1432
1432
1432
1432
1432
2040
1013
