1380563087421002
1380563089526552
1380563089526852
1380563090119827
1380563090156655
1380563090156738
1380563090156944
1380563090191470
1380563090511233
1380563090699842
1380563090837733
1380563090993252
1380563091149231
1380563091299394
1380563091435060
1380563091462090
1380563091490177
1380563091512158
1380563091549232
1380563091550375
1380563091581609
1380563091581667
1380563091602111
1380563091743239
1380563091743777
1380563091984389
1380563091986586
1380563092611399
1380563092611476
1380563092636677
1380563092778287
1380563092778497
1380563092833165
1380563093007543
1380563093232632
1380563093397007
1380563093397374
1380563093806774
1380563094629467
1380563094770245
1380563094770363
1380563096181894
1380563096776557
1380563098182778
1380563098792161
1380563100223554
1380563100814436
1380563102214273
1380563102214427
1380563102810181
1380563104169672
1380563104169769
1380563104169855
1380563104520911
1380563106592253
