1380410551958121
1380410552001194
1380410552001269
1380410552041584
1380410552060805
1380410552102130
1380410552102322
1380410552102541
1380410552103989
1380410552104304
1380410552148415
1380410552148461
1380410552182699
1380410552184765
1380410552223990
1380410552225087
1380410552265374
1380410552266435
1380410552266721
1380410552306861
1380410552307228
1380410552307461
1380410552307519
1380410552307573
1380410552307626
1380410552307922
1380410552308105
1380410552350740
1380410552350983
1380410552351571
1380410552351649
1380410552351870
1380410552352063
1380410552352299
1380410552352560
1380410552352622
1380410552352744
1380410552352810
1380410552353125
1380410552353464
1380410552353666
1380410552392348
1380410552394802
1380410552394829
1380410552394941
1380410552395252
1380410552437667
1380410554711774
1380410554712492
1380410554749498
1380410554749682
1380410554784046
1380410554911472
1380410554935466
1380410554935531
1380410555379044
1380410555429411
1380410555501615
1380410555537682
1380410555538223
1380410555579375
1380410555581285
1380410556571917
