1380439038851264
1380439039168751
1380439039169287
1380439039169549
1380439039319458
1380439039420789
1380439039420894
1380439039420971
1380439039435832
1380439039435957
1380439039436071
1380439039436382
1380439039436839
1380439039518148
1380439039549142
1380439039572875
1380439039572948
1380439039592094
1380439039694710
1380439039695763
1380439039700940
1380439039793656
1380439039793911
1380439039794049
1380439039834912
1380439040666099
1380439040982588
1380439040983580
1380439041021976
1380439041298337
1380439041299142
1380439041299437
1380439041299745
1380439041614626
1380439041618172
1380439041621608
1380439041657971
1380439041933375
1380439041976555
1380439041977340
1380439041977624
1380439042290306
1380439042290401
1380439042290647
1380439042290715
1380439044973634
1380439045288066
1380439045606043
1380439045609342
1380439045610626
1380439045610790
1380439045921642
1380439045923498
1380439046240294
1380439046240971
1380439046241290
1380439046241423
1380439046559683
1380439046559802
1380439046559984
1380439046560099
1380439046875987
1380439046878533
1380439046878662
1380439046878802
1380439046878919
1380439047193924
1380439047194809
1380439047512960
1380439047517221
1380439047518020
1380439047518285
1380439047832138
1380439047832299
1380439047834232
1380439047834450
1380439047834652
1380439047834833
1380439047834859
1380439048151575
1380439048151728
1380439048152222
1380439048152302
1380439048152379
1380439048152455
1380439048152519
1380439048468200
1380439048469180
1380439048470822
1380439048470858
1380439048471103
1380439048471898
1380439048471929
1380439048472247
1380439048472430
1380439048481731
1380439048482526
1380439048522054
1380439048522216
1380439048529590
1380439048532664
1380439048532780
1380439048539283
1380439048539415
1380439048539672
1380439048786161
1380439048791586
1380439048791940
1380439048792052
1380439048792386
1380439048792588
1380439048796363
1380439048797231
1380439048797591
1380439048797732
1380439048840252
1380439048841073
1380439048841507
1380439048841679
1380439048849091
1380439048849319
1380439048849445
1380439048849833
1380439048849934
1380439048855326
1380439048855532
1380439048856230
1380439048856428
1380439048927065
1380439048927818
1380439048928112
1380439048928251
1380439049102810
1380439049113919
1380439049115048
1380439049115155
1380439049115361
1380439049115522
1380439049115547
1380439049115837
1380439049154016
1380439049157573
1380439049158203
1380439049165453
1380439049165553
1380439049165858
1380439049165972
1380439049166082
1380439049166182
1380439049166446
1380439049166659
1380439049244338
1380439049244969
1380439049245193
1380439049245265
1380439049333543
1380439049418170
1380439049418257
1380439049431367
1380439049432892
1380439049610455
1380439049610537
1380439049610650
1380439049634867
1380439049635656
1380439049635940
1380439049731207
1380439049731401
1380439049740011
1380439049740634
1380439049740982
1380439049886528
1380439049925736
1380439049926252
1380439049927499
1380439049927706
1380439049927802
1380439049930180
1380439049935419
1380439049936626
1380439050048200
1380439050048808
1380439050049033
1380439050055913
1380439050056028
1380439050056889
1380439050056999
1380439050250208
1380439050251552
1380439050251833
1380439050363653
1380439050363815
1380439050363924
1380439050371166
1380439050371402
1380439050371885
1380439050372251
1380439050372410
1380439050400978
1380439050401124
1380439050566134
1380439050680769
1380439050689126
1380439050689255
1380439050689340
1380439050875462
1380439051147547
1380439051284628
1380439051285368
1380439051285711
1380439051462527
1380439051468362
1380439051469388
1380439051600151
1380439051782451
1380439051782584
1380439051783486
1380439051783695
1380439052099200
1380439052107452
1380439052384748
1380439052384862
1380439052384935
