1380353785081951
1380353785299995
1380353785300071
1380353785300123
1380353785347947
1380353785566397
1380353785566513
1380353785566586
1380353785568996
1380353785785722
1380353785798517
1380353786002584
1380353786006704
1380353786229222
1380353786229297
1380353786261754
1380353786478793
1380353786522763
1380353786742826
1380353786746069
1380353786944526
1380353786964853
1380353787149195
1380353787161269
1380353787358625
1380353787361349
1380353787559581
1380353787559896
1380353787764943
1380353787802829
1380353788000096
1380353788000160
1380353788000449
1380353788000497
1380353788000555
1380353788000615
1380353788038693
1380353788204134
1380353788204538
1380353788204653
1380353788205787
1380353788220361
1380353788220761
1380353788221384
1380353788221459
1380353788221551
1380353788224278
1380353788224296
1380353788226565
1380353788226845
1380353788410431
1380353788417374
1380353788617784
1380353788654885
1380353788691586
1380353788691680
1380353788691749
1380353788691799
1380353788691894
1380353788731890
1380353788731960
1380353788732226
1380353788774602
1380353788856950
1380353788857016
1380353788896981
1380353788911633
1380353788911939
1380353788912033
1380353788912267
1380353788912689
1380353788912743
1380353788913406
1380353788913788
1380353788913865
1380353788917780
1380353788918010
1380353788918071
1380353788958750
1380353789098220
1380353789098275
1380353789304527
1380353789304757
1380353789304808
1380353789305182
1380353789305621
1380353789342884
1380353789342982
1380353789343086
1380353789343146
1380353789343197
1380353789343250
1380353789343299
1380353789343556
1380353789343612
1380353789375394
1380353789375452
1380353789375519
1380353789404599
1380353789442698
1380353789464742
1380353789503137
1380353789504275
1380353789541722
1380353789542177
1380353789542787
1380353789544507
1380353789544686
1380353789544864
1380353789545539
1380353789545798
1380353789546309
1380353789546617
1380353789560887
1380353789560918
1380353789560968
1380353789561275
1380353789561337
1380353789561384
1380353789564571
1380353789564760
1380353789565208
1380353789565381
1380353789568383
1380353789603541
1380353789604035
1380353789604155
1380353789604229
1380353789604583
1380353789607172
1380353789607478
1380353789607579
1380353789607677
1380353789744829
1380353789744912
1380353789747169
1380353789747497
1380353789747740
1380353789747814
1380353789778321
1380353789779043
1380353789779117
1380353789779142
1380353789788017
1380353789788063
1380353789807855
1380353789947898
1380353789947991
1380353789948074
1380353789964054
1380353790186143
1380353790222694
