1380266692322478
1380266692396283
1380266692512014
1380266692585171
1380266692585398
1380266692658517
1380266692658603
1380266692658827
1380266692658841
1380266692730622
1380266692730895
1380266692731160
1380266692731470
1380266692731660
1380266692732504
1380266692732558
1380266692735976
1380266692803348
1380266692803614
1380266692803869
1380266692804105
1380266692804447
1380266692804542
1380266692807669
1380266692807966
1380266692808216
1380266692808276
1380266692808555
1380266692808634
1380266692809158
1380266692809219
1380266692809511
1380266692810029
1380266692810408
1380266692810474
1380266692810779
1380266692883216
1380266692883591
1380266692883677
1380266692883742
1380266692884092
1380266692884160
1380266692884244
1380266692884732
1380266692884898
1380266692884982
1380266692885200
1380266692956708
1380266692956979
1380266692957048
1380266692957254
1380266692957322
1380266692957726
1380266692957793
1380266692958094
1380266692958328
1380266692958522
1380266692958588
1380266692958840
1380266692959213
1380266692959286
1380266692959530
1380266692959585
1380266693048574
1380266693097432
1380266693120606
1380266693134688
1380266693134773
1380266693134842
1380266693170980
1380266693206467
1380266693235286
1380266693235523
1380266693252995
1380266693294071
1380266693294953
1380266693330787
1380266693331106
1380266693331514
1380266693369864
