1380299119921338
1380299120111168
1380299120111277
1380299120111707
1380299120146685
1380299120146824
1380299120147132
1380299120147213
1380299120147514
1380299120148021
1380299120148221
1380299120159656
1380299120159732
1380299121802620
1380299121808243
1380299121808321
1380299121812236
1380299121812326
1380299121812670
1380299121818107
1380299121818181
1380299121818496
1380299121822154
1380299121822392
1380299121822634
1380299121827529
1380299121831465
1380299121838184
1380299121842130
1380299121847726
1380299121847981
1380299121851944
1380299121852138
1380299121858439
1380299121858535
1380299121858642
1380299121858744
1380299121859164
1380299121859250
1380299121897559
1380299121897640
1380299121897744
1380299121897790
1380299121897844
1380299121897932
1380299121897978
1380299121903819
1380299121904199
1380299121904276
1380299121904474
1380299121904576
1380299121904663
1380299121911410
1380299121911445
1380299121911479
1380299121911707
1380299121911742
1380299121911906
1380299121911934
1380299121921188
1380299121921970
1380299121922988
1380299121947927
1380299121986405
1380299122023235
1380299122023364
1380299122023459
1380299122058000
1380299122766830
1380299122770850
1380299122772215
1380299122772310
1380299122773735
1380299122777623
1380299122778292
1380299122779322
1380299122779701
1380299122779966
1380299122780050
1380299122780153
1380299122780258
1380299122780591
1380299122780769
1380299122781089
1380299122781180
1380299122783319
1380299122783612
1380299122783687
1380299122784263
1380299122784778
1380299122785203
1380299122785580
1380299122785624
1380299122785719
1380299122785837
1380299122785942
1380299122786385
1380299122786495
1380299122786562
1380299122786919
1380299122787281
1380299122787391
1380299122787649
1380299122787821
1380299122787993
1380299122788099
1380299122789424
1380299122789652
1380299122790155
1380299122790637
1380299122790904
1380299122791055
1380299122791312
1380299122791973
1380299122792211
1380299122792404
1380299122792720
1380299122792859
1380299122793128
1380299122793411
1380299122793621
1380299122793903
1380299122794061
1380299122794406
1380299122794544
1380299122794802
1380299122795002
1380299122795271
1380299122795435
1380299122795655
1380299122795937
1380299122796195
1380299122796455
1380299122796736
1380299122797032
1380299122797325
1380299122797611
1380299122797769
1380299122797987
1380299122798240
1380299122798630
1380299122798926
1380299122799309
1380299122799726
1380299122800222
1380299122800471
1380299122800746
1380299122801048
1380299122801260
1380299122801408
1380299122802748
1380299122803085
1380299122803340
1380299122803589
1380299122803862
1380299122804004
1380299122804239
1380299122804438
1380299122804657
1380299122805469
1380299122806241
1380299122808330
1380299122808548
1380299122809495
1380299122809565
1380299122810553
1380299122810857
1380299122811163
1380299122811347
1380299122811509
1380299122811857
1380299122812068
1380299122812323
1380299122812606
1380299122812849
1380299122813160
1380299122813265
1380299122814656
1380299122814809
1380299122814897
1380299122815087
1380299122849052
1380299122849203
1380299122853589
1380299122891927
1380299122914175
1380299122939007
1380299122939236
1380299123112041
1380299123150744
1380299123403277
1380299123439421
1380299123439897
1380299123482622
1380299123484530
