1380239299057895
1380239299463681
1380239299463997
1380239299464098
1380239299524620
1380239299531155
1380239299531335
1380239299531589
1380239299542898
1380239299542953
1380239299542996
1380239299543115
1380239299543440
1380239299543517
1380239299582210
1380239299595117
1380239299604269
1380239299604532
1380239299604644
1380239299604751
1380239299610084
1380239299611463
1380239299611818
1380239299612176
1380239299612247
1380239299612297
1380239299617616
1380239299617839
1380239299622272
1380239299622340
1380239299622716
1380239299622833
1380239299623327
1380239299623695
1380239299623827
1380239299623889
1380239299624234
1380239299624254
1380239299624320
1380239299624504
1380239299628672
1380239299628963
1380239299640707
1380239299641747
1380239299643356
1380239299646597
1380239299646764
1380239299646949
1380239299647038
1380239299648195
1380239299648293
1380239299650061
1380239299650268
1380239299650556
1380239299650650
1380239299650778
1380239299650943
1380239299651054
1380239299651426
1380239299651767
1380239299653369
1380239299653511
1380239299653747
1380239299653854
1380239299653976
1380239299654101
1380239299654311
1380239299654453
1380239299654602
1380239299654939
1380239299655160
1380239299655540
1380239299655683
1380239299655804
1380239299656946
1380239299657071
1380239299657314
1380239299657454
1380239299657708
1380239299657815
1380239299657940
1380239299660322
1380239299660450
1380239299660695
1380239299660830
1380239299660951
1380239299661066
1380239299662598
1380239299662845
1380239299662957
1380239299663211
1380239299663342
1380239299663611
1380239299663734
1380239299663853
1380239299664005
1380239299664147
1380239299664410
1380239299664532
1380239299664646
1380239299664910
1380239299665169
1380239299665312
1380239299665572
1380239299665808
1380239299665943
1380239299666026
1380239299669518
1380239299671131
1380239299671256
1380239299671260
1380239299671495
1380239299671598
1380239299671696
1380239299671931
1380239299672046
1380239299672117
1380239299672393
1380239299672496
1380239299676705
1380239299676831
1380239299676967
1380239299677082
1380239299677144
1380239299678693
1380239299678816
1380239299678947
1380239299679082
1380239299679182
1380239299681030
1380239299681200
1380239299681384
1380239299683269
1380239299683331
1380239299683575
1380239299683701
1380239299683826
1380239299683968
1380239299684087
1380239299684194
1380239299684462
1380239299684722
1380239299684860
1380239299685239
1380239299685374
1380239299685496
1380239299685647
1380239299685775
1380239299686237
1380239299686327
1380239299686451
1380239299686572
1380239299686852
1380239299687332
1380239299687566
1380239299687672
1380239299687786
1380239299687907
1380239299688294
1380239299688543
1380239299688683
1380239299688858
1380239299688968
1380239299689091
1380239299689201
1380239299689424
1380239299689573
1380239299689820
1380239299689973
1380239299690209
1380239299691432
1380239299691596
1380239299691723
1380239299692832
1380239299695238
1380239299695452
1380239299695558
1380239299695678
1380239299695802
1380239299696020
1380239299697252
1380239299697408
1380239299697504
1380239299697656
1380239299697780
1380239299699167
1380239299699643
1380239299699747
1380239299699906
1380239299703806
1380239299703875
1380239299704996
1380239299705134
1380239299705242
1380239299705452
1380239299705590
1380239299705775
1380239299705870
1380239299711258
1380239299711455
1380239299711666
1380239299717599
1380239299720066
1380239299720287
1380239299720533
1380239299720631
1380239299720962
1380239299721088
1380239299721317
1380239299721487
1380239299721593
1380239299727558
1380239299727629
1380239299727776
1380239299727877
1380239299732300
1380239299736242
1380239299736389
1380239299757770
1380239299757777
1380239299757820
1380239299793959
1380239299969770
1380239300297015
1380239300297522
1380239300317909
1380239300357951
1380239300358138
1380239300363986
1380239300402049
1380239300420622
1380239300420975
1380239300458025
1380239300464422
1380239300502082
1380239300502300
1380239300502350
1380239300502433
1380239300502460
1380239300502486
1380239300502513
1380239300502750
1380239300502986
1380239300503013
1380239300503039
1380239300503065
1380239300510586
1380239300510784
1380239300510928
1380239300511413
1380239300511988
1380239300512202
1380239300512538
1380239300512645
1380239300512772
1380239300513023
1380239300513147
1380239300513441
1380239300513556
1380239300513640
1380239300513973
1380239300514157
1380239300514262
1380239300514438
1380239300515255
1380239300515470
1380239300515711
1380239300515849
1380239300515977
1380239300516151
1380239300516266
1380239300516364
1380239300516485
1380239300516646
1380239300517291
1380239300517430
1380239300517612
1380239300517729
1380239300517876
1380239300518008
1380239300518146
1380239300518274
1380239300518378
1380239300518497
1380239300518625
1380239300518761
1380239300522688
1380239300523380
1380239300523763
1380239300524017
1380239300524404
1380239300524508
1380239300524762
1380239300525152
1380239300525284
1380239300525402
1380239300525576
1380239300525750
1380239300526123
1380239300526909
1380239300527114
1380239300528044
1380239300528989
1380239300529089
1380239300529269
1380239300529415
1380239300547678
1380239300547976
1380239300564356
1380239300565526
1380239300580594
1380239300580702
1380239300605864
1380239300704647
1380239300704742
1380239300704835
1380239300742085
1380239300742130
1380239300759803
1380239300781182
1380239300781524
1380239300812449
1380239300812619
1380239300812855
1380239300812895
1380239300812980
1380239300813039
1380239300813091
1380239300813142
1380239300813193
1380239300813243
1380239300813293
1380239300813353
1380239300813406
1380239300813458
1380239300813570
1380239300820713
1380239300820894
1380239300821169
1380239300821282
1380239300821612
1380239300821998
1380239300822220
1380239300822298
1380239300822394
1380239300822604
1380239300823093
1380239300823287
1380239300823413
1380239300823535
1380239300823628
1380239300823741
1380239300824075
1380239300824106
1380239300824411
1380239300824612
1380239300824750
1380239300824974
1380239300825167
1380239300829091
1380239300829659
1380239300830084
1380239300830287
1380239300830536
1380239300830772
1380239300831007
1380239300831537
1380239300831733
1380239300831831
1380239300832103
1380239300832354
1380239300832574
1380239300832986
1380239300833392
1380239300833531
1380239300833979
1380239300834314
1380239300834499
1380239300834640
1380239300834967
1380239300835413
1380239300835664
1380239300835823
1380239300836576
1380239300836822
1380239300837239
1380239300837380
1380239300837989
1380239300838484
1380239300838614
1380239300838899
1380239300839140
1380239300839533
1380239300839621
1380239300840029
1380239300840460
1380239300840597
1380239300840775
1380239300840987
1380239300841131
1380239300841244
1380239300841399
1380239300842328
1380239300842564
1380239300843229
1380239300843455
1380239300844714
1380239300844912
1380239300845170
1380239300845380
1380239300845600
1380239300845739
1380239300845841
1380239300845925
1380239300846163
1380239300846283
1380239300846417
1380239300848395
1380239300848509
1380239300848637
1380239300848732
1380239300848821
1380239300849633
1380239300849727
1380239300849807
1380239300849941
1380239300850635
1380239300850771
1380239300850869
1380239300850979
1380239300851240
1380239300851519
1380239300851760
1380239300851853
1380239300851991
1380239300852108
1380239300852350
1380239300852473
1380239300852595
1380239300852700
1380239300852852
1380239300852962
1380239300853100
1380239300853351
1380239300853460
1380239300853601
1380239300853710
1380239300853831
1380239300853892
1380239300854722
1380239300854887
1380239300855269
1380239300856332
1380239300856465
1380239300856626
1380239300856689
1380239300856763
1380239300857160
1380239300857297
1380239300857714
1380239300857895
1380239300858023
1380239300859045
1380239300859171
1380239300859362
1380239300859497
1380239300859599
1380239300859727
1380239300859847
1380239300860023
1380239300860101
1380239300861168
1380239300861520
1380239300861726
1380239300861842
1380239300861978
1380239300862247
1380239300862339
1380239300862428
1380239300862589
1380239300862864
1380239300863119
1380239300863388
1380239300863445
1380239300863645
1380239300863795
1380239300864022
1380239300864118
1380239300864211
1380239300864336
1380239300864680
1380239300864816
1380239300864996
1380239300865096
1380239300865258
1380239300865372
1380239300865492
1380239300868287
1380239300868355
1380239300869323
1380239300870278
1380239300870397
1380239300870501
1380239300870629
1380239300870771
1380239300870895
1380239300870999
1380239300871387
1380239300871506
1380239300871674
1380239300872185
1380239300872275
1380239300879846
1380239300901789
1380239300901794
1380239300922150
1380239300922225
1380239300922291
1380239300922353
1380239300922640
1380239300922690
1380239300922723
1380239300922749
1380239300929530
1380239300929790
1380239300929938
1380239300930050
1380239300930232
1380239300930375
1380239300930499
1380239300930877
1380239300931012
1380239300931132
1380239300931205
1380239300931314
1380239300931413
1380239300935176
1380239300935352
1380239300935494
1380239300935572
1380239300935635
1380239300937530
1380239300937667
1380239300940351
1380239300940688
1380239300940816
1380239300942093
1380239300942410
1380239300942488
1380239300943811
1380239300943948
1380239300944008
1380239300946509
1380239300946668
1380239300946746
1380239300948899
1380239300949042
1380239300949103
1380239300949996
1380239300950185
1380239300950260
1380239300951149
1380239300951301
1380239300953027
1380239300955663
1380239300955766
1380239300955876
1380239300955981
1380239300956891
1380239300959457
1380239300959638
1380239300959777
1380239300962718
1380239300962891
1380239301023048
1380239301049957
1380239301081080
1380239301093986
1380239301119150
1380239301122228
1380239301123058
1380239301198981
1380239301237753
1380239301238156
1380239301241588
