1380568904471028
1380568904615366
1380568904615643
1380568904615760
1380568904733537
1380568904733903
1380568904734000
1380568904734058
1380568904734296
1380568904734723
1380568904734938
1380568904735081
1380568904735528
1380568904735720
1380568904784195
1380568904848661
1380568904849114
1380568904849317
1380568904849467
1380568904850335
1380568904850502
1380568904850922
1380568904851009
1380568904851070
1380568904851273
1380568904851388
1380568904851562
1380568904851752
1380568904851976
1380568904852070
1380568904852124
1380568904890462
1380568904890699
1380568904911430
1380568904911598
1380568904911757
1380568904911870
1380568904912125
1380568904964091
1380568904964408
1380568904964528
1380568904964590
1380568904965817
1380568904966333
1380568904966465
1380568904966730
1380568904966850
1380568904967038
1380568904967235
1380568904968199
1380568904968257
1380568904968431
1380568904968671
1380568904968855
1380568904969007
1380568905006469
1380568905006673
1380568905006870
1380568905007057
1380568905007230
1380568905033671
1380568905033741
1380568905035356
1380568905035832
1380568905037008
1380568905037319
1380568905037827
1380568905037903
1380568905037969
1380568905038189
1380568905038719
1380568905038771
1380568905039689
1380568905039762
1380568905083665
1380568905083808
1380568905084062
1380568905084165
1380568905084235
1380568905084405
1380568905084537
1380568905084906
1380568905085046
1380568905086130
1380568905086306
1380568905086590
1380568905086666
1380568905086717
1380568905086918
1380568905087088
1380568905087738
1380568905087805
1380568905087861
1380568905122475
1380568905122835
1380568905122932
1380568905123235
1380568905123373
1380568905123641
1380568905123706
1380568905124034
1380568905124260
1380568905124673
1380568905155256
1380568905157477
1380568905157874
1380568905158045
1380568905159292
1380568905159439
1380568905159593
1380568905159736
1380568905160287
1380568905160466
1380568905160677
1380568905286018
1380568905324151
1380568905324607
1380568905324681
1380568905324731
1380568905324780
1380568905325739
1380568905438899
1380568905441644
1380568905441757
1380568905441894
1380568905443099
1380568905443213
1380568905443249
1380568905443361
1380568905447467
1380568905447625
1380568905447648
1380568905447726
1380568905447812
1380568905448112
1380568905448214
1380568905456316
1380568905495162
1380568905556306
1380568905556521
1380568905556583
1380568905556642
1380568905561075
1380568905561571
1380568905561641
1380568905561709
1380568905561887
1380568905562344
1380568905562443
1380568905562506
1380568905562661
1380568905602807
1380568905603345
1380568905603411
1380568905603462
1380568905603523
1380568905603605
1380568905620339
1380568905621289
1380568905622022
1380568905622090
1380568905622158
1380568905656372
1380568905671940
1380568905672308
1380568905672419
1380568905672606
1380568905676295
1380568905676381
1380568905676730
1380568905676822
1380568905676890
1380568905677074
1380568905677385
1380568905677528
1380568905678057
1380568905678174
1380568905678369
1380568905678629
1380568905678773
1380568905693063
1380568905693156
1380568905700384
1380568905722650
1380568905722693
1380568905722904
1380568905722989
1380568905723012
1380568905723192
1380568905723217
1380568905723240
1380568905723340
1380568905723359
1380568905724582
1380568905724609
1380568905724675
1380568905724796
1380568905724883
1380568905725038
1380568905725269
1380568905725392
1380568905729080
1380568905732532
1380568905732666
1380568905732992
1380568905742042
1380568905788126
1380568905796735
1380568905797175
1380568905797302
1380568905797506
1380568905797609
1380568905797846
1380568905798002
1380568905817671
1380568905817743
1380568905844011
1380568905844179
1380568905844329
1380568905844548
1380568905844653
1380568905844676
1380568905844868
1380568905845275
1380568905845354
1380568905845662
1380568905845746
1380568905845821
1380568905845897
1380568905846506
1380568905846544
1380568905846632
1380568905846651
1380568905846766
1380568905846901
1380568905847025
1380568905847050
1380568905847118
1380568905847698
1380568905847756
1380568905847955
1380568905848053
1380568905848121
1380568905848451
1380568905849497
1380568905849590
1380568905849675
1380568905856592
1380568905859033
1380568905859094
1380568905859567
1380568905859682
1380568905897692
1380568905908232
1380568905916319
1380568905916867
1380568905917068
1380568905944123
1380568905944603
1380568905963045
1380568905963229
1380568905963567
1380568905963741
1380568905963827
1380568905964078
1380568905964112
1380568905964628
1380568905964856
1380568905964959
1380568905965016
1380568905965277
1380568905965431
1380568905965612
1380568905965878
1380568905965959
1380568905966388
1380568905966476
1380568905966802
1380568905966835
1380568905966932
1380568905966953
1380568905967187
1380568905967402
1380568905967703
1380568905967780
1380568905967846
1380568905976537
1380568905986729
1380568905986795
1380568905986897
1380568905987006
1380568905987099
1380568905987174
1380568906033638
1380568906033943
1380568906034007
1380568906034158
1380568906081424
1380568906081711
1380568906081964
1380568906082080
1380568906082302
1380568906082399
1380568906082716
1380568906084122
1380568906084365
1380568906084421
1380568906084574
1380568906107262
1380568906107649
1380568906107783
1380568906151113
1380568906151474
1380568906151542
1380568906151640
1380568906152045
1380568906152461
1380568906152540
1380568906152711
1380568906198751
1380568906199134
1380568906199209
1380568906199755
1380568906199962
1380568906200098
1380568906200160
1380568906200439
1380568906200705
1380568906200760
1380568906200857
1380568906224700
1380568906224989
1380568906225121
1380568906225317
1380568906225411
1380568906225507
1380568906225574
1380568906225675
1380568906267592
1380568906267900
1380568906268051
1380568906268241
1380568906268497
1380568906268586
1380568906268696
1380568906273124
1380568906273621
1380568906273713
1380568906273783
1380568906273861
1380568906274201
1380568906274324
1380568906316053
1380568906316349
1380568906316434
1380568906316494
1380568906316770
1380568906316918
1380568906317017
1380568906317088
1380568906317405
1380568906317646
1380568906317801
1380568906318453
1380568906318547
1380568906318615
1380568906318794
1380568906319045
1380568906319264
1380568906319371
1380568906319869
1380568906319956
1380568906320019
1380568906320095
1380568906320119
1380568906320364
1380568906320474
1380568906320501
1380568906320701
1380568906320773
1380568906320962
1380568906321287
1380568906321366
1380568906321454
1380568906321525
1380568906321548
1380568906321834
1380568906322106
1380568906322235
1380568906322346
1380568906342876
1380568906343108
1380568906343441
1380568906343584
1380568906343684
1380568906385652
1380568906386017
1380568906386134
1380568906386209
1380568906389511
1380568906389638
1380568906389821
1380568906391184
1380568906391473
1380568906391548
1380568906391618
1380568906391725
1380568906391974
1380568906438643
1380568906439037
1380568906439126
1380568906439180
1380568906439400
1380568906439747
1380568906440117
1380568906440332
1380568906440562
1380568906440677
1380568906440931
1380568906441136
1380568906441211
1380568906441558
1380568906441727
1380568906441841
1380568906458930
1380568906459020
1380568906459426
1380568906459609
1380568906459733
1380568906460154
1380568906460464
1380568906460564
1380568906460621
1380568906460701
1380568906461084
1380568906461360
1380568906461471
1380568906507895
1380568906508285
1380568906508358
1380568906508745
1380568906508775
1380568906508993
1380568906509160
1380568906509319
1380568906509602
1380568906509674
1380568906509740
1380568906509813
1380568906509925
1380568906510306
1380568906510388
1380568906510511
1380568906555812
1380568906556464
1380568906556601
1380568906558227
1380568906558617
1380568906558738
1380568906576613
1380568906576988
1380568906577105
1380568906577288
1380568906577495
1380568906577606
1380568906577775
1380568906577867
1380568906578730
1380568906578973
1380568906579210
1380568906579297
1380568906579596
1380568906579675
1380568906580016
1380568906580067
1380568906580184
1380568906625786
1380568906626236
1380568906626343
1380568906626616
1380568906626728
1380568906666903
1380568906667242
1380568906667338
1380568906667405
1380568906671538
1380568906671622
1380568906671744
1380568906671909
1380568906672139
1380568906672308
1380568906673989
1380568906674136
1380568906674137
1380568906674433
1380568906674701
1380568906674790
1380568906675036
1380568906675480
1380568906675579
1380568906675806
1380568906676072
1380568906676172
1380568906676524
1380568906694566
1380568906694642
1380568906694859
1380568906694925
1380568906695357
1380568906697296
1380568906697317
1380568906697417
1380568906697520
1380568906697724
1380568906697876
1380568906697976
1380568906698216
1380568906698367
1380568906698456
1380568906744744
1380568906745098
1380568906745324
1380568906745399
1380568906745469
1380568906745766
1380568906745844
1380568906746064
1380568906788008
1380568906791309
1380568906791643
1380568906791737
1380568906791821
1380568906791849
1380568906791893
1380568906792019
1380568906792025
1380568906813520
1380568906813613
1380568906813777
1380568906859752
1380568906860193
1380568906860322
1380568906860402
1380568906860684
1380568906860797
1380568906908011
1380568906908462
1380568906908483
1380568906908556
1380568906908640
1380568906908845
1380568906908942
1380568906908959
1380568906909290
1380568906909405
1380568906909471
1380568906929384
1380568906929739
1380568906929842
1380568906929959
1380568906968593
1380568906968773
1380568906975748
1380568906976178
1380568906976342
1380568907024762
1380568907025228
1380568907025316
1380568907025378
1380568907025861
1380568907025921
1380568907026457
1380568907026528
1380568907026926
1380568907027016
1380568907027036
1380568907027258
1380568907027363
1380568907027611
1380568907027736
1380568907028495
1380568907028618
1380568907028727
1380568907085196
1380568907085545
1380568907085628
1380568907085710
1380568907085775
1380568907086126
1380568907086275
1380568907086378
1380568907091934
1380568907092294
1380568907092385
1380568907092574
1380568907092661
1380568907092923
1380568907093030
1380568907093094
1380568907093291
1380568907093570
1380568907093697
1380568907141128
1380568907141544
1380568907141652
1380568907142123
1380568907142657
1380568907142762
1380568907144520
1380568907144601
1380568907145645
1380568907145678
1380568907145959
1380568907146050
1380568907146111
1380568907146308
1380568907146574
1380568907146745
1380568907147101
1380568907147213
1380568907147425
1380568907147587
1380568907147711
1380568907147828
1380568907147955
1380568907204578
1380568907209417
1380568907209526
1380568907209672
1380568907209745
1380568907256566
1380568907256897
1380568907257039
1380568907257308
1380568907257394
1380568907257652
1380568907257794
1380568907258174
1380568907258286
1380568907258502
1380568907261918
1380568907261936
1380568907262006
1380568907262063
1380568907262157
1380568907262504
1380568907262658
1380568907301370
1380568907301577
1380568907324946
1380568907325220
1380568907362688
1380568907362919
1380568907377911
1380568907378132
1380568907379570
1380568907379783
1380568907416887
1380568907417096
1380568907439938
1380568907440133
1380568907476421
1380568907476652
1380568907491903
1380568907492147
1380568907496397
1380568907496606
1380568907532909
1380568907533118
1380568907534042
1380568907534478
1380568907534567
1380568907534941
1380568907535054
1380568907555185
1380568907555387
1380568907590874
1380568907591084
1380568907607485
1380568907607873
1380568907607943
1380568907608172
1380568907608289
1380568907608555
1380568907608766
1380568907608995
1380568907609301
1380568907609427
1380568907613632
1380568907613886
1380568907613991
1380568907614051
1380568907614318
1380568907648550
1380568907648604
1380568907648831
1380568907648884
1380568907649924
1380568907650419
1380568907650534
1380568907650940
1380568907651201
1380568907651307
1380568907651553
1380568907690628
1380568907690843
1380568907706822
1380568907707257
1380568907707336
1380568907707395
1380568907707747
1380568907707873
1380568907708021
1380568907725115
1380568907725678
1380568907725760
1380568907725979
1380568907764739
1380568907764943
1380568907765508
1380568907767800
1380568907767861
1380568907768146
1380568907768201
1380568907768448
1380568907768522
1380568907768589
1380568907769090
1380568907769171
1380568907769433
1380568907806659
1380568907823408
1380568907843028
1380568907843346
1380568907881559
1380568907881806
1380568907883472
1380568907883738
1380568907884463
1380568907900380
1380568908017475
