1380230083850634
1380230083927434
1380230083927517
1380230083927634
1380230084003206
1380230084003260
1380230084003497
1380230084004719
1380230084004793
1380230084005144
1380230084005190
1380230084005350
1380230084015796
1380230084041284
1380230084041325
1380230084041557
1380230084041596
1380230084066308
1380230084066369
1380230084066487
1380230084066598
1380230084066719
1380230084066900
1380230084067046
1380230084079239
1380230084079636
1380230084095757
1380230084095858
1380230084095966
1380230084103975
1380230084120366
1380230084120744
1380230084120953
1380230084121213
1380230084121333
1380230084121747
1380230084121845
1380230084121985
1380230084122321
1380230084123034
1380230084131011
1380230084131163
1380230084131363
1380230084131467
1380230084146228
1380230084146437
1380230084146579
1380230084146698
1380230084146810
1380230084147283
1380230084147337
1380230084147798
1380230084148194
1380230084148441
1380230084148640
1380230084148772
1380230084148885
1380230084149346
1380230084149466
1380230084149652
1380230084155626
1380230084155722
1380230084175785
1380230084175809
1380230084175942
1380230084176219
1380230084200747
1380230084200859
1380230084200968
1380230084201081
1380230084205037
1380230084205208
1380230084205333
1380230084229828
1380230084296533
1380230084296951
1380230084297513
1380230084297539
1380230084297740
1380230084297764
1380230084323452
1380230084323654
1380230084324716
1380230084324823
1380230084324943
1380230084325071
1380230084325193
1380230084325329
1380230084325655
1380230084325798
1380230084325909
1380230084326079
1380230084326598
1380230084326775
1380230084326874
1380230084327041
1380230084327235
1380230084327892
1380230084328078
1380230084328696
1380230084328944
1380230084329079
1380230084329193
1380230084329307
1380230084329738
1380230084329844
1380230084330296
1380230084330407
1380230084330569
1380230084330714
1380230084330859
1380230084331382
1380230084331511
1380230084331636
1380230084331800
1380230084393963
1380230084394333
1380230084422765
1380230084447271
1380230084471481
1380230084471659
1380230084471809
1380230084471882
1380230084473562
1380230084473606
1380230084473731
1380230084473856
1380230084496490
1380230084498025
1380230084498453
1380230084523614
1380230084523660
1380230084523799
1380230084547693
1380230084548059
1380230084548123
1380230084548251
1380230084548374
1380230084548676
1380230084548933
1380230084549011
1380230084549398
1380230084549658
1380230084549843
1380230084549969
1380230084550426
1380230084550525
1380230084550814
1380230084550876
1380230084551050
1380230084551189
1380230084551350
1380230084551428
1380230084618253
1380230084624013
1380230084648063
1380230084674778
1380230084675080
1380230084714175
1380230084739360
1380230084739630
1380230084778032
1380230084778328
1380230084803523
1380230084841738
1380230084841984
1380230084867159
1380230084867433
1380230084867796
1380230084893000
1380230084893191
1380230084893283
1380230084893339
1380230084897982
1380230084904534
1380230084904724
1380230084904959
1380230084909074
1380230084909251
1380230084909423
1380230084909547
1380230084909840
1380230084910261
1380230084910692
1380230084911436
1380230084911511
1380230084911710
1380230084914120
1380230084914350
1380230084914602
1380230084914896
1380230084914973
1380230084915509
1380230084915584
1380230084915883
1380230084916899
1380230084916971
1380230084917028
1380230084917074
1380230084917113
1380230084917151
1380230084917190
1380230084918151
1380230084918339
1380230084918351
1380230084918464
1380230084918930
1380230084919042
1380230084919100
1380230084923527
1380230084923602
1380230084923882
1380230084924043
1380230084924155
1380230084924291
1380230084924661
1380230084924883
1380230084924990
1380230084925598
1380230084925850
1380230084926557
1380230084926691
1380230084926870
1380230084926976
1380230084932588
1380230084932979
1380230084933103
1380230084933364
1380230084933503
1380230084933765
1380230084933881
1380230084933993
1380230084934225
1380230084934347
1380230084934485
1380230084934654
1380230084934855
1380230084934858
1380230084935918
1380230084936151
1380230084936299
1380230084936418
1380230084936566
1380230084936643
1380230084936903
1380230084936987
1380230084937146
1380230084944381
1380230084944476
1380230084944604
1380230084944717
1380230084944853
1380230084944977
1380230084945101
1380230084945210
1380230084945334
1380230084945455
1380230084945612
1380230084945728
1380230084945834
1380230084945955
1380230084946077
1380230084946210
1380230084946340
1380230084948675
1380230084948805
1380230084949049
1380230084949165
1380230084949424
1380230084949546
1380230084949690
1380230084949946
1380230084950063
1380230084950237
1380230084950357
1380230084950614
1380230084950756
1380230084951287
1380230084951464
1380230084951566
1380230084951684
1380230084951833
1380230084952064
1380230084952188
1380230084952309
1380230084952442
1380230084952568
1380230084952776
1380230084953021
1380230084953143
1380230084953304
1380230084953566
1380230084953726
1380230084953806
1380230084957422
1380230084957589
1380230084973847
1380230084973853
1380230084978284
1380230084978550
1380230084985773
1380230085001851
1380230085001972
1380230085025348
1380230085025454
1380230085025528
1380230085025613
1380230085025754
1380230085025809
1380230085025875
1380230085025980
1380230085026081
1380230085026144
1380230085026196
1380230085052743
1380230085052814
1380230085053010
1380230085053126
1380230085054078
1380230085054319
1380230085054544
1380230085054908
1380230085054974
1380230085055114
1380230085055192
1380230085055355
1380230085055622
1380230085055732
1380230085056096
1380230085056445
1380230085056637
1380230085057127
1380230085057317
1380230085057562
1380230085057695
1380230085057962
1380230085058050
1380230085058272
1380230085058497
1380230085058626
1380230085059277
1380230085059407
1380230085059571
1380230085059786
1380230085059981
1380230085060224
1380230085060361
1380230085060460
1380230085060769
1380230085060832
1380230085060980
1380230085061128
1380230085061212
1380230085061348
1380230085062102
1380230085062204
1380230085062547
1380230085062641
1380230085062752
1380230085062844
1380230085063039
1380230085063156
1380230085063421
1380230085063491
1380230085063601
1380230085063660
1380230085063760
1380230085063898
1380230085063996
1380230085064205
1380230085064340
1380230085101985
1380230085111926
1380230085128524
1380230085128584
1380230085128637
1380230085128691
1380230085128743
1380230085128794
1380230085128846
1380230085128899
1380230085128951
1380230085154483
1380230085154806
1380230085154860
1380230085154968
1380230085155071
1380230085155234
1380230085155488
1380230085155659
1380230085156392
1380230085156592
1380230085156848
1380230085157029
1380230085157269
1380230085157982
1380230085158171
1380230085158420
1380230085158663
1380230085158757
1380230085158875
1380230085159002
1380230085159125
1380230085159304
1380230085159413
1380230085159615
1380230085160258
1380230085160538
1380230085160681
1380230085160866
1380230085161055
1380230085161301
1380230085161407
1380230085161586
1380230085161687
1380230085161984
1380230085162075
1380230085162253
1380230085162469
1380230085162702
1380230085162838
1380230085163354
1380230085163614
1380230085163794
1380230085164080
1380230085164255
1380230085164378
1380230085164491
1380230085164611
1380230085164783
1380230085164897
1380230085165013
1380230085165133
1380230085165292
1380230085165405
1380230085165528
1380230085165782
1380230085174348
1380230085198958
1380230085199155
1380230085199430
1380230085223746
1380230085224067
1380230085224184
1380230085224273
1380230085224486
1380230085224633
1380230085238662
1380230085248902
1380230085286047
1380230085286105
1380230085286140
1380230085286171
1380230085286202
1380230085286230
1380230085286260
1380230085286288
1380230085286318
1380230085286360
1380230085312171
1380230085312285
1380230085312574
1380230085312745
1380230085312804
1380230085312917
1380230085313204
1380230085313307
1380230085313735
1380230085313844
1380230085314000
1380230085314185
1380230085314714
1380230085314828
1380230085315043
1380230085315226
1380230085315379
1380230085315533
1380230085315672
1380230085316033
1380230085316289
1380230085316486
1380230085316750
1380230085316885
1380230085317038
1380230085317142
1380230085317264
1380230085317762
1380230085318016
1380230085318138
1380230085318267
1380230085318362
1380230085318669
1380230085318788
1380230085319081
1380230085319203
1380230085319301
1380230085319405
1380230085319637
1380230085320049
1380230085320170
1380230085320327
1380230085320707
1380230085321228
1380230085321365
1380230085321557
1380230085322237
1380230085322488
1380230085323019
1380230085323201
1380230085323310
1380230085323634
1380230085324041
1380230085324408
1380230085324741
1380230085324840
1380230085325001
1380230085325964
1380230085340599
1380230085340799
1380230085340868
1380230085343912
1380230085344101
1380230085344300
1380230085344420
1380230085344602
1380230085344665
1380230085345778
1380230085345953
1380230085349066
1380230085349257
1380230085349520
1380230085349670
1380230085349779
1380230085349993
1380230085350111
1380230085350298
1380230085350568
1380230085350655
1380230085350763
1380230085351370
1380230085351527
1380230085351652
1380230085351842
1380230085352046
1380230085352181
1380230085352259
1380230085352961
1380230085353145
1380230085353310
1380230085353515
1380230085353652
1380230085353754
1380230085353838
1380230085354064
1380230085354732
1380230085354837
1380230085354984
1380230085355133
1380230085355250
1380230085355409
1380230085355479
1380230085355566
1380230085355720
1380230085355821
1380230085356001
1380230085356246
1380230085356347
1380230085356448
1380230085360667
1380230085360820
1380230085366869
1380230085366960
1380230085367064
1380230085367185
1380230085367311
1380230085367422
1380230085367491
1380230085370957
1380230085371441
1380230085371526
1380230085371652
1380230085371778
1380230085371932
1380230085376139
1380230085376349
1380230085376522
1380230085376675
1380230085376774
1380230085377455
1380230085377707
1380230085377860
1380230085378113
1380230085378269
1380230085380132
1380230085380342
1380230085380463
1380230085380586
1380230085380719
1380230085380993
1380230085381112
1380230085381363
1380230085381679
1380230085381909
1380230085382164
1380230085382281
1380230085382705
1380230085382775
1380230085382890
1380230085383189
1380230085383332
1380230085383437
1380230085383552
1380230085383792
1380230085383911
1380230085384039
1380230085384157
1380230085384287
1380230085384481
1380230085384591
1380230085384712
1380230085384833
1380230085385248
1380230085385366
1380230085385507
1380230085385633
1380230085385794
1380230085385893
1380230085386061
1380230085386156
1380230085386334
1380230085386566
1380230085387143
1380230085387258
1380230085387426
1380230085388207
1380230085388881
1380230085389066
1380230085389177
1380230085392914
1380230085393097
1380230085393298
1380230085393455
1380230085394405
1380230085410377
1380230085410555
1380230085410974
1380230085411278
1380230085411472
1380230085411636
1380230085411750
1380230085411981
1380230085414193
1380230085414340
1380230085418889
1380230085419026
1380230085425806
1380230085440539
1380230085440683
1380230085440804
1380230085440909
1380230085442984
1380230085443690
1380230085443738
1380230085443820
1380230085443823
1380230085443916
1380230085443969
1380230085443992
1380230085465546
1380230085465668
1380230085467953
1380230085468160
1380230085468342
1380230085468485
1380230085468717
1380230085468773
1380230085470245
1380230085470347
1380230085470611
1380230085470730
1380230085470855
1380230085470973
1380230085471268
1380230085471317
1380230085471547
1380230085471875
1380230085471986
1380230085472112
1380230085472395
1380230085472506
1380230085472607
1380230085472872
1380230085473010
1380230085473141
1380230085473252
1380230085473323
1380230085473473
1380230085473770
1380230085475297
1380230085475315
1380230085475444
1380230085475463
1380230085475525
1380230085476097
1380230085476441
1380230085476649
1380230085476660
1380230085476773
1380230085477003
1380230085477132
1380230085477322
1380230085477443
1380230085477561
1380230085477710
1380230085477862
1380230085478072
1380230085478738
1380230085478848
1380230085479034
1380230085479136
1380230085479237
1380230085479391
1380230085479552
1380230085479603
1380230085479769
1380230085479887
1380230085479972
1380230085480133
1380230085480186
1380230085480379
1380230085480482
1380230085480626
1380230085480769
1380230085480857
1380230085480968
1380230085481024
1380230085481646
1380230085481817
1380230085481957
1380230085482106
1380230085482199
1380230085482327
1380230085482378
1380230085482442
1380230085482645
1380230085482752
1380230085482894
1380230085483033
1380230085483184
1380230085483254
1380230085492152
1380230085492371
1380230085496309
1380230085496381
1380230085496649
1380230085499788
1380230085500020
1380230085500094
1380230085500289
1380230085500347
1380230085500757
1380230085500909
1380230085501249
1380230085501319
1380230085501851
1380230085502063
1380230085502116
1380230085502317
1380230085502464
1380230085502583
1380230085502728
1380230085502843
1380230085502928
1380230085504403
1380230085504524
1380230085504887
1380230085505002
1380230085505078
1380230085505205
1380230085505594
1380230085505717
1380230085505834
1380230085506132
1380230085506326
1380230085506424
1380230085506544
1380230085506861
1380230085506987
1380230085507177
1380230085507287
1380230085507362
1380230085508321
1380230085508507
1380230085508588
1380230085508855
1380230085508975
1380230085509039
1380230085509120
1380230085509262
1380230085509429
1380230085509602
1380230085509753
1380230085509860
1380230085509983
1380230085510052
1380230085511116
1380230085511199
1380230085511438
1380230085511568
1380230085511684
1380230085511742
1380230085511946
1380230085512132
1380230085512239
1380230085512345
1380230085512453
1380230085512650
1380230085512791
1380230085512903
1380230085513055
1380230085513152
1380230085513206
1380230085513558
1380230085513666
1380230085513789
1380230085513905
1380230085513960
1380230085517010
1380230085517142
1380230085517301
1380230085519936
1380230085520396
1380230085520485
1380230085521122
1380230085521609
1380230085524198
1380230085524331
1380230085528319
1380230085528378
1380230085528567
1380230085528725
1380230085528847
1380230085529018
1380230085529090
1380230085530633
1380230085530749
1380230085534688
1380230085534885
1380230085535100
1380230085535230
1380230085535346
1380230085535460
1380230085535758
1380230085535879
1380230085536022
1380230085536409
1380230085536535
1380230085536630
1380230085540150
1380230085540200
1380230085540257
1380230085540342
1380230085540460
1380230085541184
1380230085541299
1380230085541470
1380230085541773
1380230085541849
1380230085541939
1380230085542136
1380230085542219
1380230085542340
1380230085542480
1380230085542588
1380230085542719
1380230085542833
1380230085542965
1380230085543076
1380230085543216
1380230085543325
1380230085543451
1380230085543572
1380230085543706
1380230085544020
1380230085544203
1380230085544287
1380230085544421
1380230085544574
1380230085544653
1380230085544816
1380230085544924
1380230085545075
1380230085545193
1380230085545517
1380230085546126
1380230085546263
1380230085546372
1380230085546536
1380230085546657
1380230085546810
1380230085546920
1380230085547017
1380230085548000
1380230085548095
1380230085554066
1380230085554118
1380230085554204
1380230085554276
1380230085555320
1380230085568029
1380230085568290
1380230085568479
1380230085568551
1380230085568795
1380230085568934
1380230085569065
1380230085569365
1380230085569896
1380230085570248
1380230085570557
1380230085570685
1380230085570757
1380230085570923
1380230085571093
1380230085571345
1380230085571478
1380230085571612
1380230085571732
1380230085571975
1380230085572302
1380230085572626
1380230085573000
1380230085573161
1380230085573493
1380230085573572
1380230085573769
1380230085573825
1380230085580103
1380230085580134
1380230085580219
1380230085580238
1380230085583226
1380230085583370
1380230085587454
1380230085587559
1380230085587774
1380230085587890
1380230085592073
1380230085592232
1380230085592321
1380230085597296
1380230085606092
1380230085606121
1380230085606265
1380230085606323
1380230085621347
1380230085621492
1380230085622520
1380230085622826
1380230085629434
1380230085629507
1380230085630045
1380230085630158
1380230085630331
1380230085630542
1380230085630772
1380230085631058
1380230085631285
1380230085631341
1380230085631653
1380230085631925
1380230085632050
1380230085645749
1380230085645815
1380230085646018
1380230085646148
1380230085654295
1380230085654491
1380230085654691
1380230085654820
1380230085654924
1380230085655485
1380230085655861
1380230085655961
1380230085656356
1380230085656467
1380230085656592
1380230085656718
1380230085656840
1380230085656962
1380230085657085
1380230085657249
1380230085657575
1380230085657680
1380230085657798
1380230085657954
1380230085658059
1380230085658210
1380230085658461
1380230085669798
1380230085679023
1380230085679091
1380230085679196
1380230085679395
1380230085679533
1380230085679758
1380230085680062
1380230085680208
1380230085681020
1380230085681079
1380230085681282
1380230085681378
1380230085681646
1380230085682014
1380230085682125
1380230085682248
1380230085682513
1380230085682628
1380230085682765
1380230085683011
1380230085683265
1380230085683385
1380230085683523
1380230085683760
1380230085683895
1380230085684029
1380230085684166
1380230085684281
1380230085684433
1380230085684542
1380230085684674
1380230085684998
1380230085685133
1380230085685285
1380230085685396
1380230085703438
1380230085703504
1380230085703748
1380230085703862
1380230085703990
1380230085704119
1380230085704345
1380230085704467
1380230085704606
1380230085704921
1380230085705027
1380230085705828
1380230085705911
1380230085706291
1380230085706408
1380230085706532
1380230085706654
1380230085706779
1380230085706901
1380230085707028
1380230085707205
1380230085707971
1380230085708093
1380230085708341
1380230085708458
1380230085708610
1380230085708716
1380230085708841
1380230085708964
1380230085709093
1380230085709209
1380230085709345
1380230085709508
1380230085709999
1380230085710117
1380230085710345
1380230085710371
1380230085710640
1380230085710876
1380230085710993
1380230085711177
1380230085711282
1380230085711406
1380230085711530
1380230085711657
1380230085711795
1380230085711912
1380230085712030
1380230085712181
1380230085712288
1380230085712612
1380230085723931
1380230085728497
1380230085728701
1380230085728773
1380230085728923
1380230085729138
1380230085729370
1380230085828684
1380230085864587
1380230085892306
1380230085892406
1380230085898118
1380230085997261
1380230085998052
1380230086098975
1380230086099436
1380230086100029
1380230086138272
