1380274538203694
1380274538283930
1380274538284007
1380274538284478
1380274538363716
1380274538364162
1380274538364230
1380274538364540
1380274538364623
1380274538364869
1380274538364950
1380274538365007
1380274538365397
1380274538365484
1380274538365710
1380274538443659
1380274538443814
1380274538443869
1380274538482846
1380274538564092
1380274538564174
1380274538564266
1380274538564513
1380274538640280
1380274538640504
1380274538640742
1380274538640835
1380274538641162
1380274538641218
1380274538641586
1380274538641662
1380274538641831
1380274538641912
1380274538642415
1380274538642596
1380274538654522
1380274538716663
1380274538760264
1380274538760504
1380274538842317
1380274538856850
1380274538918673
1380274538922926
1380274538923493
1380274538923568
1380274538995483
1380274538995544
1380274538995755
1380274538995924
1380274539002305
1380274539002446
1380274539003140
1380274539003538
1380274539004268
1380274539071009
1380274539084125
1380274539084402
1380274539124360
1380274539201227
1380274539201443
1380274539241699
1380274539322454
1380274539322686
1380274539353841
1380274539430589
1380274539430678
1380274539468324
1380274539545002
1380274539548825
1380274539548979
1380274539549055
1380274539549220
1380274539622140
1380274539622208
1380274539622408
1380274539622538
1380274539624960
1380274539627815
1380274539628203
1380274539628280
1380274539628645
1380274539628721
1380274539629121
1380274539629262
1380274539629390
1380274539630336
1380274539630471
1380274539630557
1380274539630716
1380274539698107
1380274539704290
1380274539705521
1380274539705684
1380274539705938
1380274539707488
1380274539707764
1380274539708133
1380274539708242
1380274539781927
1380274539782016
1380274539782122
1380274539782195
1380274539785058
1380274539785494
1380274539857813
1380274539857912
1380274539858019
1380274539858352
1380274539858463
1380274539858668
1380274539858742
1380274539859185
1380274539859329
1380274539866110
1380274539866182
1380274539866467
1380274539898165
1380274539933992
1380274539973541
1380274539973742
1380274539975261
1380274539975349
1380274539975693
1380274539975825
1380274539979891
1380274539980802
1380274539981047
1380274539981354
1380274539985481
1380274539985732
1380274539985959
1380274539986047
1380274539986153
1380274539986405
1380274539986781
1380274539986878
1380274539987002
1380274539987123
1380274539987251
1380274539987288
1380274539987352
1380274539987404
1380274539987573
1380274539987726
1380274539987853
1380274539987913
1380274539991688
1380274539991777
1380274539992237
1380274539992341
1380274539992419
1380274539992736
1380274539992804
1380274539993030
1380274539993107
1380274539993176
1380274539993281
1380274539993596
1380274539993686
1380274539993764
1380274539994970
1380274539995233
1380274539995436
1380274539995508
1380274539995612
1380274539996301
1380274539996402
1380274539996477
1380274539996576
1380274539996961
1380274539997053
1380274539997133
1380274539997229
1380274539997355
1380274540002158
1380274540002245
1380274540002324
1380274540005472
1380274540005545
1380274540005700
1380274540005793
1380274540006526
1380274540006646
1380274540011330
1380274540011406
1380274540011488
1380274540011502
1380274540011884
1380274540011965
1380274540012404
1380274540012825
1380274540012987
1380274540013328
1380274540013398
1380274540013665
1380274540013937
1380274540014035
1380274540014123
1380274540014218
1380274540014489
1380274540014677
1380274540014750
1380274540015267
1380274540015337
1380274540028135
1380274540028403
1380274540051957
1380274540052066
1380274540052287
1380274540052382
1380274540052512
1380274540052520
1380274540052754
1380274540052844
1380274540052957
1380274540053108
1380274540053273
1380274540053464
1380274540053592
1380274540054018
1380274540065379
1380274540065760
1380274540066014
1380274540066266
1380274540066424
1380274540066897
1380274540066989
1380274540067224
1380274540067377
1380274540067433
1380274540068014
1380274540068325
1380274540068510
1380274540068642
1380274540069076
1380274540069257
1380274540069394
1380274540069714
1380274540069957
1380274540070152
1380274540070468
1380274540070640
1380274540070730
1380274540070922
1380274540071392
1380274540071643
1380274540071972
1380274540072038
1380274540072200
1380274540072468
1380274540072653
1380274540072851
1380274540072944
1380274540073108
1380274540073263
1380274540073348
1380274540073466
1380274540076997
1380274540077264
1380274540077507
1380274540077709
1380274540077960
1380274540078192
1380274540078364
1380274540078611
1380274540078851
1380274540078913
1380274540079140
1380274540079311
1380274540079439
1380274540091112
1380274540091306
1380274540091401
1380274540091487
1380274540091596
1380274540091833
1380274540092209
1380274540092318
1380274540128286
1380274540133348
1380274540133386
1380274540133643
1380274540133886
1380274540216907
1380274540267918
1380274540268003
1380274540268058
1380274540268111
1380274540268163
1380274540268215
1380274540268272
1380274540285341
1380274540314738
1380274540344737
1380274540344844
1380274540344910
1380274540345009
1380274540345392
1380274540346055
1380274540346572
1380274540346671
1380274540346746
1380274540347019
1380274540347105
1380274540347430
1380274540347496
1380274540347689
1380274540347898
1380274540348081
1380274540348297
1380274540348321
1380274540348680
1380274540348941
1380274540349211
1380274540349464
1380274540349602
1380274540349834
1380274540350041
1380274540350668
1380274540350914
1380274540351156
1380274540351247
1380274540351561
1380274540351812
1380274540352084
1380274540352320
1380274540352397
1380274540352618
1380274540352839
1380274540352963
1380274540353114
1380274540353238
1380274540353624
1380274540353997
1380274540354214
1380274540354524
1380274540354649
1380274540354843
1380274540355151
1380274540355280
1380274540355438
1380274540355639
1380274540355888
1380274540356077
1380274540356297
1380274540356540
1380274540356697
1380274540356922
1380274540357050
1380274540357178
1380274540357420
1380274540357493
1380274540357711
1380274540357749
1380274540357935
1380274540358150
1380274540358305
1380274540358541
1380274540358717
1380274540358895
1380274540359096
1380274540359252
1380274540397984
1380274540398114
1380274540398260
1380274540398336
1380274540398410
1380274540398484
1380274540398560
1380274540398633
1380274540431525
1380274540431668
1380274540432018
1380274540432230
1380274540433888
1380274540433992
1380274540434236
1380274540434311
1380274540434434
1380274540434549
1380274540434671
1380274540434789
1380274540466278
1380274540466349
1380274540466510
1380274540476274
1380274540476527
1380274540476787
1380274540476875
1380274540477107
1380274540477197
1380274540477501
1380274540477899
1380274540478165
1380274540478319
1380274540478449
1380274540478662
1380274540479060
1380274540479373
1380274540479577
1380274540480399
1380274540480445
1380274540480555
1380274540480983
1380274540481213
1380274540481448
1380274540481583
1380274540481825
1380274540481979
1380274540482147
1380274540482380
1380274540482582
1380274540482705
1380274540483411
1380274540483589
1380274540484375
1380274540484695
1380274540484939
1380274540485125
1380274540485366
1380274540485521
1380274540485638
1380274540485777
1380274540490511
1380274540490703
1380274540490850
1380274540491058
1380274540491241
1380274540491440
1380274540491647
1380274540491800
1380274540491966
1380274540532216
1380274540532898
1380274540533085
1380274540533141
1380274540533195
1380274540533249
1380274540533302
1380274540533356
1380274540543230
1380274540543636
1380274540543870
1380274540544016
1380274540548400
1380274540548919
1380274540549097
1380274540558363
1380274540558870
1380274540559305
1380274540559458
1380274540559671
1380274540559775
1380274540612818
1380274540612900
1380274540613430
1380274540613448
1380274540613542
1380274540613921
1380274540614166
1380274540614450
1380274540614781
1380274540614800
1380274540615175
1380274540615452
1380274540615534
1380274540615667
1380274540615769
1380274540616229
1380274540616572
1380274540616661
1380274540617054
1380274540617128
1380274540617534
1380274540617659
1380274540618088
1380274540618119
1380274540618180
1380274540618695
1380274540619389
1380274540619449
1380274540619593
1380274540619925
1380274540620051
1380274540621611
1380274540621687
1380274540622311
1380274540622425
1380274540622887
1380274540622999
1380274540623361
1380274540623479
1380274540627015
1380274540627455
1380274540637276
1380274540637691
1380274540637776
1380274540637863
1380274540638267
1380274540638397
1380274540650416
1380274540690497
1380274540692702
1380274540693102
1380274540693182
1380274540693526
1380274540693703
1380274540695140
1380274540695369
1380274540695800
1380274540695868
1380274540696186
1380274540696270
1380274540696486
1380274540696792
1380274540696908
1380274540696987
1380274540697284
1380274540697398
1380274540698092
1380274540698181
1380274540698592
1380274540698665
1380274540698973
1380274540699056
1380274540699135
1380274540699347
1380274540700567
1380274540700949
1380274540701070
1380274540701343
1380274540701715
1380274540701852
1380274540702522
1380274540702879
1380274540702977
1380274540703052
1380274540703451
1380274540703520
1380274540703880
1380274540704005
1380274540704083
1380274540704448
1380274540704646
1380274540704860
1380274540704990
1380274540705079
1380274540705654
1380274540715312
1380274540715414
1380274540715936
1380274540716041
1380274540716119
1380274540716456
1380274540716574
1380274540716857
1380274540716994
1380274540736282
1380274540736736
1380274540770861
1380274540771437
1380274540771550
1380274540771830
1380274540771962
1380274540774828
1380274540774924
1380274540775024
1380274540775284
1380274540775410
1380274540775930
1380274540776305
1380274540776386
1380274540776598
1380274540776687
1380274540776758
1380274540777249
1380274540777314
1380274540777413
1380274540777702
1380274540778134
1380274540778399
1380274540778675
1380274540778990
1380274540779220
1380274540779576
1380274540779747
1380274540780059
1380274540780263
1380274540780577
1380274540780930
1380274540781207
1380274540781398
1380274540781677
1380274540782036
1380274540782395
1380274540782720
1380274540783058
1380274540783422
1380274540783579
1380274540783688
1380274540788038
1380274540788349
1380274540788585
1380274540788866
1380274540789041
1380274540789130
1380274540794297
1380274540794529
1380274540794814
1380274540795069
1380274540795479
1380274540795816
1380274540796028
1380274540796359
1380274540796563
1380274540796849
1380274540797172
1380274540797395
1380274540797639
1380274540797907
1380274540798196
1380274540798403
1380274540798505
1380274540833907
1380274540848801
1380274540849053
1380274540849311
1380274540849470
1380274540849678
1380274540849860
1380274540849982
1380274540853151
1380274540853554
1380274540853830
1380274540853958
1380274540855173
1380274540855474
1380274540855765
1380274540855997
1380274540856200
1380274540856374
1380274540856548
1380274540856918
1380274540857044
1380274540857140
1380274540863830
1380274540864127
1380274540864326
1380274540864457
1380274540867713
1380274540867909
1380274540868025
1380274540869228
1380274540869476
1380274540869733
1380274540870043
1380274540870325
1380274540870638
1380274540870801
1380274540871287
1380274540871514
1380274540871647
1380274540872291
1380274540872442
1380274540872549
1380274540878598
1380274540878804
1380274540879045
1380274540879261
1380274540879568
1380274540879773
1380274540879913
1380274540911935
1380274540927001
1380274540927148
1380274540927345
1380274540931300
1380274540931430
1380274540931634
1380274540931818
1380274540931982
1380274540932108
1380274540932191
1380274540933843
1380274540934121
1380274540934293
1380274540934481
1380274540934761
1380274540934961
1380274540935321
1380274540935425
1380274540935594
1380274540940597
1380274540940866
1380274540940969
1380274540941205
1380274540941310
1380274540941594
1380274540941764
1380274540941899
1380274540942142
1380274540942346
1380274540942443
1380274540943500
1380274540943578
1380274540943643
1380274540943697
1380274540943751
1380274540943805
1380274540948877
1380274540949235
1380274540949423
1380274540949736
1380274540950063
1380274540950350
1380274540950656
1380274540950995
1380274540951277
1380274540951543
1380274540951680
1380274540951855
1380274540952064
1380274540959458
1380274540959648
1380274540977502
1380274540991152
1380274540991616
1380274541021618
1380274541022197
1380274541022507
1380274541023474
1380274541023679
1380274541023815
1380274541024913
1380274541025780
1380274541026047
1380274541026178
1380274541026379
1380274541027177
1380274541027643
1380274541028312
1380274541028534
1380274541028769
1380274541028949
1380274541039642
1380274541040089
1380274541040233
1380274541040316
1380274541040503
1380274541058954
1380274541059110
1380274541059252
1380274541059321
1380274541060037
1380274541069032
1380274541069128
1380274541069493
1380274541070522
1380274541070791
1380274541070883
1380274541071634
1380274541102518
1380274541102709
1380274541103797
1380274541103884
1380274541104291
1380274541104362
1380274541106452
1380274541117165
1380274541117749
1380274541117818
1380274541117979
1380274541118129
1380274541122799
1380274541126345
1380274541138220
1380274541138286
1380274541138611
1380274541138873
1380274541139122
1380274541139189
1380274541139465
1380274541139838
1380274541140109
1380274541140177
1380274541140456
1380274541140553
1380274541140638
1380274541141021
1380274541141097
1380274541141184
1380274541141286
1380274541141759
1380274541141888
1380274541144819
1380274541148567
1380274541148655
1380274541149011
1380274541149128
1380274541149186
1380274541149327
1380274541150365
1380274541150457
1380274541150686
1380274541150797
1380274541180322
1380274541180855
1380274541180928
1380274541181224
1380274541181279
1380274541181447
1380274541199994
1380274541200091
1380274541200190
1380274541200285
1380274541200387
1380274541200558
1380274541200686
1380274541201013
1380274541201101
1380274541201376
1380274541201617
1380274541201692
1380274541201894
1380274541217996
1380274541219783
1380274541220117
1380274541220187
1380274541220464
1380274541220688
1380274541221025
1380274541221288
1380274541221358
1380274541221449
1380274541221935
1380274541222010
1380274541222124
1380274541222236
1380274541222354
1380274541222461
1380274541223030
1380274541223111
1380274541223198
1380274541223572
1380274541224594
1380274541229832
1380274541230216
1380274541230317
1380274541230412
1380274541230513
1380274541230834
1380274541230952
1380274541231554
1380274541231912
1380274541243291
1380274541243982
1380274541257582
1380274541258397
1380274541258511
1380274541258584
1380274541258952
1380274541259263
1380274541261090
1380274541262392
1380274541262484
1380274541262566
1380274541262892
1380274541263031
1380274541279315
1380274541279402
1380274541279511
1380274541279729
1380274541301454
1380274541301879
1380274541302002
1380274541302080
1380274541302189
1380274541302311
1380274541302675
1380274541302790
1380274541302927
1380274541303822
1380274541304039
1380274541304278
1380274541304348
1380274541305124
1380274541305192
1380274541305536
1380274541305607
1380274541305709
1380274541306087
1380274541306169
1380274541306252
1380274541306388
1380274541306477
1380274541307016
1380274541307140
1380274541307917
1380274541311314
1380274541311557
1380274541311905
1380274541312017
1380274541312254
1380274541312338
1380274541312562
1380274541312819
1380274541312960
1380274541313183
1380274541337478
1380274541337693
1380274541338059
1380274541338386
1380274541338586
1380274541340410
1380274541340611
1380274541340918
1380274541341198
1380274541341411
1380274541341631
1380274541349751
1380274541349963
1380274541353585
1380274541380028
1380274541380283
1380274541380483
1380274541380686
1380274541381427
1380274541385420
1380274541386253
1380274541387066
1380274541387439
1380274541387806
1380274541388060
1380274541388286
1380274541388431
1380274541388636
1380274541389604
1380274541389870
1380274541390005
1380274541390198
1380274541390357
1380274541390557
1380274541390672
1380274541390902
1380274541391026
1380274541391172
1380274541391332
1380274541391496
1380274541392690
1380274541393343
1380274541393550
1380274541393735
1380274541393973
1380274541434729
