1380282688052510
1380282688150878
1380282688151243
1380282688151388
1380282688189337
1380282688191166
1380282688636517
1380282688646496
1380282688649353
1380282688657560
1380282688677632
1380282688698672
1380282688698947
1380282688699004
1380282688737848
1380282688753441
1380282688753567
1380282688753677
1380282688753771
1380282688753842
1380282688754286
1380282688754370
1380282688754711
1380282688757882
1380282688842151
1380282688860214
1380282688860363
1380282688860441
1380282688864245
1380282688901619
1380282688909994
1380282688910109
1380282688910188
1380282688914340
1380282688914406
1380282688953698
1380282688960136
1380282688964840
1380282688971696
1380282688975938
1380282688976012
1380282688976068
1380282688981410
1380282688981482
1380282688981540
1380282688981597
1380282688983867
1380282688984161
1380282688984440
1380282688984827
1380282688985003
1380282688986223
1380282688986320
1380282688986796
1380282688986882
1380282688987210
1380282688987489
1380282688987642
1380282688987771
1380282688988137
1380282688989662
1380282688989943
1380282688990329
1380282688990369
1380282688990489
1380282688990994
1380282688991212
1380282688991336
1380282688991706
1380282688991885
1380282688997692
1380282688998017
1380282688998241
1380282688998664
1380282688999312
1380282688999519
1380282689000080
1380282689000281
1380282689000864
1380282689001486
1380282689001644
1380282689002159
1380282689002871
1380282689003071
1380282689003621
1380282689004254
1380282689004376
1380282689004593
1380282689013728
1380282689014360
1380282689014524
1380282689014944
1380282689015557
1380282689015740
1380282689016278
1380282689016899
1380282689017570
1380282689018134
1380282689018526
1380282689018880
1380282689019031
1380282689019291
1380282689019687
1380282689020067
1380282689020474
1380282689020983
1380282689021234
1380282689021528
1380282689029738
1380282689030449
1380282689031008
1380282689031147
1380282689031621
1380282689032035
1380282689032407
1380282689032514
1380282689032822
1380282689033230
1380282689033577
1380282689033966
1380282689034110
1380282689034324
1380282689036838
1380282689037332
1380282689037556
1380282689037748
1380282689038061
1380282689040489
1380282689040799
1380282689041682
1380282689041992
1380282689042298
1380282689042542
1380282689042824
1380282689042969
1380282689043342
1380282689043562
1380282689044562
1380282689045180
1380282689045484
1380282689045668
1380282689046064
1380282689046346
1380282689046662
1380282689047033
1380282689047543
1380282689047741
1380282689048156
1380282689048437
1380282689053219
1380282689053818
1380282689054276
1380282689054654
1380282689054694
1380282689055255
1380282689055741
1380282689056186
1380282689056512
1380282689056660
1380282689056871
1380282689057116
1380282689069398
1380282689069814
1380282689070279
1380282689072780
1380282689073098
1380282689073370
1380282689073735
1380282689074071
1380282689074328
1380282689074628
1380282689074960
1380282689075214
1380282689075468
1380282689078386
1380282689078619
1380282689079007
1380282689079253
1380282689079429
1380282689079717
1380282689079877
1380282689080092
1380282689080342
1380282689080648
1380282689080810
1380282689081073
1380282689081355
1380282689081627
1380282689081717
1380282689081942
1380282689085113
1380282689085143
1380282689284494
1380282689293619
1380282689293895
1380282689294533
1380282689298046
1380282689298350
1380282689298598
1380282689298911
1380282689299059
1380282689299317
1380282689299530
1380282689303041
1380282689303257
1380282689303514
1380282689303889
1380282689305255
1380282689305648
1380282689308971
1380282689309332
1380282689309667
1380282689309911
1380282689310357
1380282689310643
1380282689313002
1380282689313232
1380282689313674
1380282689314073
1380282689315063
1380282689315387
1380282689315611
1380282689315973
1380282689316321
1380282689316587
1380282689317735
1380282689320189
1380282689320438
1380282689320737
1380282689320984
1380282689321222
1380282689321460
1380282689321594
1380282689321934
1380282689322080
1380282689322269
1380282689322578
1380282689326163
1380282689326448
1380282689357050
1380282689357164
1380282689609040
1380282689897057
1380282689903364
1380282690163012
1380282690191814
1380282690250912
1380282690276450
1380282690429489
1380282690438338
1380282690444428
1380282690450458
1380282690450481
1380282690452647
1380282690452668
1380282691201907
1380282691237456
1380282691237943
1380282691238023
1380282691375720
1380282691376334
1380282691376709
1380282691377111
1380282691377472
1380282691377816
1380282691378165
1380282691395409
1380282691415908
1380282691416212
1380282691416304
1380282691416791
1380282691417086
1380282691417489
1380282691417570
1380282691418105
1380282691418307
1380282691432888
1380282691433072
1380282691467490
1380282691471549
1380282691487026
1380282691487178
1380282691487268
1380282691492686
1380282691493151
1380282691511983
1380282691512478
1380282691512532
1380282691531007
1380282691531512
1380282691551213
1380282691589580
1380282691615972
1380282691616452
1380282691616549
1380282691636188
1380282691640409
1380282691643590
1380282691645074
1380282691663451
1380282691683864
1380282691685412
1380282691687544
1380282691687580
1380282691687655
1380282691725457
1380282691727672
1380282691749952
1380282691755564
1380282691756890
1380282691762861
1380282691795422
1380282691796424
1380282691814989
1380282691853381
1380282691853435
1380282691853944
1380282691892979
1380282691893070
1380282691893134
1380282691893190
1380282691893245
1380282691893300
1380282691893355
1380282691895828
1380282691900626
1380282691900797
1380282691900870
1380282691900955
1380282691901159
1380282691901376
1380282691901482
1380282691901690
1380282691902217
1380282691902346
1380282691902456
1380282691902642
1380282691902755
1380282691903603
1380282691903752
1380282691903853
1380282691904000
1380282691904171
1380282691904213
1380282691904243
1380282691904270
1380282691904413
1380282691905783
1380282691911053
1380282691911220
1380282691911382
1380282691911718
1380282691911847
1380282691911926
1380282691913709
1380282691913841
1380282691913959
1380282691914187
1380282691914236
1380282691917721
1380282691918500
1380282691918757
1380282691918843
1380282691919149
1380282691919264
1380282691919342
1380282691919580
1380282691919699
1380282691919815
1380282691920275
1380282691923988
1380282691924229
1380282691924465
1380282691924647
1380282691924827
1380282691924944
1380282691925098
1380282691925221
