1380244265303118
1380244265358584
1380244265359110
1380244265370609
1380244265371328
1380244265371422
1380244265371472
1380244265371803
1380244265403476
1380244265416499
1380244265416700
1380244265416767
1380244265417054
1380244265417114
1380244265417286
1380244265417345
1380244265417645
1380244265417836
1380244265417889
1380244265418306
1380244265418467
1380244265418696
1380244265429008
1380244265429118
1380244265430414
1380244265430705
1380244265430771
1380244265430973
1380244265431186
1380244265431264
1380244265431459
1380244265431630
1380244265431772
1380244265431848
1380244265432447
1380244265432515
1380244265432712
1380244265432804
1380244265440276
1380244265442870
1380244265443214
1380244265453245
1380244265453303
1380244265453503
1380244265454256
1380244265454573
1380244265454712
1380244265464615
1380244265464850
1380244265465012
1380244265465071
1380244265465236
1380244265465383
1380244265465462
1380244265465972
1380244265466029
1380244265468134
1380244265468422
1380244265471656
1380244265472027
1380244265472044
1380244265472116
1380244265472188
1380244265472276
1380244265472288
1380244265476508
1380244265476639
1380244265476701
1380244265484010
1380244265484383
1380244265484716
1380244265484763
1380244265484808
1380244265485240
1380244265485268
1380244265485406
1380244265485781
1380244265486022
1380244265496247
1380244265496608
1380244265496881
1380244265496956
1380244265497021
1380244265497595
1380244265497663
1380244265498052
1380244265499845
1380244265500068
1380244265500237
1380244265500376
1380244265500460
1380244265501274
1380244265501463
1380244265501734
1380244265501820
1380244265502002
1380244265502210
1380244265502279
1380244265502436
1380244265502496
1380244265502561
1380244265508516
1380244265508762
1380244265509139
1380244265509769
1380244265510205
1380244265510306
1380244265510354
1380244265510396
1380244265510436
1380244265510477
1380244265511503
1380244265511699
1380244265511912
1380244265512167
1380244265512350
1380244265512887
1380244265513165
1380244265513869
1380244265514115
1380244265514391
1380244265514600
1380244265514853
1380244265515081
1380244265515354
1380244265515526
1380244265521406
1380244265521612
1380244265521764
1380244265521980
1380244265522100
1380244265522341
1380244265522508
1380244265522639
1380244265522967
1380244265523180
1380244265523302
1380244265524105
1380244265524339
1380244265524468
1380244265524712
1380244265524897
1380244265525031
1380244265525331
1380244265525511
1380244265525573
1380244265525746
1380244265526068
1380244265526256
1380244265526317
1380244265526654
1380244265526739
1380244265526932
1380244265527016
1380244265538346
1380244265538504
1380244265538806
1380244265538945
1380244265540033
1380244265540412
1380244265540583
1380244265540703
1380244265540796
1380244265550911
1380244265551612
1380244265551749
1380244265551878
1380244265552096
1380244265552327
1380244265552538
1380244265552598
1380244265552757
1380244265552940
1380244265553095
1380244265553563
1380244265553843
1380244265553965
1380244265563676
1380244265563804
1380244265563904
1380244265564619
1380244265564757
1380244265564853
1380244265566231
1380244265566430
1380244265566545
1380244265566660
1380244265566836
1380244265566919
1380244265567011
1380244265567134
1380244265567249
1380244265567380
1380244265567464
1380244265576522
1380244265577426
1380244265577533
1380244265577559
1380244265577861
1380244265577959
1380244265579575
1380244265579690
1380244265579824
1380244265583089
1380244265583161
1380244265583309
1380244265583436
1380244265583553
1380244265589313
1380244265589512
1380244265590258
1380244265590457
1380244265590544
1380244265590841
1380244265590957
1380244265592525
1380244265592653
1380244265592761
1380244265595629
1380244265595757
1380244265601332
1380244265601503
1380244265602141
1380244265604879
1380244265605045
1380244265605227
1380244265608379
1380244265608617
1380244265608806
1380244265652237
1380244265901010
1380244265913820
1380244266120216
1380244266158183
1380244266158365
1380244266158576
1380244266192867
1380244266224847
1380244266248714
1380244266248769
1380244266268130
1380244266306524
1380244266307421
1380244266344587
1380244266344911
1380244266385160
