1380327601904908
1380327601922298
1380327601922408
1380327601922497
1380327601927184
1380327601927350
1380327602069266
1380327602082964
1380327602095010
1380327602095181
1380327602105871
1380327602106063
1380327602118735
1380327602118745
1380327602118777
1380327602119018
1380327602119113
1380327602119201
1380327602121738
1380327602135155
1380327602136328
1380327602136440
1380327602136576
1380327602136690
1380327602136831
1380327602137022
1380327602137187
1380327602137212
1380327602152074
1380327602152137
1380327602152323
1380327602152774
1380327602152825
1380327602153068
1380327602153117
1380327602153169
1380327602153420
1380327602153557
1380327602153602
1380327602153704
1380327602153820
1380327602153944
1380327602154093
1380327602154226
1380327602154336
1380327602154472
1380327602168128
1380327602170040
1380327602170132
1380327602170317
1380327602171401
1380327602171555
1380327602171675
1380327602172111
1380327602172138
1380327602173047
1380327602190398
1380327602190574
1380327602190690
1380327602190748
1380327602191007
1380327602191201
1380327602191372
1380327602191505
1380327602194023
1380327602201873
1380327602202323
1380327602202349
1380327602202417
1380327602203154
1380327602203277
1380327602203621
1380327602203652
1380327602204084
1380327602205091
1380327602205575
1380327602207792
1380327602207924
1380327602208150
1380327602208236
1380327602208526
1380327602208613
1380327602208726
1380327602209157
1380327602209272
1380327602209358
1380327602209669
1380327602209917
1380327602210025
1380327602210111
1380327602210223
1380327602210579
1380327602210851
1380327602211031
1380327602211132
1380327602213214
1380327602213307
1380327602213561
1380327602214174
1380327602215080
1380327602215233
1380327602215530
1380327602215753
1380327602215962
1380327602216054
1380327602216336
1380327602216518
1380327602216724
1380327602217036
1380327602217109
1380327602217657
1380327602217859
1380327602223949
1380327602224762
1380327602225279
1380327602225439
1380327602225540
1380327602225636
1380327602226070
1380327602226152
1380327602226993
1380327602227109
1380327602227269
1380327602227401
1380327602227614
1380327602228098
1380327602228223
1380327602228872
1380327602229002
1380327602231586
1380327602231623
1380327602231637
1380327602231751
1380327602231827
1380327602231842
1380327602231997
1380327602232049
1380327602232072
1380327602232176
1380327602232215
1380327602232731
1380327602233030
1380327602233178
1380327602236534
1380327602236602
1380327602243387
1380327602243524
1380327602243663
1380327602243923
1380327602244113
1380327602245916
1380327602245955
1380327602246139
1380327602246181
1380327602246249
1380327602246268
1380327602246563
1380327602246829
1380327602247658
1380327602247719
1380327602248156
1380327602248250
1380327602248867
1380327602248992
1380327602249149
1380327602249265
1380327602249403
1380327602249517
1380327602249639
1380327602249781
1380327602249899
1380327602250008
1380327602250128
1380327602250587
1380327602250747
1380327602250858
1380327602251005
1380327602251097
1380327602251151
1380327602251339
1380327602251835
1380327602252008
1380327602252806
1380327602253027
1380327602253155
1380327602253271
1380327602253446
1380327602253523
1380327602254876
1380327602255185
1380327602255954
1380327602256176
1380327602256798
1380327602257417
1380327602257841
1380327602258149
1380327602259295
1380327602259403
1380327602259564
1380327602259657
1380327602259857
1380327602260083
1380327602260389
1380327602265420
1380327602265567
1380327602266717
1380327602266796
1380327602266870
1380327602268431
1380327602268456
1380327602268556
1380327602268582
1380327602268624
1380327602268663
1380327602269012
1380327602269109
1380327602269840
1380327602269926
1380327602270338
1380327602271376
1380327602271457
1380327602271883
1380327602271991
1380327602272099
1380327602272377
1380327602272515
1380327602272624
1380327602273198
1380327602273519
1380327602273617
1380327602273774
1380327602273884
1380327602276121
1380327602276381
1380327602277466
1380327602277637
1380327602277768
1380327602278016
1380327602278164
1380327602278277
1380327602278444
1380327602279501
1380327602279673
1380327602279820
1380327602279921
1380327602280567
1380327602281012
1380327602281274
1380327602281432
1380327602281656
1380327602281766
1380327602281874
1380327602282001
1380327602285551
1380327602285734
1380327602285770
1380327602286429
1380327602286815
1380327602286935
1380327602287064
1380327602287193
1380327602287329
1380327602287442
1380327602287540
1380327602287598
1380327602287723
1380327602287936
1380327602288011
1380327602288124
1380327602288244
1380327602288436
1380327602288622
1380327602288639
1380327602288711
1380327602288900
1380327602288996
1380327602289187
1380327602289245
1380327602289730
1380327602289863
1380327602289968
1380327602290096
1380327602290207
1380327602290563
1380327602297564
1380327602297620
1380327602297792
1380327602297892
1380327602299029
1380327602299097
1380327602300568
1380327602300685
1380327602300974
1380327602301146
1380327602301874
1380327602302083
1380327602302289
1380327602302404
1380327602302577
1380327602302868
1380327602303016
1380327602303260
1380327602303433
1380327602303573
1380327602303721
1380327602304234
1380327602304340
1380327602304578
1380327602304887
1380327602305020
1380327602305138
1380327602305152
1380327602305228
1380327602305400
1380327602305846
1380327602305964
1380327602306170
1380327602306225
1380327602306296
1380327602306431
1380327602306561
1380327602306652
1380327602306772
1380327602306936
1380327602306950
1380327602307053
1380327602307187
1380327602307331
1380327602308046
1380327602308177
1380327602308274
1380327602308325
1380327602311631
1380327602311677
1380327602312760
1380327602312895
1380327602313166
1380327602313294
1380327602313415
1380327602313543
1380327602313759
1380327602313823
1380327602314297
1380327602314461
1380327602314510
1380327602315514
1380327602315886
1380327602316195
1380327602316314
1380327602316628
1380327602316905
1380327602320777
1380327602320957
1380327602321250
1380327602321372
1380327602321640
1380327602321747
1380327602321759
1380327602321829
1380327602321973
1380327602322381
1380327602322715
1380327602322812
1380327602322949
1380327602323343
1380327602323389
1380327602323425
1380327602323611
1380327602323736
1380327602323840
1380327602323945
1380327602324089
1380327602324137
1380327602326501
1380327602326750
1380327602326865
1380327602326888
1380327602327208
1380327602327455
1380327602327719
1380327602327883
1380327602328453
1380327602328519
1380327602328561
1380327602328852
1380327602328986
1380327602329091
1380327602329202
1380327602329365
1380327602329425
1380327602336589
1380327602336665
1380327602336825
1380327602337061
1380327602337388
1380327602337540
1380327602337561
1380327602337613
1380327602337672
1380327602338109
1380327602338234
1380327602338362
1380327602338465
1380327602338574
1380327602338622
1380327602338878
1380327602338994
1380327602339125
1380327602339176
1380327602339213
1380327602339254
1380327602340970
1380327602341785
1380327602342113
1380327602342620
1380327602342713
1380327602342791
1380327602342988
1380327602343201
1380327602343295
1380327602343399
1380327602343458
1380327602350940
1380327602351931
1380327602352125
1380327602352274
1380327602352836
1380327602352940
1380327602353003
1380327602353042
1380327602353352
1380327602353469
1380327602353623
1380327602353821
1380327602353924
1380327602354010
1380327602354550
1380327602354652
1380327602354709
1380327602354848
1380327602354969
1380327602355026
1380327602355128
1380327602355304
1380327602356033
1380327602356167
1380327602356272
1380327602356367
1380327602356428
1380327602357200
1380327602357718
1380327602357924
1380327602358019
1380327602358461
1380327602358585
1380327602358719
1380327602358797
1380327602358905
1380327602359065
1380327602359135
1380327602359308
1380327602359399
1380327602359619
1380327602359700
1380327602359778
1380327602368224
1380327602369179
1380327602369311
1380327602369646
1380327602369818
1380327602369885
1380327602369933
1380327602370065
1380327602370497
1380327602370745
1380327602370855
1380327602370979
1380327602371087
1380327602371146
1380327602371198
1380327602371692
1380327602371841
1380327602371943
1380327602372079
1380327602372196
1380327602372378
1380327602372467
1380327602372534
1380327602372594
1380327602373154
1380327602373397
1380327602373521
1380327602373640
1380327602373690
1380327602373728
1380327602374418
1380327602374480
1380327602374647
1380327602374771
1380327602374893
1380327602374968
1380327602375175
1380327602375308
1380327602375492
1380327602375719
1380327602376096
1380327602376155
1380327602383763
1380327602385009
1380327602385128
1380327602385342
1380327602385518
1380327602385588
1380327602385650
1380327602385986
1380327602386103
1380327602386471
1380327602386598
1380327602386690
1380327602386750
1380327602387293
1380327602388189
1380327602388379
1380327602388599
1380327602388739
1380327602388812
1380327602389025
1380327602389720
1380327602390073
1380327602390272
1380327602390532
1380327602390654
1380327602390734
1380327602390802
1380327602390885
1380327602391258
1380327602391366
1380327602391485
1380327602391646
1380327602391709
1380327602391768
1380327602393701
1380327602393850
1380327602393931
1380327602398849
1380327602399713
1380327602400811
1380327602400933
1380327602401144
1380327602403485
1380327602403686
1380327602403800
1380327602403892
1380327602405834
1380327602405927
1380327602441964
1380327602453276
1380327602453995
1380327602462236
1380327602484005
1380327602484956
1380327602485095
1380327602489845
1380327602956467
1380327603064906
1380327603065003
1380327603065098
1380327603162603
1380327603200042
1380327603227827
1380327603227927
1380327603247134
1380327603357934
1380327603358976
1380327603456904
1380327603457274
1380327603457832
1380327603495398
