1380344959452203
1380344959591317
1380344959591469
1380344959591686
1380344959705881
1380344959705935
1380344959706128
1380344959706180
1380344959706267
1380344959706533
1380344959706598
1380344959746087
1380344959746487
1380344959866203
1380344959866305
1380344959866416
1380344959866503
1380344959869267
1380344959869476
1380344959869674
1380344959869779
1380344959870085
1380344959870142
1380344959914064
1380344959980446
1380344959980653
1380344959980874
1380344959981142
1380344959981234
1380344959981667
1380344959981791
1380344959981884
1380344960028569
1380344960033172
1380344960033280
1380344960033376
1380344960033678
1380344960096005
1380344960096084
1380344960096281
1380344960096388
1380344960096714
1380344960096794
1380344960097062
1380344960097144
1380344960097325
1380344960097521
1380344960097611
1380344960098250
1380344960098397
1380344960098597
1380344960143097
1380344960147567
1380344960147927
1380344960148042
1380344960148136
1380344960148240
1380344960148327
1380344960148436
1380344960148566
1380344960150076
1380344960150160
1380344960150456
1380344960150533
1380344960211643
1380344960211799
1380344960211915
1380344960212027
1380344960212203
1380344960212293
1380344960212807
1380344960212915
1380344960213327
1380344960213438
1380344960213520
1380344960213713
1380344960262208
1380344960262553
1380344960262834
1380344960263077
1380344960263304
1380344960263481
1380344960263627
1380344960264116
1380344960264861
1380344960265342
1380344960265718
1380344960265823
1380344960379649
1380344960379770
1380344960379864
1380344960379994
1380344960380109
1380344960380515
1380344960380608
1380344960380800
1380344960381156
1380344960384426
1380344960384589
1380344960384963
1380344960494332
1380344960494429
1380344960495978
1380344960496069
1380344960496465
1380344960496678
1380344960496856
1380344960496946
1380344960497052
1380344960497167
1380344960497341
1380344960497427
1380344960497535
1380344960497759
1380344960497837
1380344960498269
1380344960499645
1380344960500033
1380344960500138
1380344960500222
1380344960500340
1380344960500452
1380344960500633
1380344960501086
1380344960501163
1380344960501283
1380344960501347
1380344960501452
1380344960610428
1380344960610509
1380344960610594
1380344960610731
1380344960611893
1380344960613066
1380344960613128
1380344960615428
1380344960615524
1380344960616213
1380344960616349
1380344960616721
1380344960616821
1380344960616901
1380344960617152
1380344960617343
1380344960617449
1380344960617586
1380344960623628
1380344960623650
1380344960623725
1380344960623802
1380344960623998
1380344960626931
1380344960627165
1380344960627235
1380344960627548
1380344960627609
1380344960627803
1380344960628060
1380344960628322
1380344960628390
1380344960628901
1380344960629087
1380344960629158
1380344960629329
1380344960629455
1380344960629636
1380344960674158
1380344960729981
1380344960730024
1380344960730365
1380344960730495
1380344960731016
1380344960731169
1380344960731406
1380344960731597
1380344960732120
1380344960732211
1380344960732555
1380344960732664
1380344960732841
1380344960733077
1380344960733398
1380344960733511
1380344960733614
1380344960738400
1380344960738441
1380344960741856
1380344960742125
1380344960742290
1380344960742564
1380344960743224
1380344960743692
1380344960743840
1380344960743937
1380344960744071
1380344960744182
1380344960744406
1380344960744550
1380344960744706
1380344960744870
1380344960744983
1380344960757625
1380344960769782
1380344960812293
1380344960812366
1380344960812425
1380344960812648
1380344960813361
1380344960844439
1380344960844741
1380344960844796
1380344960845536
1380344960846101
1380344960846165
1380344960846544
1380344960846712
1380344960846800
1380344960846984
1380344960847060
1380344960847424
1380344960848105
1380344960848521
1380344960848593
1380344960848817
1380344960848847
1380344960856402
1380344960856576
1380344960857181
1380344960857565
1380344960857819
1380344960858087
1380344960858357
1380344960858742
1380344960859135
1380344960859250
1380344960859366
1380344960912676
1380344960912769
1380344960912853
1380344960928960
1380344960928975
1380344960929065
1380344960929588
1380344960929698
1380344960929750
1380344960970850
1380344960971053
1380344960971223
1380344960971397
1380344960971855
1380344960971961
1380344960991575
1380344961011553
1380344961011606
1380344961035823
1380344961046470
1380344961046541
1380344961118914
1380344961147184
1380344961171008
1380344961209780
1380344961209809
1380344961284940
1380344961301020
1380344961401272
1380344961401382
1380344961401489
1380344961428865
1380344961466073
1380344961469651
1380344961515383
1380344961515616
1380344961580646
1380344961580764
1380344961581068
1380344961581156
1380344961608332
1380344961608494
1380344961608608
1380344961646548
1380344996179342
1380344996827574
1380344996827670
1380344996828018
1380344996857158
1380344996857477
1380344996886819
1380344996918131
1380344996919083
1380344996919178
1380344996919339
1380344996919421
1380344996948609
1380344996948885
1380344996949122
1380344996949510
1380344996949670
1380344996950008
1380344996950137
1380344996950248
1380344996950334
1380344996950930
1380344996951043
1380344996951132
1380344996951767
1380344996951887
1380344996952000
1380344996952067
1380344996979429
1380344996979478
1380344996979563
1380344996979758
1380344996979771
