1380580676496070
1380580676760213
1380580676797735
1380580677024573
1380580677026487
1380580677026605
1380580677065028
1380580677065205
1380580677106303
1380580677182172
1380580677182256
1380580677217758
1380580677287801
1380580677289022
1380580677289184
1380580677291408
1380580677291514
1380580677291777
1380580677291932
1380580677330928
1380580677369713
1380580677374291
1380580677374343
1380580677385891
1380580677426030
1380580677430330
1380580677432290
1380580677435993
1380580677438035
1380580677438282
1380580677438517
1380580677442504
1380580677442561
1380580677442869
1380580677443156
1380580677443210
1380580677443388
1380580677450931
1380580677451133
1380580677451365
1380580677455218
1380580677455396
1380580677455550
1380580677455657
1380580677455926
1380580677456082
1380580677456211
1380580677456258
1380580677456745
1380580677456848
1380580677456925
1380580677456952
1380580677457868
1380580677464955
1380580677465963
1380580677465980
1380580677466052
1380580677466110
1380580677466547
1380580677466785
1380580677467158
1380580677467211
1380580677467383
1380580677467642
1380580677467705
1380580677468192
1380580677468238
1380580677468309
1380580677468519
1380580677468581
1380580677468752
1380580677468834
1380580677469206
1380580677469419
1380580677469473
1380580677469531
1380580677471023
1380580677471218
1380580677471289
1380580677471349
1380580677473158
1380580677473227
1380580677474063
1380580677474428
1380580677474721
1380580677474794
1380580677475026
1380580677475090
1380580677475342
1380580677513779
1380580677513789
1380580677513965
1380580677551762
1380580677590060
1380580677641821
1380580677641925
1380580677721721
1380580677721805
1380580677721903
1380580677722030
1380580677722139
1380580677722249
1380580677722278
1380580677723202
1380580677723357
1380580677762069
1380580677904738
1380580677905218
1380580677905359
1380580677973519
1380580677986403
1380580677987511
1380580677988148
1380580677989125
1380580677989233
1380580678167864
1380580678168321
1380580678168404
1380580678168702
1380580678168815
1380580678250420
1380580678251229
1380580678251514
1380580678252512
1380580678252640
1380580678254285
1380580678254383
1380580678294191
1380580678322243
1380580678361996
1380580678362254
1380580678366511
1380580678370696
1380580678370950
1380580678371195
1380580678373436
1380580678373546
1380580678373705
1380580678373780
1380580678374960
1380580678375178
1380580678377520
1380580678379745
1380580678382331
1380580678382523
1380580678382582
1380580678382737
1380580678385771
1380580678425728
1380580678426039
1380580678426068
1380580678433268
1380580678433376
1380580678433618
1380580678433712
1380580678436722
1380580678437620
1380580678442492
1380580678442526
1380580678443232
1380580678443413
1380580678443626
1380580678443728
1380580678447534
1380580678447712
1380580678447880
1380580678447980
1380580678448080
1380580678448292
1380580678449537
1380580678449765
1380580678449906
1380580678449995
1380580678451355
1380580678451477
1380580678451603
1380580678451706
1380580678454070
1380580678454166
1380580678454508
1380580678454851
1380580678455030
1380580678455327
1380580678455431
1380580678455446
1380580678459763
1380580678461670
1380580678462105
1380580678501750
1380580678502019
1380580678502138
1380580678502196
1380580678502252
1380580678502306
1380580678502399
1380580678502505
1380580678502735
1380580678502750
1380580678502812
1380580678502824
1380580678503363
1380580678503417
1380580678503468
1380580678503524
1380580678504297
1380580678510875
1380580678511081
1380580678512050
1380580678512223
1380580678512357
1380580678512434
1380580678512563
1380580678512879
1380580678512995
1380580678513080
1380580678513198
1380580678513673
1380580678513884
1380580678514101
1380580678514269
1380580678514315
1380580678514403
1380580678514654
1380580678514701
1380580678515063
1380580678515163
1380580678515278
1380580678515491
1380580678515669
1380580678515913
1380580678516041
1380580678516158
1380580678516281
1380580678516558
1380580678517279
1380580678517533
1380580678517650
1380580678517909
1380580678518019
1380580678518166
1380580678518304
1380580678518463
1380580678518518
1380580678518639
1380580678518744
1380580678518900
1380580678519050
1380580678519170
1380580678519316
1380580678520542
1380580678520661
1380580678520805
1380580678520914
1380580678521156
1380580678521391
1380580678521799
1380580678521907
1380580678522034
1380580678522188
1380580678522334
1380580678522568
1380580678522672
1380580678525175
1380580678525228
1380580678525344
1380580678525446
1380580678525520
1380580678525582
1380580678525707
1380580678525810
1380580678526091
1380580678526312
1380580678526442
1380580678527410
1380580678527524
1380580678527747
1380580678527879
1380580678528002
1380580678528121
1380580678528247
1380580678528303
1380580678528481
1380580678528636
1380580678528732
1380580678528796
1380580678528906
1380580678529019
1380580678529128
1380580678529264
1380580678529378
1380580678529516
1380580678529733
1380580678529851
1380580678530110
1380580678530268
1380580678530512
1380580678530580
1380580678530726
1380580678531239
1380580678531357
1380580678531537
1380580678531670
1380580678531764
1380580678531923
1380580678532030
1380580678532179
1380580678532298
1380580678532450
1380580678532571
1380580678532699
1380580678532833
1380580678532969
1380580678533155
1380580678533291
1380580678533396
1380580678534789
1380580678534925
1380580678535071
1380580678535195
1380580678535313
1380580678535433
1380580678535535
1380580678537502
1380580678537563
1380580678537718
1380580678537835
1380580678537961
1380580678538083
1380580678538297
1380580678538552
1380580678538626
1380580678538740
1380580678538827
1380580678539042
1380580678539178
1380580678539404
1380580678539519
1380580678539639
1380580678539761
1380580678539883
1380580678540025
1380580678540131
1380580678540256
1380580678540389
1380580678540506
1380580678540630
1380580678540845
1380580678540956
1380580678541219
1380580678541329
1380580678541734
1380580678541846
1380580678542098
1380580678542211
1380580678542471
1380580678542721
1380580678542845
1380580678543100
1380580678543276
1380580678543395
1380580678543579
1380580678543731
1380580678543970
1380580678544093
1380580678544345
1380580678544475
1380580678544721
1380580678544859
1380580678545098
1380580678545236
1380580678545345
1380580678545610
1380580678545739
1380580678545865
1380580678546115
1380580678546233
1380580678546355
1380580678546484
1380580678546729
1380580678546851
1380580678546973
1380580678547239
1380580678547358
1380580678547485
1380580678547618
1380580678547794
1380580678547905
1380580678548012
1380580678548123
1380580678548243
1380580678548443
1380580678548568
1380580678548831
1380580678548957
1380580678549079
1380580678549334
1380580678549482
1380580678549589
1380580678549749
1380580678549886
1380580678549989
1380580678554057
1380580678554115
1380580678554261
1380580678554373
1380580678554495
1380580678554623
1380580678554742
1380580678556905
1380580678557044
1380580678557185
1380580678557517
1380580678557673
1380580678557780
1380580678557952
1380580678558073
1380580678558192
1380580678558324
1380580678558438
1380580678558572
1380580678558741
1380580678559379
1380580678561889
1380580678561893
1380580678561902
1380580678563357
1380580678563611
1380580678563787
1380580678563886
1380580678564150
1380580678564274
1380580678564536
1380580678564922
1380580678565178
1380580678565433
1380580678565679
1380580678565882
1380580678565989
1380580678566162
1380580678566277
1380580678566405
1380580678566724
1380580678566820
1380580678567444
1380580678567604
1380580678567783
1380580678754794
1380580678768734
1380580678774920
1380580678778121
1380580678779703
1380580678781240
1380580678781938
1380580678783107
1380580678784727
1380580678786282
1380580678788018
1380580678788191
1380580678788871
1380580678789065
1380580678789458
1380580678789767
1380580678790063
1380580678790200
1380580678790352
1380580678790748
1380580678790882
1380580678791022
1380580678791617
1380580678791745
1380580678791868
1380580678792608
1380580678796107
1380580678796997
1380580678797112
1380580678797245
1380580678797444
1380580678799490
1380580678800405
1380580678800408
1380580678800678
1380580678802673
1380580678803656
1380580678803942
1380580678803956
1380580678804577
1380580678804656
1380580678805164
1380580678807174
1380580678807390
1380580678807571
1380580678807624
1380580678807991
1380580678808502
1380580678814491
1380580678814720
1380580678814901
1380580678815035
1380580678815296
1380580678815435
1380580678815510
1380580678815694
1380580678815844
1380580678816029
1380580678816043
1380580678820093
1380580678820141
1380580678820312
1380580678820437
1380580678820702
1380580678821619
1380580678826928
1380580678864486
1380580678864566
1380580678864822
1380580679003663
1380580679042605
1380580679042716
1380580679050506
1380580679050530
1380580679050859
1380580679050968
1380580679051702
1380580679053930
1380580679054981
1380580679055083
1380580679055971
1380580679056082
1380580679056491
1380580679056632
1380580679056905
1380580679057286
1380580679057431
1380580679057536
1380580679058064
1380580679058171
1380580679065985
1380580679066084
1380580679070515
1380580679070589
1380580679084735
1380580679087517
1380580679087610
1380580679120999
1380580679121055
1380580679264241
1380580679264372
1380580679264470
1380580679299851
1380580679300193
1380580679300317
1380580679300425
1380580679310467
1380580679310742
1380580679310854
1380580679312852
1380580679313141
1380580679313246
1380580679313863
1380580679313958
1380580679314378
1380580679314452
1380580679316989
1380580679317096
1380580679317239
1380580679317335
1380580679319332
1380580679319635
1380580679319765
1380580679319862
1380580679319928
1380580679323643
1380580679323751
1380580679323768
1380580679323967
1380580679324079
1380580679324154
1380580679324247
1380580679330155
1380580679330274
1380580679330355
1380580679330490
1380580679330548
1380580679339216
1380580679339283
1380580679339438
1380580679339612
1380580679347664
1380580679347765
1380580679347902
1380580679367469
1380580679367526
1380580679547872
1380580679548056
1380580679548191
1380580679548455
1380580679578533
1380580679578695
1380580679578820
1380580679579051
1380580679609044
1380580679609191
1380580679609846
1380580679609935
1380580679627019
1380580679808510
1380580679808765
1380580679809086
1380580679809174
1380580679835270
1380580679835765
1380580679866083
