1380386496245619
1380386496276194
1380386496276705
1380386496287547
1380386496287822
1380386496287930
1380386496288184
1380386496288289
1380386496288457
1380386496379706
1380386496406849
1380386496407013
1380386496431501
1380386496431631
1380386496431841
1380386496455666
1380386496455887
1380386496455984
1380386496456042
1380386496456299
1380386496456391
1380386496457038
1380386496457108
1380386496458457
1380386496481121
1380386496481392
1380386496481498
1380386496481562
1380386496481761
1380386496482103
1380386496507860
1380386496531775
1380386496558006
1380386496558210
1380386496581552
1380386496582642
1380386496583499
1380386496608524
1380386496608766
1380386496609202
1380386496609575
1380386496616130
1380386496632186
1380386496632242
1380386496633847
1380386496651804
1380386496664207
1380386496665750
1380386496665923
1380386496666050
1380386496683941
1380386496684046
1380386496691868
1380386496691998
1380386496692093
1380386496700347
1380386496700551
1380386496715385
1380386496717246
1380386496717365
1380386496717506
1380386496732031
1380386496752455
1380386496752618
1380386496764064
1380386496786876
1380386496799124
1380386496811282
1380386496830557
1380386496830643
1380386496830896
1380386496836954
1380386496837054
1380386496860464
1380386496860694
1380386496862321
1380386496896650
1380386496896724
1380386496928563
1380386496928620
1380386496965551
1380386496999424
1380386496999529
1380386497031719
1380386497031813
1380386497032071
1380386497065850
1380386497065957
1380386497089228
1380386497097719
1380386497097811
1380386497097885
1380386497116749
1380386497121209
1380386497140262
1380386497148965
1380386497163678
1380386497172320
1380386497172992
1380386497174744
1380386497189190
1380386497189287
1380386497213459
1380386497213758
1380386497240301
1380386497263591
1380386497264577
1380386497264923
1380386497265009
1380386497289383
1380386497296990
1380386497312672
1380386497312784
1380386497331510
1380386497363660
1380386497363949
1380386497364344
1380386497390695
1380386497401919
1380386497414722
1380386497414846
1380386497416167
1380386497453585
1380386497485091
1380386497509440
1380386497509592
1380386497509855
1380386497536605
1380386497560947
1380386497561318
1380386497587754
1380386497611806
1380386497611958
1380386497653913
1380386497680581
1380386497680681
1380386497705208
1380386497705324
1380386497705633
1380386497734179
1380386497734316
1380386497760915
1380386497763188
1380386497763284
1380386497763379
1380386497763684
1380386497790417
1380386497790588
1380386497815219
1380386497815368
1380386497815478
1380386497815756
1380386497842940
1380386497867471
1380386497867568
1380386497867782
1380386497895821
1380386497919906
1380386497920213
1380386497920592
1380386497946657
1380386497970753
1380386497973603
1380386497973919
1380386498001380
1380386498001536
1380386498026668
1380386498026959
1380386498027188
1380386498056239
1380386498056341
1380386498061299
1380386498081399
1380386498158575
1380386498265731
1380386498421889
1380386498521869
1380386498521958
1380386498621007
1380386498896187
1380386498924251
1380386498924325
1380386499350235
1380386499459290
1380386499460605
1380386499559390
1380386499559774
1380386499598192
1380386499600317
