1380238500559027
1380238501055016
1380238501055071
1380238501216220
1380238501217047
1380238501217116
1380238501296577
1380238501296668
1380238501382445
1380238501458818
1380238501458883
1380238501651765
1380238501695771
1380238501702954
1380238501707197
1380238501751248
1380238501795273
1380238501801231
1380238501821144
1380238501861780
1380238501861843
1380238501861902
1380238501862401
1380238501868560
1380238501868859
1380238501869477
1380238501869590
1380238501869674
1380238501869918
1380238501869951
1380238501870237
1380238501874744
1380238501874914
1380238501875246
1380238501875426
1380238501876040
1380238501900000
1380238501900050
1380238501900073
1380238501900530
1380238501900576
1380238501901271
1380238501902370
1380238501902459
1380238501934531
1380238501934566
1380238501934584
1380238501934626
1380238501982009
1380238502049254
1380238502065141
1380238502065393
1380238502067791
1380238502077204
1380238502077250
1380238502078515
1380238502089159
1380238502090232
1380238502101129
1380238502105516
1380238502117285
1380238502149192
1380238502193355
1380238502193491
1380238502193546
1380238502193601
1380238502200037
1380238502200295
1380238502200820
1380238502222528
1380238502297517
1380238502297600
1380238502297993
1380238502306017
1380238502306544
1380238502378412
1380238502378505
1380238502378612
1380238502379008
1380238502459168
1380238502459559
1380238502459847
1380238502459960
1380238502542420
1380238502542567
1380238502710255
1380238502715459
1380238502716512
1380238502719435
1380238502724704
1380238502754985
1380238502760741
1380238502785784
1380238502785860
1380238502785941
1380238502792796
1380238502831560
1380238502832049
1380238502867169
1380238502867283
1380238502867389
1380238502947276
1380238502947410
1380238502947744
1380238502947857
1380238503007407
1380238503008029
1380238503008363
1380238503008479
1380238503008766
1380238503028019
1380238503028271
1380238503028535
1380238503028742
1380238503037285
1380238503039529
1380238503108374
1380238503190404
1380238503190542
1380238503190651
1380238503708579
1380238503713134
1380238503720581
1380238503726279
