1380562464856915
1380562465057420
1380562465057611
1380562465092855
1380562465092953
1380562465093138
1380562465093347
1380562465093506
1380562465093593
1380562465093816
1380562465094023
1380562465094180
1380562465106764
1380562465106957
1380562465136761
1380562465160152
1380562465160211
1380562465198864
1380562465204742
1380562465204940
1380562465205246
1380562465209213
1380562465209489
1380562465209705
1380562465218896
1380562465219076
1380562465219384
1380562465223182
1380562465223476
1380562465223737
1380562465229392
1380562465233957
1380562465238915
1380562465242951
1380562465243275
1380562465243348
1380562465243409
1380562465243463
1380562465248334
1380562465248725
1380562465248803
1380562465248975
1380562465249278
1380562465249417
1380562465249602
1380562465249750
1380562465250127
1380562465250380
1380562465250837
1380562465250853
1380562465251411
1380562465251636
1380562465251658
1380562465251730
1380562465251914
1380562465252025
1380562465252176
1380562465253989
1380562465254095
1380562465254139
1380562465254180
1380562465256454
1380562465259971
1380562465260166
1380562465260321
1380562465260563
1380562465260684
1380562465260817
1380562465261108
1380562465261347
1380562465261579
1380562465261644
1380562465261813
1380562465261947
1380562465262191
1380562465262379
1380562465299067
1380562465299129
1380562465299173
1380562465299297
1380562465299337
1380562465299379
1380562465299418
1380562465305580
1380562465305774
1380562465305910
1380562465306021
1380562465306243
1380562465306341
1380562465306614
1380562465306720
1380562465307212
1380562465307335
1380562465307461
1380562465307753
1380562465307788
1380562465308092
1380562465308199
1380562465308382
1380562465308507
1380562465308632
1380562465308757
1380562465308884
1380562465309135
1380562465309257
1380562465309393
1380562465309540
1380562465309648
1380562465309776
1380562465310022
1380562465316305
1380562465316394
1380562465317047
1380562465317157
1380562465317253
1380562465317371
1380562465317461
1380562465317575
1380562465317773
1380562465321123
1380562465321221
1380562465321310
1380562465321484
1380562465321625
1380562465322076
1380562465325607
1380562465325968
1380562465326066
1380562465326322
1380562465326479
1380562465326711
1380562465326958
1380562465327156
1380562465327351
1380562465327533
1380562465327633
1380562465327854
1380562465328091
1380562465328325
1380562465328399
1380562465328646
1380562465328802
1380562465329090
1380562465329316
1380562465329528
1380562465329732
1380562465329950
1380562465330176
1380562465330390
1380562465330495
1380562465330732
1380562465330948
1380562465331020
1380562465331237
1380562465331527
1380562465331602
1380562465331868
1380562465332211
1380562465332400
1380562465332601
1380562465332798
1380562465333076
1380562465333315
1380562465333624
1380562465333825
1380562465334028
1380562465334681
1380562465334854
1380562465335071
1380562465335194
1380562465335540
1380562465335793
1380562465336104
1380562465336374
1380562465336630
1380562465336819
1380562465337393
1380562465337600
1380562465337822
1380562465337972
1380562465339619
1380562465339859
1380562465340083
1380562465340411
1380562465340594
1380562465340822
1380562465340982
1380562465341220
1380562465341399
1380562465341569
1380562465624649
1380562465661930
1380562465903119
1380562466013243
1380562466013485
1380562466112868
1380562466149524
1380562466177493
1380562466177690
1380562466196964
1380562466298840
1380562466299919
1380562466401605
1380562466401969
1380562466440976
