1380312335439716
1380312335567078
1380312335567353
1380312335567586
1380312335681030
1380312335681251
1380312335681325
1380312335681486
1380312335681629
1380312335681956
1380312335682035
1380312335682215
1380312335682527
1380312335682719
1380312335682821
1380312335683122
1380312335683268
1380312335683699
1380312335721869
1380312335795760
1380312335796047
1380312335796146
1380312335796195
1380312335796393
1380312335796692
1380312335796756
1380312335797190
1380312335797604
1380312335797708
1380312335798232
1380312335798373
1380312335798617
1380312335798724
1380312335798929
1380312335799132
1380312335799306
1380312335833221
1380312335833300
1380312335871767
1380312335986029
1380312335993352
1380312335993684
1380312336100798
1380312336104617
1380312336104669
1380312336214726
1380312336214938
1380312336215001
1380312336215137
1380312336215244
1380312336221958
1380312336222219
1380312336222317
1380312336258383
1380312336295466
1380312336295545
1380312336295820
1380312336328335
1380312336328699
1380312336328816
1380312336330173
1380312336330332
1380312336330708
1380312336332826
1380312336333055
1380312336333962
1380312336334230
1380312336334666
1380312336334893
1380312336336361
1380312336336738
1380312336336824
1380312336337016
1380312336445169
1380312336445599
1380312336445661
1380312336445821
1380312336449689
1380312336450049
1380312336450177
1380312336450360
1380312336450650
1380312336450758
1380312336451007
1380312336451323
1380312336451462
1380312336451841
1380312336451932
1380312336451997
1380312336452187
1380312336452491
1380312336452673
1380312336452846
1380312336452937
1380312336453001
1380312336453216
1380312336453446
1380312336453583
1380312336453947
1380312336454135
1380312336454301
1380312336454389
1380312336454465
1380312336454729
1380312336454947
1380312336455027
1380312336455484
1380312336455500
1380312336455537
1380312336455760
1380312336455968
1380312336456039
1380312336456353
1380312336456413
1380312336456777
1380312336456802
1380312336457070
1380312336457318
1380312336457410
1380312336457460
1380312336457705
1380312336457992
1380312336458085
1380312336458105
1380312336458156
1380312336458556
1380312336458601
1380312336458693
1380312336459215
1380312336502565
1380312336530540
1380312336530796
1380312336562461
1380312336562780
1380312336562938
1380312336566393
1380312336567460
1380312336567593
1380312336567795
1380312336567963
1380312336568194
1380312336568388
1380312336568737
1380312336569141
1380312336569266
1380312336569698
1380312336569916
1380312336570089
1380312336570527
1380312336570804
1380312336570880
1380312336570998
1380312336571199
1380312336571366
1380312336571641
1380312336571766
1380312336571937
1380312336572194
1380312336572397
1380312336572543
1380312336572749
1380312336572862
1380312336573206
1380312336573488
1380312336573596
1380312336573802
1380312336574027
1380312336574146
1380312336574248
1380312336574451
1380312336574617
1380312336574874
1380312336575066
1380312336575137
1380312336575281
1380312336575677
1380312336575890
1380312336575948
1380312336576087
1380312336576449
1380312336576673
1380312336576817
1380312336576948
1380312336577371
1380312336577520
1380312336577832
1380312336577965
1380312336578042
1380312336578277
1380312336578478
1380312336578700
1380312336578999
1380312336579192
1380312336579492
1380312336579805
1380312336580049
1380312336580396
1380312336580578
1380312336581431
1380312336581810
1380312336582228
1380312336582530
1380312336582821
1380312336582912
1380312336608590
1380312336672510
1380312336676962
1380312336677158
1380312336680317
1380312336680502
1380312336680616
1380312336680783
1380312336681175
1380312336681324
1380312336681599
1380312336681746
1380312336681841
1380312336683268
1380312336685320
1380312336685460
1380312336685554
1380312336688569
1380312336691143
1380312336691431
1380312336691679
1380312336691813
1380312336691909
1380312336700129
1380312336706262
1380312336706628
1380312336706728
1380312336707003
1380312336707077
1380312336707305
1380312336707414
1380312336716180
1380312336784767
1380312336787335
1380312336787391
1380312336787691
1380312336787774
1380312336787880
1380312336787981
1380312336788048
1380312336791324
1380312336791487
1380312336797583
1380312336797935
1380312336798010
1380312336798316
1380312336798393
1380312336798529
1380312336799136
1380312336799454
1380312336799531
1380312336799588
1380312336800307
1380312336800429
1380312336801211
1380312336801418
1380312336801505
1380312336801753
1380312336801876
1380312336802079
1380312336802450
1380312336802548
1380312336802677
1380312336820915
1380312336821131
1380312336826652
1380312336827190
1380312336867334
1380312336867564
1380312336898493
1380312336898733
1380312336904844
1380312336904996
1380312336913807
1380312336914152
1380312336914279
1380312336914524
1380312336914622
1380312336919409
1380312336919553
1380312336932373
1380312336932526
1380312336972519
1380312337006920
1380312337006988
1380312337007195
1380312337007242
1380312337007285
1380312337007596
1380312337007684
1380312337008937
1380312337009041
1380312337009102
1380312337009552
1380312337011955
1380312337012029
1380312337012209
1380312337012532
1380312337012698
1380312337027279
1380312337027487
1380312337038112
1380312337121219
1380312337121522
1380312337131585
1380312337131813
1380312337138748
1380312337139001
1380312337139235
1380312337139462
1380312337636797
1380312337749284
1380312337882220
1380312337963073
1380312337964663
1380312337964885
1380312338042197
1380312338043591
1380312338043786
1380312338044003
1380312338044078
1380312338121267
1380312338121449
1380312338122738
1380312338122957
1380312338123062
1380312338123163
1380312338123494
1380312338123567
1380312338202630
