1380473605959255
1380473606033138
1380473606033186
1380473606091175
1380473606091295
1380473606091388
1380473606091514
1380473606091636
1380473606091932
1380473606092042
1380473606092322
1380473606092604
1380473606092753
1380473606092901
1380473606093051
1380473606123956
1380473606130762
1380473606130972
1380473606131205
1380473606135134
1380473606135905
1380473606136331
1380473606136451
1380473606136772
1380473606136868
1380473606137275
1380473606137331
1380473606137744
1380473606138553
1380473606138723
1380473606140217
1380473606141382
1380473606141461
1380473606146247
1380473606146761
1380473606146887
1380473606147172
1380473606150508
1380473606150562
1380473606150743
1380473606150895
1380473606151076
1380473606151196
1380473606151457
1380473606151569
1380473606152254
1380473606152461
1380473606152551
1380473606152738
1380473606157330
1380473606158100
1380473606158415
1380473606158515
1380473606162042
1380473606162185
1380473606162928
1380473606163114
1380473606163426
1380473606165752
1380473606165882
1380473606166099
1380473606170003
1380473606170439
1380473606170614
1380473606170727
1380473606170800
1380473606170830
1380473606170856
1380473606170901
1380473606170930
1380473606174974
1380473606176277
1380473606176291
1380473606176338
1380473606176673
1380473606176925
1380473606177041
1380473606177649
1380473606177872
1380473606177987
1380473606178260
1380473606178345
1380473606178915
1380473606179113
1380473606179251
1380473606179550
1380473606179568
1380473606179657
1380473606179773
1380473606179895
1380473606180121
1380473606180715
1380473606180791
1380473606180895
1380473606181122
1380473606181248
1380473606181369
1380473606181657
1380473606181778
1380473606181882
1380473606182000
1380473606182016
1380473606182153
1380473606182278
1380473606182406
1380473606182644
1380473606182829
1380473606182941
1380473606183140
1380473606183376
1380473606183495
1380473606183739
1380473606183877
1380473606184001
1380473606184134
1380473606184233
1380473606184356
1380473606186766
1380473606186940
1380473606187124
1380473606187227
1380473606187382
1380473606187503
1380473606187633
1380473606187770
1380473606187916
1380473606188025
1380473606188187
1380473606188297
1380473606188418
1380473606189258
1380473606189391
1380473606189538
1380473606189663
1380473606189806
1380473606189925
1380473606190066
1380473606190177
1380473606190315
1380473606190437
1380473606190530
1380473606196421
1380473606196597
1380473606196601
1380473606196858
1380473606196902
1380473606196937
1380473606196964
1380473606196992
1380473606197307
1380473606197538
1380473606197662
1380473606197841
1380473606198003
1380473606198805
1380473606198916
1380473606199048
1380473606199307
1380473606199414
1380473606199669
1380473606199932
1380473606200067
1380473606200191
1380473606200309
1380473606200426
1380473606200549
1380473606200712
1380473606200810
1380473606200945
1380473606201209
1380473606202002
1380473606202293
1380473606211032
1380473606211455
1380473606213038
1380473606213107
1380473606213458
1380473606213769
1380473606214043
1380473606214318
1380473606214585
1380473606214869
1380473606214917
1380473606215057
1380473606215101
1380473606215416
1380473606215526
1380473606215849
1380473606215929
1380473606216179
1380473606216262
1380473606216401
1380473606216608
1380473606216791
1380473606216869
1380473606216991
1380473606217117
1380473606217196
1380473606217303
1380473606217475
1380473606217595
1380473606217705
1380473606217836
1380473606222922
1380473606223007
1380473606223283
1380473606223358
1380473606223570
1380473606223649
1380473606223718
1380473606223958
1380473606224135
1380473606230849
1380473606230996
1380473606231113
1380473606231243
1380473606231326
1380473606231388
1380473606231494
1380473606232366
1380473606232457
1380473606237099
1380473606237158
1380473606237338
1380473606237670
1380473606237876
1380473606238011
1380473606238267
1380473606238372
1380473606238510
1380473606238620
1380473606238793
1380473606239164
1380473606239262
1380473606239525
1380473606239644
1380473606239777
1380473606240174
1380473606240262
1380473606240518
1380473606240660
1380473606240846
1380473606240988
1380473606241091
1380473606241307
1380473606242665
1380473606243079
1380473606243374
1380473606243468
1380473606243709
1380473606243901
1380473606244026
1380473606244145
1380473606244251
1380473606244390
1380473606244751
1380473606244875
1380473606245124
1380473606245253
1380473606245364
1380473606245446
1380473606245556
1380473606245698
1380473606245827
1380473606245943
1380473606246036
1380473606246207
1380473606246284
1380473606250044
1380473606250191
1380473606250325
1380473606250452
1380473606250831
1380473606250960
1380473606251789
1380473606251923
1380473606252049
1380473606252286
1380473606252413
1380473606252532
1380473606252666
1380473606252936
1380473606253021
1380473606253116
1380473606253479
1380473606253692
1380473606253836
1380473606254028
1380473606254347
1380473606254592
1380473606254734
1380473606254871
1380473606255093
1380473606255235
1380473606255477
1380473606255611
1380473606255738
1380473606255968
1380473606256098
1380473606256252
1380473606256385
1380473606256506
1380473606256705
1380473606256811
1380473606256955
1380473606257089
1380473606257254
1380473606257360
1380473606257468
1380473606257584
1380473606257703
1380473606257854
1380473606258275
1380473606258407
1380473606258536
1380473606258659
1380473606258781
1380473606260708
1380473606260824
1380473606260964
1380473606261036
1380473606261250
1380473606261370
1380473606261437
1380473606261651
1380473606261773
1380473606262006
1380473606262270
1380473606262508
1380473606262652
1380473606262904
1380473606263010
1380473606263299
1380473606263419
1380473606263539
1380473606263782
1380473606263890
1380473606264041
1380473606264160
1380473606264406
1380473606264542
1380473606264641
1380473606264814
1380473606264857
1380473606265018
1380473606265172
1380473606265294
1380473606265477
1380473606265609
1380473606265731
1380473606265947
1380473606266085
1380473606266210
1380473606266339
1380473606266523
1380473606266749
1380473606266882
1380473606266997
1380473606267131
1380473606267400
1380473606267645
1380473606267736
1380473606267815
1380473606268057
1380473606268283
1380473606268525
1380473606268630
1380473606268910
1380473606269110
1380473606269236
1380473606269363
1380473606269489
1380473606269626
1380473606273497
1380473606273657
1380473606273828
1380473606273909
1380473606274030
1380473606274414
1380473606274504
1380473606274675
1380473606274819
1380473606274980
1380473606275198
1380473606275914
1380473606276037
1380473606276144
1380473606276353
1380473606276491
1380473606276606
1380473606276740
1380473606278680
1380473606278735
1380473606278867
1380473606279102
1380473606279207
1380473606283249
1380473606283503
1380473606287274
1380473606288759
1380473606288916
1380473606289107
1380473606291507
1380473606291676
1380473606293203
1380473606293571
1380473606293823
1380473606294064
1380473606294169
1380473606294495
1380473606294615
1380473606294799
1380473606295098
1380473606296527
1380473606297053
1380473606297263
1380473606298390
1380473606298509
1380473606298615
1380473606298774
1380473606298887
1380473606299212
1380473606299454
1380473606299708
1380473606301154
1380473606301532
1380473606301766
1380473606301869
1380473606302129
1380473606302314
1380473606303100
1380473606303204
1380473606303340
1380473606304304
1380473606305133
1380473606305432
1380473606305570
1380473606306192
1380473606306561
1380473606306677
1380473606308145
1380473606308260
1380473606308522
1380473606308843
1380473606308940
1380473606309104
1380473606309742
1380473606310615
1380473606310932
1380473606311289
1380473606311403
1380473606311534
1380473606311796
1380473606311915
1380473606312050
1380473606314434
1380473606315311
1380473606315564
1380473606315717
1380473606316007
1380473606316187
1380473606316449
1380473606316673
1380473606317116
1380473606317381
1380473606317570
1380473606317667
1380473606318365
1380473606318485
1380473606318591
1380473606319915
1380473606320538
1380473606320780
1380473606321052
1380473606321274
1380473606321350
1380473606323176
1380473606323291
1380473606323567
1380473606323740
1380473606323911
1380473606324131
1380473606324165
1380473606324273
1380473606327199
1380473606327337
1380473606327487
1380473606327604
1380473606327733
1380473606327851
1380473606328100
1380473606328217
1380473606328460
1380473606328714
1380473606328846
1380473606329114
1380473606329250
1380473606329603
1380473606329707
1380473606329850
1380473606330119
1380473606330243
1380473606330345
1380473606330834
1380473606330997
1380473606331143
1380473606331262
1380473606331368
1380473606331507
1380473606331627
1380473606331752
1380473606331907
1380473606332038
1380473606332500
1380473606332657
1380473606332741
1380473606333168
1380473606333369
1380473606333469
1380473606333519
1380473606333731
1380473606333887
1380473606333960
1380473606334015
1380473606334104
1380473606335194
1380473606335426
1380473606335492
1380473606337340
1380473606337471
1380473606337733
1380473606338000
1380473606338093
1380473606338504
1380473606338745
1380473606338907
1380473606339367
1380473606339809
1380473606339986
1380473606340112
1380473606341155
1380473606341295
1380473606341428
1380473606342152
1380473606342225
1380473606342391
1380473606342456
1380473606342672
1380473606342771
1380473606342910
1380473606343012
1380473606343505
1380473606343696
1380473606343933
1380473606344035
1380473606344116
1380473606348657
1380473606348883
1380473606348913
1380473606348939
1380473606349257
1380473606349403
1380473606353790
1380473606354742
1380473606354768
1380473606355061
1380473606355077
1380473606355123
1380473606355406
1380473606355532
1380473606355571
1380473606355735
1380473606355830
1380473606356219
1380473606356287
1380473606360825
1380473606361589
1380473606361943
1380473606361958
1380473606362153
1380473606362400
1380473606362535
1380473606362661
1380473606363048
1380473606363155
1380473606363291
1380473606365027
1380473606365100
1380473606365316
1380473606365438
1380473606386050
1380473606386228
1380473606386482
1380473606386619
1380473606386715
1380473606386943
1380473606388806
1380473606388866
1380473606389092
1380473606389226
1380473606389330
1380473606389469
1380473606389691
1380473606389857
1380473606389981
1380473606391826
1380473606401760
1380473606422799
1380473606423547
1380473606423771
1380473606425371
1380473606425445
1380473606425574
1380473606425762
1380473606425832
1380473606425928
1380473606426226
1380473606426310
1380473606426575
1380473606426826
1380473606426944
1380473606430109
1380473606430260
1380473606430688
1380473606430858
1380473606434097
1380473606434104
1380473606434144
1380473606434309
1380473606434350
1380473606434406
1380473606434657
1380473606434810
1380473606435205
1380473606435463
1380473606435772
1380473606447770
1380473606447956
1380473606448079
1380473606448196
1380473606448331
1380473606448588
1380473606448707
1380473606448880
1380473606449366
1380473606449471
1380473606449626
1380473606449769
1380473606449971
1380473606450197
1380473606450419
1380473606450489
1380473606450604
1380473606450788
1380473606451669
1380473606451782
1380473606452029
1380473606452149
1380473606452860
1380473606452930
1380473606453049
1380473606453171
1380473606453293
1380473606453417
1380473606453770
1380473606457114
1380473606457137
1380473606463162
1380473606463860
1380473606464145
1380473606474448
1380473606474532
1380473606476441
1380473606478572
1380473606478860
1380473606479760
1380473606480689
1380473606480972
1380473606481123
1380473606481713
1380473606483215
1380473606483350
1380473606483501
1380473606483554
1380473606485001
1380473606485063
1380473606487541
1380473606487747
1380473606488387
1380473606488497
1380473606488871
1380473606489066
1380473606489087
1380473606489332
1380473606489458
1380473606489618
1380473606489735
1380473606489810
1380473606489885
1380473606491222
1380473606491432
1380473606491661
1380473606491747
1380473606491990
1380473606492170
1380473606492599
1380473606492939
1380473606495686
1380473606495897
1380473606496020
1380473606496139
1380473606496274
1380473606496717
1380473606496882
1380473606497005
1380473606497465
1380473606497474
1380473606497729
1380473606497867
1380473606498012
1380473606499071
1380473606502493
1380473606502700
1380473606502989
1380473606506155
1380473606506212
1380473606506535
1380473606507815
1380473606508021
1380473606508382
1380473606508656
1380473606508812
1380473606509105
1380473606509146
1380473606509177
1380473606509204
1380473606509231
1380473606509264
1380473606509309
1380473606509337
1380473606509365
1380473606509392
1380473606510952
1380473606516135
1380473606516208
1380473606516291
1380473606521645
1380473606521836
1380473606521944
1380473606522077
1380473606522187
1380473606522203
1380473606522296
1380473606522409
1380473606522459
1380473606522513
1380473606522560
1380473606523214
1380473606523332
1380473606523352
1380473606523362
1380473606523481
1380473606523669
1380473606523742
1380473606523800
1380473606523992
1380473606524122
1380473606524226
1380473606524416
1380473606524524
1380473606524646
1380473606524802
1380473606524910
1380473606525059
1380473606525159
1380473606526430
1380473606529797
1380473606529879
1380473606530530
1380473606531641
1380473606532178
1380473606532571
1380473606532674
1380473606532813
1380473606532947
1380473606533010
1380473606533052
1380473606533155
1380473606534017
1380473606534267
1380473606534281
1380473606534330
1380473606534435
1380473606534563
1380473606534830
1380473606534955
1380473606535064
1380473606535078
1380473606535152
1380473606535299
1380473606535381
1380473606535552
1380473606535676
1380473606535753
1380473606535800
1380473606538788
1380473606539124
1380473606539275
1380473606539475
1380473606539591
1380473606539737
1380473606539931
1380473606542321
1380473606543209
1380473606543448
1380473606543603
1380473606543798
1380473606543914
1380473606548190
1380473606548334
1380473606550608
1380473606551980
1380473606556374
1380473606560546
1380473606577584
1380473606579054
1380473606586281
1380473606591533
1380473606596104
1380473606600232
1380473606605372
1380473606605756
1380473606618447
1380473606618578
1380473606622394
1380473606622565
1380473606626771
1380473606626944
1380473606627039
1380473606634114
1380473606634255
1380473606634353
1380473606634500
1380473606657766
1380473606672591
1380473606677992
1380473606678199
1380473606682281
1380473606682382
1380473606682570
1380473606686487
1380473606686829
1380473606686992
1380473606687343
1380473606691198
1380473606691407
1380473606691807
1380473606692776
1380473606695941
1380473606696069
1380473606729769
1380473606731150
1380473606732178
1380473606732197
1380473606732484
1380473606732601
1380473606732744
1380473606732763
1380473606732926
1380473606735297
1380473606736100
1380473606736450
1380473606736597
1380473606736752
1380473606737038
1380473606737179
1380473606737316
1380473606737817
1380473606738441
1380473606738597
1380473606738726
1380473606738833
1380473606744716
1380473606744739
1380473606745479
1380473606746175
1380473606746264
1380473606748484
1380473606749464
1380473606749782
1380473606749878
1380473606750066
1380473606750191
1380473606750340
1380473606750424
1380473606785753
1380473606791461
1380473606795694
1380473606795725
1380473606799417
1380473606803884
1380473606804066
1380473606808526
1380473606808582
1380473606808760
1380473606812831
1380473606812977
1380473606813342
1380473606813620
1380473606813767
1380473606814151
1380473606814302
1380473606814416
1380473606817410
1380473606817598
1380473606818150
1380473606818390
1380473606818508
1380473606818717
1380473606818847
1380473606818950
1380473606819282
1380473606857796
1380473609551418
1380473609551609
1380473609551794
1380473609551904
1380473609552058
1380473609565859
1380473609567125
1380473609567284
1380473609567530
1380473609567580
1380473609575037
1380473609575888
1380473609578716
1380473609578844
1380473609579050
1380473609580627
1380473609580825
1380473609581034
1380473609581180
1380473609581407
1380473609582290
1380473609582507
1380473609582733
1380473609583049
1380473609583548
1380473609583707
1380473609583817
1380473609585107
1380473609585201
1380473609587731
1380473609587906
1380473609588092
1380473609588127
1380473609590272
1380473609590527
1380473609590723
1380473609594343
1380473609594455
1380473609594694
1380473609594886
1380473609599140
1380473609599710
1380473609600016
1380473609600110
1380473609638091
1380473609642838
1380473609643525
1380473609643906
1380473609644029
1380473609682099
1380473609686573
1380473609687249
1380473609687367
1380473609726095
1380473609726137
1380473609726170
1380473609726196
1380473609726227
1380473609726257
1380473609726287
1380473609726318
1380473609726344
1380473609726371
1380473609733402
1380473609734127
1380473609774075
1380473609800585
1380473609835769
1380473609835778
1380473609835862
1380473609835866
1380473609836328
1380473609870839
1380473609871371
1380473609871770
1380473609871792
1380473609872085
1380473609872254
1380473609872267
1380473609872357
1380473609872457
1380473609872535
1380473609873649
1380473609873805
1380473609873913
1380473609875628
1380473609875807
1380473609875901
1380473609876297
1380473609876544
1380473609876935
1380473609877464
1380473609877688
1380473609877797
1380473609877924
1380473609877937
1380473609877998
1380473609878337
1380473609878397
1380473609880920
1380473609881096
1380473609881254
1380473609881313
1380473609881342
1380473609881387
1380473609883714
1380473609884442
1380473609884798
1380473609888361
1380473609888578
1380473609889234
1380473609889371
1380473609889430
1380473609908548
1380473609910817
1380473609910885
1380473609911143
1380473609911482
1380473609911496
1380473609911689
1380473609911772
1380473609911977
1380473609911988
1380473609912168
1380473609912453
1380473609912496
1380473609914964
1380473609915724
1380473609916097
1380473609916479
1380473609916587
1380473609916646
1380473609916959
1380473609917589
1380473609917848
1380473609917942
1380473609918288
1380473609918388
1380473609918726
1380473609918905
1380473609918971
1380473609919609
1380473609919768
1380473609919782
1380473609919912
1380473609919979
1380473609920675
1380473609921054
1380473609921169
1380473609921298
1380473609921367
1380473609922286
1380473609923157
1380473609923852
1380473609924020
1380473609924303
1380473609924477
1380473609925826
1380473609926421
1380473609926436
1380473609926541
1380473609927129
1380473609927402
1380473609927523
1380473609927643
1380473609928106
1380473609928222
1380473609928233
1380473609928308
1380473609928534
1380473609928972
1380473609929087
1380473609929209
1380473609929391
1380473609929444
1380473609929525
1380473609929541
1380473609929653
1380473609929662
1380473609930178
1380473609930521
1380473609930538
1380473609930584
1380473609930717
1380473609930830
1380473609933017
1380473609933133
1380473609933175
1380473609933309
1380473609933321
1380473609933405
1380473609933554
1380473609933627
1380473609933718
1380473609934761
1380473609934824
1380473609935357
1380473609936063
1380473609936167
1380473609936301
1380473609936572
1380473609936706
1380473609936725
1380473609936828
1380473609937318
1380473609937476
1380473609937590
1380473609937607
1380473609937690
1380473609938291
1380473609938387
1380473609938521
1380473609938683
1380473609938795
1380473609938852
1380473609939064
1380473609939236
1380473609939444
1380473609939513
1380473609940028
1380473609940465
1380473609940852
1380473609940999
1380473609941033
1380473609941171
1380473609941381
1380473609941567
1380473609941577
1380473609941835
1380473609941878
1380473609942072
1380473609942232
1380473609942352
1380473609942864
1380473609943070
1380473609943572
1380473609943792
1380473609944001
1380473609944259
1380473609944331
1380473609944335
1380473609944576
1380473609944647
1380473609944679
1380473609944921
1380473609945402
1380473609945628
1380473609945822
1380473609946065
1380473609946213
1380473609946495
1380473609946610
1380473609946939
1380473609947021
1380473609947498
1380473609948460
1380473609948673
1380473609948794
1380473609949094
1380473609949105
1380473609949252
1380473609949347
1380473609949611
1380473609949824
1380473609949834
1380473609951006
1380473609951222
1380473609951338
1380473609951517
1380473609951529
1380473609951729
1380473609951838
1380473609951963
1380473609952122
1380473609952256
1380473609952282
1380473609952442
1380473609953213
1380473609953370
1380473609953469
1380473609953595
1380473609953733
1380473609954001
1380473609954084
1380473609954212
1380473609954382
1380473609954680
1380473609954689
1380473609954744
1380473609954881
1380473609954897
1380473609956073
1380473609956522
1380473609956847
1380473609956896
1380473609957084
1380473609957183
1380473609957277
1380473609957355
1380473609957441
1380473609957568
1380473609957658
1380473609957736
1380473609958475
1380473609958738
1380473609958975
1380473609958987
1380473609959130
1380473609959264
1380473609959275
1380473609959389
1380473609960717
1380473609960824
1380473609961018
1380473609961126
1380473609961246
1380473609961501
1380473609961688
1380473609961865
1380473609962067
1380473609962246
1380473609962454
1380473609962637
1380473609962740
1380473609963974
1380473609965152
1380473609965665
1380473609965675
1380473609966490
1380473609966599
1380473609966770
1380473609967134
1380473609967257
1380473609967532
1380473609967710
1380473609967827
1380473609967908
1380473609968441
1380473609968719
1380473609968946
1380473609969063
1380473609969348
1380473609969358
1380473609969442
1380473609969549
1380473609969562
1380473609978122
1380473609978245
1380473609978356
1380473609978557
1380473609978565
1380473609978699
1380473609978918
1380473609979157
1380473609979296
1380473609979305
1380473609979368
1380473609979669
1380473609979738
1380473609986288
1380473609986550
1380473609998598
1380473609998780
1380473609998790
1380473609998874
1380473609998985
1380473609999024
1380473609999095
1380473609999127
1380473609999173
1380473609999204
1380473609999231
1380473609999258
1380473609999297
1380473609999350
1380473609999396
1380473610003112
1380473610003945
1380473610004081
1380473610004624
1380473610004767
1380473610004911
1380473610004983
1380473610005274
1380473610005534
1380473610005547
1380473610005968
1380473610005998
1380473610006082
1380473610006145
1380473610006210
1380473610006356
1380473610006635
1380473610006723
1380473610006747
1380473610006810
1380473610007028
1380473610007542
1380473610007589
1380473610007709
1380473610007863
1380473610008044
1380473610008174
1380473610008235
1380473610008533
1380473610008659
1380473610010344
1380473610010649
1380473610010787
1380473610010887
1380473610011004
1380473610012760
1380473610013491
1380473610013621
1380473610013772
1380473610013906
1380473610014240
1380473610014978
1380473610015256
1380473610015342
1380473610015843
1380473610015903
1380473610015966
1380473610016259
1380473610016461
1380473610017046
1380473610017316
1380473610017348
1380473610017382
1380473610017409
1380473610017436
1380473610017463
1380473610017492
1380473610017794
1380473610017990
1380473610023788
1380473610024568
1380473610024658
1380473610024806
1380473610024897
1380473610024937
1380473610025052
1380473610025422
1380473610025748
1380473610026111
1380473610026140
1380473610026700
1380473610027124
1380473610027191
1380473610027506
1380473610027696
1380473610027849
1380473610027952
1380473610027970
1380473610029607
1380473610029697
1380473610029833
1380473610029957
1380473610030016
1380473610030324
1380473610030413
1380473610030491
1380473610032087
1380473610033986
1380473610034118
1380473610034421
1380473610034871
1380473610035148
1380473610037832
1380473610038424
1380473610039992
1380473610040182
1380473610040426
1380473610040517
1380473610078079
1380473610118795
1380473610118833
1380473610118871
1380473610118910
1380473610118937
1380473610118963
1380473610118990
1380473610123773
1380473610124577
1380473610124932
1380473610125156
1380473610125221
1380473610125334
1380473610125729
1380473610125909
1380473610126000
1380473610126115
1380473610126737
1380473610126957
1380473610127100
1380473610127227
1380473610127400
1380473610127510
1380473610127579
1380473610127649
1380473610128266
1380473610128400
1380473610128523
1380473610128655
1380473610128802
1380473610128923
1380473610129034
1380473610129163
1380473610129272
1380473610130161
1380473610169949
1380473610224561
1380473610225191
1380473610225504
1380473610225665
1380473610233064
1380473610233858
1380473610233997
1380473610234186
1380473610234327
1380473610234450
1380473610234584
1380473610234758
1380473610238510
1380473610330340
1380473610354570
1380473610355387
1380473610359041
1380473610359152
1380473610359194
1380473610359944
1380473610359964
1380473610360265
1380473610360420
1380473610360515
1380473610361084
1380473610361174
1380473610361310
1380473610361602
1380473610361732
1380473610361887
1380473610362071
1380473610362191
1380473610366970
1380473610367074
1380473610367133
1380473610367354
1380473610367482
1380473610367618
1380473610367731
1380473610405824
1380473610406119
1380473610406511
1380473610430398
1380473610430446
1380473610561361
1380473610599814
1380473610630844
1380473610666799
1380473610667154
1380473610707323
