1380557804804859
1380557804933606
1380557804933701
1380557804933835
1380557804933941
1380557805057902
1380557805059035
1380557805059152
1380557805059314
1380557805059409
1380557805059606
1380557805060754
1380557805060903
1380557805061009
1380557805061169
1380557805061274
1380557805061388
1380557805138816
1380557805181986
1380557805182178
1380557805182935
1380557805285666
1380557805287316
1380557805429776
1380557805429911
1380557805430018
1380557805430177
1380557805430513
1380557805576064
1380557805619449
1380557805768527
1380557805769376
1380557805769493
1380557805902157
1380557805919880
1380557805920288
1380557805920615
1380557806035934
1380557806060914
1380557806062070
1380557806062206
1380557806062291
1380557806062403
1380557806062467
1380557806062526
1380557806136524
1380557806159393
1380557806159428
1380557806174080
1380557806174230
1380557806190554
1380557806190635
1380557806197616
1380557806203447
1380557806203533
1380557806207979
1380557806208279
1380557806208391
1380557806208512
1380557806208760
1380557806208941
1380557806209052
1380557806209640
1380557806209774
1380557806209918
1380557806210017
1380557806210991
1380557806212309
1380557806213624
1380557806213956
1380557806306171
1380557806437280
1380557806437421
1380557806437551
1380557806437656
1380557806478172
1380557806608454
1380557806645930
1380557806776425
1380557806814182
1380557806946420
1380557806946565
1380557806946769
1380557806947927
1380557807076456
1380557807077911
1380557807078151
1380557807078517
1380557807078929
1380557807079064
1380557807079192
1380557807079311
1380557807079452
1380557807082501
1380557807082597
1380557807082700
1380557807082794
1380557807207958
1380557807208356
1380557807208843
1380557807209062
1380557807209211
1380557807216444
1380557807216615
1380557807216730
1380557807216844
1380557807216963
1380557807217212
1380557807217316
1380557807336268
1380557807336537
1380557807336656
1380557807336777
1380557807337069
1380557807337194
1380557807337606
1380557807337738
1380557807341282
1380557807341407
1380557807341540
1380557807341662
1380557807349977
1380557807473203
1380557807473306
1380557807473422
1380557807473678
1380557807473814
1380557807491727
1380557807491840
1380557807491973
1380557807492096
1380557807523647
1380557807523804
1380557807523897
1380557807523956
1380557807524016
1380557807524075
1380557807524137
1380557807524743
1380557807633106
1380557807633250
1380557807633370
1380557807633494
1380557807633800
1380557807633909
1380557807657059
1380557807657162
1380557807657296
1380557807657416
1380557807657626
1380557807657818
1380557807659040
1380557807659152
1380557807659263
1380557807659680
1380557807659900
1380557807660019
1380557807660176
1380557807660680
1380557807660993
1380557807661097
1380557807661694
1380557807661974
1380557807662091
1380557807662222
1380557807662436
1380557807662819
1380557807662935
1380557807662963
1380557807664062
1380557807664201
1380557807664322
1380557807664479
1380557807664597
1380557807664709
1380557807664833
1380557807666309
1380557807666411
1380557807666541
1380557807671379
1380557807671512
1380557807672628
1380557807673150
1380557807673204
1380557807673362
1380557807677663
1380557807677945
1380557807790088
1380557807790209
1380557807790918
1380557807791170
1380557807791666
1380557807791780
1380557807791889
1380557807792306
1380557807792406
1380557807792517
1380557807793060
1380557807793214
1380557807793321
1380557807793444
1380557807802333
1380557807802615
1380557807802730
1380557807802850
1380557807803114
1380557807803260
1380557807815570
1380557807815962
1380557807816320
1380557807816416
1380557807816479
1380557807816540
1380557807816602
1380557807816662
1380557807816724
1380557807816810
1380557807816970
1380557807920122
1380557807920396
1380557807920478
1380557807920665
1380557807922401
1380557807922597
1380557807922987
1380557807923292
1380557807923381
1380557807923590
1380557807923827
1380557807924138
1380557807924317
1380557807924610
1380557807924658
1380557807924875
1380557807924943
1380557807946824
1380557807946925
1380557807947288
1380557807947398
1380557807948077
1380557807948216
1380557807948332
1380557807948616
1380557807948869
1380557807948993
1380557807949311
1380557807949415
1380557807949520
1380557807949738
1380557807949959
1380557807950081
1380557807950193
1380557807950326
1380557807950443
1380557807950848
1380557807950995
1380557807951112
1380557807951235
1380557807951369
1380557807951512
1380557807951629
1380557807951762
1380557807951889
1380557807952018
1380557807952211
1380557807953372
1380557807953983
1380557807954091
1380557807954313
1380557807954564
1380557807954820
1380557807954954
1380557807955104
1380557807955240
1380557807955425
1380557807955560
1380557807955691
1380557807955821
1380557807955968
1380557807957693
1380557807957858
1380557807958042
1380557807958623
1380557807958781
1380557807958800
1380557807958908
1380557807959031
1380557807959155
1380557807959379
1380557807959663
1380557807959778
1380557807959933
1380557807960047
1380557807960187
1380557807961765
1380557807961841
1380557807961984
1380557807962135
1380557807962257
1380557807962392
1380557807962492
1380557807998877
1380557808000085
1380557808023789
1380557808061502
1380557808082308
1380557808121994
1380557808143566
1380557808143780
1380557808159142
1380557808159203
1380557808198035
1380557808198119
1380557808198188
1380557808198250
1380557808198340
1380557808198407
1380557808198467
1380557808222268
1380557808262007
1380557808328768
1380557808328879
1380557808329036
1380557808329803
1380557808330678
1380557808331291
1380557808331580
1380557808331832
1380557808331953
1380557808332091
1380557808332208
1380557808332534
1380557808332666
1380557808332903
1380557808333025
1380557808333539
1380557808333667
1380557808334474
1380557808334591
1380557808334862
1380557808335231
1380557808336629
1380557808336812
1380557808342532
1380557808342643
1380557808342837
1380557808342954
1380557808343169
1380557808343309
1380557808343428
1380557808343818
1380557808344035
1380557808350698
1380557808351003
1380557808351065
1380557808351122
1380557808351184
1380557808351247
1380557808351305
1380557808368793
1380557808407526
1380557808408399
1380557808446039
1380557808446505
1380557808447172
1380557808481544
1380557808481740
1380557808482405
1380557808482583
1380557808482628
1380557808482862
1380557808483963
1380557808484110
1380557808484751
1380557808484894
1380557808485160
1380557808485256
1380557808486831
1380557808487049
1380557808487135
1380557808489031
1380557808489169
1380557808489304
1380557808489422
1380557808494501
1380557808494692
1380557808494828
1380557808494886
1380557808611575
1380557808611677
1380557808611793
1380557808616333
1380557808616454
1380557808616576
1380557808617141
1380557808617339
1380557808617486
1380557808617931
1380557808618118
1380557808618225
1380557808618614
1380557808618736
1380557808618844
1380557808618979
1380557808619101
1380557808619691
1380557808619987
1380557808620103
1380557808622841
1380557808623091
1380557808623384
1380557808623732
1380557808624002
1380557808624332
1380557808624621
1380557808624866
1380557808625136
1380557808625810
1380557808626210
1380557808626356
1380557808626468
1380557808626622
1380557808626736
1380557808626869
1380557808626980
1380557808627196
1380557808627302
1380557808627451
1380557808627504
1380557808636980
1380557808637275
1380557808637429
1380557808637592
1380557808637833
1380557808637979
1380557808638092
1380557808638290
1380557808638429
1380557808638577
1380557808638646
1380557808741053
1380557808741387
1380557808741527
1380557808741656
1380557808741799
1380557808741903
1380557808742309
1380557808742504
1380557808742838
1380557808743053
1380557808743162
1380557808743339
1380557808752194
1380557808752485
1380557808752542
1380557808752596
1380557808752874
1380557808752941
1380557808752988
1380557808753171
1380557808753439
1380557808757016
1380557808757224
1380557808757367
1380557808758019
1380557808758167
1380557808764530
1380557808764724
1380557808764889
1380557808765016
1380557808765179
1380557808781169
1380557808781420
1380557808781745
1380557808781862
1380557808781993
1380557808782117
1380557808782233
1380557808782891
