1380339458966815
1380339459240042
1380339459245693
1380339459246074
1380339459481283
1380339459486423
1380339459486693
1380339459486801
1380339459487127
1380339460803073
1380339461149221
1380339461151067
1380339461500561
1380339461501242
1380339461501512
1380339461847760
1380339465437610
1380339465786232
1380339465786950
1380339465787223
1380339466134248
1380339468847158
1380339469262065
1380339469262713
1380339469262990
1380339469677407
1380339469677499
1380339469677719
1380339469677783
1380339472258929
1380339472671851
1380339472672094
1380339472672548
1380339472672845
1380339473096031
1380339473099067
1380339473099170
1380339473519743
1380339476088742
1380339476511377
1380339476512354
1380339476512515
1380339476512723
1380339476943437
1380339476944327
1380339476945570
1380339477256248
1380339477359954
1380339477360590
1380339477360849
1380339477567680
1380339477568195
1380339477568513
1380339477604890
1380339477778837
1380339477878469
1380339477925373
1380339478243343
1380339478244106
1380339478244400
1380339478244635
1380339478552901
1380339478559662
1380339478564417
1380339478601292
1380339478866277
1380339478866919
1380339478867991
1380339478868237
1380339478881185
1380339478903990
1380339478904110
1380339478904183
1380339478904256
1380339478904341
1380339478904448
1380339478904508
1380339478944236
1380339478944497
1380339478978579
1380339479177843
1380339479178001
1380339479178080
1380339479178900
1380339479179171
1380339479179395
1380339479179524
1380339479200161
1380339479218843
1380339479219985
1380339479220203
1380339479227869
1380339479228867
1380339479229049
1380339479229161
1380339479229294
1380339479264811
1380339479329279
1380339479331261
1380339479334117
1380339479334374
1380339479334438
1380339479335566
1380339479347612
1380339479347732
1380339479347761
1380339479348528
1380339479351265
1380339479351426
1380339479486898
1380339479487023
1380339479487112
1380339479487415
1380339479530043
1380339479533859
1380339479533974
1380339479534059
1380339479534172
1380339479544637
1380339479544773
1380339479546030
1380339479546103
1380339479589511
1380339479590305
1380339479590558
1380339479632167
1380339479632271
1380339479632350
1380339479632510
1380339479632570
1380339479632629
1380339479664757
1380339479692779
1380339479692861
1380339479715199
1380339479754556
1380339479754978
1380339479755264
1380339479755300
1380339479759308
1380339479773486
1380339479773807
1380339479793286
1380339479833384
1380339479833967
1380339479845726
1380339479845820
1380339479846275
1380339479846619
1380339479847048
1380339479847332
1380339479847422
1380339479847934
1380339479848043
1380339479848137
1380339479889338
1380339479891722
1380339479909268
1380339479945413
1380339479945536
1380339479945870
1380339479945971
1380339479946283
1380339479953227
1380339479953462
1380339479993307
1380339480050261
1380339480050988
1380339480051346
1380339480051443
1380339480051658
1380339480056188
1380339480057285
1380339480057326
1380339480057594
1380339480057933
1380339480158234
1380339480158347
1380339480178463
1380339480178930
1380339480179024
1380339480179136
1380339480179259
1380339480179372
1380339480258788
1380339480258872
1380339480274557
1380339480274711
1380339480473753
1380339480474293
1380339480474600
1380339480484273
1380339480484405
1380339480484549
1380339480485042
1380339480485561
1380339480485994
1380339480594740
1380339480601927
1380339480875519
1380339480913966
1380339480914633
1380339480914906
1380339481228391
1380339481228518
1380339481228599
1380339483937570
1380339483938015
1380339483947472
1380339484192428
1380339484192533
1380339484192624
