1380320681473447
1380320681764743
1380320681764838
1380320681795608
1380320682086304
1380320682087209
1380320682087690
1380320682378366
1380320682378447
1380320682378554
1380320682378675
1380320682378985
1380320685375041
1380320685665827
1380320685666052
1380320685956812
1380320685957047
1380320686248035
1380320686248260
1380320686248396
1380320686248461
1380320686248518
1380320686248590
1380320686248650
1380320686349895
1380320686455463
1380320686455908
1380320686538286
1380320686538502
1380320686539062
1380320686539213
1380320686539520
1380320686539652
1380320686540310
1380320686540406
1380320686540539
1380320686540662
1380320686540894
1380320686541012
1380320686541183
1380320686541392
1380320686541414
1380320686541798
1380320686541940
1380320686542062
1380320686542154
1380320686552937
1380320686597303
1380320686621433
1380320686621655
1380320686634910
1380320686734094
1380320686735159
1380320686829436
1380320686829525
1380320686829699
1380320686829828
1380320686829944
1380320686830876
1380320686831117
1380320686831576
1380320686831623
1380320686831795
1380320686831919
1380320686832037
1380320686832229
1380320686832382
1380320686832464
1380320686832900
1380320686833010
1380320686833077
1380320686838872
1380320686839239
1380320686839753
1380320686870477
1380320686870639
1380320686909847
1380320686909983
1380320686910029
1380320687119296
1380320687119427
1380320687119538
1380320687119650
1380320687119744
1380320687120104
1380320687120198
1380320687120259
1380320687120354
1380320687122214
1380320687122310
1380320687122559
1380320687122620
1380320687122710
1380320687123016
1380320687123154
1380320687123158
1380320687123306
1380320687199058
1380320687199272
1380320687410897
1380320687411098
1380320687413774
1380320687413958
1380320687414240
1380320687489880
1380320687635810
1380320687704061
1380320688135047
1380320688377023
1380320688384480
1380320688673576
1380320688673946
1380320688674059
1380320688674141
1380320688674474
1380320688674575
1380320688674659
1380320688675076
1380320688675276
1380320688675367
1380320688675474
1380320688676255
1380320688676361
1380320688676446
1380320688676522
1380320688963949
1380320688964054
1380320718411800
1380320718467094
1380320718467180
1380320718480499
1380320718480639
1380320718480769
1380320718480875
1380320718481683
1380320718481720
1380320718563462
1380320718584428
1380320718584599
1380320718584741
1380320718584847
1380320718588755
1380320718594451
1380320718594557
1380320718594948
1380320718598435
1380320718598633
1380320718598802
1380320718599075
1380320718603767
1380320718618853
1380320718619148
1380320718619351
1380320718625381
1380320718625505
1380320718625613
1380320718625680
1380320718641388
1380320718656476
