1380361318042726
1380361318348244
1380361318349085
1380361318349334
1380361318429993
1380361318466737
1380361318466823
1380361318467008
1380361318502455
1380361318541564
1380361318571342
1380361318571436
1380361318591456
1380361318623456
1380361318624933
1380361318625062
1380361318625180
1380361318627332
1380361318627428
1380361318630647
1380361318669269
1380361318705229
1380361318705689
1380361318744380
1380361318898247
1380361321576444
1380361321890893
1380361321892292
1380361321929741
1380361322203825
1380361322204512
1380361322204778
1380361322515581
1380361325203456
1380361325519542
1380361325520288
1380361325520573
1380361325558140
1380361325832146
1380361325870067
1380361325871152
1380361325872307
1380361326185571
1380361326186604
1380361326186635
1380361326186827
1380361326186992
1380361326187297
1380361326498050
1380361326500712
1380361326501228
1380361326502094
1380361326502458
1380361326813677
1380361326814757
1380361326814872
1380361326814997
1380361326815210
1380361327129397
1380361327129984
1380361327161815
1380361327475957
1380361327476047
1380361327476367
1380361327476462
1380361327789099
1380361328417780
1380361329042615
1380361330787582
1380361331104538
1380361331105222
1380361331106119
1380361331106727
1380361331417646
1380361331417933
1380361331418478
1380361331418859
1380361331418987
1380361331419106
1380361331419187
1380361331732060
1380361331732171
1380361331732890
1380361331733888
1380361331734385
1380361331734411
1380361332043390
1380361332043518
1380361332043642
1380361332043718
1380361332044695
1380361332045536
1380361332045868
1380361332046235
1380361332046753
1380361332046813
1380361332046870
1380361332046926
1380361332046994
1380361332047073
1380361332047131
1380361332047288
1380361332047414
1380361332047484
1380361332357449
1380361332357602
1380361332358144
1380361332358360
1380361332363931
1380361332363956
1380361332364009
1380361332364022
1380361332364154
1380361332364364
1380361332364543
1380361332364598
1380361332364643
1380361332364953
1380361332366674
1380361332366913
1380361332366930
1380361332367136
1380361332367257
1380361332367380
1380361332367452
1380361332367730
1380361332367800
1380361332367853
1380361332367866
1380361332367879
1380361332368149
1380361332369077
1380361332369196
1380361332678103
1380361332678221
1380361332679124
1380361332679926
1380361332680166
1380361332680296
1380361332680318
1380361332680610
1380361332680708
1380361332680874
1380361332681076
1380361332681423
1380361332681586
1380361332681705
1380361332682073
1380361332682188
1380361332682959
1380361332683149
1380361332683726
1380361332684122
1380361332684258
1380361332684541
1380361332685150
1380361332993050
1380361332993154
1380361332995510
1380361332995604
1380361332995834
1380361332995934
1380361332996154
1380361332996272
1380361332996374
1380361332996882
1380361332997219
1380361332997595
1380361332998857
1380361332998945
1380361332999608
1380361332999699
1380361332999914
1380361333000768
1380361333037787
1380361333272649
1380361333274632
1380361333276050
1380361333276227
1380361333298533
1380361333298874
1380361333313552
1380361333313945
1380361333314058
1380361333314782
1380361333544469
1380361333544567
1380361333547687
1380361333609579
1380361333609751
1380361333609866
1380361333625817
1380361333625863
1380361333626382
1380361333626613
1380361333747445
1380361333755774
1380361333941455
1380361333941576
1380361333941676
1380361333941777
1380361333941881
1380361334109212
1380361334109316
1380361334254273
1380361334419118
1380361335279838
1380361335744921
1380361342841097
1380361342842422
1380361342842524
