1380240964349260
1380240964548107
1380240964548215
1380240964548325
1380240964548413
1380240964640340
1380240964640604
1380240964640848
1380240964640898
1380240964641133
1380240964641183
1380240964641710
1380240964641816
1380240964641904
1380240964681439
1380240964722687
1380240964723001
1380240964723110
1380240964723216
1380240964723302
1380240964723594
1380240964723707
1380240964723880
1380240964724300
1380240964724439
1380240964724547
1380240964724712
1380240964725159
1380240964763782
1380240964782490
1380240964782639
1380240964782820
1380240964782916
1380240964845670
1380240964845823
1380240964850297
1380240964850576
1380240964850797
1380240964864984
1380240964865111
1380240964865231
1380240964865500
1380240964865717
1380240964866117
1380240964866295
1380240964866383
1380240964866761
1380240964939168
1380240964940283
1380240964940465
1380240964940545
1380240964940922
1380240964941268
1380240964947364
1380240964947412
1380240964947681
1380240964947753
1380240964947931
1380240964948038
1380240964948378
1380240964948650
1380240964948759
1380240964949123
1380240964949243
1380240964949389
1380240964949522
1380240964950138
1380240965022994
1380240965023823
1380240965024079
1380240965024318
1380240965024709
1380240965039346
1380240965039601
1380240965039615
1380240965039673
1380240965039733
1380240965039811
1380240965039939
1380240965040606
1380240965040699
1380240965041028
1380240965041114
1380240965041372
1380240965041450
1380240965041959
1380240965042165
1380240965042349
1380240965042554
1380240965042644
1380240965043256
1380240965043351
1380240965043457
1380240965043801
1380240965067383
1380240965096684
1380240965114896
1380240965115171
1380240965115265
1380240965115574
1380240965115669
1380240965115866
1380240965116057
1380240965116255
1380240965116327
1380240965116419
1380240965116434
1380240965116592
1380240965117178
1380240965117271
1380240965123882
1380240965124142
1380240965124252
1380240965124346
1380240965124863
1380240965124964
1380240965125206
1380240965125495
1380240965125600
1380240965125976
1380240965126059
1380240965126180
1380240965126512
1380240965126605
1380240965126703
1380240965126984
1380240965127079
1380240965127441
1380240965127606
1380240965127712
1380240965127807
1380240965127898
1380240965128318
1380240965128581
1380240965128688
1380240965128788
1380240965129208
1380240965129479
1380240965134620
1380240965199505
1380240965202704
1380240965202861
1380240965203088
1380240965203163
1380240965216105
1380240965216187
1380240965216349
1380240965216462
1380240965216726
1380240965216837
1380240965216956
1380240965217150
1380240965217375
1380240965217488
1380240965217879
1380240965218150
1380240965218275
1380240965218387
1380240965218521
1380240965218879
1380240965219231
1380240965219314
1380240965219521
1380240965219630
1380240965220040
1380240965220156
1380240965220402
1380240965220666
1380240965220774
1380240965220901
1380240965221055
1380240965221329
1380240965221431
1380240965221701
1380240965221833
1380240965221936
1380240965222024
1380240965222170
1380240965222239
1380240965222355
1380240965222468
1380240965222617
1380240965222758
1380240965291748
1380240965295643
1380240965295918
1380240965296178
1380240965296292
1380240965296391
1380240965296659
1380240965296747
1380240965298617
1380240965298775
1380240965302904
1380240965303010
1380240965303111
1380240965303213
1380240965303324
1380240965303406
1380240965303554
1380240965303667
1380240965303886
1380240965303964
1380240965304073
1380240965314795
1380240965314886
1380240965315151
1380240965315233
1380240965341792
1380240965341799
1380240965349936
1380240965394060
1380240965394185
1380240965394488
1380240965394588
1380240965394871
1380240965394970
1380240965395199
1380240965395554
1380240965395670
1380240965395785
1380240965395908
1380240965396372
1380240965396484
1380240965396565
1380240965396681
1380240965396958
1380240965399405
1380240965402633
1380240965402920
1380240965403094
1380240965445934
1380240965446854
1380240965448754
1380240965449055
1380240965449056
1380240965449135
1380240965450302
1380240965451310
1380240965452755
1380240965539095
1380240965539315
1380240965539663
1380240965539811
1380240965540192
1380240965540352
1380240965540900
1380240965541220
1380240965541405
1380240965541575
1380240965541804
1380240965541971
1380240965542062
1380240965542253
1380240965546514
1380240965611792
1380240965622085
1380240965622232
1380240965622795
1380240965623005
1380240965623428
1380240965623630
1380240965623872
1380240965624168
1380240965624454
1380240965624603
1380240965624703
1380240965627147
1380240965627324
1380240965628565
1380240965628625
1380240965628822
1380240965635624
1380240965635702
1380240965642956
1380240965643114
1380240965643369
1380240965643381
1380240965643478
1380240965643524
1380240965652322
1380240965715170
1380240965715301
1380240965715405
1380240965715465
1380240965715646
1380240965716032
1380240965716409
1380240965718361
1380240965718530
1380240965718909
1380240965726766
1380240965726840
1380240965785138
1380240965793679
1380240965798132
1380240965805291
1380240965805396
1380240965805615
1380240965891673
1380240965891910
1380240965892068
1380240965930099
