1380406707381662
1380406708370916
1380406708407708
1380406708408145
1380406708408240
1380406708442639
1380406708479355
1380406708507374
1380406708507432
1380406708532387
1380406708572707
1380406708573763
1380406708609769
1380406708610211
1380406708651331
1380406708703940
1380406708704016
1380406708704116
1380406708704200
1380406708708359
1380406708708507
1380406708731834
1380406708732195
1380406708732456
1380406708732512
1380406708732603
1380406708732902
1380406708743393
1380406708750663
1380406708750908
1380406708751122
1380406708751206
1380406708751436
1380406708751499
1380406708751728
1380406708751786
1380406708752033
1380406708752271
1380406708752362
1380406708756214
1380406708756272
1380406708756443
1380406708756622
1380406708756676
1380406708757032
1380406708757240
1380406708757321
1380406708757450
1380406708761914
1380406708764652
1380406708764847
1380406708765090
1380406708771895
1380406708780021
1380406708822673
1380406708822730
1380406708827967
1380406708835176
1380406708845872
1380406708846097
1380406708846170
1380406708846334
1380406708846982
1380406708847061
1380406708850863
1380406708850934
1380406708854186
1380406708854835
1380406708855082
1380406708855127
1380406708855370
1380406708859821
1380406708859911
1380406708862143
1380406708862382
1380406708862680
1380406708866532
1380406708866774
1380406708867217
1380406708867381
1380406708867625
1380406708867812
1380406708868303
1380406708868534
1380406708868687
1380406708869001
1380406708869367
1380406708873452
1380406708873734
1380406708873943
1380406708874191
1380406708874388
1380406708874784
1380406708875016
1380406708875246
1380406708875466
1380406708875658
1380406708875822
1380406708878593
1380406708880636
1380406708880833
