1380230275936182
1380230276296196
1380230276296598
1380230276353739
1380230276353900
1380230276354044
1380230276354188
1380230276354301
1380230276354449
1380230276397215
1380230276410593
1380230276410772
1380230276411011
1380230276411064
1380230276454773
1380230276455376
1380230276455409
1380230276455903
1380230276501091
1380230276548390
1380230276550723
1380230276552097
1380230276552346
1380230276552502
1380230276608130
1380230276608358
1380230276608548
1380230276610749
1380230276610901
1380230276610980
1380230276612501
1380230276612629
1380230276612976
1380230276613114
1380230276658601
1380230276666674
1380230276666964
1380230276667294
1380230276667364
1380230276667422
1380230276667837
1380230276668972
1380230276669094
1380230276669267
1380230276669422
1380230276669781
1380230276670346
1380230276670489
1380230276670644
1380230276670784
1380230276671261
1380230276671460
1380230276671614
1380230276672064
1380230276672207
1380230276705944
1380230276706058
1380230276706153
1380230276706265
1380230276725187
1380230276725286
1380230276725876
1380230276726009
1380230276726444
1380230276726567
1380230276727403
1380230276727522
1380230276727713
1380230276727904
1380230276728220
1380230276728422
1380230276728444
1380230276728577
1380230276728740
1380230276728848
1380230276728867
1380230276729115
1380230276729488
1380230276729668
1380230276729696
1380230276729844
1380230276729993
1380230276730123
1380230276730646
1380230276730846
1380230276730993
1380230276731162
1380230276731368
1380230276731387
1380230276731529
1380230276732469
1380230276732575
1380230276750840
1380230276751063
1380230276751201
1380230276751215
1380230276751365
1380230276751475
1380230276751653
1380230276764119
1380230276781275
1380230276781545
1380230276781694
1380230276783140
1380230276783207
1380230276783540
1380230276783633
1380230276783690
1380230276783977
1380230276784430
1380230276784525
1380230276784584
1380230276784816
1380230276788890
1380230276788998
1380230276789211
1380230276789482
1380230276789576
1380230276789639
1380230276789817
1380230276790245
1380230276790402
1380230276790554
1380230276790692
1380230276796662
1380230276796763
1380230276797010
1380230276797197
1380230276797407
1380230276797550
1380230276798015
1380230276798194
1380230276798342
1380230276840198
1380230276840797
1380230276840917
1380230276841042
1380230276841155
1380230276841229
1380230276843086
1380230276843370
1380230276843894
1380230276844036
1380230276844350
1380230276844542
1380230276844764
1380230276845365
1380230276845499
1380230276845693
1380230276845826
1380230276845999
1380230276846132
1380230276847248
1380230276847361
1380230276847694
1380230276848064
1380230276848162
1380230276848343
1380230276888242
1380230276888601
1380230276890700
1380230276902370
1380230276903894
1380230276904035
1380230276906806
1380230276906894
1380230276906964
1380230276907052
1380230276907334
1380230276907497
1380230276907626
1380230276908181
1380230276908364
1380230276908571
1380230276916032
1380230276916096
1380230276956220
1380230276989150
1380230276989353
1380230276989414
1380230276989495
1380230276989655
1380230276989753
1380230276989829
1380230277036965
1380230277037192
1380230277038002
1380230277048815
1380230277048969
1380230277048974
1380230277048994
1380230277049235
1380230277049308
1380230277053943
1380230277054241
1380230277054533
1380230277054586
1380230277054674
1380230277054688
1380230277054910
1380230277054977
1380230277055050
1380230277086067
1380230277086263
1380230277086354
1380230277086508
1380230277086658
1380230277088002
1380230277088223
1380230277097895
1380230277098104
1380230277098255
1380230277098473
1380230277098573
1380230277098636
1380230277098847
1380230277099189
1380230277099340
1380230277099711
1380230277099821
1380230277100008
1380230277100353
1380230277100464
1380230277100650
1380230277100819
1380230277100956
1380230277101129
1380230277101606
1380230277101770
1380230277101883
1380230277102014
1380230277114139
1380230277114327
1380230277114692
1380230277114894
1380230277115031
1380230277115408
1380230277115615
1380230277115774
1380230277116154
1380230277116338
1380230277116478
1380230277116763
1380230277116956
1380230277117077
1380230277117242
1380230277117426
1380230277117726
1380230277118006
1380230277118163
1380230277118285
1380230277118826
1380230277118963
1380230277119047
1380230277119501
1380230277134064
1380230277134180
1380230277134224
1380230277136579
1380230277136818
1380230277137017
1380230277137147
1380230277137349
1380230277137504
1380230277137635
1380230277149633
1380230277149807
1380230277150750
1380230277150880
1380230277177714
1380230277178067
1380230277178221
1380230277178444
1380230277178591
1380230277185508
1380230277186907
1380230277187180
1380230277187355
1380230277187527
1380230277187764
1380230277187913
1380230277188221
1380230277188801
1380230277188999
1380230277189135
1380230277199238
1380230277199434
1380230277202221
1380230277202415
1380230277211778
1380230277211821
1380230277212021
1380230277238791
1380230277238983
1380230277240470
1380230277240637
1380230277245348
1380230277245523
1380230277254316
1380230277254557
1380230277258475
1380230277258521
1380230277258733
1380230277270019
1380230277270064
1380230277270243
1380230277293366
1380230277298083
1380230277298831
1380230277298987
1380230277299233
1380230277299319
1380230277299657
1380230277299810
1380230277300418
1380230277300507
1380230277300814
1380230277300912
1380230277300975
1380230277301100
1380230277304318
1380230277304543
1380230277306062
1380230277306123
1380230277306198
1380230277306359
1380230277311604
1380230277312045
1380230277312159
1380230277312345
1380230277312706
1380230277312813
1380230277313196
1380230277313595
1380230277313663
1380230277318589
1380230277318781
1380230277318869
1380230277319220
1380230277319326
1380230277319387
1380230277319479
1380230277319732
1380230277319881
1380230277320612
1380230277320670
1380230277324299
1380230277329204
1380230277329564
1380230277329704
1380230277330064
1380230277330174
1380230277330531
1380230277330726
1380230277330852
1380230277331064
1380230277331255
1380230277331389
1380230277331693
1380230277331905
1380230277356801
1380230277356948
1380230277357422
1380230277357531
1380230277371798
1380230277371911
1380230277372227
1380230277372383
1380230277377350
1380230277377594
1380230277417776
1380230277547230
1380230277549682
1380230277572410
1380230277586637
1380230277651698
1380230277692028
1380230277933649
1380230277963593
1380230277963660
1380230277982409
1380230278009142
1380230278020390
1380230278020448
1380230278020509
1380230278020568
1380230278020624
1380230278020681
1380230278020740
1380230278048019
1380230278065504
1380230278070568
1380230278070969
1380230278071490
1380230278071515
1380230278071862
1380230278071946
1380230278073876
1380230278082375
1380230278082559
1380230278082752
1380230278120555
1380230278120620
1380230278121509
1380230278121626
1380230278164662
1380230278166703
1380230278209151
1380230278209237
1380230278211099
1380230278211459
1380230278237351
1380230278254963
1380230278255149
1380230278264660
1380230278264683
1380230278304975
1380230278309093
1380230278352246
1380230278356292
1380230278361918
1380230278368052
1380230278368491
1380230278408213
1380230278444174
1380230278444938
1380230278490172
1380230278493071
1380230278538569
1380230278609126
1380230278621726
1380230278624120
1380230278636801
1380230278637291
1380230278650985
1380230278653889
1380230278748994
1380230278759736
1380230278813078
1380230278813169
