1380489009619068
1380489009851241
1380489009854279
1380489009854386
1380489009854450
1380489009872134
1380489009872266
1380489009872368
1380489009872651
1380489010540981
1380489010559981
1380489010560114
1380489010560348
1380489010560473
1380489010560730
1380489010560844
1380489010561237
1380489010561341
1380489010561511
1380489010561621
1380489010562059
1380489010564146
1380489010578766
1380489010578896
1380489010579113
1380489010579203
1380489010579527
1380489010579613
1380489010579964
1380489010580053
1380489010580228
1380489010582465
1380489010583701
1380489010583977
1380489010621581
1380489010647021
1380489010677531
1380489010696829
1380489010696886
1380489010733601
1380489010754659
1380489010773498
1380489010773869
1380489010773920
1380489010795301
1380489010795376
1380489010795678
1380489010795746
1380489010796101
1380489010833639
1380489010854756
1380489010854857
1380489010854963
1380489010855046
1380489010872443
1380489010872517
1380489010872848
1380489010872918
1380489010873269
1380489010873340
1380489010873825
1380489010874092
1380489010890356
1380489010890613
1380489010892947
1380489010893077
1380489010893164
1380489010908064
1380489010910199
1380489010910460
1380489010910608
1380489010910711
1380489010910992
1380489010911098
1380489010912692
1380489010912796
1380489010912864
1380489010913141
1380489010913859
1380489010913967
1380489010926532
1380489010929959
1380489010930467
1380489010930965
1380489010931464
1380489010931579
1380489010931853
1380489010931971
1380489010936399
1380489010936635
1380489010936731
1380489010948812
1380489010948915
1380489010948997
1380489010949081
1380489010949375
1380489010949441
1380489010950858
1380489010950964
1380489010955562
1380489010955679
1380489010955987
1380489010956231
1380489010956859
1380489010957163
1380489010957422
1380489010957806
1380489010966778
1380489010967046
1380489010967232
1380489010967536
1380489010967650
1380489010967887
1380489010968050
1380489010968199
1380489010968525
1380489010978066
1380489010978263
1380489010985812
1380489010985831
1380489010985847
1380489010986015
1380489010990659
1380489010990751
1380489010990926
1380489010991073
1380489010991373
1380489010991487
1380489010991679
1380489010991935
1380489010992084
1380489010992476
1380489010992690
1380489010993294
1380489010993384
1380489011006630
1380489011007054
1380489011007418
1380489011007674
1380489011007816
1380489011029091
1380489011047977
1380489011048405
1380489011049296
1380489011057307
1380489011058036
1380489011058119
1380489011058553
1380489011058913
1380489011058991
1380489011064133
1380489011064707
1380489011065116
1380489011065562
1380489011065932
1380489011065995
1380489011066239
1380489011066480
1380489011066744
1380489011066986
1380489011067307
1380489011083015
1380489011093445
1380489011093515
1380489011093587
1380489011093618
1380489011095318
1380489011095543
1380489011095764
1380489011096097
1380489011113298
1380489011114218
1380489011114425
1380489011132030
1380489011132243
1380489011132442
1380489011132606
1380489011133112
1380489011133293
1380489011133406
1380489011133778
1380489011134032
1380489011134952
1380489011135137
1380489011150323
1380489011150511
1380489011150718
1380489011151235
1380489011151725
1380489011155872
1380489011156001
1380489011156403
1380489011156674
1380489011156894
1380489011157083
1380489011157328
1380489011157593
1380489011157859
1380489011157943
1380489011158324
1380489011158574
1380489011169560
1380489011169808
1380489011169895
1380489011172599
1380489011172835
1380489011173194
1380489011173377
1380489011174576
1380489011174794
1380489011174923
1380489011177322
1380489011177844
1380489011178353
1380489011178468
1380489011186921
1380489011187106
1380489011187362
1380489011187471
1380489011187695
1380489011187820
1380489011188153
1380489011188312
1380489011188403
1380489011188644
1380489011192963
1380489011193282
1380489011193459
1380489011193892
1380489011194087
1380489011194196
1380489011194473
1380489011194669
1380489011194945
1380489011198650
1380489011198824
1380489011198928
1380489011206737
1380489011206756
1380489011206772
1380489011206786
1380489011207301
1380489011208942
1380489011209140
1380489011209264
1380489011212463
1380489011212717
1380489011212910
1380489011213253
1380489011213369
1380489011213691
1380489011213819
1380489011213962
1380489011214236
1380489011214678
1380489011214819
1380489011214979
1380489011215072
1380489011215422
1380489011215637
1380489011215817
1380489011216007
1380489011216109
1380489011217583
1380489011217937
1380489011218077
1380489011218417
1380489011218570
1380489011226734
1380489011226889
1380489011227074
1380489011227666
1380489011235906
1380489011236041
1380489011244343
1380489011244566
1380489011244822
1380489011245147
1380489011245577
1380489011245733
1380489011245847
1380489011246087
1380489011246321
1380489011246437
1380489011246629
1380489011247389
1380489011247573
1380489011247897
1380489011253550
1380489011262913
1380489011263288
1380489011263486
1380489011263663
1380489011264632
1380489011265122
1380489011265260
1380489011265478
1380489011265732
1380489011265899
1380489011266135
1380489011266365
1380489011266557
1380489011266726
1380489011266821
1380489011267109
1380489011267270
1380489011267442
1380489011272683
1380489011285050
1380489011285557
1380489011285993
1380489011304723
1380489011304998
1380489011322085
1380489011322198
1380489011322376
1380489011322620
1380489011322759
1380489011323350
1380489011323760
1380489011324517
1380489011324663
1380489011340795
1380489011340948
1380489011341202
1380489011342556
1380489011343013
1380489011343142
1380489011343392
1380489011343553
1380489011343781
1380489011343962
1380489011344173
1380489011344402
1380489011344612
1380489011344840
1380489011345108
1380489011345217
1380489011359471
1380489011359773
1380489011360581
1380489011360743
1380489011360855
1380489011362380
1380489011362579
1380489011362703
1380489011362828
1380489011362945
1380489011363050
1380489011363504
1380489011363761
1380489011363846
1380489011364524
1380489011364656
1380489011364756
1380489011364875
1380489011365007
1380489011365131
1380489011365737
1380489011366003
1380489011366124
1380489011376682
1380489011376801
1380489011380757
1380489011380847
1380489011381229
1380489011381469
1380489011383527
1380489011383546
1380489011383563
1380489011383967
1380489011389030
1380489011394840
1380489011395186
1380489011395302
1380489011395393
1380489011395740
1380489011395857
1380489011396262
1380489011396730
1380489011397615
1380489011397715
1380489011397825
1380489011397944
1380489011398052
1380489011402054
1380489011402146
1380489011402794
1380489011402883
1380489011403016
1380489011403123
1380489011403509
1380489011403588
1380489011405601
1380489011405925
1380489011406033
1380489011414876
1380489011426097
1380489011426213
1380489011426315
1380489011426444
1380489011426558
1380489011426661
1380489011427234
1380489011433054
1380489011436181
1380489011436505
1380489011436610
1380489011436720
1380489011438941
1380489011447550
1380489011447695
1380489011448128
1380489011448506
1380489011448815
1380489011449817
1380489011450092
1380489011457127
1380489011457295
1380489011457413
1380489011457494
1380489011457614
1380489011459578
1380489011460081
1380489011460314
1380489011460675
1380489011465243
1380489011465348
1380489011465611
1380489011465726
1380489011466822
1380489011476318
1380489011476449
1380489011476532
1380489011477463
1380489011477715
1380489011477848
1380489011477951
1380489011478066
1380489011478148
1380489011478271
1380489011480278
1380489011480353
1380489011486115
1380489011486377
1380489011486476
1380489011486761
1380489011486865
1380489011487414
1380489011487510
1380489011487627
1380489011488277
1380489011488392
1380489011488495
1380489011488608
1380489011489334
1380489011504321
1380489011504388
1380489011506019
1380489011506270
1380489011506516
1380489011506828
1380489011507271
1380489011507364
1380489011507457
1380489011507866
1380489011508109
1380489011508190
1380489011508311
1380489011508919
1380489011509009
1380489011509185
1380489011509279
1380489011521854
1380489011524535
1380489011524762
1380489011524884
1380489011525420
1380489011525503
1380489011526702
1380489011526796
1380489011526888
1380489011527163
1380489011527393
1380489011527474
1380489011527584
1380489011527703
1380489011527833
1380489011527945
1380489011528107
1380489011528200
1380489011528821
1380489011528839
1380489011528931
1380489011529233
1380489011529364
1380489011529513
1380489011529605
1380489011529745
1380489011529867
1380489011530360
1380489011540719
1380489011540899
1380489011541008
1380489011543196
1380489011543587
1380489011544228
1380489011544433
1380489011544515
1380489011545065
1380489011545160
1380489011546928
1380489011547038
1380489011547152
1380489011547267
1380489011547381
1380489011548073
1380489011548156
1380489011548374
1380489011548636
1380489011548909
1380489011549006
1380489011549264
1380489011549359
1380489011549682
1380489011549783
1380489011549865
1380489011550005
1380489011550129
1380489011550253
1380489011550924
1380489011551006
1380489011551123
1380489011551260
1380489011551649
1380489011551856
1380489011558132
1380489011558282
1380489011558398
1380489011558530
1380489011558894
1380489011558990
1380489011559495
1380489011560669
1380489011561684
1380489011563349
1380489011563506
1380489011563891
1380489011564332
1380489011568430
1380489011568664
1380489011568765
1380489011568857
1380489011568950
1380489011569330
1380489011569864
1380489011569950
1380489011570207
1380489011570444
1380489011571124
1380489011571215
1380489011571296
1380489011571662
1380489011571764
1380489011571854
1380489011571934
1380489011572046
1380489011572168
1380489011581045
1380489011581150
1380489011581383
1380489011581759
1380489011582152
1380489011582266
1380489011582371
1380489011582791
1380489011582910
1380489011582995
1380489011583123
1380489011583420
1380489011583955
1380489011584540
1380489011584678
1380489011584774
1380489011586632
1380489011587170
1380489011587808
1380489011587857
1380489011587904
1380489011587960
1380489011588008
1380489011588096
1380489011589999
1380489011590511
1380489011590736
1380489011590932
1380489011591610
1380489011591719
1380489011592051
1380489011592806
1380489011593073
1380489011595993
1380489011596737
1380489011596832
1380489011596912
1380489011599807
1380489011600033
1380489011600154
1380489011600279
1380489011600401
1380489011600492
1380489011601280
1380489011601374
1380489011602057
1380489011602246
1380489011602541
1380489011602653
1380489011602754
1380489011602834
1380489011603162
1380489011603274
1380489011603385
1380489011603478
1380489011603624
1380489011603727
1380489011603837
1380489011604641
1380489011604911
1380489011612421
1380489011612719
1380489011613318
1380489011613522
1380489011613777
1380489011617633
1380489011617993
1380489011618265
1380489011618377
1380489011618616
1380489011619012
1380489011619075
1380489011619290
1380489011619395
1380489011619642
1380489011619899
1380489011620109
1380489011620290
1380489011620969
1380489011621139
1380489011621369
1380489011621479
1380489011621711
1380489011621819
1380489011622102
1380489011622295
1380489011622397
1380489011622602
1380489011622656
1380489011622864
1380489011623041
1380489011623294
1380489011623342
1380489011623464
1380489011625429
1380489011626232
1380489011626378
1380489011627052
1380489011627373
1380489011627664
1380489011627876
1380489011628690
1380489011628933
1380489011629068
1380489011629350
1380489011629411
1380489011629581
1380489011629823
1380489011630147
1380489011630274
1380489011630452
1380489011630748
1380489011630858
1380489011631056
1380489011631351
1380489011631486
1380489011631762
1380489011631929
1380489011632187
1380489011632286
1380489011632414
1380489011632660
1380489011632769
1380489011633452
1380489011633708
1380489011633730
1380489011635488
1380489011636516
1380489011636936
1380489011637006
1380489011640734
1380489011640932
1380489011641218
1380489011641317
1380489011641497
1380489011641756
1380489011642078
1380489011642197
1380489011642449
1380489011642560
1380489011642800
1380489011642928
1380489011643147
1380489011643437
1380489011643602
1380489011643702
1380489011643928
1380489011644080
1380489011644311
1380489011644443
1380489011644684
1380489011646667
1380489011650112
1380489011650238
1380489011650352
1380489011650477
1380489011650592
1380489011658532
1380489011658754
1380489011658863
1380489011660017
1380489011665352
1380489011666272
1380489011666874
1380489011667145
1380489011667362
1380489011667826
1380489011668342
1380489011668456
1380489011668569
1380489011668683
1380489011668776
1380489011669199
1380489011669302
1380489011669396
1380489011669554
1380489011674156
1380489011674247
1380489011674377
1380489011675969
1380489011676923
1380489011677089
1380489011677461
1380489011678332
1380489011678523
1380489011679752
1380489011679796
1380489011679898
1380489011679916
1380489011680127
1380489011683182
1380489011683827
1380489011684043
1380489011685194
1380489011686369
1380489011688698
1380489011689040
1380489011690132
1380489011690349
1380489011697076
1380489011699344
1380489011699446
1380489011699776
1380489011700099
1380489011705091
1380489011711614
1380489011711833
1380489011712059
1380489011712181
1380489011712283
1380489011712351
1380489011712763
1380489011712902
1380489011713196
1380489011713422
1380489011713496
1380489011713786
1380489011713850
1380489011714096
1380489011714184
1380489011714276
1380489011714355
1380489011714711
1380489011714801
1380489011717115
1380489011723564
1380489011735356
1380489011735456
1380489011735620
1380489011735902
1380489011736632
1380489011736914
1380489011744042
1380489011744301
1380489011753097
1380489011753271
1380489011757296
1380489011757391
1380489011757462
1380489011757747
1380489011758055
1380489011758156
1380489011758232
1380489011758518
1380489011758602
1380489011758704
1380489011783885
1380489011784373
1380489011784742
1380489011784852
1380489011784974
1380489011785105
1380489011785210
1380489011785301
1380489011785409
1380489011786222
1380489011838706
1380489011839231
1380489011861290
1380489011864326
1380489011871570
1380489011872712
1380489011882525
1380489011882759
1380489011885032
1380489011900173
1380489011900682
1380489011961039
1380489011961182
1380489011961339
1380489011965027
1380489011978847
1380489011979042
1380489011979523
1380489011980005
1380489011980266
1380489011980858
1380489011996704
1380489011996964
1380489011997196
1380489011997500
1380489011997879
1380489011998156
1380489011998375
1380489011998511
1380489011998721
1380489011998895
1380489012013027
1380489012014988
1380489012015188
1380489012015417
1380489012015525
1380489012015743
1380489012016644
1380489012016809
1380489012017111
1380489012037150
1380489012041030
1380489012078025
1380489012083243
1380489012091011
1380489012112798
1380489012112958
1380489012119899
1380489012129566
1380489012141101
1380489012159524
1380489012159871
1380489012160223
1380489012166290
1380489012171180
1380489012172825
1380489012173175
1380489012201220
1380489012222651
1380489012238508
1380489012239294
1380489012239456
1380489012239922
1380489012256343
1380489012258170
1380489012258476
1380489012274192
1380489012274331
1380489012276258
1380489012276402
1380489012289030
1380489012291618
1380489012291802
1380489012291904
1380489012293893
1380489012294007
1380489012309189
1380489012309360
1380489012309587
1380489012309728
1380489012311354
1380489012311542
1380489012325935
1380489012355773
1380489012355930
1380489012356037
1380489012374809
1380489012375196
1380489012375344
1380489012375524
1380489012375661
1380489012376026
1380489012377718
1380489012395104
1380489012395239
1380489012395501
1380489012412468
1380489012413890
1380489012414182
1380489012414454
1380489012414670
1380489012414926
1380489012415694
1380489012415949
1380489012416058
1380489012432580
1380489012432876
1380489012433000
1380489012433294
1380489012433652
1380489012433887
1380489012434193
1380489012434807
1380489012435211
1380489012435476
1380489012451079
1380489012451356
1380489012451634
1380489012451998
1380489012452159
1380489012456032
1380489012456647
1380489012456893
1380489012477902
1380489012478188
1380489012478247
1380489012478514
1380489012478955
1380489012487522
1380489012487790
1380489012491833
1380489012492192
1380489012492392
1380489012492556
1380489012492992
1380489012493944
1380489012494169
1380489012505763
1380489012505906
1380489012510505
1380489012510855
1380489012511034
1380489012511126
1380489012511307
1380489012512146
1380489012523653
1380489012523947
1380489012529148
1380489012529400
1380489012529583
1380489012529659
1380489012529823
1380489012530248
1380489012530344
1380489012544890
1380489012545038
1380489012547103
1380489012547454
1380489012547704
1380489012547888
1380489012548271
1380489012548496
1380489012559626
1380489012559830
1380489012559974
1380489012560198
1380489012560334
1380489012560469
1380489012560735
1380489012560910
1380489012561028
1380489012561120
1380489012565648
1380489012565817
1380489012566066
1380489012566168
1380489012583534
1380489012583687
1380489012583778
1380489012583907
1380489012716512
1380489012716534
1380489012716649
1380489012716729
1380489012716828
1380489012721732
1380489012721846
1380489012722644
1380489012733060
1380489012735300
1380489012735521
1380489012735691
1380489012735802
1380489012736000
1380489012741611
1380489012741701
1380489012741901
1380489012741991
1380489012751207
1380489012751310
1380489012751485
1380489012756690
1380489012757163
1380489012758068
1380489012758211
1380489012758577
1380489012758709
1380489012758918
1380489012759047
1380489012761199
1380489012761321
1380489012761472
1380489012761606
1380489012761763
1380489012761874
1380489012762813
1380489012762914
1380489012763029
1380489012763112
1380489012763240
1380489012763346
1380489012768614
1380489012768731
1380489012769352
1380489012774772
1380489012775017
1380489012775147
1380489012775510
1380489012775630
1380489012776033
1380489012776162
1380489012776398
1380489012776545
1380489012777121
1380489012777381
1380489012777662
1380489012777744
1380489012777919
1380489012777969
1380489012778332
1380489012778617
1380489012778842
1380489012779081
1380489012779413
1380489012779581
1380489012780067
1380489012780686
1380489012781103
1380489012781313
1380489012783611
1380489012783749
1380489012783919
1380489012784005
1380489012784179
1380489012784293
1380489012784436
1380489012784859
1380489012785004
1380489012785151
1380489012785513
1380489012785678
1380489012785778
1380489012785965
1380489012786106
1380489012786292
1380489012786453
1380489012786575
1380489012786680
1380489012787860
1380489012787999
1380489012788153
1380489012792572
1380489012792841
1380489012793217
1380489012793442
1380489012793824
1380489012793970
1380489012794100
1380489012794318
1380489012794451
1380489012794620
1380489012794727
1380489012795144
1380489012795918
1380489012796081
1380489012800090
1380489012800203
1380489012804028
1380489012804160
1380489012804627
1380489012804765
1380489012804885
1380489012806614
1380489012806817
1380489012806874
1380489012807988
1380489012808351
1380489012808688
1380489012809013
1380489012809384
1380489012809639
1380489012810182
1380489012810404
1380489012810462
1380489012813123
1380489012813212
1380489012813323
1380489012813479
1380489012813565
1380489012813661
1380489012813800
1380489012813954
1380489012814038
1380489012814168
1380489012814304
1380489012814446
1380489012814520
1380489012814657
1380489012814771
1380489012814901
1380489012815035
1380489012815170
1380489012815307
1380489012815391
1380489012825444
1380489012825642
1380489012830254
1380489012830375
1380489012830744
1380489012831063
1380489012831721
1380489012832072
1380489012832208
1380489012833405
1380489012833468
1380489012833619
1380489012833841
1380489012833886
1380489012834045
1380489012834323
1380489012834549
1380489012834886
1380489012836093
1380489012837006
1380489012837456
1380489012837497
1380489012837859
1380489012837888
1380489012838172
1380489012838256
1380489012838467
1380489012838564
1380489012838755
1380489012838834
1380489012838922
1380489012839012
1380489012839211
1380489012839514
1380489012839716
1380489012839968
1380489012840224
1380489012840500
1380489012840593
1380489012840745
1380489012840985
1380489012841112
1380489012849405
1380489012851697
1380489012851953
1380489012852073
1380489012852485
1380489012852601
1380489012854803
1380489012855005
1380489012859601
1380489012859862
1380489012859998
1380489012860126
1380489012860257
1380489012860390
1380489012873174
1380489012873393
1380489012873534
1380489012877055
1380489012877075
1380489012877096
1380489012893055
1380489012893371
1380489012893514
1380489012895274
1380489012895570
1380489012895670
1380489012908487
1380489012908684
1380489012925049
1380489012969028
1380489012969091
1380489012969105
1380489012969124
1380489012973031
1380489013006825
1380489013041728
1380489013041987
1380489013061040
1380489013065995
1380489013077516
1380489013077800
1380489013077932
1380489013078300
1380489013078423
1380489013079766
1380489013080193
1380489013080336
1380489013080407
1380489013096889
1380489013097139
1380489013097383
1380489013097490
1380489013097728
1380489013097874
1380489013100573
1380489013100742
1380489013100840
1380489013115092
1380489013115228
1380489013115353
1380489013116334
1380489013116424
1380489013116730
1380489013128427
1380489013132825
1380489013133035
1380489013133288
1380489013133508
1380489013133781
1380489013134716
1380489013134997
1380489013135074
1380489013145031
1380489013151370
1380489013151527
1380489013151801
1380489013152907
1380489013156725
1380489013156871
1380489013159673
1380489013159803
1380489013159941
1380489013169858
1380489013169949
1380489013170060
1380489013178031
1380489013178139
1380489013178232
1380489013179129
1380489013179950
1380489013180072
1380489013198924
1380489013199265
1380489013199370
1380489013199660
1380489013199780
1380489013199889
1380489013375164
1380489013401033
1380489013424481
1380489013424604
1380489013424886
1380489013444414
1380489013444593
1380489013444705
1380489013462293
1380489013462513
1380489013462622
1380489013480260
1380489013480519
1380489013480702
1380489013497864
1380489013498114
1380489013498239
1380489013498447
1380489013516093
1380489013516245
1380489013533238
1380489013533507
1380489013533690
1380489013533930
1380489013534126
1380489013551088
1380489013551329
1380489013551529
1380489013551733
1380489013551840
1380489013552074
1380489013573087
1380489013829039
1380489015872145
1380489015872191
1380489015872279
1380489015872364
1380489015872445
1380489015872535
1380489015872618
1380489015877230
1380489015877455
1380489015877647
1380489015877817
1380489015878015
1380489015878249
1380489015878464
1380489015878869
1380489015879069
1380489015879288
1380489015879492
1380489015879690
1380489015879907
1380489015880183
1380489015880337
1380489015880545
1380489015880742
1380489015880933
1380489015881109
1380489015881136
1380489015881372
1380489015881584
1380489015881817
1380489015881858
1380489015882139
1380489015882166
1380489015882805
1380489015882944
1380489015883089
1380489015883218
1380489015890424
1380489015890445
1380489015890466
1380489015890533
1380489015890555
1380489015890577
1380489015891071
1380489015891094
1380489015891118
1380489015891405
1380489015891929
1380489015892136
1380489015892333
1380489015892539
1380489015892737
1380489015893147
1380489015893162
1380489015893188
1380489015893261
1380489015893284
1380489015893307
1380489015893756
1380489015893781
1380489015893805
1380489015893832
1380489015893970
1380489015894775
1380489015894899
1380489015895024
1380489015895152
1380489015895276
1380489015895454
1380489015895480
1380489015895505
1380489015896569
1380489015896767
1380489015897295
1380489015897319
1380489015897616
1380489015897844
1380489015898049
1380489015898249
1380489015898398
1380489015898411
1380489015898433
1380489015898506
1380489015898529
1380489015898554
1380489015898581
1380489015898606
1380489015898630
1380489015899966
1380489015900070
1380489015900191
1380489015900305
1380489015900432
1380489015900553
1380489015901722
1380489015902554
1380489015902748
1380489015913533
1380489015913635
1380489015921666
1380489015921767
1380489015922121
1380489015922255
1380489015922358
1380489015922653
1380489015922737
1380489015922990
1380489015923397
1380489015923544
1380489015923642
1380489015923919
1380489015924131
1380489015924354
1380489015924884
1380489015925170
1380489015925404
1380489015925512
1380489015925657
1380489015925804
1380489015925909
1380489015926027
1380489015926648
1380489015926762
1380489015926886
1380489015926982
1380489015927106
1380489015927226
1380489015927931
1380489015932558
1380489015933052
1380489015939548
1380489015939742
1380489015944432
1380489015944569
1380489015945156
1380489015945516
1380489015945771
1380489015946036
1380489015946329
1380489015946558
1380489015946865
1380489015947082
1380489015947446
1380489015947735
1380489015948153
1380489015948364
1380489015948723
1380489015949000
1380489015949386
1380489015949755
1380489015950267
1380489015950462
1380489015950961
1380489015951274
1380489015951457
1380489015958363
1380489015959069
1380489015959424
1380489015966921
1380489015967375
1380489015967811
1380489015968186
1380489015968988
1380489015969247
1380489015969532
1380489015969860
1380489015970243
1380489015970466
1380489015970745
1380489015971040
1380489015971304
1380489015971718
1380489015971998
1380489015972354
1380489015985472
1380489015985757
1380489015986145
1380489015986480
1380489015986675
1380489015988349
1380489015988460
1380489015988697
1380489015988833
1380489015989139
1380489015989343
1380489015989720
1380489015989927
1380489016025074
1380489016025234
1380489016025524
1380489016065092
1380489016121040
1380489016121275
1380489016121303
1380489016121325
1380489016121420
1380489016121444
1380489016121466
1380489016121491
1380489016121642
1380489016122587
1380489016122942
1380489016122963
1380489016125034
1380489016125058
1380489016126831
1380489016127970
1380489016129011
1380489016129032
1380489016129053
1380489016130184
1380489016131239
1380489016133026
1380489016133044
1380489016141026
1380489016141559
1380489016142377
1380489016142397
1380489016142419
1380489016142504
1380489016142527
1380489016142551
1380489016142579
1380489016189039
1380489016321037
1380489016333829
1380489016333853
1380489016333875
1380489016333976
1380489016334000
1380489016334025
1380489016334054
1380489016334403
1380489016334898
1380489016335785
1380489016336706
1380489016337663
1380489016338601
1380489016338625
1380489016345493
1380489016345512
1380489016345528
1380489016345592
1380489016345612
1380489016345632
1380489016345661
1380489016346460
1380489016346479
1380489016346876
1380489016347685
1380489016348717
1380489016349760
1380489016350725
1380489016353150
1380489016354067
1380489016354997
1380489016355905
1380489016356814
1380489016357131
1380489016357824
1380489016364064
1380489016364091
1380489016364115
1380489016364218
1380489016364241
1380489016364272
1380489016364302
1380489016364824
1380489016365389
1380489016366359
1380489016367366
1380489016368322
1380489016369325
1380489016370298
1380489016379214
1380489016379232
1380489016380228
1380489016381216
1380489016382152
1380489016383062
1380489016383976
1380489016385285
1380489016386265
1380489016387214
1380489016388139
1380489016389086
1380489016390013
1380489016391631
1380489016392505
1380489016393034
1380489016393424
1380489016394680
1380489016395596
1380489016396518
1380489016397030
1380489016397086
1380489016398091
1380489016399034
1380489016399993
1380489016400933
1380489016401919
1380489016402882
1380489016415389
1380489016416565
1380489016418579
1380489016419679
1380489016419980
1380489016420005
1380489016420041
1380489016420945
1380489016421045
1380489016421683
1380489016467190
1380489016467551
1380489016467627
1380489016467697
1380489016467772
1380489016467854
1380489016478212
1380489016479255
1380489016480309
1380489016481380
1380489016482412
1380489016483489
1380489016489741
1380489016490881
1380489016490904
1380489016493089
1380489016493169
1380489016495514
1380489016496484
1380489016497514
1380489016498514
1380489016499483
1380489016500436
1380489016501758
1380489016502707
1380489016503679
1380489016504640
1380489016505664
1380489016506619
1380489016508385
1380489016509366
1380489016510324
1380489016511250
1380489016512176
1380489016513105
1380489016514544
1380489016515536
1380489016516503
1380489016517536
1380489016518503
1380489016519453
1380489016521705
1380489016522771
1380489016523847
1380489016524894
1380489016525980
1380489016543289
1380489016543318
1380489016543717
1380489016544296
1380489016545328
1380489016546326
1380489016547322
1380489016548370
1380489016549963
1380489016550306
1380489016551093
1380489016552111
1380489016553192
1380489016554223
1380489016555224
1380489016568762
1380489016569770
1380489016570723
1380489016571706
1380489016572690
1380489016573668
1380489016582640
1380489016588697
1380489016589839
1380489016590959
1380489016592004
1380489016593167
1380489016595904
1380489016596396
1380489016597367
1380489016598354
1380489016599525
1380489016600483
1380489016601264
1380489016602549
1380489016603537
1380489016604508
1380489016605778
1380489016606865
1380489016609778
1380489016611889
1380489016614084
1380489016615194
1380489016623202
1380489016624098
1380489016625196
1380489016626264
1380489016627281
1380489016628384
1380489016630057
1380489016630998
1380489016632336
1380489016633472
1380489016634536
1380489016634757
1380489016636476
1380489016647538
1380489016648656
1380489016672629
1380489016673832
1380489016674859
1380489016676075
1380489016677135
1380489016678161
1380489016686199
1380489016687414
1380489016689035
1380489016690173
1380489016691359
1380489016694408
1380489016696452
1380489016696488
1380489016700217
1380489016701233
1380489016703481
1380489016704644
1380489016705792
1380489016706951
1380489016733610
1380489016734696
1380489016735762
1380489016736617
1380489016737162
1380489016738155
1380489016739171
1380489016740145
1380489016745091
1380489016747853
1380489016750168
1380489016752332
1380489016753741
1380489016762306
1380489016763435
1380489016764573
1380489016765708
1380489016766790
1380489016767880
1380489016783512
1380489016784804
1380489016785783
1380489016786291
1380489016787239
1380489016788208
1380489016789233
1380489016790216
1380489016798049
1380489016799157
1380489016800327
1380489016801489
1380489016802596
1380489016810294
1380489016811464
1380489016812541
1380489016813726
1380489016814851
1380489016820993
1380489016822047
1380489016823019
1380489016824028
1380489016825042
1380489016825069
1380489016830097
1380489016832275
1380489016834539
1380489016835764
1380489016854959
1380489016856115
1380489016856136
