1380437965325780
1380437965498114
1380437965498432
1380437965498538
1380437965606246
1380437965606357
1380437965606444
1380437965606561
1380437965606673
1380437965634355
1380437965714346
1380437965714619
1380437965750860
1380437965751018
1380437965751188
1380437965790215
1380437965853889
1380437965854158
1380437965854257
1380437965854603
1380437965854693
1380437965894338
1380437965894883
1380437965933732
1380437965933992
1380437965957322
1380437965957411
1380437965957558
1380437965957673
1380437965957922
1380437965958008
1380437965958411
1380437965958574
1380437965958688
1380437966046201
1380437966046321
1380437966046532
1380437966060205
1380437966060290
1380437966060309
1380437966060821
1380437966061218
1380437966061295
1380437966061750
1380437966061926
1380437966062033
1380437966062110
1380437966062625
1380437966062704
1380437966062809
1380437966063049
1380437966063234
1380437966063312
1380437966063806
1380437966063904
1380437966101766
1380437966156223
1380437966163298
1380437966163463
1380437966163605
1380437966164334
1380437966165163
1380437966165305
1380437966166208
1380437966178903
1380437966178926
1380437966179075
1380437966179122
1380437966179309
1380437966294571
1380437966298506
1380437966331983
1380437966442686
1380437966450017
1380437966450197
1380437966450382
1380437966553615
1380437966553773
1380437966553915
1380437966553958
1380437966553993
1380437966554137
1380437966554171
1380437966554996
1380437966555191
1380437966555426
1380437966565357
1380437966660712
1380437966660860
1380437966661008
1380437966663228
1380437966664010
1380437966665780
1380437966666000
1380437966666098
1380437966666542
1380437966666568
1380437966668104
1380437966668391
1380437966668481
1380437966673608
1380437966673952
1380437966674101
1380437966674277
1380437966674590
1380437966674709
1380437966674930
1380437966675473
1380437966675702
1380437966773820
1380437966774666
1380437966775972
1380437966790356
1380437966790378
1380437966791234
1380437966791722
1380437966791781
1380437966792093
1380437966792140
1380437966792251
1380437966792514
1380437966792640
1380437966792800
1380437966792920
1380437966793542
1380437966793616
1380437966793733
1380437966793872
1380437966794034
1380437966794160
1380437966794368
1380437966795041
1380437966795250
1380437966877187
1380437966884859
1380437966886339
1380437966886448
1380437966898158
1380437966905641
1380437966906657
1380437966908112
1380437966908554
1380437966908660
1380437966908750
1380437966909001
1380437966909166
1380437966909713
1380437966909999
1380437966910270
1380437966910371
1380437966910466
1380437966910805
1380437966910904
1380437966911006
1380437966911311
1380437966911400
1380437966911516
1380437966911820
1380437966912082
1380437966912446
1380437966912544
1380437966912824
1380437966912914
1380437966913234
1380437966913334
1380437966913417
1380437966913712
1380437966913837
1380437966913930
1380437966914249
1380437966914353
1380437966921596
1380437966949802
1380437966949815
1380437966962781
1380437966975026
1380437966975047
1380437966975089
1380437966981391
1380437966981746
1380437966982029
1380437966990493
1380437966993678
1380437966993821
1380437966994378
1380437966994575
1380437966994889
1380437966995013
1380437967013608
1380437967013625
1380437967013676
1380437967024924
1380437967024938
1380437967026068
1380437967026618
1380437967026721
1380437967026844
1380437967027085
1380437967027230
1380437967027347
1380437967027462
1380437967027579
1380437967027702
1380437967027856
1380437967028109
1380437967028153
1380437967028213
1380437967028401
1380437967028694
1380437967028744
1380437967029032
1380437967029629
1380437967029882
1380437967030155
1380437967030415
1380437967030526
1380437967030658
1380437967030879
1380437967031001
1380437967031123
1380437967031441
1380437967031498
1380437967032242
1380437967032489
1380437967049107
1380437967065545
1380437967065554
1380437967065583
1380437967067179
1380437967068153
1380437967069788
1380437967069795
1380437967069967
1380437967069982
1380437967092596
1380437967092781
1380437967092943
1380437967093335
1380437967093434
1380437967097877
1380437967101747
1380437967102139
1380437967106655
1380437967106778
1380437967136888
1380437967139089
1380437967139116
1380437967142655
1380437967142760
1380437967143008
1380437967144051
1380437967144320
1380437967144614
1380437967145001
1380437967145118
1380437967145206
1380437967145623
1380437967145729
1380437967145861
1380437967145977
1380437967146176
1380437967146748
1380437967146843
1380437967147881
1380437967148038
1380437967148224
1380437967148344
1380437967148998
1380437967149174
1380437967149426
1380437967150004
1380437967150089
1380437967150719
1380437967153323
1380437967153654
1380437967153837
1380437967155650
1380437967181549
1380437967181564
1380437967181569
1380437967185805
1380437967185819
1380437967197770
1380437967197791
1380437967207427
1380437967207700
1380437967207797
1380437967208686
1380437967209219
1380437967209588
1380437967209850
1380437967209963
1380437967210068
1380437967210272
1380437967210397
1380437967210498
1380437967210911
1380437967211079
1380437967211215
1380437967212117
1380437967212456
1380437967222376
1380437967222615
1380437967252842
1380437967252967
1380437967254899
1380437967255635
1380437967255815
1380437967259218
1380437967260983
1380437967261519
1380437967261823
1380437967262465
1380437967265289
1380437967265409
1380437967265509
1380437967265777
1380437967265968
1380437967266057
1380437967266212
1380437967266313
1380437967315221
1380437967322525
1380437967322621
1380437967322743
1380437967326274
1380437967326689
1380437967326808
1380437967326920
1380437967327044
1380437967327133
1380437967327421
1380437967327682
1380437967327783
1380437967328221
1380437967328317
1380437967328559
1380437967328653
1380437967328834
1380437967328923
1380437967329179
1380437967330775
1380437967331119
1380437967430886
1380437967442578
1380437967442949
1380437967443020
1380437967443164
1380437967443862
1380437967444272
1380437967444477
1380437967444868
1380437967445045
1380437967445141
1380437967445430
1380437967445525
1380437967445864
1380437967445950
1380437967446318
1380437967446412
1380437967446715
1380437967446799
1380437967447095
1380437967485796
1380437967485804
1380437967485924
1380437967490366
1380437967551251
1380437967551391
1380437967551502
1380437967599730
1380437967599923
1380437967600039
1380437967630268
1380437967707680
1380437967707783
1380437967708029
1380437967734594
1380437967734858
1380437967735020
1380437967775850
1380437967775947
1380437967776009
1380437967776123
1380437967776414
1380437967776617
1380437967776685
1380437967837033
1380437967837297
1380437967837534
1380437967837624
1380437967877912
1380437967888168
1380437967888443
1380437967888642
1380437967888754
1380437967889154
1380437967889338
1380437967889596
1380437967890024
1380437967890139
1380437967890403
1380437967890577
1380437967890758
1380437967891564
1380437967891690
1380437967891807
1380437967891912
1380437967892041
1380437967892163
1380437967894269
1380437967894524
1380437967894704
1380437967926665
1380437967926863
1380437967927032
1380437967927153
1380437967927281
1380437967933573
1380437967933853
1380437967934214
1380437967934446
1380437967934552
1380437967934987
1380437967935082
1380437967935387
1380437967935550
1380437967935829
1380437967936170
1380437967936397
1380437967936567
1380437967936840
1380437967936996
1380437967937223
1380437967937523
1380437967937693
1380437967937834
1380437967937936
1380437967938176
1380437967939108
1380437967939285
1380437967939433
1380437967939557
1380437967939682
1380437967939843
1380437967939997
1380437967940099
1380437967940224
1380437967940332
1380437967940472
1380437967940596
1380437967940963
1380437967941088
1380437967941242
1380437967941363
1380437967941494
1380437967941676
1380437967955844
1380437967999163
1380437967999535
1380437967999657
1380437968002539
1380437968002922
1380437968003049
1380437968003143
1380437968003366
1380437968003623
1380437968003932
1380437968004049
1380437968004146
1380437968004547
1380437968004717
1380437968004814
1380437968004974
1380437968005074
1380437968005609
1380437968040138
1380437968050131
1380437968050952
1380437968051350
1380437968051530
1380437968052186
1380437968052295
1380437968053296
1380437968053436
1380437968054176
1380437968054335
1380437968054858
1380437968055208
1380437968055388
1380437968055704
1380437968056051
1380437968056409
1380437968056511
1380437968056763
1380437968057113
1380437968057498
1380437968057598
1380437968057861
1380437968058091
1380437968058240
1380437968058344
1380437968058486
1380437968058580
1380437968058985
1380437968059103
1380437968059233
1380437968059470
1380437968059596
1380437968059862
1380437968060053
1380437968060173
1380437968060297
1380437968060396
1380437968060521
1380437968060863
1380437968060994
1380437968061152
1380437968061282
1380437968061488
1380437968061584
1380437968078625
1380437968079514
1380437968112287
1380437968113736
1380437968114205
1380437968114464
1380437968114687
1380437968114993
1380437968115099
1380437968115449
1380437968115558
1380437968115791
1380437968116057
1380437968116321
1380437968116431
1380437968116749
1380437968116861
1380437968117122
1380437968117257
1380437968117359
1380437968117577
1380437968117700
1380437968117932
1380437968117953
1380437968118099
1380437968118216
1380437968118313
1380437968118407
1380437968118419
1380437968118931
1380437968119121
1380437968154983
1380437968155039
1380437968166598
1380437968167480
1380437968167653
1380437968168559
1380437968169440
1380437968169603
1380437968170498
1380437968170669
1380437968171111
1380437968171388
1380437968172041
1380437968172174
1380437968172276
1380437968172401
1380437968173212
1380437968173454
1380437968173576
1380437968173852
1380437968174279
1380437968174643
1380437968174917
1380437968175281
1380437968175663
1380437968175936
1380437968176058
1380437968176191
1380437968176752
1380437968177056
1380437968177138
1380437968222716
1380437968222972
1380437968223237
1380437968224438
1380437968225502
1380437968225594
1380437968226783
1380437968226875
1380437968227279
1380437968227400
1380437968227510
1380437968227651
1380437968227783
1380437968238302
1380437968366854
