1380355709271589
1380355709378312
1380355709378376
1380355709471069
1380355709471125
1380355709471408
1380355709471443
1380355709525689
1380355709530010
1380355709624562
1380355709624740
1380355709624998
1380355709663849
1380355709721207
1380355709763471
1380355709793655
1380355709886021
1380355709923965
1380355710018318
1380355710060255
1380355710060371
1380355710060434
1380355710060491
1380355710154651
1380355710158723
1380355710160769
1380355710186381
1380355710186472
1380355710186714
1380355710188779
1380355710225450
1380355710225538
1380355710225849
1380355710260168
1380355710283014
1380355710292827
1380355710301020
1380355710316648
1380355710354665
1380355710373418
1380355710410713
1380355710411769
1380355710439442
1380355710439821
1380355710448526
1380355710448913
1380355710449508
1380355710487923
1380355710530168
1380355710532556
1380355710532763
1380355710532837
1380355710532932
1380355710533187
1380355710622652
1380355710622863
1380355710623580
