-148
100
-260
1500
92
1500
92
804
-148
100
-660
452
1500
668
-660
452
1500
572
-212
324
-500
1172
1500
1500
132
1500
92
1500
92
1500
92
1076
-148
1500
1164
100
-148
100
-260
1500
-148
108
1500
636
100
-148
100
-148
100
-660
452
1500
540
-404
324
-676
1500
-532
108
1500
604
1500
1500
164
580
1500
1500
660
-404
452
1500
1500
164
1500
108
1500
108
1500
108
1500
108
1500
108
1500
108
1500
108
-404
324
1500
108
1500
1500
164
1500
108
1500
108
1500
108
1500
108
1500
108
-404
1500
108
1500
108
1500
108
1500
108
324
-532
1500
108
-484
1500
108
1500
108
1500
108
1500
172
324
1500
508
1500
108
1500
1500
164
1500
108
1500
108
1500
108
1500
108
1500
492
1268
1500
1500
164
1500
108
1500
108
1500
108
1500
108
1500
108
1500
108
1500
108
1500
108
1500
108
1500
108
1500
108
1500
108
1500
108
1500
108
1500
428
-548
436
1500
1500
164
1500
108
1500
108
1500
108
1500
108
1500
108
1500
108
1500
108
1500
108
1500
108
1500
1500
1500
220
1500
108
1500
108
1500
108
1500
1500
164
1500
108
1500
108
1500
108
1500
108
1500
1500
1500
220
1500
108
1500
108
1500
1500
164
1500
108
1500
108
1500
108
1500
108
1500
108
1500
1500
164
1500
108
1500
108
1500
108
1500
108
1500
108
1500
108
1500
108
1500
108
1500
108
1500
108
1500
1500
1500
1500
1500
1500
388
1500
1500
164
1500
108
1500
1500
1428
-532
468
-1140
1500
108
1500
108
1500
108
1500
108
1500
108
1500
108
1500
108
1500
108
1500
108
1500
108
1500
108
1500
108
1500
1500
1500
604
1500
1500
1500
220
1500
108
1500
1500
1500
220
1500
108
1500
1324
1500
1500
1500
220
1500
108
1500
1500
1500
1500
1500
1500
1500
108
1500
108
1500
108
1500
1500
1500
1500
1500
1500
1500
1500
500
1500
1500
1500
1500
276
1500
1500
1500
1500
1500
332
1500
1500
1500
1500
1500
332
1500
1500
1500
1500
1500
1500
1500
1500
500
-100
1500
108
1500
108
1500
108
1500
108
1500
108
1500
108
1500
108
1500
108
1500
1500
1500
1500
276
1500
108
1500
1500
164
1500
108
1500
108
1500
108
1500
108
1500
1500
164
1500
108
1500
108
1500
108
1500
1500
1500
1500
1500
1500
388
1500
1500
1500
1500
276
1500
1500
1500
1500
1500
1500
1500
444
1500
380
1500
1500
164
1500
1500
1500
1500
276
1500
1500
164
1204
-548
468
1428
-148
100
-276
1500
1500
916
-148
100
-660
868
-148
100
-660
452
1500
140
-212
340
-484
1500
1500
1500
1500
1500
1500
1500
1500
1500
1500
1500
820
-932
532
116
-116
116
-308
116
116
116
628
-212
-116
