-148
100
-260
1500
92
1500
92
804
-148
100
-644
452
1500
668
-644
452
1220
852
-212
324
-484
1172
1500
92
1500
1500
132
1500
92
1500
92
1076
1500
1164
-148
100
-260
1500
-148
108
1500
604
100
-148
100
-148
100
-148
100
-628
452
1500
540
-404
324
-676
1500
-516
108
1500
604
1500
1500
692
1500
108
1500
604
-404
452
1500
108
1500
108
1500
1500
164
1500
108
1500
108
1500
108
1500
108
1500
108
-404
1500
108
1500
108
1500
108
1500
108
1500
108
1500
380
1500
108
1500
108
1500
108
1500
108
1500
108
1500
108
-404
1500
108
1500
108
1500
1500
1500
812
324
-500
452
-948
1500
108
1500
108
1500
108
1500
108
1500
108
1500
108
1500
108
1500
108
1500
108
1500
108
1500
108
1500
108
1500
492
1268
1500
1500
548
1500
108
1500
108
1500
108
1500
108
1500
108
1500
108
1500
108
1500
108
1500
108
1500
108
1500
108
1500
108
1500
108
1500
108
1500
108
1500
108
1500
108
1500
108
1500
108
1500
172
1500
108
1500
108
1500
108
1500
108
1500
108
1500
108
1500
108
1500
108
1500
108
1500
108
1500
108
1500
108
1500
108
1500
108
1500
108
1500
108
1500
1500
164
1500
1500
164
1500
108
1500
108
1500
108
1500
108
1500
108
1500
108
1500
108
1500
108
1500
108
1500
108
1500
108
1500
108
1500
108
1500
108
1500
108
1500
108
1500
108
1500
1500
1500
1500
1500
1500
388
1500
1500
1500
220
1500
108
1500
108
1500
1500
1396
-516
468
-1108
1500
108
1500
108
1500
108
1500
108
1500
108
1500
108
1500
108
1500
108
1500
108
436
1500
108
1500
1500
164
1500
108
1500
108
1500
1500
164
1500
1500
516
1500
1500
196
1500
108
1500
1500
1500
220
1500
108
1500
1500
1500
1500
1500
1500
1500
972
1500
1500
1500
1500
1500
332
1500
108
1500
108
1500
1500
1500
1500
1500
1500
1500
1500
1500
1500
1500
556
1500
1500
1500
1500
1500
1500
1500
1500
1500
1500
1500
556
1500
1500
1500
1500
1500
1500
1500
1500
660
1500
1500
1500
1500
1500
332
1500
1500
1500
1500
1500
1500
1500
1500
1500
1500
-100
1500
1500
1500
1500
436
1500
1500
164
1500
108
1500
108
1500
1500
164
1500
108
1500
108
-100
1500
108
1500
108
1500
108
1500
108
1500
108
1500
108
1500
108
1500
108
1500
108
1500
108
1500
108
1500
108
1500
108
1500
108
1500
108
1500
108
1500
108
1500
108
1500
108
1500
108
1500
396
-516
468
1428
-148
100
-276
1500
1500
916
-148
100
-628
868
-148
100
-628
452
1500
140
-212
340
-468
1500
1500
1500
1500
1500
1500
1500
1500
1500
108
1500
1500
820
-900
532
116
-116
116
-308
116
116
116
628
-212
-116
