-148
100
-452
1500
1500
1500
-148
100
-452
1500
1500
1500
1500
1500
1500
1500
1500
1500
1500
1500
1500
1500
1500
1500
1500
1500
1500
1060
1500
1500
1500
1500
1500
1500
1500
1500
1500
1500
1500
1500
1500
-484
1500
1500
1500
1500
1500
1500
1500
1500
628
-116
-148
484
100
-452
-148
100
-500
-148
1500
1500
1500
1500
1500
1500
1500
1500
108
-484
1500
-148
1500
1500
1500
1500
1500
1500
1500
1500
1500
1500
1500
1500
1500
1500
1500
1500
1500
1500
1500
396
1500
1500
1500
1500
1500
1500
1500
1500
108
1500
1500
1500
-500
1460
-148
1500
1500
1500
1500
1500
1500
1500
1500
1500
1500
1500
1500
1124
-468
-148
1500
1500
1500
1500
1500
1500
1500
1500
1500
1500
1500
1500
1500
1500
428
1500
1500
1500
1500
100
-612
-148
1500
1500
1500
1500
1500
1500
1500
1500
1500
1500
1500
1500
1500
1500
1500
1500
1500
1500
1500
1500
1500
1500
1500
1500
1500
1500
1500
1500
1500
1500
1500
1500
1500
1500
1500
1500
100
-612
484
-564
948
-484
484
-148
1492
1500
1484
1492
1500
1500
220
100
-1500
-396
-484
1492
-580
1492
1500
1500
1500
188
628
1500
1332
996
1500
1500
1500
804
1500
676
100
-500
-548
1500
1500
1500
1500
1500
1500
1500
1500
1500
1500
-148
500
1500
1500
1500
1500
1500
1500
1500
1500
1500
1500
1500
1500
1500
1500
1500
1500
1500
1500
1500
100
-612
1500
-148
1500
1500
1500
1500
1500
1500
1500
1500
1500
1500
1500
1500
1500
1108
484
100
-772
-660
484
388
100
-532
-116
-1492
-1492
1500
1500
284
372
-532
1412
-532
1124
-532
868
-532
1044
980
1500
324
1500
188
1500
516
-692
1492
596
-452
1476
-516
1500
612
-116
-180
116
-116
-372
212
-116
-116
-148
100
-452
484
1500
92
1500
92
1500
92
1500
92
1500
92
1500
92
1500
1500
132
1500
92
1500
92
1500
92
1500
92
1500
92
1500
92
1500
92
1500
92
1500
92
1500
92
1500
92
1500
92
1500
92
1500
92
1500
92
1500
92
1500
92
1500
92
1500
92
1500
92
1500
92
1500
92
1500
92
1500
92
1500
92
1500
92
1500
92
1500
92
1500
92
1500
92
1500
92
1500
92
1500
92
1500
92
1500
92
1500
92
1500
92
1500
92
1500
92
1500
92
1500
92
1500
92
1500
92
1500
92
1500
92
1500
92
1500
92
1500
92
1500
92
1500
92
1500
92
1500
92
1500
92
1500
92
1500
92
1500
92
1500
92
1500
92
1500
92
1500
92
-100
1500
92
1500
1500
132
1500
92
1500
1500
1500
172
1500
92
1500
1500
132
1500
92
1500
92
1500
92
1500
92
1500
92
1500
92
1500
92
1500
92
1500
92
1500
92
1500
92
1156
-148
100
-468
-148
100
-452
-148
100
-500
404
-148
1500
92
1500
92
1300
1500
92
1412
-500
404
-148
1500
92
1500
92
1300
1500
92
1500
268
-500
404
-148
1500
92
1500
92
1500
460
100
-484
404
-148
132
100
-500
404
-148
1500
92
1500
92
1300
