-148
100
-452
1500
1500
1500
-148
100
-452
1500
1500
1500
1500
1500
1500
1500
1500
1500
1500
1500
1500
1500
1500
1500
1500
1500
1500
1060
1500
1500
1500
1500
1500
1500
1500
1500
1500
1500
1500
1500
1500
1500
1500
1500
1500
1500
1500
1500
1500
596
-116
-484
-148
484
100
-452
-148
100
-468
-148
1500
1500
1500
1500
1500
1500
1396
-484
1500
-148
1500
1500
1500
1500
1500
1500
1500
1500
1500
1500
1500
1500
1500
1500
1500
1500
1500
108
1500
1500
-484
1500
1500
-148
1500
1460
1500
1500
1500
1500
1500
1500
1500
1500
1500
1500
1500
1500
996
-468
-148
1500
1500
1500
1500
1500
1500
1500
1500
1500
1500
1500
1500
1500
1500
452
1500
1500
1500
1500
1500
1500
1500
1500
1500
1500
1500
1500
1500
1500
1500
1500
100
-612
-148
1500
1500
1500
1500
1500
1500
1500
1500
1500
1500
1500
1500
1500
1500
1500
1500
1500
1500
1500
1500
1500
1500
1500
1500
948
484
100
-612
-564
-484
-148
484
1500
1500
220
100
-548
1492
-1348
1492
1500
1484
-484
-580
1500
1332
1500
124
1500
1500
1500
804
1500
1500
700
1500
1484
1500
1500
196
100
-500
-644
1500
1500
1500
1500
1500
1500
1500
1500
1500
1500
500
100
-612
1500
-148
1500
1500
1500
1500
1500
1500
1500
1500
1500
1500
1500
1500
1500
1500
1500
1500
1500
1500
1500
1500
1500
1500
1500
1500
1500
1500
1500
1500
1500
1500
1500
1500
1108
516
100
-532
-148
516
100
-772
-628
-532
-1004
-692
1412
1500
380
-532
1500
-532
1500
460
868
-532
1500
284
-532
1044
-532
484
1500
604
1500
188
1500
284
1500
388
1492
596
-452
1476
-516
1500
620
-116
-180
116
-116
-372
212
-116
-116
