-148
100
-452
1500
92
1500
92
1500
92
-148
1500
92
1500
92
1500
92
100
-452
-148
356
1500
92
1500
92
100
-452
-148
1172
100
-452
-148
1428
100
-452
628
-148
100
-452
-452
-148
1500
92
1500
92
1500
92
100
-452
1500
-148
92
1500
92
1500
92
1500
92
1500
1500
132
1500
92
1500
92
1500
92
1500
92
1500
92
1500
92
1500
92
1500
92
1500
92
1500
92
100
-452
1140
-148
340
1500
172
1500
92
1500
92
1500
1500
132
1500
92
1500
92
1500
92
1500
92
1500
92
1500
92
1500
92
660
1500
380
1500
140
-452
-148
532
228
100
-484
-148
340
100
-484
324
-148
1500
92
1500
92
660
100
-484
-1500
-588
532
-148
100
-452
468
-148
1500
92
1500
92
1500
92
1500
140
-452
1500
-1236
92
1500
92
1500
988
-148
532
1500
92
1500
1500
132
1500
92
1500
92
1500
92
1500
92
1500
92
1500
92
1500
92
1500
92
1500
92
1156
340
1500
92
1500
92
324
1500
92
1500
92
1500
92
1500
92
1500
92
1500
92
100
-452
-148
1500
92
1500
92
1500
92
1500
92
148
1500
540
340
100
-452
788
-148
532
340
100
-452
-148
660
388
-484
-148
100
-484
404
-148
1500
92
708
100
-484
404
-148
1500
92
692
1500
252
100
-484
404
-148
1500
92
1500
92
1300
1500
1180
-484
660
-148
404
1500
92
1500
1452
100
-484
404
-148
1500
92
1500
92
932
100
-484
404
-148
1500
92
692
1500
300
-484
404
-148
1500
92
692
1252
-484
404
-148
1500
92
1500
92
1300
1060
-484
404
-148
1500
92
692
1500
-484
436
-148
1500
92
1500
92
1060
100
-484
404
-436
1500
92
692
1396
1500
92
1500
92
596
340
340
676
676
1500
92
1500
92
1500
92
1500
92
1500
92
1500
92
212
1500
92
1500
92
1500
92
1500
92
1500
92
1500
92
1500
92
1500
92
1500
92
1500
92
1500
92
1500
92
1500
92
884
-484
-148
100
-484
1500
92
1500
92
1500
92
1500
92
1500
92
1268
1500
1500
1404
116
116
-1500
-412
-1076
116
1476
324
324
1500
92
1500
92
100
-532
324
-148
324
1500
92
164
-644
212
1500
412
1500
1500
116
1500
1500
-1500
-908
-148
116
404
1500
92
1500
508
1500
1500
1500
1500
1500
1500
1500
1500
492
1500
1252
1500
1084
324
100
324
-1428
116
-148
1500
100
-1500
-492
1500
1500
1500
1500
1500
1500
1500
1500
1500
1500
1500
1500
-148
1500
1500
1500
1500
1500
1500
1500
1500
1500
964
1500
1500
1500
1500
1500
1500
1500
1500
1500
1500
1500
1500
100
-644
1500
1500
1500
1500
1500
1500
380
1188
1500
1068
1140
-596
100
-1364
996
340
1500
1500
132
1500
92
-148
100
-964
1268
116
-1172
116
100
1500
-468
92
1500
92
1500
1500
132
676
-500
1428
-500
1500
92
1428
1268
116
-500
116
788
324
-148
100
-516
324
-660
692
1500
92
1500
1500
132
1500
92
1500
92
1380
1500
636
1500
364
100
-292
116
-148
1300
132
372
-1500
-1260
-148
116
404
1500
508
1500
972
1500
92
1500
1500
372
-548
1500
-180
1500
1500
1500
332
1500
1500
1500
1500
1500
1500
1500
1500
1500
1500
108
-628
1500
1500
1500
964
116
868
-148
324
644
-628
116
1500
1500
1268
1500
540
-148
-212
324
1012
116
-1332
100
1500
-1012
1500
1500
1500
1500
1500
1500
1500
108
1500
1500
1500
-148
1500
1500
1076
692
116
-564
500
100
-628
788
-756
1500
92
1500
92
116
116
116
532
1500
172
-148
820
100
-612
1060
-804
708
-724
1444
-516
564
-500
340
-612
-1124
1500
92
1500
92
1500
92
1500
92
1500
92
1500
92
1500
92
324
1500
92
708
484
580
1188
1028
-468
1500
92
1500
92
1500
92
1500
92
1500
92
1500
92
1500
92
356
-372
212
-180
116
-116
-756
404
116
-372
116
116
116
116
116
116
116
116
116
116
116
