-148
100
-484
1500
92
1500
92
1500
92
1500
92
1500
92
1500
92
1500
92
1500
92
1500
92
1500
92
1500
92
1500
92
1500
92
1500
92
1500
92
1500
92
1500
92
1500
92
1500
92
1500
92
1500
92
1500
92
468
-148
100
-484
1060
-148
100
-484
1500
-148
92
1500
92
1500
1500
132
1500
92
1500
92
1500
476
-500
1500
-148
92
1500
1500
1500
172
1500
92
1500
92
1500
92
1500
92
1500
92
1500
92
1500
92
1500
92
1500
92
1500
92
1500
92
1500
140
-500
1500
-148
92
1500
508
948
-500
1500
-148
1500
1500
1484
1500
1500
116
1500
1500
1500
1500
1500
-500
1500
1500
1500
1500
188
1500
1500
1500
1500
1500
1500
1500
1500
1500
1092
-564
1380
-612
1500
-1156
92
1500
1500
132
1500
92
1500
92
1500
92
1500
92
1500
92
1500
92
1500
92
1500
92
1500
508
628
1500
1500
132
1500
92
1500
92
1500
156
-148
100
-468
1500
-148
108
1500
668
100
-468
1500
-116
1500
1500
1500
100
1500
1500
1500
1500
1500
1500
1500
492
-548
1500
92
1500
92
1500
92
1500
92
1500
92
1500
92
1500
92
1500
92
1500
92
1500
92
1500
92
1500
92
1500
92
1500
92
1012
-148
100
-676
564
-916
500
-148
100
-564
1380
-868
-148
100
-484
404
-148
100
-260
1500
92
1500
92
1500
92
1500
92
1500
92
1500
92
1500
876
-148
692
100
-660
-148
100
-484
1500
-148
236
932
-500
980
-660
884
-532
1500
108
1500
108
1500
108
1500
108
1500
1500
164
1500
108
1500
108
-820
1500
108
1500
108
1500
108
1500
108
1500
108
1500
1500
164
1500
108
1500
108
1500
108
1500
108
1500
108
1500
108
1500
108
1500
108
1500
108
1500
108
1500
108
1500
108
1500
108
1500
108
1500
108
1500
108
1500
108
1500
108
1500
108
1500
108
1500
108
1500
108
1500
108
1500
108
1500
108
1500
108
1500
108
1500
108
1500
108
1500
108
1500
108
1500
108
1500
108
1500
108
1500
108
1428
-292
340
-596
1076
-148
100
-708
1076
612
-660
1500
-772
92
1500
412
-708
356
916
-116
-180
116
-180
116
-436
244
132
-180
116
116
116
