-148
100
-452
1500
92
1500
92
1500
92
1500
92
-148
1500
92
1500
92
1500
92
1500
92
1500
92
1500
92
1500
92
1500
92
100
-468
-148
100
-500
1500
-148
92
1500
92
1500
1500
132
1500
92
1500
92
1500
92
1500
92
1500
140
1500
92
1500
92
1500
92
-468
1500
92
1500
92
1500
1500
132
-148
1500
92
1500
92
1500
92
1500
92
1500
92
1500
92
1500
92
1500
92
1500
92
1500
92
1500
92
468
1500
1500
132
1500
92
1500
140
-468
1500
-148
92
1500
92
1500
92
1500
1500
132
1500
92
1500
92
1500
92
1500
92
1500
92
1500
92
1500
92
1500
156
1500
92
1500
92
1500
92
1500
92
1500
92
1500
140
1500
92
836
-468
1500
-148
92
1500
1500
132
1500
92
1500
92
1500
92
1500
92
1500
92
1500
92
1500
92
1500
140
-484
1500
92
1500
-148
92
1500
92
1500
1500
132
1500
92
1500
92
1500
92
1500
92
1500
92
1500
92
1500
92
1500
92
1500
92
1500
92
1500
92
1500
92
1500
188
1500
92
1500
92
1500
92
1500
92
1500
92
1500
140
1500
92
-452
1500
92
1500
92
1500
92
1220
1500
92
1500
1500
132
1500
92
1500
92
1500
92
1500
92
1500
92
1500
92
1500
92
1500
92
1500
92
1500
92
1500
92
1500
92
1500
92
1500
92
1500
92
1500
92
1500
92
1500
92
1500
92
1500
92
1500
92
1500
92
1500
92
1500
92
1500
92
1500
92
1500
92
1500
92
1500
92
1500
92
1500
92
1500
92
1500
92
1500
92
1500
92
1500
92
1500
92
1500
92
1500
92
1500
92
1500
92
1500
92
1500
92
1500
92
1500
92
1500
92
1500
92
1500
92
1500
92
1500
92
1500
92
1500
92
1500
92
1500
92
1500
92
1500
92
1500
92
1500
92
1428
1500
92
1500
1500
132
1500
92
1500
92
1500
92
1500
92
1500
92
1500
92
1500
92
1500
92
1500
92
1500
92
1500
92
1500
92
1500
92
1500
92
1500
92
1500
92
1500
92
1500
92
-148
1500
92
1500
-100
92
1500
1500
100
-500
372
-148
1500
92
1500
92
1500
92
100
-500
1500
92
964
-500
388
-148
180
100
-484
436
-148
100
-500
372
-148
1220
372
228
100
-500
388
-148
180
100
-500
356
-148
1500
92
1500
92
996
100
-516
1500
-148
92
1500
92
1500
1500
132
1500
92
1500
92
1500
92
1500
92
1500
92
1500
92
1500
92
1500
92
1500
92
1500
92
1500
92
1500
140
-548
1500
-148
92
1500
1500
212
1500
92
996
100
-612
1500
-148
92
1500
1420
100
-548
1500
-148
92
1500
412
100
-516
1500
-148
92
1500
92
1500
1500
132
100
-548
1500
-148
92
1500
92
1500
92
1500
668
1500
140
1500
92
1500
-436
1500
132
-1500
-1388
-1500
-524
1500
-148
92
1500
92
1500
1500
132
1500
92
1500
92
1500
92
1500
540
1500
92
1500
92
1500
92
1500
92
1252
1500
1500
132
1348
1500
1436
1500
412
1500
1500
132
1500
92
1500
92
1500
92
1500
92
1500
428
1500
92
1500
92
1500
92
1500
92
1028
1500
92
1500
428
1500
412
1500
92
1500
1500
116
1500
92
1500
92
1500
428
1500
92
1500
92
964
1500
92
1500
1500
132
1500
92
1500
92
1500
92
1500
92
1500
92
1500
92
1500
92
1500
92
1500
92
1500
92
1500
92
1500
92
1500
92
1500
92
1500
92
1500
92
1500
92
1500
92
1500
92
1500
92
1500
92
1500
92
1500
92
1500
92
1500
92
1500
92
1500
92
1500
92
1500
92
1500
92
1500
92
1300
1500
732
532
1500
92
1500
92
1500
92
1500
156
100
-436
740
-148
100
-452
-1500
-1452
1500
92
1500
92
1204
-516
1500
92
1500
92
1500
92
1500
92
1500
92
1500
92
884
1500
-516
1500
132
1500
92
1500
92
1500
92
1500
92
1500
92
1500
92
1500
92
1500
92
1500
92
1500
92
1500
92
1500
92
1500
92
1500
92
1500
92
1500
92
1500
92
1500
92
1500
92
1500
92
1500
92
1500
92
1500
92
1500
92
1500
92
1500
92
1500
92
1500
92
1500
92
1500
92
1500
92
1028
1500
92
1500
588
-516
1500
92
1500
92
1500
92
1500
92
1500
92
372
-516
548
1500
92
1500
1500
132
1500
92
1500
92
1500
92
1500
92
836
-148
1500
92
1500
92
1500
92
1500
92
1500
92
644
1500
1500
180
1500
92
-436
1500
92
1500
-1012
92
1500
620
-548
1500
92
1500
92
1500
92
1500
92
1500
92
1500
92
1500
92
1500
92
1500
92
1500
92
1268
-500
-1500
-156
-1500
-124
1500
92
692
-548
1500
92
1500
92
-148
1500
92
1500
92
1044
1500
1500
132
1500
92
1500
92
1500
92
1500
92
628
1500
1068
1500
92
1500
812
1500
140
1500
252
1500
636
-724
-1500
-1500
-708
372
1500
92
1500
1500
1364
1364
-564
692
-148
1500
92
1500
92
1012
1500
92
1500
1404
1500
92
1500
1436
1500
1500
132
1500
92
1500
92
1500
92
1500
92
1500
332
804
1500
92
1500
236
1500
1500
132
1500
92
1500
92
1500
92
1500
92
1500
92
1500
92
1500
92
724
1500
956
1500
1500
132
1500
-148
92
1500
1500
132
1500
92
1500
92
1500
92
1500
92
1500
92
1500
92
1500
92
1500
92
1500
92
100
-1172
1500
-148
92
1500
1500
132
1500
92
1500
92
1500
92
1500
92
1500
92
1500
92
1500
92
1500
92
1500
92
1500
92
1500
92
-100
1500
92
404
1500
444
1500
92
1500
92
1500
268
1500
140
-2948
-1284
-148
116
116
1500
92
1500
92
1500
92
1500
92
820
1500
572
1500
428
1500
1500
132
1500
92
1500
92
1500
92
1500
92
372
1500
92
1500
92
1500
1420
1500
1500
-1140
1500
-148
92
1500
92
1500
1500
132
1500
92
1500
92
404
100
-1156
1500
-148
92
1500
92
1500
1500
132
1500
92
1500
92
100
-1124
1500
-148
92
1500
588
1500
668
-1500
-732
372
276
-740
116
596
1500
1500
132
1500
92
1500
92
1500
92
1500
92
436
-772
372
1500
476
-148
116
100
-4396
-1068
-148
1364
1500
140
-1492
1492
1500
428
1500
1500
132
-116
1500
92
1500
124
1500
92
1500
92
1500
92
1500
92
1500
92
1500
92
468
1500
156
1500
92
1500
92
1500
92
1500
92
1500
92
1500
92
1500
92
1500
92
1500
92
1500
92
1500
92
1500
92
1500
92
1500
92
1500
92
1500
1500
100
1500
92
1500
1500
132
1500
92
1500
92
-148
1500
124
100
-724
1500
1500
1500
1500
-148
100
-708
948
1500
924
116
676
-820
116
1500
1500
1500
1500
1500
1500
1500
1500
116
1500
-148
1500
1500
1492
1500
1500
1500
1500
1500
1500
1500
1108
100
-484
1500
-148
100
-1500
-108
-148
100
-452
900
-836
1500
108
916
980
-116
-820
100
-1500
-620
-148
1500
1500
1500
1500
116
340
1500
1500
116
1500
1500
1036
-1500
-140
-148
116
1500
444
100
-484
116
1500
108
1092
116
-580
1500
92
1500
92
1500
92
1500
1500
132
1500
92
1500
92
1500
92
1500
92
1500
92
1500
92
900
1500
1500
132
1500
92
1500
92
1500
92
1500
92
1500
92
1500
92
1500
92
1500
92
1500
92
1500
92
1500
92
1500
92
1500
156
1500
92
1500
92
1500
92
1500
556
-612
1444
-148
100
-820
1500
-148
92
1500
1500
132
1500
92
1500
92
1500
92
1500
92
1500
92
1500
92
1500
92
1500
92
1500
92
1500
92
1500
92
1500
92
1500
92
1500
92
1500
92
1500
92
1500
92
1500
92
1500
92
1500
92
1500
92
1300
100
-868
1500
316
1156
-1076
116
-580
436
-180
372
1500
588
100
-1500
-572
-148
1500
556
100
-1500
-1260
1500
92
1500
236
404
980
-516
372
-676
1500
92
1500
92
1500
92
1380
1500
1500
180
1500
92
-868
116
-148
100
1500
-452
92
1500
92
1500
92
1500
92
1500
876
1500
1372
1500
92
1500
92
1500
92
1500
156
1500
92
1500
92
1500
92
1500
92
1500
92
1500
92
1500
92
1500
92
1500
92
-468
1500
524
1500
92
1500
92
1500
92
1500
92
1500
92
1500
92
1500
92
1500
116
-148
100
-1500
-732
-756
356
996
-148
116
100
-676
-596
-900
-644
-148
1396
1500
1500
132
1500
92
1500
92
1500
92
1500
92
1500
92
1500
92
1500
92
1500
92
612
1500
508
-116
-580
100
-724
516
-900
356
-116
1500
348
1500
92
1500
1500
356
276
-1460
-596
100
-1492
372
-148
1500
92
1500
92
1500
92
1060
1500
92
1500
396
1500
124
1500
796
1500
1180
-916
1500
-180
92
1500
92
1156
-932
1284
-516
116
1500
-180
92
1500
92
1500
1500
132
1500
92
1500
92
1500
92
868
100
-548
116
-1332
116
1500
92
1500
92
1500
1020
1500
540
1500
92
1500
92
1500
1500
92
1500
92
1500
92
1500
92
1500
92
1500
92
1500
92
1500
92
1500
92
1500
92
1500
92
1500
92
1500
92
1500
92
1500
92
1500
92
1500
476
1500
92
1500
92
1028
-564
1500
-148
1500
476
1500
1500
132
1500
92
1500
92
1500
92
1500
92
1500
92
1500
92
1500
92
1500
92
1500
92
116
1500
92
1500
92
1500
92
1500
92
1500
92
1500
92
1500
92
1500
92
1500
92
1204
1500
1500
132
1500
92
660
100
-612
1500
92
1500
92
1500
92
1500
92
-500
1500
-500
492
1500
700
116
-212
116
116
100
-1364
-1204
116
116
100
-980
-1500
-156
116
-148
116
100
1500
-1012
316
1500
1324
1500
1500
132
1500
92
1500
92
1500
92
1500
92
1500
92
1500
92
1500
92
1500
92
1500
92
1500
92
1500
92
1500
92
1500
92
724
1500
92
1500
92
1500
92
1500
92
1500
1500
132
1500
92
1500
92
1500
92
1500
92
1500
92
1500
92
1500
92
1500
412
1500
92
1316
1500
1500
132
1500
92
1500
92
1500
92
1500
92
1500
92
1500
92
1500
92
1500
604
692
1500
92
1500
1500
132
1500
92
1500
92
1500
92
1500
92
1500
92
1500
92
1500
92
708
1500
476
1500
1500
132
1500
460
100
-1380
-148
100
-980
1500
-148
92
1500
92
1500
1452
100
-1076
516
-148
100
-1500
-812
116
692
788
-212
116
116
116
100
-260
-148
1500
92
1500
92
1300
580
-1500
-972
-148
580
1500
300
-148
1204
100
-964
1500
92
1500
92
1500
92
1500
92
1500
92
1500
92
1500
252
372
-148
1500
92
516
164
-628
-580
372
1500
92
1500
652
1500
172
820
-500
1500
92
1500
92
1500
92
1500
92
1500
92
1500
92
1500
92
1500
92
1500
92
1500
92
1500
92
1500
92
1500
92
1316
1500
1500
132
1500
92
1500
92
1500
92
1500
92
1500
92
1500
92
1500
92
1500
92
1500
92
1500
92
1500
92
1500
92
-100
1500
92
1500
92
1500
92
1500
92
1500
92
1500
92
1500
92
1500
92
1500
92
1500
92
1500
92
1500
92
1500
92
1500
92
1500
92
1500
92
1500
92
1500
92
1500
92
1500
92
1500
92
1500
92
1500
92
1500
92
1500
92
1500
92
1500
92
1500
92
1500
92
1500
92
1500
92
1500
92
1500
92
1500
92
1500
92
1500
92
1500
92
1500
92
1500
92
1500
92
1500
92
1500
92
1500
92
1500
92
1500
92
1500
92
1500
92
1500
92
1500
92
1500
92
1500
92
1500
92
1500
92
1500
92
1500
92
1500
92
1500
92
1500
92
1500
92
1500
92
1500
92
1500
92
1500
92
1500
92
1500
92
1500
92
1500
92
1500
92
-100
1500
92
1500
92
1500
92
1500
92
1500
92
1500
92
1500
92
1500
92
1500
92
1500
92
1500
92
1500
92
1500
92
1500
92
1500
92
1500
92
1500
92
1500
92
1500
92
1500
92
1500
92
1500
92
1500
92
740
-212
-484
1500
92
1500
92
484
-404
324
-548
1500
92
1500
92
1500
92
1500
92
1500
92
1500
92
1500
284
340
1500
92
1500
1340
-820
532
-852
-212
1500
92
1500
92
1500
92
1500
92
1500
92
1500
92
1500
92
1500
92
1500
92
1500
92
1500
92
1500
92
1500
92
1500
92
1500
92
1500
92
1500
92
1500
92
1500
92
1500
92
1500
92
1500
92
1500
92
1500
92
1500
92
1500
92
1500
92
1500
92
1500
92
1500
92
1500
92
1500
1500
1500
1500
1500
212
1500
92
1500
92
-100
1500
92
1500
92
1500
92
1500
92
1500
92
1500
92
1500
92
1500
92
1500
92
1500
92
1500
92
1500
92
1500
92
1500
92
1500
92
1500
92
1500
1500
132
1500
92
1500
92
1500
92
1500
92
1500
92
1500
92
1500
92
1500
1500
132
1500
92
1500
1500
132
1500
92
1500
1500
1500
172
1500
92
1500
92
1500
92
1500
92
1500
92
1500
92
1500
1500
132
1500
92
1500
92
1500
92
1500
92
1500
92
1500
92
1500
1500
132
1500
1500
132
1500
92
1500
92
1500
732
1500
92
1500
92
1500
92
1500
92
1500
92
1500
92
1500
92
1500
1500
132
1500
92
1500
92
-100
1500
92
1500
92
1500
92
1500
92
1500
92
1500
1500
132
1500
92
1500
1500
132
1500
92
1500
92
1500
92
1500
92
1500
92
1500
92
1500
92
1500
1500
132
1500
92
1500
92
1500
1500
132
1500
92
1500
92
1500
92
1500
92
1500
92
1500
92
1500
92
1500
92
1500
92
1500
92
1500
92
1500
92
1500
92
1500
92
1500
92
1500
92
1500
92
1500
92
1500
92
1500
92
1500
92
1500
92
1500
92
1500
92
1500
92
1500
92
1500
92
1500
92
1500
92
1500
92
1500
92
1500
92
1500
92
1500
92
1500
92
1500
92
1500
92
1500
92
1500
92
1500
92
1500
92
1500
92
1500
92
1500
92
-100
1500
92
1500
92
1500
92
1500
92
1500
92
1500
92
1500
92
1500
92
1500
92
1500
92
1500
92
1500
92
1500
92
1500
92
1500
92
1500
92
1500
92
1500
92
1500
92
1500
92
1500
92
1500
92
1500
92
1500
92
1500
92
1500
92
1500
92
1500
92
1500
92
1500
92
1500
1500
132
1500
92
1500
1500
132
1500
92
1500
92
1500
92
1500
92
1500
92
1500
92
1500
92
1500
92
1500
92
1500
92
1500
92
1500
92
1500
92
1500
92
1500
92
1500
92
1500
92
1500
92
1500
92
1500
92
1500
92
1500
92
1500
92
1500
92
1500
92
1500
92
1500
92
1500
92
1500
1500
1500
1500
1500
1500
1500
1500
1500
1500
1500
1500
1500
1500
1500
1500
1500
1500
1500
1500
1500
1500
1500
1500
1500
1500
1500
1500
1500
1500
420
-100
1500
1500
1500
1500
212
1500
1500
1500
1500
1500
252
1500
92
1500
92
1500
92
1500
92
1500
92
1500
92
1500
92
1500
92
1500
92
1500
92
1500
92
1500
92
1500
92
1500
92
1500
92
1500
92
1500
92
1500
92
1500
1500
1500
1500
1500
1500
1500
1500
1500
1500
1500
556
1500
1500
1500
1500
1500
1212
1500
92
1500
92
1500
92
1500
92
1500
92
1500
92
1500
92
-100
1500
92
1500
92
1500
92
1500
92
1500
92
1500
92
1500
92
1500
92
1500
92
1500
92
1500
92
1500
92
1500
92
1500
92
1500
92
1500
92
1500
92
1500
92
1500
92
1500
92
1500
92
1500
92
1500
92
1500
92
1500
92
1500
92
1500
92
1500
92
1500
92
1500
92
1500
92
1500
92
1500
92
1500
92
1500
92
1500
92
1500
92
1500
92
1500
92
1500
92
1500
92
1500
92
1500
92
1500
92
1500
92
1500
92
1500
92
1500
92
1500
92
1500
92
1500
92
1500
92
1500
92
1500
92
1500
92
1500
92
1500
92
1500
92
1500
92
1500
92
1500
92
1500
92
1500
92
1500
92
1500
92
1500
92
1500
92
-100
1500
92
1500
92
1500
92
1500
92
1500
92
1500
92
1500
92
1500
92
1500
92
1500
92
1500
92
1500
92
1500
92
1500
92
1500
92
1500
92
1500
92
1500
92
1500
92
1500
92
1500
92
1500
92
1500
92
1500
92
1500
92
1500
92
1500
92
1500
92
1500
92
1500
92
1500
92
1500
92
1500
92
1500
92
1500
92
1500
92
1500
92
1500
92
1500
92
1500
92
1500
268
-532
1500
-484
92
1500
92
1500
1500
132
1500
92
1500
92
1500
92
1500
92
1500
92
1500
92
1500
92
1500
92
-100
1500
124
1500
92
1500
92
1500
92
1500
92
628
1500
1500
132
1500
92
1500
92
1500
92
1500
92
1500
92
1500
92
1500
92
1500
92
1500
92
1500
92
1500
92
1500
92
1500
92
1500
92
1500
92
1500
92
1500
92
1500
92
1500
92
1500
92
1500
92
1500
92
1500
92
1500
92
1500
92
1500
92
1500
92
1500
92
1500
92
1500
92
1500
92
1500
92
1500
92
1500
92
1500
92
1500
92
1500
92
1500
92
1500
92
1500
92
1500
92
1500
92
1500
92
1500
92
1500
92
1500
1500
132
1500
92
1500
1500
132
1500
92
1500
92
1500
92
1500
92
1500
92
1500
92
1500
92
1500
1500
132
1500
92
1500
92
1500
1500
132
1500
1500
132
-100
1500
92
1500
92
1500
1500
132
1500
92
1500
92
1500
92
1500
1500
1500
172
1500
92
1500
1500
132
1500
1500
132
1500
92
1500
92
1500
92
1500
92
1500
92
1500
92
1500
92
1500
92
1500
1500
1500
172
1500
1500
132
1500
1500
1500
1500
1500
252
1500
92
1500
92
1500
1500
132
1500
92
1500
92
1500
92
1500
92
1500
92
1500
92
1500
92
1500
92
1500
1500
1500
172
1500
92
1500
92
1500
92
1500
92
1500
92
1500
92
1500
92
1500
92
1500
92
1500
92
1500
92
1500
92
1500
92
1500
92
1500
92
1500
92
1500
1500
132
1500
1500
1500
1500
1500
252
1500
1500
132
-100
1500
92
1500
92
1500
92
1500
92
1500
92
1500
92
1500
92
1500
92
1500
92
1500
92
1500
92
1500
92
1500
92
1500
92
1500
92
1500
92
1500
92
1500
92
1500
92
1500
92
1500
92
1500
92
1500
92
1500
92
1500
92
1500
92
1500
92
1500
1500
132
1500
92
1500
92
1188
-532
1284
-468
1500
92
756
-532
1500
92
948
-532
948
-532
340
-852
676
-532
1500
92
1156
692
-548
1500
-500
92
1500
92
1500
1500
132
1500
92
1500
92
1500
92
1500
92
1500
92
1500
92
1500
92
1500
92
1500
92
1124
1500
92
1500
92
1500
1500
132
1500
92
1500
92
1500
92
1500
92
1500
92
1500
92
1500
92
1500
92
1500
92
1500
188
1500
92
1500
92
1500
92
1500
92
1500
92
1500
92
1500
92
1500
92
1500
92
1500
92
1500
92
1500
92
1500
92
1500
92
1500
92
1500
92
1500
92
-100
1500
92
1500
92
1500
92
1500
92
1500
92
1500
92
1500
92
1500
92
1500
92
1500
92
1500
92
1500
92
1500
92
1500
92
1500
92
1500
92
1500
92
1500
92
1500
92
1500
92
1500
92
1500
92
1500
92
1500
92
1500
92
1500
92
1500
92
1500
92
1500
92
1500
92
1500
92
1500
92
1500
92
1500
92
1500
92
1500
92
1500
92
1500
92
1500
92
1500
92
1500
92
1500
92
1500
92
1500
92
1500
92
1500
92
1500
92
1500
92
1500
92
1500
92
1500
92
1500
92
1500
92
1500
92
1500
92
1500
92
1500
92
1500
92
1500
92
1500
92
1500
92
1500
92
1500
92
1500
92
1500
92
1500
92
1500
92
1500
92
-100
1500
92
1500
92
1500
92
1500
92
1500
92
1500
92
1500
92
1500
92
1500
92
1500
92
1500
92
1500
92
1500
92
1500
92
1500
92
1500
444
356
1500
92
1500
1500
132
1500
92
1500
92
1500
92
1500
92
1500
92
1500
92
116
628
-516
372
-148
1500
92
1500
92
1500
92
1500
428
100
-484
676
-484
1500
92
1500
92
1500
92
1500
92
1500
92
1500
92
1500
92
1500
92
1500
92
1500
92
1500
1500
132
1500
92
1500
92
1500
92
1500
92
1500
92
1500
92
1500
1500
132
1500
1500
132
1500
92
1500
92
1500
92
1500
92
1500
92
1500
92
1500
92
1500
92
1500
92
1500
92
1500
92
1500
92
1500
92
1500
92
1500
92
1500
92
1500
92
1500
92
1500
92
1500
92
1500
92
1500
92
1500
92
1500
92
1500
92
1500
92
1500
92
1500
92
1500
92
1500
92
1500
92
1500
1212
-516
388
-628
1500
92
1500
92
1500
92
1500
92
1500
92
1500
92
1500
92
116
1500
92
1500
92
1500
92
1500
92
1500
92
1500
92
1500
92
1500
284
356
-100
1500
92
1500
92
996
1500
156
100
-900
1092
-980
1460
-516
356
1500
92
1500
236
116
-148
100
-484
468
-516
1236
-596
1140
-612
676
-468
420
-180
100
-660
676
116
-148
116
100
-932
-676
404
1500
476
1500
1500
132
1500
92
1500
92
1500
92
1500
92
1500
92
1500
92
1500
92
1500
92
1500
92
1500
92
1500
92
1500
92
1500
92
1500
92
1500
92
1500
92
1500
92
1500
92
1500
92
1500
92
1500
92
1500
92
1500
92
1500
92
1500
92
1500
92
1500
92
1500
92
1500
92
1500
92
1500
1500
132
1500
92
1500
1500
132
292
1500
1500
1500
1500
1500
1500
1500
1500
1500
780
-692
404
436
1500
92
1500
92
1500
92
1500
92
1500
92
1500
92
1500
92
1500
92
1500
92
1500
92
1500
92
1500
92
116
1500
92
1500
92
1500
92
1500
92
1500
92
1500
92
1500
92
1500
92
-100
1500
92
1500
92
1500
92
1500
1500
100
1500
1500
1500
1500
1500
1500
1500
1500
1500
1500
1500
1500
1500
1500
1500
1500
1500
1500
148
1500
92
1500
1500
1500
1084
116
-436
244
-660
676
-692
404
436
1500
92
1500
92
1500
92
1500
1500
1500
1500
1500
1500
100
1500
92
1500
92
1500
92
1500
92
1500
92
1500
92
1500
92
1500
92
1500
92
1500
92
1500
92
1500
1500
1500
1500
1500
1500
1500
1500
100
1500
92
1500
92
1500
92
1500
92
1500
92
1500
92
1500
92
1500
92
1500
92
1500
92
1500
92
1500
92
-100
1500
92
1500
92
1500
1500
1500
1500
100
1500
92
1500
1036
-660
676
-692
404
436
1500
92
1500
92
1500
92
1500
92
1500
92
1500
92
1500
92
1500
92
1500
92
1500
92
1500
92
1500
92
1500
1500
1500
92
1500
1500
1500
1500
100
1500
1500
1500
1500
100
1500
92
1500
1500
1500
1500
1500
1500
100
1500
92
1500
92
1500
92
1500
92
1500
1500
1500
1500
100
1500
92
1500
1500
1500
92
1500
92
1500
1500
1500
92
1500
92
1500
92
724
-660
676
-660
676
-660
676
-692
404
1500
1500
436
1500
1500
1500
1500
100
1500
92
1500
92
1500
92
-100
1500
92
1500
92
1500
92
1500
92
1500
92
1500
92
1500
1500
1500
1500
100
1500
1500
132
1500
1500
1500
1500
1500
92
1500
92
1500
92
1500
92
1500
92
1500
92
1500
1500
1500
1500
1500
1500
100
1500
92
1500
92
1500
92
1500
1500
1500
1500
100
1500
1500
1500
92
1500
92
692
-660
676
-660
676
-692
372
-660
676
-692
404
436
1500
92
1500
92
1500
92
1500
92
1500
92
1500
92
1500
92
1500
92
1500
92
1500
92
1500
92
1500
92
1500
92
1500
92
1500
92
1500
92
1500
92
1500
92
1500
92
1500
92
1500
92
1500
92
1500
92
1500
92
1500
92
1500
92
1500
92
-100
1500
92
1500
92
1500
92
1500
92
1500
92
1500
92
1500
92
1500
92
1500
92
1500
92
1500
92
1500
92
1500
92
1500
92
1500
92
1500
92
1500
92
1500
92
1500
92
1500
92
1188
-660
676
-660
676
-660
676
-692
404
436
1500
92
1500
92
1500
92
1500
92
1500
92
1500
92
1500
92
1500
92
1500
92
1500
1500
100
1500
1500
1500
1500
1500
92
1500
1500
132
1500
92
1500
92
1500
92
1500
92
1500
92
1500
92
1500
92
1500
92
1500
92
1500
92
1500
92
1500
92
1500
92
1500
92
1500
92
1500
92
1500
1500
1500
1500
1500
1500
100
1500
1500
1500
1500
1500
92
1500
92
1500
92
-100
1252
-660
676
-148
100
-628
276
-660
676
-692
404
436
1500
92
1500
92
1500
92
1500
92
1500
92
1500
92
1500
92
1500
92
1500
92
1500
92
1500
92
1500
92
1500
92
1500
92
1500
92
1500
92
1500
92
1500
92
1500
92
1500
92
1500
92
1500
92
1500
92
1500
92
1500
92
1500
92
1500
92
1500
92
1500
92
1500
92
1500
92
1500
92
1500
92
1500
92
1500
92
1500
92
1500
92
1500
92
1500
92
1500
92
1500
92
1500
92
1500
92
1500
92
1500
92
1500
92
1500
92
1500
92
708
-660
676
-660
676
-660
676
-692
404
436
1500
92
1500
92
1500
92
1500
92
1500
92
1500
92
1500
92
1500
92
1500
92
1500
92
1500
92
1500
92
1500
92
1500
92
1500
92
1500
92
-100
1500
92
1500
92
1500
92
1500
92
1500
92
1500
92
1500
92
1500
92
1500
92
1500
92
1500
92
1500
92
1500
92
1500
92
1500
92
1500
92
1500
1500
1500
172
1500
92
1500
92
1500
92
1500
92
1500
1500
132
1500
1500
132
1500
92
1500
92
1500
92
1500
92
1172
-660
676
-660
676
-660
676
-692
404
436
1500
92
1500
92
1500
92
1500
92
1500
92
1500
92
1500
92
1500
92
1500
92
1500
92
1500
92
1500
92
1500
92
1500
92
1500
92
1500
92
1500
92
1500
92
1500
92
1500
92
1500
92
1500
92
1500
92
1500
92
1500
92
1500
92
1500
92
1500
92
1500
92
1500
92
1500
92
1500
92
1500
92
1500
92
1500
92
1500
92
1500
92
-100
1500
92
1500
92
1500
92
1500
92
1500
92
1500
92
1500
92
1500
92
1500
92
1300
-660
676
-660
676
-660
676
-692
404
436
1500
92
1500
92
1500
92
1500
92
1500
92
1500
92
1500
92
1500
92
1500
92
1500
92
1500
92
1500
92
1500
92
1500
92
1500
92
1500
92
1500
92
1500
92
1500
92
1500
92
1500
92
1500
92
1500
92
1500
92
1500
92
1500
92
1500
92
1500
92
1500
92
1500
92
1500
92
1500
92
1500
92
1500
92
1500
92
1500
92
1500
92
1500
92
1500
92
1500
92
1500
92
1500
92
1500
92
1500
92
1500
92
1500
92
1500
92
1500
92
500
-660
676
-660
676
-660
676
-692
404
436
1500
92
1500
92
1500
92
1500
92
-100
1500
92
1500
92
1500
92
1500
92
1500
92
1500
92
1500
92
1500
92
1500
92
1500
92
1500
92
1500
92
1500
92
1500
92
1500
92
1500
92
1500
92
1500
92
1500
92
1500
92
1500
92
1500
92
1500
92
1500
92
1500
92
1500
92
1500
92
1500
92
1500
92
1500
92
1500
92
1500
92
1500
92
1500
92
1500
92
1500
92
1500
92
1500
92
1500
92
1500
92
1500
92
1500
92
1500
92
1156
-660
676
-660
676
-692
404
436
1500
92
1500
92
1500
92
1500
92
1500
92
1500
92
1500
92
1500
92
1500
92
1500
92
1500
92
1500
92
1500
92
1500
92
1500
92
1500
92
1500
92
1500
92
1500
92
1500
92
1500
92
1500
92
1500
92
1500
92
-100
1500
92
1500
92
1500
92
1500
92
1500
92
1500
92
1500
92
1500
92
1500
92
1500
92
1500
92
1500
92
1500
92
1500
92
1500
92
1500
92
1500
92
1500
92
1500
92
1500
92
1500
92
1500
92
1500
92
1500
92
1140
-660
676
-116
-660
676
-660
676
-692
404
436
1500
92
1500
92
1500
92
1500
92
1500
92
1500
92
1500
92
1500
92
1500
92
1500
92
1500
92
1500
92
1500
92
1500
92
1500
92
1500
92
1500
92
1500
92
1500
92
1500
92
1500
92
1500
92
1500
92
1500
92
1500
92
1500
92
1500
92
1500
92
1500
92
1500
92
1500
92
1500
92
1500
92
1500
92
1500
92
1500
92
1500
92
1500
92
1500
92
1500
92
1500
92
1500
92
-100
1500
92
1500
92
1500
92
1500
1500
132
1500
476
-660
676
-660
676
-660
676
-148
100
-628
276
-692
404
436
1500
92
1500
92
1500
92
1500
92
1500
92
1500
92
1500
92
1500
92
1500
92
1500
92
1500
92
1500
92
1500
92
1500
92
1500
92
1500
92
1500
92
1500
92
1500
92
1500
92
1500
92
1500
92
1500
92
1500
92
1500
92
1500
92
1500
92
1500
92
1500
92
1500
92
1500
92
1500
92
1500
92
1500
92
1500
92
1500
92
1500
92
1500
92
1500
92
1500
92
1500
92
1500
92
1500
92
1500
92
1500
92
1500
92
1500
92
1188
-660
676
-660
676
116
-372
116
116
116
116
116
244
-148
116
116
244
