-148
100
-452
1540
1540
1540
1668
1540
1500
124
1540
1540
1540
1540
1540
1500
92
1500
92
1540
1500
1500
1500
6124
-148
100
-500
1540
-148
1540
1540
1540
1540
1540
1540
1540
1540
1540
1540
1540
1540
1540
1540
1540
1108
1500
1500
180
1540
1540
-644
1540
-148
1540
1540
1500
92
1500
92
1540
1540
1540
1540
1540
1540
1540
1540
1500
92
1540
1540
1540
1540
1540
1540
1540
1540
1588
1540
1540
948
-500
1540
1540
1540
1540
1540
1540
1540
1500
92
1500
92
1540
1540
1540
1796
1540
1540
1540
1500
92
1540
1540
788
-484
1412
-1284
100
-692
1540
-148
1540
1540
1500
92
1540
1540
1540
1540
1332
1500
1500
132
1500
92
1500
140
1540
1540
1540
1540
-1332
1540
1500
92
1540
1500
92
1540
1540
-148
660
1500
1500
132
1540
1540
1076
1500
796
1500
92
1500
1500
132
1540
1540
1500
92
1540
1540
1540
1500
1500
1500
172
1500
1580
1540
1588
1540
1540
1500
92
1500
1500
132
1540
1540
1540
1500
1500
1500
1500
1500
4716
1500
1500
132
1500
-916
1500
132
1540
1540
1540
-148
1540
1540
1540
1540
1540
1540
1540
1540
1540
1540
1540
1540
1540
1540
1540
1540
1540
1500
92
1540
1540
1500
1500
1500
1500
1500
7292
7292
1500
7292
7292
2948
7292
7292
3108
1540
1500
1500
1500
1500
1500
348
-100
1540
1500
1500
1500
1500
1500
1500
1500
1500
-564
1500
7292
7292
5276
3028
1500
1500
1500
-100
1500
212
1500
1500
1500
1500
1500
1500
1500
332
1500
1500
-148
132
1500
1500
1500
172
1500
1500
1500
1500
212
1540
1540
1500
92
1500
92
1540
1540
1540
1540
1540
1540
1540
1540
1540
772
1500
1500
132
1540
1540
468
1500
1500
1500
1500
1500
1500
1500
1500
1500
1500
7292
7292
7292
2892
4516
1540
1540
1500
1500
1500
1500
1500
1500
292
1500
1500
132
1540
1540
1500
92
1500
1500
1500
1500
1500
1500
292
1500
396
100
-1500
-588
1500
1260
1500
92
1500
92
1500
828
1500
1500
132
1540
1500
92
1540
1540
1780
-692
1540
1540
1500
92
1540
1540
1540
1500
92
1540
1540
1540
1540
1540
1540
1540
1540
1540
1540
1540
1500
92
1540
1540
1540
1500
92
1540
1076
-628
1540
-436
1500
92
1860
1428
1500
188
-548
1540
1500
92
1124
-1500
-956
-1156
1540
1500
92
1540
1540
1540
1540
1540
1540
1540
1540
1540
1540
1540
1540
1540
1540
1500
1500
1500
7292
3348
1540
1540
1500
92
1500
92
1540
1540
1540
1540
1540
1540
1732
1540
1540
1500
92
1500
92
1540
1540
1540
1540
1540
1540
1540
1540
1540
1500
268
-148
100
-756
548
-148
100
-612
-500
1540
1500
92
1540
1332
-452
1540
-148
1540
2996
1540
1140
100
-612
1332
-148
100
-1500
-148
532
132
-884
1044
-116
-148
100
-612
-148
100
-772
1540
1500
92
1500
92
1540
1540
1796
1332
-772
1540
1500
92
1500
1500
132
1540
1860
-148
100
-4396
-780
1540
1540
1540
1540
1540
1540
1540
1500
92
1540
1540
1540
1540
1540
1540
1540
1500
92
1540
1540
1540
1500
92
1540
1540
1500
92
1500
92
1540
1540
1540
1540
1540
1540
1540
1540
1540
-100
1540
1540
1540
1540
1540
1540
1540
1540
1500
92
1540
1500
92
1500
92
1540
1540
1540
1540
1500
92
1540
1540
1540
1540
1500
92
1540
1540
1540
1540
1540
1540
1500
92
1540
1540
1540
1540
1540
1540
1540
1540
1540
1500
92
1540
1540
1540
1500
92
1540
1540
1500
92
1500
92
1500
92
1500
92
1540
1540
92
1540
1540
1540
1540
1540
1500
92
1540
1540
1500
92
1500
92
1500
92
1540
1540
1540
1500
92
1540
1540
1500
92
1500
92
1540
1540
1540
1540
1540
1500
92
1540
1540
1540
1540
1540
1540
1540
1540
1540
1540
1540
1540
1540
1540
1500
92
772
1500
92
1500
1500
132
1500
92
1540
1540
1540
1540
1500
92
1500
92
1540
1540
1500
92
1540
-100
1540
1540
1540
1500
92
1540
1500
92
1500
92
1540
1500
92
1500
92
1540
1540
1540
1500
92
1540
1540
1540
1540
1500
92
1540
1540
1540
1500
92
1500
92
1540
1540
1540
1540
1300
1332
-116
-724
1540
1540
1540
1540
1540
1588
-148
100
-1044
1540
1540
1700
-100
1332
-1492
-148
100
-564
724
-148
788
100
-612
-660
404
1332
-116
-148
100
-612
1332
-148
100
-612
1332
-148
100
-612
1332
-148
100
-612
1332
-148
100
-612
1332
-148
100
-612
1332
-148
100
-612
1332
-148
100
-612
1332
-148
100
-612
1332
-148
100
-612
1332
-148
100
-612
1332
-148
100
-612
1332
-148
100
-612
1332
-148
100
-612
1332
-148
100
-612
1332
-148
100
-612
1332
-148
100
-1060
276
1332
-116
-148
100
-612
1332
-148
100
-612
1332
-148
100
-612
1332
-148
100
-612
1332
-148
100
-612
1332
-148
100
-612
1332
-148
100
-612
1332
-148
100
-612
1332
-148
100
-612
1332
-148
100
-612
1332
-148
100
-612
1316
-148
100
-612
1332
-148
100
-612
1332
-148
100
-612
1332
-148
100
-612
1332
-148
100
-612
1332
-148
100
-612
1332
-148
100
-612
1332
-148
100
-612
1332
-148
100
-612
1332
-148
100
-612
1332
-148
100
-612
1332
-148
100
-612
1316
-148
100
-612
1332
-148
100
-612
1332
-148
100
-612
1332
-148
100
-612
1332
-148
100
-612
1332
-148
100
-612
1332
-148
100
-612
1332
-148
100
-612
1332
-148
100
-612
1332
-148
100
-612
1332
-148
100
-612
1332
-148
100
-612
1332
-148
100
-612
1316
-148
100
-612
1332
-148
100
-612
1332
-148
100
-612
1332
-148
100
-612
1332
-148
100
-612
1332
-148
100
-612
1332
-148
100
-612
1332
-148
100
-612
1332
-148
100
-612
1332
-148
100
-612
1332
-148
100
-612
1332
-148
100
-612
1332
-148
100
-612
1332
-148
100
-612
1332
-148
100
-612
1332
-148
100
-612
1316
-148
100
-612
1332
-148
100
-612
1332
-148
100
-612
1332
-148
100
-612
1332
-148
100
-612
1316
-148
100
-612
1332
-148
100
-612
1332
-148
100
-612
1332
-148
100
-612
1332
-148
100
-612
1332
-148
100
-612
1332
-148
100
-612
1332
-148
100
-612
1332
-148
100
-612
1332
-148
100
-612
1332
-148
100
-612
1332
-148
100
-612
1332
-148
100
-612
1332
-148
100
-612
1332
-148
100
-612
1332
-148
100
-612
1332
-148
100
-612
1332
-148
100
-612
1332
-148
100
-612
1332
-148
100
-612
1332
-148
116
100
-612
1332
-148
100
-612
1332
-148
100
-612
1332
-148
100
-612
1332
-148
100
-612
1332
-148
100
-612
1332
-148
100
-612
1332
-148
100
-612
1332
-148
100
-612
1332
-148
100
-612
1332
-148
100
-612
1332
-148
100
-612
1332
-148
100
-612
1332
-148
100
-612
1332
-148
100
-612
1332
-148
100
-612
1332
-148
100
-612
1332
-148
100
-612
1332
-148
100
-612
1332
-148
100
-612
1332
-148
100
-612
1332
-148
100
-612
1332
-148
100
-612
1316
-148
100
-612
1332
-148
100
-612
1332
-148
100
-612
1332
-148
100
-612
1332
-148
100
-612
1332
-148
100
-612
1332
-148
100
-612
1332
-148
100
-612
1332
-148
100
-612
1332
-148
100
-612
1332
-148
100
-612
1332
-148
100
-612
1332
-148
100
-612
1332
-148
100
-612
1332
-148
100
-612
1332
-148
100
-612
1332
-148
100
-612
1332
-148
100
-612
1332
-148
100
-612
1332
-148
100
-612
1332
-148
100
-612
1332
-148
100
-612
1332
-148
100
-612
1332
-148
100
-612
1332
-148
100
-612
1332
-148
100
-612
1332
-148
100
-612
1332
-148
100
-612
1332
-148
100
-612
1332
-148
100
-612
1332
-148
100
-612
1332
-148
100
-612
1332
-148
100
-612
1332
-148
100
-612
1332
-148
100
-612
1316
-148
100
-612
1332
-148
100
-612
1332
-148
100
-612
1316
-148
100
-612
1332
-148
100
-612
1332
-148
100
-612
1332
-148
100
-612
1332
-148
100
-612
1316
-148
100
-612
1332
-148
100
-612
1332
-148
100
-612
1332
-148
100
-612
1332
-148
100
-612
1332
-148
100
-612
1332
-148
100
-612
1332
-148
100
-612
1332
-148
100
-612
1332
-148
100
-612
1332
-148
100
-612
1332
-148
100
-612
1332
-148
100
-612
1332
-148
100
-612
1332
-148
100
-612
1332
-148
100
-612
1332
-148
100
-612
1332
-148
100
-612
1332
-148
100
-612
1332
-148
100
-612
1332
-148
100
-612
1332
-148
100
-612
1332
-148
100
-612
1332
-148
100
-612
1332
-148
100
-612
1332
-148
100
-612
1332
-148
100
-612
1332
-148
100
-612
1332
-148
100
-612
1332
-148
100
-612
1332
-148
100
-612
1332
-148
100
-612
1332
-148
100
-612
1332
-148
100
-612
1332
-148
100
-612
1332
-148
100
-612
1332
-148
100
-612
1332
-148
100
-612
1316
-148
100
-612
1332
-148
100
-612
1332
-148
100
-612
1332
-148
100
-612
1332
-148
100
-612
1332
-148
100
-612
1332
-148
100
-612
1332
-148
100
-612
1316
-148
100
-612
1332
-148
100
-612
1332
-148
100
-612
1332
-148
100
-612
1332
-148
100
-612
116
116
1332
116
