-148
100
-452
1500
92
1500
92
1500
92
612
-116
-148
100
-580
884
-148
100
-436
1500
-148
108
1500
620
100
-452
1500
-148
108
1500
108
1500
1500
164
1076
-468
532
-148
100
-436
1476
-148
100
-452
1500
-148
108
1500
108
1500
1500
164
1500
108
1500
108
1500
108
1500
108
1500
108
1500
108
1500
108
1500
108
1500
156
1500
108
1500
108
1500
108
-484
1500
-148
108
1500
108
1500
108
1500
1500
164
1500
108
1500
108
1500
108
1500
108
1500
108
1500
108
1500
108
1500
108
1500
108
1500
108
1500
108
1500
108
1500
108
1500
108
1500
108
1500
108
1500
108
1500
108
1500
108
1500
108
1500
108
1500
108
1500
108
1500
108
1500
156
1500
108
1500
108
1500
1500
1500
1500
1500
1500
1500
1500
500
1500
1500
1500
-500
1500
324
1500
-148
108
1500
108
1500
1500
164
1500
108
1500
108
1500
108
1500
108
1500
108
1500
108
1500
108
1500
108
1500
108
1500
108
1500
108
1500
108
1500
108
1500
108
1500
108
1500
108
1500
108
1500
108
1500
108
1500
108
1500
108
1500
108
1500
108
1500
108
1500
108
1500
108
1500
108
1500
108
1500
108
1500
108
1500
108
1500
108
1500
108
1500
108
1500
108
1500
108
1500
108
1500
108
1500
108
1500
108
1500
108
1500
108
1500
108
1500
108
1500
108
1500
108
1500
108
1500
108
1500
108
1500
108
1500
108
1500
108
1500
108
1500
108
1500
108
1500
108
1500
108
1500
108
1500
108
1500
108
1500
108
1500
108
1500
108
1500
108
1500
108
1500
108
1500
108
1500
108
1500
108
1500
108
1500
108
1500
108
1500
108
1500
108
1500
108
1500
108
1500
108
1500
108
-100
1500
108
1500
108
1500
108
1500
108
1500
108
1500
1500
1500
220
1500
108
1500
108
1236
1500
1500
164
1500
108
1500
108
1500
108
1500
108
1500
108
1500
108
1500
108
1500
108
1500
108
1500
108
1500
108
1500
108
1500
108
1500
108
1500
108
1500
108
1500
108
1500
108
1500
108
1500
108
1500
108
1500
108
1500
108
1500
108
1500
108
1500
108
1500
108
1500
108
1500
108
1500
108
1500
108
1500
108
1500
108
1500
108
1500
108
1500
108
1500
108
1500
108
1500
108
1500
108
1500
108
1500
108
1500
108
1500
108
1500
108
1500
108
1500
108
1500
108
1500
108
1500
108
1500
108
1500
108
1500
108
1500
108
1500
108
1500
108
1500
108
1500
108
1500
108
1500
108
1500
108
1500
108
1500
108
1500
108
1500
108
1500
108
1500
108
1500
108
1500
108
1500
108
1500
108
1500
108
1500
108
1500
108
1500
108
1500
108
1500
108
1500
108
1500
108
1500
108
1500
108
-100
100
-1500
-380
1500
108
1500
1500
164
1500
1500
1500
1500
1500
1500
388
1500
1500
164
1500
1500
164
1500
108
1500
108
1500
108
1500
108
1500
108
1500
108
1500
108
1500
108
1500
108
1500
108
1500
108
1500
108
1500
108
1500
108
1500
108
1500
108
1500
108
1500
108
1500
108
1500
108
1500
108
1500
108
1500
108
1500
108
1500
108
1500
108
1500
108
1500
108
1500
108
1500
1500
164
1500
1500
164
1500
108
1500
108
1500
108
1500
108
1500
396
1500
108
1500
108
1500
108
1500
108
1500
108
1500
1500
1500
1500
1500
1500
1500
1500
1500
1500
1500
556
1500
1500
1500
1500
1500
1500
1500
1500
1500
1500
1500
556
1500
1500
1500
1500
1500
1500
1500
1500
1500
1020
1500
108
-100
1500
108
1500
108
1500
108
1500
108
1500
108
1500
108
1500
108
1500
108
1500
108
1500
108
1500
108
1500
108
1500
108
1500
108
804
1500
108
1500
364
1500
1500
164
1500
492
-148
1500
92
1500
92
1500
92
100
-436
1500
1500
1500
1500
1500
92
1500
476
1500
1500
1500
1500
1500
1500
1500
516
-148
100
-1500
-1084
-148
1500
108
1500
108
1500
156
1500
348
1500
108
1500
636
-1476
1500
108
-148
1412
1500
108
1500
108
1500
1500
164
1500
156
1500
108
1500
108
1500
108
1500
108
1500
108
1500
108
1500
108
1500
108
1500
108
1500
108
1500
108
1500
108
1500
108
1500
108
1500
108
1500
108
1500
108
1500
108
1500
108
548
500
100
-548
-148
1500
140
1500
92
1204
1500
316
100
-660
324
-148
644
-724
1500
-148
1500
1500
1500
1500
1500
1500
1500
1500
1500
1500
1500
1500
1500
1500
108
-868
116
1500
1500
1500
1500
1500
1500
1500
1500
1500
1500
1500
1500
1500
1500
1500
-148
1500
1500
1500
1500
1500
1500
1500
1500
1500
1500
100
-692
612
-148
1500
1500
1500
1500
1500
1500
1500
1500
1500
1500
1500
1500
1500
1500
1500
1500
1500
108
-756
1500
-148
1500
1500
1500
1500
1500
1500
1500
1500
1500
1500
1500
1500
1500
1500
1500
1500
1500
1500
1500
1500
1500
1500
116
1500
1500
1500
1500
1500
1500
-100
1500
1500
1500
1500
1500
92
1500
92
1500
92
1500
140
-708
1500
92
1500
92
1500
92
1500
92
1500
92
1500
92
1500
92
1500
92
1500
92
1500
92
1500
92
1500
92
1060
1500
1500
316
1500
92
1500
1500
132
1500
92
1500
1500
1500
1500
92
1500
92
1500
92
1500
92
1500
92
1500
92
1500
92
1500
92
1500
1500
132
1500
1500
132
1500
1500
1500
1500
1452
1500
1500
1500
1500
1500
1500
1500
1500
1500
1500
1500
1500
1500
1500
1500
1500
1500
1500
1500
1500
1500
1500
1500
1500
1500
1500
1500
1500
1500
1500
1500
1500
1500
1500
1500
1500
1500
1500
1500
1500
1500
1500
1500
1500
1500
1500
1500
1500
1500
-100
1500
1500
1500
1500
1500
1500
1500
1500
1332
-116
-436
244
-116
116
-276
116
116
116
116
116
116
116
