-148
100
-468
1500
108
1500
108
-148
100
1500
1436
1500
-500
740
-148
100
-500
1500
-148
108
1316
-500
-148
740
1500
140
1500
508
-500
1500
-148
380
1500
844
1500
1500
164
1500
1500
1500
1500
276
-500
1500
-148
108
1500
492
1500
92
1500
1500
420
-500
740
-148
1500
108
1500
108
1444
1500
156
1500
1500
164
1500
108
1500
108
1500
108
1500
108
1500
108
1500
108
100
-500
740
-148
100
-500
1500
-148
108
1500
108
1500
1500
164
1500
108
1500
108
1500
108
1500
108
1500
108
1500
108
1500
108
1500
108
1500
1500
164
1500
108
1500
108
1500
108
1500
108
1500
108
1500
108
1500
796
100
-500
740
-148
100
-500
1500
-148
108
1500
1500
164
1500
108
1476
788
-1332
1500
-148
92
1500
92
1500
1500
132
1500
92
1500
92
1500
92
1500
92
1500
92
1500
140
1500
92
692
-1500
-860
-148
1500
92
1500
92
1500
1500
132
1500
92
1500
92
1500
92
1500
92
1500
92
1500
92
1500
92
1500
92
1500
92
1500
92
1500
92
1500
92
1500
92
1500
92
1500
92
916
100
-516
1108
-1412
-500
1500
92
1500
1500
132
1500
92
1500
92
1500
92
1092
1500
92
1500
1500
132
1500
1500
132
1500
92
1500
92
1500
92
1500
92
1500
92
1500
92
1500
92
1500
92
1500
92
1500
92
1500
92
1500
92
1500
92
1500
92
1500
92
1500
92
1500
92
1500
92
1500
92
1500
1500
132
1500
92
1500
92
1500
1196
-516
-1500
-908
708
-660
884
-148
1500
92
948
1500
140
1500
1292
-980
932
900
-516
-1500
-236
916
-692
1500
92
1500
92
1500
92
1500
1500
132
1500
92
1500
92
1500
92
1500
92
1500
92
1500
92
1500
92
1500
92
1500
92
1500
92
1500
92
1500
92
1500
92
1500
1500
132
1500
92
1500
1500
132
1500
1500
1500
1500
1500
252
1500
1500
132
1500
92
1500
140
1500
1500
132
1500
92
1500
1500
1500
1500
292
1500
1500
-2948
-1012
132
1500
92
1500
92
1500
1500
132
1500
92
1500
92
1500
92
1500
92
1500
92
1500
92
1500
92
1500
92
1500
92
1500
92
1500
188
-596
1500
92
1500
92
1500
92
1500
92
1500
92
1500
92
1500
92
1500
92
1500
1500
132
1500
92
1500
92
1500
1500
132
1500
92
1500
92
1500
92
1500
1500
132
1500
92
1500
92
1500
1500
132
1500
1500
132
1500
1500
132
1012
-596
1500
92
1500
92
1500
92
1500
92
1500
588
-596
1500
92
1500
92
1500
940
1500
92
1060
1500
92
1500
1500
132
1500
92
1500
92
1500
92
1500
92
1500
92
1500
92
1500
92
1500
92
1500
92
1500
1500
132
1500
92
1500
780
1500
1500
1500
172
1500
1500
132
1500
988
1500
92
1500
92
1500
1500
132
1500
1500
132
1500
92
1500
1500
132
1500
1500
132
1500
92
1500
92
1500
92
1500
92
1500
92
1500
92
1500
1500
132
1500
1500
132
1500
1500
1500
172
1500
1500
132
1500
732
-596
1500
92
1500
1500
132
1500
1500
1500
172
1500
1500
132
1500
92
1500
92
1500
1500
132
1500
92
1500
92
1500
92
1500
92
1500
92
1500
92
1500
1500
132
1500
1500
132
1500
1500
132
1500
1500
1500
172
1500
1500
132
1500
1500
132
1500
1500
132
1500
1500
132
1500
92
1500
1500
132
1500
92
1500
1500
132
1500
92
1500
1500
132
1500
1500
132
1500
1500
820
1500
1500
132
1500
1500
1500
1500
212
1500
1500
1500
172
-596
1500
92
1500
92
1500
1500
132
1500
1500
132
1500
1500
132
1500
1500
132
1500
1500
1500
172
1500
524
1500
1500
132
1500
92
1500
92
1500
92
1500
1500
1500
1500
212
1500
92
1500
92
1500
92
1500
92
1500
1500
1500
1500
212
1500
1500
276
1500
1500
132
1500
92
1500
92
-100
1500
92
1500
92
1500
92
1500
92
1500
92
1500
92
1500
92
1172
1500
1500
132
1500
92
1500
92
1500
92
1500
1500
132
1500
92
1500
92
1500
92
1500
92
1500
92
1500
92
1500
92
1500
92
1500
92
1500
92
1500
92
1500
92
1500
1500
132
1332
1500
1500
132
1500
1500
132
1500
1500
1500
172
1500
1500
132
1500
92
1500
92
1500
428
1500
92
1500
92
1500
1500
132
1500
92
1500
92
1500
92
1500
92
1500
1500
132
820
-1500
-924
932
-1412
1500
92
1500
92
1092
-468
1396
-148
100
-2948
-452
1500
-148
92
1500
1500
1500
172
1500
92
1500
1500
132
1500
92
-100
1500
92
1500
92
1500
92
1500
92
1500
92
1500
92
1500
92
1500
92
1500
92
1500
92
1500
92
1500
92
1500
92
1500
92
100
-580
724
1500
1500
132
1500
92
1500
92
1500
92
1500
1500
132
1500
92
1500
92
1500
92
1500
92
1500
1500
132
1500
92
1500
92
1500
92
1500
92
1500
92
1500
92
1500
92
1500
92
1500
92
548
1500
92
1500
1500
132
1500
92
1500
92
1500
300
-708
1500
-676
92
1500
1500
132
1500
92
1444
-1500
-620
404
1500
1500
132
1500
92
1500
92
1500
92
1500
92
1500
92
1500
92
1500
92
1500
92
1500
1500
132
1500
92
1500
92
1500
92
1500
1500
1500
172
1500
92
1500
92
1500
92
1500
92
1500
92
1500
1148
-1500
-508
1500
92
1500
92
1500
92
1500
92
1500
92
1500
92
1500
92
1500
92
1500
92
1500
92
1500
92
1500
92
1500
92
1500
92
1500
92
1500
92
1500
92
1500
92
1500
92
1500
92
1500
1500
132
1500
92
1500
92
1500
92
1500
92
1500
1500
1500
172
1500
1500
132
1500
92
1500
1500
132
1500
1500
132
1500
92
1500
92
1500
92
1500
92
1500
92
1500
92
1500
92
1500
1500
132
1500
92
1500
92
1500
92
1500
1500
132
1500
92
1500
1164
-100
-820
-148
100
-740
1044
948
1500
92
1500
108
1500
1500
108
804
-1396
1300
-516
1500
-148
476
100
-708
1204
-1500
-428
1500
204
884
-148
100
-580
1172
-548
1500
92
1500
92
1500
92
1500
92
1500
92
1500
92
1500
1500
132
1500
92
1500
92
1500
92
1500
92
1500
92
1500
92
1500
92
1500
1500
132
1500
92
1500
92
1500
92
1500
92
1500
92
1500
92
1500
92
1500
92
1500
92
-100
820
-644
1500
92
1500
92
1500
92
1500
92
1500
92
1500
92
1500
92
1500
92
1500
92
1500
92
1500
92
1500
92
1500
92
1500
92
1500
92
1500
92
1500
92
1500
92
1500
92
1500
92
1500
92
1500
1500
132
1500
1500
132
1500
108
-100
100
-740
-148
548
132
-548
-148
580
100
-4396
-556
-148
1500
92
1500
1500
356
1500
92
1500
1500
132
836
1500
92
1500
188
1500
124
1500
92
1500
1500
132
1500
92
1500
92
1500
92
1500
1500
228
1500
1500
132
1500
1020
-516
1500
-148
156
1012
-516
-148
1500
364
100
-500
-148
100
-516
1500
-148
92
820
-516
1500
-148
92
1500
92
1500
1500
132
1500
92
1500
92
1500
92
1500
92
1500
92
1500
92
1500
92
1500
92
1500
92
1500
92
1500
92
1500
140
1500
92
1500
-644
1100
1500
-148
1500
644
1500
92
1500
92
1500
92
1500
92
1500
1500
132
1500
92
1500
412
-324
-148
1500
92
1500
316
100
-532
1284
-148
100
-1284
-148
100
-644
1204
1500
620
-292
340
-884
628
-532
1500
92
1500
92
1500
92
1500
92
1500
92
1500
92
1500
92
1500
92
1500
92
1500
92
1500
92
1500
92
1500
92
1500
92
1500
92
1500
92
1500
92
1500
92
1500
92
1500
92
1500
92
1500
92
1500
1500
132
1500
1500
132
1500
1500
132
1500
1500
132
1500
1500
132
1500
1500
132
1500
92
1500
92
1500
1500
788
-372
212
-244
148
-180
116
-148
100
-532
1500
92
1500
1500
132
1500
92
1500
92
1500
92
1500
1500
132
1500
92
1500
92
1500
92
1500
92
1500
92
1500
1500
132
1500
92
1316
-116
-692
372
-532
1500
92
1500
92
1500
92
1500
92
1500
92
1500
92
1500
92
1500
92
1500
92
1500
92
1500
92
1500
92
1500
92
1500
92
1500
652
-532
1500
92
1500
92
1500
92
1500
92
1500
92
1500
92
1500
92
1500
92
1500
92
1500
92
1500
92
1500
92
1500
92
1500
92
1500
92
1500
92
1500
92
1500
92
1500
92
1500
92
1500
92
964
-148
100
-1500
-540
1500
204
1500
108
1500
108
1500
108
1500
108
1500
108
1500
108
1500
108
1500
108
1500
108
1500
108
1500
108
1500
108
1500
108
1500
492
-148
100
-1028
1500
-148
92
1500
92
1500
1500
92
1500
92
1500
476
100
-532
1500
-148
92
1500
92
1500
1100
100
-532
1500
-148
92
1500
92
1500
620
100
-1500
-148
1500
92
1500
92
1500
716
1500
92
1236
1500
92
1500
92
1500
828
-532
1500
-148
92
1500
716
100
-532
1500
-148
92
1500
1260
100
-532
1500
-148
92
1500
1228
100
-548
1500
-148
92
1500
92
1500
588
100
-548
1500
-148
92
1500
1500
132
1108
100
-532
1500
-148
92
1500
92
1092
-548
1500
-148
92
1500
92
1500
876
100
-548
1500
-148
92
1500
1388
100
-532
1500
-148
92
1500
1500
1140
100
-532
1500
-148
92
1500
92
1500
1148
100
-548
1500
-148
92
1500
92
1500
972
100
-532
1500
-148
92
1500
92
1500
172
100
-532
1500
-148
92
1500
716
100
-532
1500
-148
92
1500
92
1500
860
100
-532
1500
-148
92
1500
92
1500
268
100
-532
-1500
-540
1500
-1492
92
1500
92
1500
412
1500
92
1500
92
1500
684
1500
92
1500
92
1500
92
1500
92
1500
1500
1396
1500
1500
1500
1420
1500
92
1500
1500
548
1500
92
1500
92
1500
92
948
1500
92
1500
92
1500
428
-548
1500
92
1500
92
1500
92
1500
92
1500
92
1500
92
1500
92
1500
92
1500
92
1500
92
1500
92
1500
92
1500
92
1500
92
1500
92
1500
92
1500
92
1500
92
1500
92
1500
92
1500
276
-1012
532
-548
1500
92
1500
92
1500
92
1500
92
1500
92
1500
92
1500
92
1500
92
1500
92
1500
92
1500
92
1500
92
1500
92
1500
92
1500
92
1500
92
1500
92
1500
92
1500
92
1500
92
1500
92
1500
92
1500
92
1500
1500
132
1500
92
1500
92
1500
92
1500
92
1500
1052
132
-532
1500
92
1500
92
1500
92
1500
92
1500
92
1500
92
1500
92
1500
92
1500
92
1500
92
1500
92
1500
92
-100
1500
92
1500
92
1500
92
1500
92
1500
92
1500
92
1500
92
1500
92
1500
1500
132
1500
92
1500
92
1500
956
-116
-148
100
-548
1500
92
1500
1500
1500
172
1500
1500
132
1500
92
1500
92
1500
92
1500
92
1500
92
1500
92
1500
92
1500
92
1500
92
1500
92
1500
92
1500
92
1500
92
1500
92
1500
92
1500
92
1500
92
1500
92
1500
92
1500
92
1500
92
1500
92
1500
92
1500
92
1500
1500
132
1500
92
1500
540
116
-308
436
-244
