-148
100
-452
1500
92
1492
1500
92
1500
92
1500
92
1500
92
1500
1500
132
1500
92
1500
92
1500
92
1500
92
1204
-148
100
-468
1500
-148
92
1500
92
1500
1500
132
1500
92
1500
92
1500
92
1500
92
1500
92
1500
140
1500
92
1500
92
1500
92
-500
1500
92
1500
92
1500
92
-148
1500
92
1500
140
100
-436
692
-148
100
-468
1500
-148
92
1500
92
1500
1500
132
1500
92
1500
92
1500
92
1500
92
1500
92
1500
92
1500
92
1500
92
1500
92
1500
364
1500
92
1500
92
1252
100
-468
1500
-148
1500
1500
1500
100
-484
1500
-148
92
1500
1052
1500
1500
1500
1500
-484
1500
1500
-148
1500
1500
1500
100
-484
1500
-148
92
1500
1500
228
100
-484
1500
-148
92
1500
1180
1500
1500
1500
1500
1500
1500
1500
1500
1500
172
-484
1500
-148
92
868
-484
-148
100
-484
1500
-148
300
1500
236
100
-484
1500
-148
92
788
-484
-148
1500
444
100
-484
1500
-148
92
1500
100
-1500
-524
-148
564
1500
92
1500
1500
100
1500
92
1500
92
1500
92
1500
92
1500
92
1500
92
1500
92
1500
92
1500
92
1500
92
1500
92
1500
188
100
-436
1500
-580
1500
1500
1500
1500
92
1500
156
1500
92
1500
92
1500
92
1500
92
1500
92
1500
92
1500
92
1500
92
1500
92
1348
-1012
1500
1500
1500
1500
1500
1500
1500
492
1156
1500
204
-148
404
100
-516
1500
-148
156
100
-484
-148
100
-1500
-364
1500
540
1500
92
1500
92
1500
92
1500
92
1500
92
1500
92
1500
92
1500
92
1500
92
1500
92
1500
92
1500
92
1236
1500
1500
132
1500
92
1012
1500
220
1500
92
1500
908
-1012
500
-484
1500
92
1500
92
1500
92
1092
-500
1500
1500
1500
1500
1500
1500
1500
1500
1500
1500
1500
1500
1500
1500
1500
1500
1500
1500
1500
1500
1500
1500
1500
1100
-148
100
-468
1500
108
1500
108
1500
108
1396
-148
100
-772
1500
92
836
-516
1500
-516
92
1500
92
1500
1500
132
1500
92
1500
92
1076
868
-484
1500
-148
236
100
-500
980
-548
1500
108
1500
108
1500
108
1500
108
1500
108
1348
-900
-148
100
-548
612
372
-564
404
-244
148
-116
-180
116
