-148
100
-452
1500
92
1500
92
1500
92
1500
92
1500
92
1500
92
1500
92
1500
92
-148
100
-1092
1500
-148
92
1500
92
1500
1500
132
1500
92
1500
92
1500
92
1500
92
1500
92
1500
140
1500
92
1500
1500
132
-500
1500
92
-148
1500
92
1500
92
1500
92
1500
92
1500
92
1500
92
1500
92
1500
92
1500
92
1500
92
1500
92
1500
92
1500
92
1500
92
1500
92
1500
92
1500
92
1500
92
1500
92
1500
92
1500
92
1500
92
1500
92
1500
92
1500
92
1500
92
1500
92
1500
92
1500
92
1500
92
1500
92
1500
92
1500
92
1500
92
1500
92
1500
92
1500
92
1500
140
-1460
1500
-148
588
1500
92
1500
1500
772
-452
1500
92
1500
92
1500
1500
132
1500
92
1500
1500
132
1500
92
1500
92
1500
92
1500
92
1500
92
1500
92
1500
92
1500
92
1500
92
1500
92
1500
1500
132
1500
92
1500
92
1500
92
1500
172
1500
92
1500
92
1500
92
1500
92
1500
92
1500
92
1500
92
1500
92
1500
92
1500
92
1500
92
1500
92
1500
1500
132
1500
92
1500
92
1500
1500
132
1500
92
1500
92
1500
1500
132
1500
92
1500
92
1500
92
1500
92
1500
92
1500
92
1500
92
1500
92
1500
92
1500
92
1500
92
1500
92
1500
92
1500
92
1500
92
1500
92
1500
1500
132
1500
92
1500
92
1500
92
1500
92
1500
92
1500
92
1500
92
1500
92
1500
92
1500
92
1500
92
1500
92
1500
92
1500
-100
92
1500
1500
132
1500
92
1500
92
1500
1500
132
1500
92
1500
92
1500
92
1500
92
1500
92
1500
92
1500
92
1500
92
1500
92
1500
92
1500
92
1500
92
1460
1500
92
1500
1500
132
1500
92
1500
92
1500
1500
132
1500
92
1500
92
1492
-148
100
-612
-148
100
-1156
948
-148
100
-1156
1500
92
1500
92
1500
92
1500
940
1500
92
1500
92
1500
1500
132
1500
92
1500
92
1500
92
740
-148
100
-1500
-668
-148
692
564
100
-1500
-300
-148
100
-1156
564
1500
92
1500
1500
132
1500
92
340
1108
724
-148
100
-1156
1500
-148
92
1500
92
1500
1500
132
1500
92
1500
92
1500
92
1500
92
1500
92
1500
140
1140
-1156
1500
508
-644
1500
1500
1236
-148
100
-964
1092
-148
100
-964
1044
-148
100
-932
1220
-532
-1500
1500
-148
92
1500
460
1500
92
1500
620
1500
1500
324
1500
92
1500
1068
100
-4396
-620
-148
1500
92
1500
92
1500
92
1500
92
1500
92
1500
92
1500
1500
132
1500
92
1500
92
724
1500
828
1500
1500
100
-2948
-932
-148
1500
92
1500
92
1500
92
1500
1500
132
1500
92
1500
92
1500
92
1500
92
1500
92
1500
92
1500
92
1500
92
660
1500
1500
756
1500
92
1500
92
1500
92
1500
1052
1500
92
1500
236
-1156
1500
-148
92
1500
1500
132
1500
92
1500
1500
132
1500
92
1500
92
1500
92
1500
92
1500
1500
132
1500
92
1500
1116
100
-1156
772
-148
1500
92
1500
92
1500
140
948
-596
-1500
-828
1500
92
1500
92
1500
412
1500
92
1500
92
1500
316
1500
92
1500
92
1500
92
1500
92
1500
92
964
1500
1500
132
1500
92
1500
460
756
-484
-1500
-428
-1500
-124
692
-1140
1044
1500
220
1500
348
-1140
676
1500
396
-980
1500
92
1500
396
-692
-148
100
-1156
1500
-148
92
1500
92
1500
1500
132
1500
92
1500
92
1500
92
1500
92
1500
92
1500
140
1500
124
-1156
596
1500
188
-692
404
-676
1500
1316
-148
100
-2948
-228
-148
1380
1500
92
1500
1500
132
1500
92
1500
1500
132
1500
92
1500
1500
132
1500
92
1500
956
1500
92
1500
92
1500
92
1500
1500
660
1500
92
1500
492
1500
92
1500
92
1500
92
1500
92
1044
1500
1500
1500
108
1500
92
1500
92
1500
636
1500
1500
1500
1500
100
-516
1500
-148
1500
1500
1500
1500
1500
1500
1500
1500
1500
628
1500
1500
100
1500
1500
1500
1500
1500
1500
1500
1500
1500
1500
1500
1500
1500
1500
1500
100
-964
1500
-148
1500
1500
1500
1500
1500
1500
1500
444
1500
1500
132
100
-7292
-988
-148
1500
1500
1500
172
1172
1500
1500
1500
172
1500
92
1500
876
1500
92
-100
1500
92
1500
92
1500
1500
644
1500
1372
1500
92
1500
92
1500
92
772
1500
92
1500
1500
132
1500
92
1500
92
1500
92
1500
1500
100
1500
92
1500
92
1500
92
1500
1500
132
1500
92
1500
92
1500
92
1500
92
1500
1500
484
1500
92
1500
92
1500
604
1500
92
1476
1500
1500
708
1500
92
1500
92
1500
92
1500
1500
1428
788
1500
92
100
-2948
-1380
116
1500
92
1500
1500
132
1500
1500
132
1500
92
1500
92
1500
92
1500
92
-148
1500
92
1500
92
1500
940
1500
92
1500
92
1500
92
1500
92
1500
92
1500
92
1500
92
1500
92
1500
1500
596
1500
92
1500
92
1500
92
1500
92
1500
396
1500
1500
540
1500
92
1500
92
1500
92
1500
92
1500
92
1500
1500
132
1500
1500
132
1500
1500
484
1500
92
1500
1500
996
100
-1380
1500
-148
92
1500
1500
132
1500
92
1500
92
1500
1500
132
1500
92
1500
1500
132
1500
92
1500
92
1500
1500
132
1500
92
1500
1500
92
1500
1500
1500
1500
1500
1500
1500
1500
1500
820
100
-452
948
1500
1500
1500
1500
-500
-1500
-396
-1500
1500
-124
92
1500
92
1500
1500
132
1500
92
1500
92
1500
92
1500
1500
1500
172
1500
476
1500
1500
260
1500
1500
1500
1500
1500
1500
1028
-1500
-396
404
-148
100
-996
116
1500
92
1500
92
1500
1500
132
-148
1500
1500
100
1500
1500
132
1500
92
1500
524
100
-932
-148
548
100
-580
324
-148
100
-1076
1500
-148
92
1500
92
1500
124
1500
1500
132
1500
92
1500
92
1500
92
1500
92
1500
1500
212
1500
92
1500
92
1500
92
1500
92
1500
92
1500
92
1500
92
1500
92
1500
92
1500
92
100
-11636
1500
-244
92
1500
1500
1316
1500
1500
612
1252
1500
92
1500
1500
132
1500
92
1500
92
1500
92
1500
92
1500
92
1500
1500
132
1500
540
1500
1500
116
1500
1500
132
1500
1500
132
1500
92
1500
1500
132
1500
1500
132
1500
444
1500
1500
948
1500
92
1500
92
1500
1500
132
1500
92
1348
-180
116
100
-452
916
-148
100
-1076
452
116
-1500
-828
1500
-1156
92
1500
1308
1500
796
1500
284
-468
1500
92
1500
252
-516
1500
-148
92
1500
92
1500
1500
132
1500
92
1500
1500
132
1500
92
1500
92
1500
92
1500
92
1012
1500
1500
132
1500
92
1500
92
1500
508
-500
1500
-148
220
164
-516
-148
100
-516
1500
1500
1500
1500
1500
1500
132
1500
1500
1500
1500
1500
1500
1500
1500
1500
1500
1500
1500
1500
1500
1500
1500
1500
1500
1500
1500
1500
1500
1500
1500
1500
1500
1500
1500
1500
1500
1500
1500
892
-436
1500
92
1500
92
1500
92
1500
92
1500
92
1500
92
1500
-100
92
1500
92
1500
1500
1500
1036
-1044
1500
92
1500
1500
132
1500
92
1500
1340
1500
1500
1500
1500
92
980
1500
1500
1500
1500
1500
1500
1500
1500
1500
1500
1500
1500
1500
1500
1500
1500
1500
1500
1500
1500
1500
1500
1500
1500
1500
1500
1500
1500
1500
1500
1500
1500
1500
1500
1500
1500
1500
1500
716
116
-148
100
-564
980
-148
116
100
-500
-676
116
484
-916
516
-148
260
100
-1500
-716
1500
332
-1500
-1100
-1500
-908
404
884
-644
404
116
-612
116
116
100
-452
548
1500
1500
132
1500
92
1500
92
564
-212
116
116
100
-980
276
-148
164
-820
100
-484
276
-148
404
-1500
-188
-148
1500
1500
132
1500
92
1500
92
1500
92
1500
92
1500
92
1500
92
1500
92
1500
92
1500
92
1500
92
1500
92
1500
1500
132
1500
92
1500
92
1500
92
1500
92
1500
92
932
100
-1500
-284
116
564
1500
92
1500
92
980
-516
-1444
1500
92
1500
92
1500
1500
132
1500
92
1500
-100
1500
132
1500
92
1500
92
1500
92
1500
92
964
1500
92
1500
1084
1500
1292
1500
1500
132
1500
1500
1500
172
1500
92
1500
1500
132
1500
92
1500
92
1500
92
1012
1500
1500
132
1500
92
1500
92
1500
92
1500
1500
436
1500
92
1500
92
1500
92
1500
92
1500
92
1500
92
1500
92
1500
92
1500
92
1500
92
1500
1500
132
1500
1500
132
1500
92
1500
572
-148
100
-500
1500
-148
92
1500
108
100
-532
1500
92
1500
1500
132
1500
92
-148
1500
92
1500
92
1500
92
1500
92
1500
1404
-1012
1380
1500
492
-516
1500
156
-1500
-908
404
-116
-244
148
-148
100
-1500
-348
1500
108
1500
92
1500
92
1500
92
1500
92
1500
92
1500
92
820
-1500
-396
980
-116
-116
-148
100
-932
276
-148
100
-660
276
-116
116
-1500
-396
596
-1500
-396
500
-1500
-908
404
-1500
-396
500
-148
100
-932
276
-148
100
-660
276
-116
-116
-1500
-396
500
-820
116
116
1396
116
-724
116
