-148
100
-468
1556
1500
108
1556
1556
1556
1556
1556
1556
1556
1556
1556
1556
676
-116
-148
100
-500
452
-148
100
-756
1508
-116
-516
1556
-148
1500
108
1556
1500
108
1556
1556
1500
108
1500
108
1556
1204
-548
1556
-148
1500
108
1500
108
1500
108
1556
1556
1556
1556
1556
1556
1556
1556
1556
1556
1556
1604
-500
1556
-148
1556
1556
1556
1556
1556
1556
1556
1556
1556
1556
756
1500
108
1500
1612
1556
100
-500
1556
-148
1828
372
100
-484
1556
-148
1500
108
1556
1500
108
1556
1556
1500
108
1500
108
1556
1556
1500
108
1556
1556
1556
1556
1604
-516
1556
-148
1556
1556
1556
1556
1556
1556
1556
1556
1636
1556
1500
108
1500
108
1556
100
-516
1556
-148
1500
108
1556
1500
108
852
1500
1500
164
1556
1500
108
1500
1500
212
1556
1060
-516
-148
1556
1500
108
1556
1500
108
1500
1500
212
1556
1412
-516
-148
1556
1500
108
1556
1556
100
-516
1556
-148
1556
1796
1556
1500
108
1556
1556
100
-516
1556
-148
1556
1500
1612
1556
1556
1556
1556
1556
1556
1556
1556
1556
1500
108
1556
1556
1556
1556
1556
1556
1700
100
-516
1556
-148
1500
108
1556
1500
988
1556
1500
108
1556
1556
100
-516
1556
-148
1556
1500
156
1556
1500
108
1556
1556
100
-516
1556
-148
1556
1556
1556
708
1500
1500
164
1556
1556
100
-516
1556
-148
1556
1556
1556
1556
772
1500
1500
164
1556
1556
100
-516
1556
-148
1500
108
1556
1500
108
1500
1500
164
1500
108
1500
108
100
-516
1556
-148
1844
1556
1500
108
1556
1500
108
100
-516
1556
-148
1556
1556
1556
1556
1556
788
1500
1500
164
1556
1556
100
1500
108
1500
1020
-516
5940
-148
1556
1500
108
1556
1556
1716
100
-516
1556
-148
1500
108
1556
1500
108
1556
1500
108
1556
1604
-516
1556
-148
1500
108
1500
108
1500
108
1556
1764
100
-516
-148
1556
1500
108
1500
108
1500
108
100
-516
1556
-148
1556
1556
1556
1556
724
1500
1500
164
1500
108
1556
100
-516
1556
-148
1556
1556
1500
108
1500
108
1540
1556
1500
108
1556
1556
100
-4396
-876
-148
1556
1500
108
1556
1252
1500
108
1500
1500
1556
1556
1556
1556
1500
108
1556
1556
948
1500
108
1500
108
1500
1612
1556
1556
1076
1500
108
1500
108
1500
1612
1556
1556
1556
1556
708
1500
108
1500
108
1500
1612
1556
1556
1556
1556
1556
1348
1500
1612
1556
1556
1556
1556
1556
1500
108
660
1500
1612
1556
1556
1556
1556
1252
1500
1500
164
1500
108
1556
1556
1500
108
1556
1556
1188
1500
1612
-580
1556
-148
1500
108
1556
1500
108
7292
684
-580
-148
1556
1556
788
100
-580
-148
1556
1556
1556
1500
108
1500
108
1500
108
1500
156
1500
1500
164
1556
1556
1500
1612
1556
-580
1556
1556
-148
1556
1500
108
1556
1500
108
1556
1556
1556
1500
108
1556
1556
388
1500
636
7292
284
-1500
-1420
1556
1556
1556
1556
1556
1500
108
1556
1556
1556
1556
1500
108
1556
1556
1500
108
1556
1556
836
1500
1612
1556
1556
-516
1556
1556
1556
1556
1556
1500
108
1556
1500
108
1556
1556
1556
1500
108
1556
1556
1556
1556
1556
1500
1500
1500
1724
1556
1556
1012
1500
1500
164
1556
1500
108
1556
1556
1500
412
1500
1500
1092
1500
108
1556
1556
1556
1556
1556
1556
1556
1556
1556
1556
1500
108
1556
1556
1556
1500
108
1924
1500
108
1556
1556
1556
1500
108
1556
1556
1556
1556
1556
1556
1556
1428
1500
108
1500
1612
1012
-484
1556
1556
1556
1556
1500
108
1556
1500
108
1556
1556
1556
1556
1500
108
1556
1556
1556
1556
1556
1556
1556
1556
1556
1500
108
1556
1556
1556
1500
1500
164
1556
1556
1556
1556
1556
1556
1500
108
1556
1500
108
1556
1556
1556
1556
1500
108
1556
1556
1500
108
1556
1556
1556
1556
1556
1556
1556
1556
1556
1556
1556
1500
108
1500
108
1556
1500
108
1500
108
-100
1556
1556
1556
1556
1500
108
1556
1556
1556
1556
1556
1556
1556
1556
1500
108
1556
1556
1556
1500
108
1500
108
1500
1612
1556
1500
108
1556
1556
1556
1556
1556
1556
1556
1556
1556
1556
1556
1556
1556
1500
108
1556
1556
1556
1500
108
1500
108
1500
108
1500
108
1500
108
1500
1612
1556
1556
1556
1500
108
1556
1556
1556
1556
1556
1556
1556
1556
1556
1556
1556
1556
1556
1556
1556
1556
1556
1556
1556
1556
1500
108
-100
1556
1556
1556
1556
1556
1500
108
1500
108
1500
108
1500
108
1556
1500
108
1500
1612
1556
1556
1500
108
1556
1500
108
1500
108
1500
108
1556
1500
1500
164
1556
1556
1556
1556
1556
1556
1500
108
1500
108
1500
108
1500
108
1500
1612
1556
1500
1500
164
1556
1500
108
1500
108
1500
108
1556
1556
1556
1500
108
1556
1556
1556
1780
116
-148
100
-612
-260
-148
116
564
100
-932
1540
1540
1540
1236
-548
1556
1556
1556
1500
108
1500
108
1556
1556
1556
1556
1556
1556
1556
1556
532
1556
1500
108
1556
1556
1460
-548
1556
1556
1500
108
1500
1500
1500
7292
1092
-148
100
-628
452
1500
684
-500
-180
1556
1556
1556
1556
1500
108
1556
1500
108
1556
1556
1556
1556
1556
1556
1556
1556
1556
1556
1556
1500
108
1556
1500
108
1556
1556
1556
1500
108
1500
108
1556
1556
1556
1556
-100
1500
108
1556
1556
116
100
-1076
1556
-148
1556
1556
1556
1556
1500
108
1556
1556
1556
1556
1556
1556
1556
1556
1556
1500
108
1556
1556
1556
1500
108
1556
1500
108
1556
1556
1556
1556
1556
1556
1500
108
1500
108
1500
108
1556
1556
1556
1556
1500
108
1556
1556
1556
1556
1556
1556
116
1500
172
1500
1612
1500
1500
1500
1500
1500
5844
7292
1500
-116
7292
7292
1500
1860
1500
1500
1500
4788
-852
1556
1500
108
1500
108
1500
108
-100
1556
1500
108
1500
1500
1500
220
1556
-148
1556
1556
1500
108
1556
1500
1500
1500
1500
1500
1500
1500
1500
7292
7292
2564
100
-644
1556
1556
1556
1500
1612
1556
1556
1556
1556
1556
1556
1956
2020
1556
1556
7292
3116
1500
1500
164
1556
1556
1500
108
1556
1556
1556
1556
1500
108
1556
1556
1556
1556
1556
1556
1556
1556
1556
1556
1556
1236
1500
108
1500
1612
1556
1556
1556
1556
1556
1556
-100
1556
1556
1556
1556
1556
1556
1556
1556
1556
1556
1556
1556
1500
108
1556
1556
1556
1556
1500
108
1556
1500
108
1556
1556
1556
1556
1556
1556
1556
1556
1500
108
1556
1556
1556
1556
1556
1500
108
1556
1556
1556
1556
1556
1556
2100
1556
1500
108
1556
1556
1556
1500
108
1556
1556
1556
1556
1556
1556
1556
1556
1556
1556
1556
1556
1556
1556
1556
1556
1556
1500
108
1500
108
1556
1556
1500
108
1556
1556
1556
1556
1556
1500
108
1556
-100
1556
1556
1556
1556
1500
108
1556
1556
1500
108
1500
108
1556
1556
1556
1556
1556
1556
1556
1556
2020
-676
372
-548
1540
1524
-500
-500
-148
1556
1500
108
1556
1500
1500
164
1500
1612
1556
1556
1556
1500
1500
1500
220
1500
268
1500
108
1500
1612
1556
1556
1500
108
1500
108
1604
-612
116
-180
1556
1500
108
1556
1556
1556
1556
1556
1556
1500
108
1556
1556
1500
108
1556
1556
1556
1556
1556
1500
108
1556
1556
100
-500
1556
-148
1500
108
1556
1500
108
1556
1556
1556
1764
1556
1556
1556
1556
1500
108
1500
108
1500
108
1500
108
1556
1500
108
1556
1556
1556
1556
1556
1556
132
1500
172
1500
108
1556
1556
1556
1500
108
1500
108
1556
1556
1556
1500
108
1556
1028
324
-820
-148
116
660
132
-1172
852
-116
-148
100
-1500
-124
1268
1092
-116
-500
-1492
1556
3012
1500
108
1500
108
1556
1556
1556
1556
1556
100
-500
1556
1500
108
1556
1556
1044
1500
1500
164
1556
1556
1556
1556
1556
1556
1556
1500
108
788
1500
1612
1556
756
1500
1500
164
1556
1500
108
1500
108
1500
1500
964
-500
1556
1500
108
1556
1844
1556
1500
108
1500
108
1556
1500
108
1556
1500
108
1500
108
1556
1556
772
-1500
-396
948
116
