-148
100
-484
1540
1500
92
1500
92
1540
1540
1540
1540
1540
1540
1540
1540
1540
1540
1540
1540
1500
92
1540
1540
1540
1540
1540
1540
1540
1540
1540
1540
1540
1540
1540
1540
1540
1540
1540
1540
1540
1540
1540
1500
92
1540
1540
1540
1540
1540
1540
1540
1540
1540
1540
1540
1540
1540
1540
1540
772
1500
92
1500
92
1500
1500
132
1500
92
1540
1540
1540
1540
1540
1540
564
1500
1580
1540
1908
-100
-500
1540
1540
1500
92
1540
1540
1500
1500
1500
1964
-148
100
-516
-148
1540
1500
92
1540
1540
100
-516
1540
-148
1540
1540
1540
1540
1500
1500
1500
1500
7292
5484
1540
1540
6764
-516
1540
884
-148
100
-516
1540
-148
1540
1044
100
-516
1540
-148
772
100
-500
1540
-148
1500
92
1540
1540
1540
1540
1540
1500
92
1540
1540
1540
1540
1540
1540
1540
1588
-500
1540
-148
1500
92
1540
1500
92
1540
1540
1540
1540
1540
1540
1500
92
1500
92
1540
1540
1500
92
1540
1540
1500
92
1540
1540
1540
1540
1540
1540
1540
1540
1428
1500
1500
1500
604
-548
1540
-148
1500
92
1540
1500
92
1540
1540
1540
1540
1540
1540
1540
1588
1500
92
1540
1540
-548
-148
1540
1540
1540
1540
1540
1540
1500
1500
1500
1500
1500
1500
7292
4956
2948
132
1500
92
1500
1500
7292
596
-548
1500
92
1500
1500
132
1540
1500
92
1540
1540
-148
1540
1500
92
1540
1140
1500
92
1500
1580
1588
-516
1540
-148
1540
1188
1500
1500
180
1540
1500
92
-516
-1500
-1004
1540
1540
1540
1540
1540
1500
92
1540
1540
1540
1540
1500
92
1500
92
1540
1540
1500
1500
1500
1500
1500
1500
1500
796
1500
1500
1500
1500
1500
1532
-548
1540
1540
1540
1780
1540
-1500
-92
1540
1500
92
1540
1500
92
-548
1540
1500
92
1540
1540
1540
1500
92
1500
92
1972
-548
1540
1500
92
1500
92
2052
1540
1636
1540
1540
1500
1580
1540
1500
92
1540
-548
1540
1540
-548
1500
92
2260
1540
1540
1540
1300
1500
92
1500
1500
132
1500
1500
132
-548
2068
1540
1540
1540
1540
1500
1500
1500
1500
1500
1500
1500
1500
1500
7292
3668
1540
1500
-100
1580
1500
-548
92
1500
1500
1500
172
1500
1500
132
-548
1540
1540
1540
1460
1500
1580
1500
1500
1500
1500
1500
1500
1500
1500
1500
7292
7292
7292
756
-1044
1540
1500
92
1500
92
1500
92
1500
-548
92
1500
92
-548
1540
1540
1540
1540
1540
1500
1500
1500
1500
1500
1500
1500
1500
1500
1500
2948
7292
7292
7292
5844
7292
7292
2044
1500
1500
404
1500
1500
132
1500
92
1500
796
1500
92
132
1500
-548
1580
1500
92
-548
1540
1540
1540
1540
1540
1540
1500
1540
1540
1500
92
1540
1540
-100
1540
1540
1540
1540
1540
2996
1540
1500
92
1540
1540
1540
1500
1500
1500
1500
1500
1340
1500
1500
1428
1500
1580
1540
1500
92
-1044
1540
1500
92
1540
-548
1540
1500
92
1540
1540
1540
1500
1500
1500
172
1540
1540
820
1500
92
1500
92
1500
1580
1540
1540
1540
1540
1540
1540
2004
1540
1500
92
1540
1540
1500
92
1540
1540
1540
1540
1540
1500
92
1540
1540
1540
1540
1500
92
2004
1540
1540
1540
1500
92
2100
1540
1540
1540
1540
1540
1500
92
-548
1540
1500
92
1540
1500
92
1500
92
1540
1500
764
1540
1500
92
1500
252
1500
92
1540
1500
1500
132
1500
92
1500
1500
132
1540
1540
-596
1500
92
1540
1540
1540
1500
92
1500
-548
92
1500
92
1500
428
-1044
1540
1540
1540
1540
1540
1540
1500
92
1540
1540
1540
1500
92
1540
1540
1540
1540
1540
1500
92
1540
1540
1540
-100
1540
1540
1500
92
1540
1540
1540
1540
1540
1500
92
1540
1500
92
1540
1540
820
1500
92
1500
1500
132
1540
1540
1540
1540
1500
92
1540
1540
1540
1540
1620
1540
756
1500
1580
1812
-548
1500
92
-548
1540
1540
1500
92
2052
1540
1540
1540
1500
92
1924
-548
1540
-1044
1540
1540
-100
1540
1540
1540
1540
1540
1540
1540
1540
1540
1540
1540
1540
1540
1540
1540
1540
1540
1540
1540
1540
1540
1540
1540
1500
92
1540
1540
1540
1500
92
1540
1540
820
1500
1580
1500
92
1540
1540
1500
92
1540
1540
1540
1540
2004
1540
1540
1540
1540
1540
1540
1540
820
1500
1500
132
1500
92
1540
1540
1236
1500
1580
1172
1500
1500
132
1540
1540
-548
1540
1540
1540
1540
1540
-1044
1540
1540
2308
1540
1540
1500
92
1908
1540
1500
92
1500
92
1540
1540
1540
1540
1500
92
1540
1500
92
2004
1540
1500
92
1500
92
1540
1540
1540
1500
1500
-548
1620
1172
1500
1500
1500
172
1076
-548
1540
-548
1500
92
1540
1732
1540
1540
1500
92
1828
-148
1540
1500
92
1500
92
1940
1540
-100
1540
1540
1500
92
1540
1540
1500
92
1500
92
1500
92
1540
1540
820
1500
92
1500
1500
132
1540
1540
1540
1540
1540
1500
92
1540
2004
1540
1540
1540
1540
1540
1500
92
1892
1540
1540
1540
1500
92
1540
100
2948
1500
108
1500
92
1540
1500
92
1500
1500
132
1540
1540
-1500
1500
-1116
92
1500
92
1540
1500
92
1540
1500
1580
1540
-548
1540
1540
884
-548
1540
1540
1540
1540
1500
92
1540
1500
92
1540
1540
1540
1540
820
1500
1500
132
1540
1540
1540
1540
1500
92
1460
1500
1580
1540
1540
1540
-548
1540
1540
1540
1540
1540
1540
820
1500
92
1500
92
1500
1580
1540
1500
92
1540
1684
1500
92
1500
92
1540
1500
92
1540
820
1500
-548
1580
1540
1540
1540
1540
1540
1540
1500
92
1540
1204
1500
1500
1500
-548
172
1500
1580
1540
-548
1284
1500
1500
132
1540
1540
1540
1540
1540
1500
92
1500
92
1540
1500
92
1540
1028
-548
1540
-596
1500
92
1540
1500
92
1500
92
1268
-548
1540
1540
1540
1540
1540
1540
1540
1540
1540
1540
1540
1540
1540
1540
1540
1540
1540
1780
1540
-548
1540
1540
1540
1540
1540
1364
1500
1500
132
1500
92
1500
92
1500
92
1500
668
1540
1540
1540
-548
1540
1540
1284
1500
1580
-548
1500
92
1540
1540
1500
92
1876
1500
1500
1500
1660
1500
92
1500
1500
1500
1500
1500
364
1500
1500
-596
404
1500
-1044
1500
132
1540
1540
1540
1380
-548
1540
1540
1540
1540
1892
1540
1540
-100
1540
1540
-548
1540
1540
1380
1500
1500
132
1540
1540
1540
1540
1172
-548
1540
-548
1540
1500
92
1540
1500
92
1540
1172
1500
1580
1500
92
1540
1540
868
1500
1580
1540
1540
1540
1500
-548
1212
1500
-1044
1500
132
1540
1500
92
1540
1396
-548
1540
1540
1500
92
1540
1500
92
1812
1540
1540
1540
1540
1540
1540
1220
-548
1540
-548
1500
92
1540
1940
1540
1540
1540
-548
1540
1540
1540
1540
1540
1540
1500
92
1540
1540
1540
868
1500
1564
1500
92
1540
1540
1540
1540
1540
660
-548
1540
-1044
1540
1540
1500
748
1540
1540
1540
1540
1540
1540
1252
-596
1540
-548
1540
1540
1540
1540
1540
1572
-548
1540
1540
1500
92
1540
1540
1124
1500
1500
132
1540
1540
1540
1108
1500
92
1500
92
1500
1580
1540
1396
1500
-548
1500
132
1540
1540
1540
1540
1028
-596
1540
-548
1500
92
1540
1876
-548
1540
-548
1500
92
1540
1540
1540
1076
-548
1540
1540
1500
92
1540
1748
1540
1540
1500
92
1540
1540
2036
-548
1540
1540
1540
1540
1540
-100
1500
92
612
-548
1540
1540
1540
1540
1540
980
1500
1500
132
1540
-548
1540
1500
92
932
1500
92
1500
1580
1500
92
1540
1204
-548
1540
-1044
1540
1540
1540
1540
1540
1748
-548
1540
1540
1540
1540
2100
1540
1540
1500
92
1540
1524
1540
1500
92
1500
1580
1236
-548
1540
-1044
1500
92
1540
1540
1540
1500
428
1540
1540
1540
1540
1540
-548
1220
-548
1540
1500
92
1540
1500
92
1540
1732
-548
1540
1500
92
1540
1540
1540
1204
1500
1580
1500
92
1540
1540
1444
1500
1500
132
1500
-548
92
1500
1580
1540
1092
1500
1500
1500
1660
1540
1500
828
1540
1500
92
1540
1500
-548
1580
1300
1500
1500
132
1500
92
1500
-548
92
1500
1308
-548
1540
-1044
1540
1540
1540
2052
-548
1540
1540
1540
1540
1540
1540
1540
1284
1500
1580
1540
1540
1540
1348
1500
1580
1540
1500
92
1540
1444
-548
1540
-1044
1500
92
1540
1540
1540
1140
1500
1580
1540
-548
1540
2052
-548
1540
1540
1500
92
1540
1508
-548
1540
1540
1540
1540
1500
92
1540
1348
-548
1500
92
1500
92
1540
1540
1540
1540
1284
1500
1500
132
1500
92
1540
1540
1204
1500
1500
132
1540
-548
1540
1540
1500
172
-548
1540
1500
92
1540
1540
1540
1732
1500
92
1540
1500
92
1500
92
1500
92
1500
1500
1380
-548
1540
-1044
1500
92
1540
1540
1500
92
1812
-548
1540
1500
92
1540
1540
1500
92
1604
1540
1540
1540
1540
1540
1540
1444
1500
1500
1620
1540
1500
92
1500
1500
1500
860
1500
92
1540
1500
1500
1500
1500
-548
1500
252
1500
1500
-548
1028
1500
1580
1540
1540
1500
92
1540
1540
1500
-548
156
-1044
1540
-548
1500
92
1540
1500
92
-100
1540
724
1500
92
1500
1580
1540
1540
-548
1540
1892
1540
1540
1540
1540
-548
1500
92
1540
1556
1540
1540
-100
1540
1540
1540
1540
1972
1500
92
1540
1500
92
1540
-548
1540
1500
92
-548
1092
1500
-548
1500
132
1540
1540
1540
1540
1828
-548
1540
1540
1540
1540
1540
644
-548
1540
1540
1540
1500
92
1540
1236
-100
1540
-548
1500
92
1540
1500
92
1540
1540
868
1500
1500
132
1540
1540
-548
1540
1332
1500
92
1500
1500
132
1876
1540
-548
1540
1500
92
1540
1540
1924
1540
1540
1540
-548
1540
1540
-548
1500
92
1500
908
-548
1540
1540
1540
1540
1540
1540
1236
-548
1500
92
1500
92
1540
1540
1364
-548
1540
1540
1540
1540
1108
-548
1500
1500
132
1500
92
1500
1404
1500
1500
132
1500
92
1500
92
1540
-548
1940
1540
1540
1540
1540
1500
92
1540
1540
1540
1540
1500
92
1540
-548
804
1500
92
1500
1500
132
1540
-548
1540
1540
1988
1540
-548
1540
1540
1540
1540
1540
1540
1540
1540
1588
-548
1540
1540
1540
1540
1500
92
1540
884
-548
1500
92
1540
1540
1540
1540
1540
1876
-548
1540
1540
1500
92
1540
1540
1796
1540
1500
92
1540
-100
1540
1540
1540
1396
1500
92
-548
1500
92
1540
1540
1500
92
1540
1540
1540
1540
1540
1540
-548
820
1500
92
1500
1580
1540
1204
1500
92
1500
1580
1540
-548
1540
1540
1500
92
1460
1500
1500
132
1540
1500
92
1540
1540
1540
1500
1148
1540
1500
92
1500
92
1500
92
1540
1500
-548
1500
132
1500
92
1284
-596
1540
-548
1540
1540
1500
92
1540
1540
1540
1540
1044
-548
1500
92
1500
92
1540
1540
1540
1540
1540
1540
884
-548
1500
92
1540
1540
1540
1540
1540
1500
92
1540
1540
708
1500
92
-548
1500
92
1500
1580
1540
1540
1540
1500
92
1500
92
1540
1540
820
1500
1580
1540
1540
1540
1540
1500
92
1500
92
1540
1500
92
2004
1540
-100
1540
1540
1540
852
1500
1500
132
1500
92
1500
92
1540
1540
1540
1500
1500
132
948
-548
1500
92
1500
92
1540
1540
836
1500
1580
1444
1500
1500
132
1540
1476
1500
1500
1500
1500
1500
1500
-548
436
-1500
-588
1540
1500
92
1540
1540
1500
92
1540
1220
1500
92
1500
1500
132
1540
1540
-596
1540
1540
1540
1540
1540
1540
820
1500
1580
1540
1540
1540
1540
1540
1540
1540
1540
1500
556
1540
1540
1540
1540
692
1500
1500
132
1540
1540
1124
1500
1580
1540
-548
1380
1500
1580
1124
1500
1500
132
1500
92
1500
1580
1540
1500
1500
1500
1500
212
2004
1540
1500
-548
92
1500
92
-1044
1500
412
1540
1540
1500
92
1540
1540
1540
1500
92
1540
-548
1500
92
1540
1540
820
1500
1580
1540
1540
1500
92
1500
92
1540
1500
92
1500
92
1540
2004
1540
1500
92
1540
1540
1828
-548
1540
1500
92
1540
1540
1500
92
1500
92
1500
92
1500
92
1500
92
1500
92
1500
684
1540
1500
236
1500
1500
2900
1540
948
1500
1500
1500
1500
1500
1500
1500
1500
372
1500
1500
1500
1500
1500
1500
1500
1500
1500
1180
1500
1500
1500
1500
1500
-1044
1500
756
1500
1500
1500
1500
1500
-1044
252
1500
92
1500
1500
1500
1500
676
1500
1500
1500
1500
1700
1500
1500
1500
172
1500
396
1500
1500
1500
1500
1076
-100
1540
-1044
1500
92
1500
92
1540
1540
1540
1172
1500
92
1500
1580
-548
1540
1540
1540
1028
1500
92
1500
1580
1500
92
1500
92
1540
1540
1540
1540
1540
-548
1500
92
820
1500
1580
1540
1540
1500
1540
1540
1540
1540
1540
1540
1540
1500
92
1540
1540
2004
-548
1540
1540
1500
92
1540
644
1500
1580
1156
-548
1540
-548
1540
1500
92
1892
1540
1540
1540
1540
1500
92
1540
1540
1500
92
1892
-100
1540
-1044
1540
1540
1540
1540
1500
92
1500
92
1540
1540
1540
1540
1540
1556
1540
1540
1540
1540
1636
1540
1540
1500
92
-548
1540
1540
1540
1540
1540
1540
1540
1500
92
1540
1540
1500
188
1540
1540
1540
1540
1540
1540
1540
1540
1540
1540
1540
1540
1108
1500
92
1500
92
1500
1740
1540
1540
-548
1540
1540
1500
92
-548
1540
1540
1540
1540
1540
1540
1540
1540
1540
820
1500
1580
1540
1540
980
1500
1500
132
1500
92
1500
92
1540
1500
92
1540
1500
1500
132
1500
92
1500
-100
556
1500
1580
1540
1540
1500
-548
92
1500
1580
1540
1500
92
1540
1540
1540
2052
-548
1540
7292
7292
644
1540
1540
1540
1540
1540
1540
1500
92
1540
1500
92
1540
-548
1540
820
1500
1500
132
1540
1500
92
1500
92
1540
1500
92
1540
1540
1540
1540
548
1500
1500
132
1540
-100
1540
1540
1540
1540
1540
1540
1540
1540
1540
1540
1540
1764
1540
1540
1540
1908
-548
1540
-548
1500
92
1956
-548
1540
1500
92
1540
1540
1500
300
1540
1540
1500
92
1540
-548
2020
1540
-548
1500
92
1540
1540
1540
1540
1540
1540
1540
-100
1540
1540
820
1500
1500
132
1540
1500
92
1500
92
1540
1540
1540
1540
1500
92
1540
1540
1540
1500
92
1540
1540
1540
1540
1540
1540
1540
1028
1500
92
1500
1500
132
1540
1540
1540
1500
1580
-548
1540
1540
1500
92
1500
92
1540
1500
92
1500
92
1540
1028
1500
1580
1540
1428
-1044
1540
1500
92
1540
1540
1540
1124
1500
1580
1540
1500
92
1636
-548
1540
-548
1540
1540
1540
1500
92
1540
1540
1540
1540
1540
1540
820
1500
1580
1540
1540
1540
1540
1500
92
1540
1540
1540
1540
1540
1500
92
1500
92
1540
996
1500
92
1500
92
1500
1580
-548
1540
932
-548
1540
1500
92
1540
1540
1796
1500
1500
1500
1500
484
-596
1540
-548
1540
1540
1500
92
1540
1540
1540
1540
1540
1540
1540
820
1500
1580
1540
1500
92
1540
1500
92
1500
92
1540
1444
-100
1540
-548
1500
92
1540
2324
-548
1540
1500
92
1540
1540
932
-548
1500
92
1500
92
1540
1500
92
1540
1540
1500
92
1540
1540
1540
1500
92
820
1500
1580
1540
1500
92
1540
1540
1500
92
1540
1540
1540
1500
92
1540
1556
1540
1540
1500
92
1540
-548
1540
1540
1540
1540
1540
1540
1540
1540
1540
1540
1540
1540
1500
92
1540
1500
92
1540
1156
-548
1540
1540
1540
1500
92
1540
2036
1540
1540
1540
1540
1540
1540
1540
1500
92
1540
1540
1540
820
1500
1580
1540
1540
1500
92
1540
1500
92
1500
92
1500
92
1500
92
1540
1500
92
1540
-100
1540
1540
868
-148
100
-548
612
1500
1500
132
1540
1540
820
1500
92
1500
92
1500
876
1500
1500
132
1540
1500
92
-100
1908
1540
1500
92
1540
1500
92
1540
1540
1540
1500
92
1540
-100
1500
92
1540
1540
1540
1540
1540
1500
92
1540
1500
92
852
-148
100
-756
884
-932
948
-148
100
-468
1508
-148
1508
1508
1508
1508
1500
1508
1508
1508
1508
1940
100
-1492
-148
1812
100
-1492
-148
1860
-932
932
-852
340
-964
-1500
-188
-1500
-188
500
-1172
804
1500
1500
756
-148
100
-548
548
-148
100
-532
1540
-532
1500
92
660
-708
1540
1236
-148
404
100
-468
1540
-148
1500
92
1540
1540
1540
1540
1500
92
1540
1540
1500
92
1500
92
1540
1540
1540
1500
92
1540
1540
1540
1540
1540
1540
1540
1540
1540
1540
1540
1540
1540
1540
1540
1540
1540
1500
92
1540
1500
92
1540
1540
1540
1540
436
100
-5844
-1284
1540
-148
1500
92
1500
92
1540
1540
1380
1500
92
1500
92
1500
92
1500
1500
132
852
1500
92
1500
92
1500
1580
1540
1028
1500
1580
1540
1540
1500
92
1540
1540
1540
1540
1540
1540
1540
1540
100
1500
1500
124
-8740
-212
-148
1508
1508
1076
1500
92
1500
92
1500
1580
1540
1540
868
1500
412
1500
1580
1540
2260
1540
1540
1540
1540
1540
1540
1540
1500
1500
1500
7292
4396
-2948
-500
2948
5180
1500
1580
1500
1540
1540
1540
1540
-148
1540
1540
1540
1540
1540
1540
1540
1540
1108
1500
92
1500
92
1500
1580
1540
1540
788
1500
1484
-1140
612
-148
116
100
-1140
116
-148
116
884
100
-1140
740
-148
1540
1540
1540
1500
92
1540
1540
1540
1540
100
-2948
-484
1540
-148
1540
1540
1540
1540
1540
1540
1540
1540
1540
1540
1540
1540
1540
1540
1540
1172
1500
1580
1500
92
1540
1860
1540
1540
1540
1540
1540
868
1500
1580
1540
1588
-484
1540
-148
1540
1540
1500
92
1236
1500
92
1500
1580
1540
100
1500
-4396
92
-668
1500
108
-148
1540
1500
92
1540
1540
1500
92
1780
1540
1540
1540
1540
1540
1540
708
1500
92
1500
1500
132
1540
1540
1540
1540
1540
1500
92
1812
1540
1252
1500
1500
164
1556
1556
100
-7292
1556
1500
108
1556
1556
1556
1556
1556
1556
1540
1500
92
1540
1540
1540
1220
1500
1580
1540
1500
92
1540
1500
1580
-1188
1540
1028
1500
1580
1540
1540
1540
1540
-1500
-876
836
1500
1500
132
1540
1500
92
1540
1540
1540
1540
1540
1540
1500
172
-1500
-876
-1188
1556
1716
1540
1500
92
1540
1500
92
1540
1540
1700
1540
1540
1540
-1188
1540
1540
1876
1540
1540
1540
1500
92
-1188
1500
1036
1540
1540
1540
1540
1540
1604
1540
1540
1540
1540
2100
1540
1540
1500
-1188
92
1500
1500
132
1540
1540
1204
-1188
-1500
-876
1540
1540
1540
1540
1500
92
1540
708
-1188
1540
1500
92
1500
92
1500
92
1540
1828
-1188
1540
1540
1540
1540
1540
1540
692
1500
92
1500
1580
1540
1540
1588
1540
1540
1540
1540
1540
-1188
836
1500
1580
-1188
1540
1540
1540
1540
1860
1540
-1188
1540
1540
-1188
1500
92
1500
92
1540
820
-1188
1540
1540
1500
92
1940
1540
1540
-1188
1500
92
1500
92
1540
2628
1500
92
1500
92
1540
1500
1500
420
1540
1500
92
1500
1500
1500
1500
596
1500
92
1500
92
1500
1500
1620
580
-1188
-1500
1540
-876
1500
92
-1188
1500
92
1540
1540
1412
-1188
1540
1540
1540
1540
1540
788
-1188
1540
1500
92
1540
1540
1540
1540
1828
1540
1540
1540
1540
1540
1540
1540
-1188
1540
1540
1500
92
1540
1556
996
1500
1500
132
1540
1540
1540
1500
764
1540
1540
1540
1500
1500
132
1500
92
2052
-1500
-876
1540
1540
1236
-1188
-1500
-876
1540
1500
92
1540
1540
1540
1172
-100
1540
-1188
1500
92
1540
1540
1540
1044
1500
1580
1540
1540
1540
-1188
1764
1540
1540
1540
-1188
1540
1028
1500
1580
1540
1540
1500
92
1860
1540
1540
1540
1540
1540
-1188
1828
-1236
1540
-1188
1500
92
1540
1500
92
1540
1540
644
-1188
1540
1540
1540
1540
1540
1332
1500
92
1500
92
1500
1580
1540
-1188
1940
1540
-100
1540
1540
1540
1540
1204
1500
92
-1188
1500
92
1500
1580
1540
804
1500
1580
1540
1500
92
1540
-1236
1812
1540
-1188
1540
1500
92
1540
1500
92
1892
1540
1500
92
1540
1540
1540
1500
1452
-1236
1540
-1188
1500
92
-1188
1540
1540
1540
1540
964
1500
92
1500
92
-1188
1500
92
1500
92
1540
1540
-100
1460
1500
1580
1540
1540
1540
1236
1500
1500
132
-1188
1540
1500
92
1540
1316
1500
92
1500
92
1500
92
1500
1804
-1188
1540
1540
-1188
1540
1500
92
1540
1500
972
-1188
1540
1540
1540
1796
-1188
1540
1500
92
1540
-1188
1540
1540
1540
1500
92
660
1500
1580
1540
1540
1892
1500
1500
1500
1500
1500
7292
7292
1500
-1188
2948
7292
252
-1500
-876
-1500
-1500
-564
1540
1500
92
1540
1540
1540
1348
1500
1500
132
1500
1580
1540
1540
1540
1500
92
1500
92
1500
1996
1540
-1188
1540
1540
1540
1540
1508
1540
1540
1500
92
-1188
1540
1540
1540
1540
1460
1500
1580
1540
1540
1540
-1188
1540
1500
92
1540
1540
1540
1540
1540
1540
1540
1500
-1188
1580
1540
1540
1500
92
916
-1188
1540
1540
1540
1540
1500
92
1540
1540
1540
1540
1540
1764
1500
92
1540
1540
1540
1540
-1188
1540
1172
1500
92
1500
1196
1500
1580
-1188
1540
1540
1540
1540
1540
1540
-1188
1540
1500
556
1540
1540
1500
92
1540
1540
1108
1500
92
1500
1580
-1188
1540
1500
92
1540
1540
1540
1540
1716
-1188
1540
-1188
1500
92
1540
1540
1540
1540
1500
92
1316
-1188
1540
1540
1540
1540
1540
1540
1540
1540
1540
1492
1500
92
1500
1500
132
1540
-1188
1540
1540
1540
1540
1540
1540
1540
820
1500
1580
1540
1540
1540
1540
1540
1500
92
1540
1540
1540
820
1500
1580
1540
1540
1500
92
1500
92
1500
92
1540
1540
1540
2004
1540
1540
1540
1500
92
1540
1500
92
1540
1540
1540
1540
1540
1540
1540
1540
1540
1540
1500
236
1540
1540
1540
1540
1500
92
1540
1540
7292
4444
4396
540
-1188
1540
1540
1540
1540
1500
92
1540
1540
1540
1500
92
1540
1540
1540
1540
1540
1540
1500
92
1540
1540
1540
1540
-100
1540
1540
1540
1540
1540
1540
1540
1540
1500
92
1540
1540
1500
92
1140
1500
92
1500
1580
1540
1748
-1500
-876
116
1540
1500
92
1540
1540
1540
1540
1828
1540
1540
1500
92
1540
-1188
1540
-100
1500
92
1236
-1188
1540
1500
92
1540
1540
1540
964
1500
92
1500
92
1500
92
1500
-1188
1500
132
1500
1500
132
1500
92
1540
1540
1500
92
-148
116
1540
1500
92
1500
92
1540
1540
1540
1796
1540
1540
1540
1476
-548
1540
-148
1500
92
1540
1540
1540
1540
1700
100
-1500
-876
1540
1540
1540
1460
1500
1500
132
1540
1540
1236
-1188
1540
-1188
1500
92
1540
1540
836
-1188
1540
1540
1500
92
1540
1492
1500
92
1500
1580
-1188
1540
964
-1188
1540
1500
92
1540
1540
1540
1540
868
1500
1580
1540
1956
-1188
1540
-1188
1500
92
1540
1636
-1188
1540
1540
1540
1540
1500
92
1316
1500
92
1500
1580
1508
-1188
1540
-1220
1500
92
1540
1540
2052
-1188
116
-148
1540
1500
92
2996
1500
92
1500
92
1540
868
1500
92
1500
1580
2004
100
-1500
-1452
1540
1500
92
1540
1540
836
-100
1500
1580
1540
1364
-1188
1540
-1188
1540
1540
1500
92
1540
1540
1540
1500
92
1540
1540
1540
1540
916
1500
1580
1540
1540
1540
1540
1540
1540
1540
1540
1540
1500
92
1540
1636
1540
1500
92
1540
1540
1540
1540
1540
1540
1540
1540
1540
1444
1500
1580
1540
1540
1540
1540
1540
-1188
1540
1500
92
1540
1540
1540
1540
1540
1500
92
1540
1540
1540
1540
1540
1540
1540
1540
1540
1540
1540
1540
1540
1540
1540
1540
1540
1540
1540
1540
1500
92
1540
1500
1500
1500
1500
1500
1500
1500
3308
1500
1500
-100
132
1500
1500
1500
172
1500
1580
756
1500
92
1500
1500
132
1540
1444
-1188
1540
1540
1540
1540
1540
1540
1500
924
868
-100
-1188
1540
1540
1540
1540
1604
-1188
1540
1540
1540
1540
1540
1540
884
-1188
1540
1540
1540
1540
1540
1500
92
1540
1540
1540
1540
1540
1540
1540
1540
1204
7292
7292
1220
-1236
1540
-1188
1500
92
1540
1540
1540
1540
1540
1540
1540
1540
1540
1540
1540
1540
1500
92
1540
1540
1540
1500
92
1500
92
1500
92
1540
1540
1540
1540
1540
1540
1540
1540
1540
1540
1500
92
1540
1540
1540
1540
1540
1500
92
1540
1412
-1188
1540
1540
1540
1540
1540
1540
1092
-1188
1500
444
-1188
1540
1540
1540
1972
1540
1540
-1188
1540
-1188
1540
1540
1540
1540
1540
996
1500
92
1500
1580
1540
-1188
1540
1500
92
1540
1540
1572
-1188
1076
-1188
1540
1540
1500
92
1540
1540
1540
1500
92
1540
1540
1860
-1188
1540
1540
1540
1540
1252
1500
1580
1540
1540
820
-1500
-876
-1188
1540
1540
1500
92
1540
1252
-100
1540
-1188
1540
1540
1716
1540
1500
92
1540
2052
-1188
1540
1500
92
1540
1540
-1188
1412
1500
-1188
92
1500
92
1500
1580
1540
1540
1540
1540
1540
468
1500
92
1500
92
1500
92
-1188
1500
92
1540
1500
92
1540
1540
1500
92
1540
1540
1540
1540
1540
1540
916
-1188
1540
1540
1500
92
1540
1540
1540
1540
1236
1500
-1188
1420
-1188
1540
1540
1540
1540
1412
-1188
1540
1500
92
1540
1540
1540
1540
1812
-1172
1540
1540
1540
1540
1540
1500
92
1892
1540
1540
-1172
1540
1500
92
1540
1540
1540
1540
1540
1540
1500
92
1540
1540
1540
1540
1540
1540
1540
1012
1500
508
1500
1404
-100
1540
1828
116
-148
100
-1172
580
-532
1540
1500
92
1092
-1172
1540
1500
92
1540
1140
-548
1540
1500
92
1540
1540
964
116
-148
100
-660
116
-148
452
1556
100
-708
-212
-276
1540
1940
-404
324
-484
324
-580
1540
1540
1540
1540
1540
1540
1732
964
1500
860
1500
1500
1436
1500
1516
1508
1500
1684
-756
1508
1508
1500
1508
1508
1508
1508
1508
1508
1508
1508
1508
1508
1508
1508
1508
1500
1508
1508
1508
1508
1508
1508
1924
-116
116
-180
100
-260
1508
1508
1076
-212
324
-580
1508
1508
1508
1508
1500
1508
1508
1508
1508
1508
1500
1500
1508
1508
1508
980
1108
116
-148
100
-468
1540
1500
92
1540
1124
-116
-180
100
-564
1556
1700
116
-148
100
-500
500
1500
92
1500
1180
1540
500
1540
1540
1540
1540
1268
-116
-148
116
100
-484
772
-740
644
1500
540
116
-148
100
-804
2100
-148
164
-724
1500
300
116
-148
100
-724
116
100
-628
1540
-148
1540
1540
1500
92
1540
1500
92
1540
1540
1540
1500
140
1500
92
1500
1580
1540
1540
-500
1540
1540
1540
1540
1540
1540
1540
1500
1500
1500
6108
1540
1540
1540
1540
1540
1500
1500
1500
1500
1500
3228
1540
1540
1540
1540
1540
1540
1540
1076
-116
724
-148
100
-916
308
-116
-148
100
-532
116
-116
420
-148
164
-1060
308
132
-1268
116
-148
116
116
116
100
-500
116
-148
1524
372
1316
100
-916
-148
388
356
-916
-148
484
100
-916
-148
100
-1500
-124
-148
1540
1500
92
1540
1492
-804
404
-148
100
-820
1108
-180
100
-1500
-236
-148
1540
916
-916
1500
1500
132
1500
92
1500
92
1500
1500
196
1540
1540
1540
1540
372
116
116
-1172
1540
1540
-148
1540
1540
1540
1540
1540
1540
1540
1540
1540
1588
1540
1540
1540
1540
1540
1540
1540
1540
-1316
1540
1540
1540
-148
1540
1588
116
100
-1188
1500
92
1540
1500
92
1540
-148
116
116
1540
1540
1028
1500
140
1500
1580
1540
-1188
1540
-148
2052
1540
1540
1540
1604
100
-1188
1540
-148
1540
724
1500
1500
132
1540
1540
100
-5844
-900
1444
-1188
1540
1540
1540
1540
1540
1940
1540
1540
1540
1500
92
1540
-1188
1540
1796
1540
1396
1500
1580
1540
1540
1540
1540
1316
1500
1500
132
1540
1540
1540
900
1500
-1188
1500
132
-1188
1500
1500
132
1500
1500
1300
1540
1540
2100
-1188
1540
-1188
1500
92
1188
-1188
1540
1540
1540
1540
1540
1540
580
-1188
1540
1540
1540
1540
1540
740
1500
1580
1540
1540
-1188
1500
748
1540
1500
92
1540
1540
1540
2164
-1188
1540
1500
92
1540
1540
1540
-1188
1092
1500
92
1500
92
1500
92
1500
1500
132
1540
676
1500
92
-1188
1500
1500
132
1500
1500
132
-1188
1604
1540
-1188
1540
1540
1540
1540
1540
1348
1500
1580
1540
1540
1540
1540
-1188
1876
1540
1500
92
1540
1540
1540
1540
276
1500
1580
1540
1540
1540
1540
1540
692
1500
1580
1540
1540
2100
1540
1500
92
1540
1540
1540
900
1500
92
1500
1500
132
1540
1540
1476
116
-1172
1540
1540
820
-724
116
-148
1028
100
-724
116
-148
1540
1204
100
-964
116
-276
116
244
-148
676
100
-564
-148
820
100
-900
1060
-148
100
-676
644
-148
100
-772
916
-148
100
-692
-148
116
116
116
100
-1500
-172
-148
100
-644
468
-148
564
-964
116
-148
100
772
-1092
-148
644
836
-724
532
-1044
-116
-1188
788
836
916
-148
100
-532
884
-628
740
116
-148
100
-836
900
-788
1540
1540
1540
1540
1540
1540
1540
1540
1500
92
1540
1540
1500
348
-580
404
116
116
-148
100
-1076
100
-548
820
596
-148
116
100
-804
1188
116
116
-148
100
-692
-148
100
-676
452
1540
1652
116
-148
100
-564
1540
1540
1540
1540
1540
1172
-148
100
-500
1780
116
-484
-148
436
164
-516
804
-692
1540
1500
92
1540
1540
1540
1500
92
1540
1540
1540
1540
1540
1540
1540
1540
1540
1540
1540
1540
1540
1540
1540
1540
1540
1540
1540
1540
1540
1500
92
1540
1540
1540
1540
1540
1540
1540
1540
1540
1540
1540
1540
1540
1540
1540
1500
92
1540
1540
1540
1540
1540
1540
1540
1540
1540
1540
1540
1540
1540
1540
1540
1540
1540
1540
1540
1540
1540
1540
1540
-100
1540
1540
1540
1540
1540
1540
1540
1540
1540
1540
1540
1540
1540
1076
116
-148
100
-1252
1540
1540
1540
1540
1540
1500
92
1540
1172
948
-484
708
116
-148
100
-1500
-92
1060
452
-148
116
100
-1172
628
-660
1556
1620
116
1540
-148
1500
92
1500
92
1540
100
-500
596
1500
764
-628
1556
308
116
-148
1540
1500
92
1500
92
1540
1500
92
1540
1540
1540
1540
1540
516
100
-756
1220
-1156
-148
116
1540
1500
92
1500
1196
100
-1204
340
1500
1500
1508
1508
116
-148
1508
1508
1508
1508
1508
1500
1500
1508
100
-804
1508
1508
580
116
-148
116
116
-180
100
-708
116
372
-148
100
-1428
116
-148
116
116
660
516
100
-740
-148
100
-804
452
-148
100
-804
452
-148
100
-644
788
-148
1540
1540
1500
92
1540
532
100
-836
452
-148
100
-580
260
-148
100
-1348
868
116
116
948
-180
100
-964
1092
-148
100
-564
-148
1092
164
-1252
-836
1540
1540
1540
1540
1540
1540
1540
1540
1540
1540
1540
1540
1500
92
1540
1684
1556
1500
172
116
-148
100
-932
1028
1044
100
-516
-180
116
100
-772
532
-116
-148
1508
1252
100
-628
-148
100
-468
1540
740
-116
852
-148
100
-1500
-220
116
116
116
-148
1508
1500
1508
1500
1500
1508
1508
1500
1500
1508
1508
1844
-564
596
-148
612
-708
1540
-148
1500
92
1540
1540
100
-628
1500
92
1500
924
1500
1500
132
1540
1540
1540
1540
1540
1500
92
1540
1500
92
1500
92
1540
1540
1540
1540
1540
1540
1540
1540
1500
92
1540
1540
1540
1500
92
1540
1540
1540
1540
1540
1540
1540
1540
1540
1540
1540
1500
92
1540
1540
1540
1540
1540
-148
100
-1204
1540
1500
92
1540
1156
1500
92
1500
92
1500
1580
1540
1540
1540
1540
1540
1540
1540
1540
1540
1540
1540
1540
1540
-148
1500
92
1540
1540
1540
-100
1540
1540
1540
1540
1540
1540
1540
1540
1540
1540
1540
1540
772
164
-692
100
-724
340
468
116
-148
100
-548
2180
-532
1540
-180
1500
92
2996
644
164
-532
1540
1500
92
1540
1540
788
116
-116
116
-116
116
-116
116
-660
100
1500
92
1500
92
1500
1500
132
1540
1500
1196
-548
660
-148
100
-548
-148
100
-580
660
-148
100
-548
532
1140
-148
100
-1500
-148
116
116
900
164
-692
100
-820
116
-148
1540
820
420
-1500
-108
-148
116
116
116
884
100
-852
116
-148
596
100
-868
-148
596
132
-1500
-572
-148
100
-772
116
-148
1156
100
-1316
596
-788
1092
-148
1540
1500
92
1540
1540
1540
1540
1540
1540
1500
92
1540
1540
1540
1540
660
100
-820
-148
100
-516
1412
708
-148
100
-468
1556
1500
108
1500
108
1500
108
1556
1556
1348
-148
116
100
-1500
-124
-916
724
1500
1500
132
2084
-148
116
564
100
-324
1540
1540
1300
532
-148
100
-996
1588
1540
1204
1500
92
852
-148
116
100
-1500
-812
-148
116
244
-148
116
116
180
-116
116
452
180
-116
100
-884
596
-148
116
100
-852
628
-148
100
-1380
628
-148
100
-836
452
-148
100
-804
1540
-148
1540
1500
92
1500
92
596
1500
124
1500
92
1500
92
1500
92
1500
92
1500
92
1500
1580
100
-548
1540
-148
1500
92
1540
1500
92
1540
1540
1540
1540
1540
1540
1500
92
1540
1540
1540
100
-548
564
-148
1540
1540
1540
1540
1540
1540
1540
1540
1540
1540
1540
772
1540
1540
1540
1540
1500
92
1540
1540
1540
1540
1540
1540
1540
1540
1540
1540
1540
1540
1540
1540
1540
1540
1540
1540
1540
1540
1540
1540
1540
1540
1540
1540
-100
1540
1540
1540
1540
1540
1540
1500
92
1500
92
1540
1540
1540
1540
1540
1540
1540
1500
92
1540
1540
1540
1540
1540
1540
1540
1500
92
1540
1540
1500
92
1540
1500
92
1540
1540
1540
1540
1540
1540
1540
1540
1540
1540
1540
1500
92
1540
1540
1540
1540
1540
1540
1540
1540
1540
1540
1540
1540
1540
1540
1500
92
1540
1540
1540
1500
92
1540
1540
1540
1500
92
1540
1540
1540
1540
1540
-100
1540
1540
1540
1540
1540
1540
1540
1500
92
1500
92
1500
92
1540
1500
92
1540
1540
1540
1540
1540
1540
1540
1540
1540
1540
1540
1540
1540
1540
1540
1540
1540
1540
1500
92
7292
1548
1540
1500
92
1540
1540
1540
1540
1540
1540
1540
1540
1540
1500
92
1540
1540
1540
1540
1500
92
1540
1540
1540
1540
1540
1540
1540
1540
1540
1540
1500
92
1540
1540
1500
92
-100
1540
1540
1540
1540
1540
1540
1540
1540
1540
1540
1540
1540
1540
1500
92
1540
1540
1540
1500
92
1540
1540
1540
1540
1540
1540
1540
1540
1540
1540
1540
1540
1540
1540
1540
1540
1540
1540
1540
1540
1540
1540
1540
1540
1540
1540
1540
1540
1500
92
1540
1540
1540
1540
1500
92
1540
1540
1540
1540
1540
1540
1540
1540
1540
1540
1540
1540
1540
1540
1540
-100
1540
1540
1540
1540
1540
1500
92
1500
92
1540
1540
1500
92
1540
1540
1540
1540
1540
1540
1540
1540
1540
1540
1500
92
1500
92
1540
1500
92
1540
1540
1540
1540
1540
1540
1540
1540
1540
1540
1500
92
1540
1540
1540
1540
1540
1540
1540
1540
1540
1540
1540
1500
92
1540
1540
1540
1540
1540
1540
1540
1540
1540
1500
92
1540
1540
1540
1540
1540
1540
1540
1540
1540
1540
1540
1540
1540
-100
1540
1540
1500
92
1540
1540
1540
1540
1540
1540
1540
1540
1540
1540
1540
1540
1540
1500
92
1540
1540
1540
1500
92
1500
92
1500
92
1540
1540
1540
1540
1540
1540
1540
1540
1540
1540
1540
1540
1500
92
1540
1540
1500
92
1540
1540
1540
1540
1540
1540
1540
1500
92
1540
1540
1540
1540
1540
1540
1540
1540
1500
92
1540
1540
1540
1540
1540
1540
1540
1540
1540
1540
1540
1540
1540
1540
1500
92
1540
1540
1540
1540
1540
1540
1540
1500
92
1540
1540
1540
1540
1540
1540
1540
1540
1540
1540
1540
1540
1540
1500
92
1540
1540
1540
1540
1540
1500
92
1500
92
1540
1540
1540
1540
1540
1540
1540
1540
1540
1540
1540
1540
1540
1500
92
1540
1540
1540
1540
1540
1540
1540
1500
92
1540
1540
1540
1540
1540
1540
1540
1540
1540
1540
1500
92
1540
1540
1540
1540
1540
1500
92
1540
1540
1540
1540
1540
1540
1540
1500
92
1540
1540
1540
1540
1540
1540
1540
1540
1540
1540
1540
1500
92
1540
1500
92
1500
92
1500
92
1540
1540
1540
1540
1540
1540
1540
1540
1540
1540
1540
1540
1540
1540
1540
1500
92
1500
92
1500
92
1540
1540
1540
1500
92
1540
1540
1540
1540
1540
1540
1540
1540
1540
1540
1540
1540
1540
1540
1540
1540
1540
1540
1540
1500
92
1500
92
1540
1540
1540
1540
1540
1540
1540
1540
1540
1540
1540
1540
1540
1540
1540
1500
92
1540
1540
1540
1540
1540
1540
1540
1540
1540
1500
92
1540
1540
1540
1540
1540
1540
1540
1540
1540
1540
1540
1540
1540
1540
1540
1540
1500
92
1540
1540
1540
1540
1500
92
1540
-100
1540
1500
92
1540
1540
1540
1540
1540
1540
1540
1540
1540
1540
1540
1540
1540
1540
1540
1540
1540
1500
92
1540
1540
1540
1540
1540
1540
1540
1540
1540
1540
1540
1540
1540
1540
1540
1540
1540
1540
1540
1540
1540
1500
92
1540
1500
92
1500
92
1540
1540
1540
1540
1540
1540
1500
92
1540
1540
1540
1540
1500
1500
1500
1500
3188
1500
1500
1500
1500
212
1540
1500
1500
1500
172
1500
1580
1540
1540
1540
1540
1500
92
1540
1540
1540
1540
1540
1540
1540
1540
1540
1500
92
1540
1540
1540
1540
1540
1540
1540
1540
1540
1540
1540
1540
1540
1540
1540
1540
1500
92
1540
1540
1540
1540
1500
92
1540
1540
1500
92
1500
92
1540
1500
1500
132
1500
92
1540
1540
1500
1500
132
1540
1540
1540
1500
92
1500
92
1500
92
1540
1540
1540
1540
1540
1500
92
1540
1540
1540
1540
1540
1540
1540
1540
1540
1540
1540
1540
1540
1500
92
1540
1500
92
1500
92
1500
92
1540
1540
1540
1540
1540
1540
1540
1540
1540
1540
1540
1540
1540
1540
1540
1540
1540
1540
1540
1540
1540
1540
1540
1540
1540
1500
92
1540
1540
1540
1540
1540
1540
1540
1540
1540
1540
1500
92
1540
1540
1540
1540
1540
1540
1540
1540
1500
92
1500
92
1540
1500
92
1540
1540
1540
1500
92
1540
1540
1540
1540
1540
1540
1540
1540
1540
1540
1540
1540
1540
1540
1540
1540
1540
1540
1540
1540
1540
1540
1540
1500
92
1540
1540
1540
1540
1540
1540
1540
1540
1540
1540
1540
1540
1540
1540
1540
1540
1540
1540
1540
1540
1540
1540
1540
1540
1540
1540
1540
1540
1540
1540
1540
1540
1540
1540
7292
7292
2004
7292
7292
2004
7292
1500
7292
556
7292
4396
4900
7292
7292
1500
7292
7292
2908
1500
1164
-212
340
-148
100
-548
-148
-900
100
-148
-100
436
100
-1044
708
-148
276
932
100
-1500
-1020
276
-148
116
116
100
-548
180
-212
404
1500
1500
564
1500
92
1500
92
-244
1540
-628
1604
1540
1500
92
1540
1540
2996
1540
1540
1540
1540
1540
1540
1172
1500
860
1500
92
116
100
-964
116
-148
100
-612
596
820
-516
1188
-148
100
-500
548
-148
100
-500
1316
-148
100
-740
788
-148
100
-884
-148
100
-612
836
-148
676
-804
-148
964
100
-820
1140
-148
100
-596
148
-148
100
-1044
1540
-148
1500
92
1540
1500
92
1540
1540
1540
1540
1540
1540
1540
1588
1540
1540
1540
1540
-980
1540
-148
1500
92
1540
1540
1540
1540
1540
1540
1540
1540
1540
1540
1540
1540
1540
1540
1540
1412
1108
-1500
-1004
-148
116
1500
1500
1500
172
1500
92
1500
92
1500
1580
1540
1268
100
-564
-148
100
-1500
-508
-148
212
1060
-628
-148
100
-1204
1156
-148
388
1492
-516
1316
-148
100
-804
612
-148
100
-1172
1172
-148
100
-1500
-124
-148
100
-1460
964
1500
268
-148
100
-468
596
-148
116
100
-676
324
-148
100
-676
324
-148
100
-564
-1500
-716
116
-148
1540
1500
92
1540
1540
100
-1156
1924
-148
116
596
1380
-116
116
-1380
1540
1500
92
2996
1700
100
-596
-148
100
-548
484
-148
100
-500
612
-148
932
-1268
-148
100
-628
612
-148
660
100
-852
1476
-180
804
100
-1500
-148
116
116
100
-836
788
-148
116
596
132
-1500
-796
-708
772
-980
484
836
596
-116
-148
100
-1268
1540
1500
92
1500
92
1500
92
340
-148
100
-884
596
100
116
-644
596
-148
100
-884
596
-180
116
-148
100
-884
596
-148
100
-916
596
-116
-180
116
-148
100
-836
452
-148
100
-804
452
-148
100
-644
1540
1500
92
1540
1500
92
1540
1540
1540
1540
1540
1540
1500
1500
1500
4636
1540
1540
1540
1540
1540
1540
1540
1540
1540
1540
1540
1540
1540
1540
1540
1500
92
1540
1540
1540
1540
1540
1540
1500
1500
132
1500
92
1500
92
1500
92
1500
1580
1540
1500
1500
1500
1500
3188
1500
1500
1500
1500
4676
1500
1500
1500
1660
1500
1500
1500
1500
212
1500
1500
1500
1500
1500
1500
1500
1820
1500
1500
1500
1500
1500
1500
292
1500
1500
1500
1500
1500
252
-100
1500
92
1500
1500
1500
1500
1500
252
1500
1500
1500
1500
1500
1500
7292
7292
4396
7292
7292
5844
7292
7292
7292
7292
7292
7292
1500
7292
7292
7292
2948
7292
3492
-100
1540
1540
1500
1500
132
1500
1500
1500
1500
212
1500
1500
1500
1500
212
1500
1500
1500
172
1540
1540
1540
1540
1540
1540
1540
1540
1500
92
1540
1540
1540
1540
1540
7292
9244
7292
7292
1500
7292
7292
2508
7292
2948
-100
2948
3276
1500
92
1500
92
1500
92
1500
1580
1540
1540
1540
1540
1540
1500
1500
1500
1660
1500
92
1500
1500
1500
1500
1500
1500
1500
1500
372
1500
1500
1500
172
1500
1500
1500
1500
1500
1500
1500
1500
1500
1500
452
1500
1500
1500
1500
1500
1500
292
7292
4396
180
1500
1580
1540
1540
1540
1540
1500
92
1540
1540
1540
1500
92
1540
1540
1540
1500
92
1500
1500
132
1500
92
1500
92
1540
1500
1500
1500
1500
1500
1500
292
1500
1500
1500
172
1500
1580
1540
1540
1540
1540
1540
1500
92
1540
1540
1540
1500
92
1540
1540
1540
1500
92
1500
92
1540
1540
1540
1540
1500
92
1540
1500
92
1500
1500
1500
172
1540
1540
1540
1540
1500
92
1540
1540
1540
1500
92
1540
1500
92
1540
1540
1540
1540
1540
1540
1540
1540
1540
1540
1540
1540
1540
1540
1540
1540
1540
1500
92
1540
1540
1540
1540
1540
1540
1540
1540
1540
1540
1540
1540
1540
1540
1540
1540
1540
1500
92
1540
1540
1540
1540
1540
1540
1540
1500
92
1500
92
1540
1500
-100
92
1500
1580
1540
1540
1540
1540
1540
1540
1540
1500
92
1500
92
1540
1540
1540
1540
1500
92
1540
1540
1500
92
1500
1500
1500
1500
1500
252
1500
1500
1620
1540
1540
1540
1500
1580
1540
1540
1540
1540
1540
1540
1500
92
1540
1500
92
1540
1540
1540
1540
1540
1540
1540
1500
92
1540
1540
1540
1540
1540
1540
1540
1540
1540
1540
1540
1540
1540
-100
1540
1540
1540
1500
92
1540
1540
1540
1540
1540
1540
1540
1540
1540
1540
1540
1540
1540
1540
1540
1540
1540
1540
1500
92
1540
1540
1540
1500
92
1540
1540
1540
1540
1540
1540
1540
1540
1540
1540
1540
1500
1500
132
1500
92
1500
1500
1500
172
1540
1500
92
1540
1500
1500
132
1500
1580
1540
1500
92
1540
1540
1540
1540
1540
1540
1540
1540
1540
1540
1540
1540
1540
1540
1540
1540
1540
1500
92
1540
1540
1540
1540
1540
1540
1540
1540
1540
1540
1540
1540
1540
1540
1540
1540
1540
1500
92
1500
92
1540
1540
1540
1540
1500
92
1540
1540
1540
1540
1540
1500
92
1540
1540
1540
1540
1540
1540
1540
1540
1540
1500
92
1540
1540
1540
1540
1540
1540
1540
1540
1540
1500
92
1540
1540
1540
1500
92
1540
1540
1540
1540
1540
1540
1540
1540
1540
1540
1500
92
1540
1540
1540
1500
92
1540
1540
1540
1540
1540
1540
1540
1540
1540
1500
92
1540
1540
1500
92
-100
1500
92
1540
1540
1540
1540
1540
1540
1540
1500
92
1540
1540
1500
92
1540
1540
1500
92
1540
1540
1540
1540
1540
1540
1540
1500
92
1540
1500
92
1540
1540
1540
1540
1500
92
1540
1540
1540
1540
1540
1500
92
1540
1540
1540
1540
1540
1540
1540
1540
1540
1540
1500
92
1540
1540
1540
1540
1540
1540
1540
1500
92
1540
1540
1540
1540
1540
1540
1540
1540
1540
1540
1500
92
1540
1540
1540
1540
1540
1500
92
1540
1540
1540
1540
1540
1500
92
1540
1540
1540
1540
1500
92
1540
1540
1540
1540
1540
1540
1540
1540
1500
92
1500
92
1540
1540
1540
1540
1540
1500
92
1540
1540
1540
1540
1540
1540
1540
1500
92
1540
1540
1500
92
1500
1500
1500
1500
1500
1500
1500
1500
1500
1500
1500
1500
1500
7292
-100
7292
7292
7292
2948
7292
7292
7292
2052
6004
1500
1500
1500
1500
1700
1500
1500
1620
1500
1580
1500
92
1500
1500
132
1500
1580
1500
92
1500
1500
1500
172
1500
1580
1500
92
1540
1540
1540
1500
92
1540
1540
1540
1540
1540
1540
1540
1540
1540
1540
1540
1540
1540
1540
1540
1500
92
1540
1500
1500
1500
1500
1500
1500
1500
332
1500
1500
1500
1500
1500
1500
1500
1500
1500
1500
-100
1500
492
1500
1500
1500
172
1500
1500
1500
172
1500
1500
1500
172
1500
1500
1500
172
1540
1540
1540
1500
92
1500
92
1540
1540
1540
1500
92
1540
1540
1540
1540
1540
1540
1540
1540
1540
1540
1500
92
1540
1540
1540
1500
92
1540
1540
1540
1500
1500
1500
1500
1500
252
1500
1500
1500
1500
1500
252
1500
1500
1500
1500
1500
1500
1500
1500
1500
1500
1500
1500
532
1500
1500
1500
1500
1500
1500
1500
1500
372
1500
1500
1500
1500
1500
1500
1500
1500
1500
1500
1500
1500
1500
572
1500
1500
1500
172
1500
1500
1500
1500
212
1500
1500
1500
1500
1500
1500
1500
1500
1500
1500
1500
492
1500
1500
1500
1500
1500
1500
1500
1500
1500
1500
1500
1500
532
1500
1500
1500
1500
1500
1500
1500
1500
372
1500
1500
1500
1500
1500
1500
1500
1500
1500
3260
-100
-1500
-140
452
500
-1300
404
452
-772
452
-756
452
-772
452
-756
452
-116
-180
116
-772
452
-772
452
-756
452
-756
452
-756
452
-756
452
116
-788
116
180
-116
244
-148
372
-212
180
-116
116
116
372
-212
116
116
116
116
