-148
100
-484
1500
92
1500
92
1500
92
1500
92
-148
1500
92
1500
92
1500
92
1500
92
1500
92
1500
92
1500
92
1500
92
1500
92
1500
92
1500
92
1500
92
100
-964
-148
212
884
-980
-148
100
-1012
-148
1500
92
1500
92
1500
92
1500
92
1500
92
1500
92
1500
92
1500
92
1500
92
1500
92
1500
92
1500
92
1500
92
1500
92
1500
140
532
-948
1500
-148
92
1500
92
1500
380
100
-964
468
-148
100
-964
1500
-148
92
1500
92
1500
1500
132
100
-804
180
-116
-148
1500
140
1500
92
1500
92
1500
92
1500
92
1500
92
1500
92
1500
92
1500
92
1500
92
1500
92
1500
92
1500
92
1500
92
1500
92
1500
92
1500
92
100
-964
-148
1500
92
1500
92
1500
92
1500
92
1500
92
1500
92
1500
92
1500
92
1500
92
1500
92
1500
92
1500
92
1500
92
1500
92
1500
92
1500
92
1500
92
1500
92
1500
92
1500
1500
100
1500
92
1500
92
1500
92
1500
92
612
1500
92
1500
1500
132
1500
92
1500
92
1500
92
1500
92
1500
252
100
-980
1500
-148
92
1500
92
1500
412
1500
92
1500
92
1500
92
1500
92
100
-980
-148
1396
1012
100
-1012
-148
356
132
-1012
-148
100
-532
1500
-148
108
1500
108
1500
252
100
-532
1500
-148
108
1500
108
1500
1084
100
-532
356
-148
1500
1500
212
1500
108
1500
108
-532
1156
-148
1500
108
1500
108
1500
108
1500
108
100
-532
1364
-148
1500
108
1500
108
1500
108
1500
156
-532
1500
-148
108
1500
108
1500
1132
1500
108
1500
1500
164
100
-516
564
-148
500
-532
1500
-148
108
1500
108
1500
1500
164
1500
108
1500
156
868
-532
1500
-148
108
1500
108
1500
1324
100
-532
1500
-148
108
1500
108
1500
1500
164
1500
636
-532
1500
-148
108
1500
108
1500
1500
164
1500
100
-516
1284
-148
100
-532
1500
-148
108
1500
108
1500
1500
164
1500
364
-532
1500
-148
108
1500
108
1500
1500
164
388
100
-532
1500
-148
108
1500
956
100
-532
1500
-148
108
1500
108
1500
1500
164
708
100
-532
1500
-148
108
1500
1500
1500
220
1500
92
-532
1500
-148
108
1500
108
1500
1500
164
1500
108
788
-532
1500
-148
108
1500
108
1500
1500
164
756
100
-532
1500
-148
108
1500
1500
164
1500
108
1380
100
-532
1500
-148
108
1500
1500
164
1500
108
1500
108
724
100
-1500
-1452
276
-1492
-5844
-276
-532
1500
-148
108
1500
1500
164
1500
428
1500
1500
164
1500
108
1500
764
1500
108
1500
108
1500
108
1500
108
1380
1500
652
1500
108
1500
108
1500
108
1500
108
1500
108
1500
108
884
1500
108
1500
108
1500
1500
628
1500
1500
164
1500
108
1500
108
1500
108
804
1500
1500
164
1500
108
1500
108
1500
108
1500
108
1252
1500
732
1500
1500
1084
100
-1012
-148
100
-532
1500
-148
204
100
-532
-148
1500
108
1500
108
1500
108
1500
108
1500
100
-532
1500
-148
204
1500
540
1500
108
1500
108
1500
108
1500
108
1500
108
1500
1500
916
1500
108
1500
108
1500
108
1500
108
1500
108
1500
108
1500
108
1500
108
292
1500
108
1500
108
1500
1500
164
1500
108
1500
108
884
1500
1164
1500
108
1500
108
1500
108
1500
1500
164
1316
1500
1500
164
884
1500
108
1500
1196
1500
252
1500
1500
164
1500
108
916
1500
108
1500
1500
164
1500
108
1500
108
1500
1500
1500
124
1500
108
1500
108
1500
108
1500
108
1500
108
1500
108
1500
108
1500
108
1500
108
1500
108
1500
108
1500
108
1500
108
1500
108
804
100
-1124
-148
548
132
-1108
-148
100
-1172
-148
1012
132
-468
-1500
-1484
116
-148
1500
204
548
1500
108
1500
108
1500
108
1500
108
1500
1500
164
1364
1500
108
1500
1500
164
1500
108
1500
460
1500
108
1500
108
1500
108
1500
108
1500
108
1500
108
1500
108
1500
108
1500
108
1500
108
724
1500
108
1500
108
1500
108
1500
940
1500
108
1500
108
1500
108
1500
108
1500
1500
404
1500
108
1500
108
1500
108
1500
108
1500
108
1500
1500
164
1500
1276
1500
1500
164
1500
460
1500
108
1396
1500
108
1500
108
1500
1500
164
1500
108
1500
620
1500
108
1284
1500
812
1500
1500
1444
1500
1500
1500
1500
1500
1500
1500
492
100
-1172
-148
1500
92
1124
1500
140
1500
156
-1172
-148
1500
108
1500
108
1500
108
1500
108
1500
108
1500
108
1500
92
1500
108
916
1500
92
100
-660
-1500
-1100
-148
1500
108
1500
108
1500
108
1460
1500
108
1500
1500
164
1500
108
980
1500
108
1500
108
1500
108
1500
108
1500
1500
100
1500
108
1500
108
1500
540
1500
108
1500
108
1500
108
1500
108
1500
108
1500
108
1500
108
1500
108
1500
108
1500
140
1500
108
1500
108
1500
108
1500
108
1500
108
1500
108
1500
108
1500
1500
1500
220
1500
156
1500
1500
1500
220
1500
108
1500
1500
1500
220
1500
108
1500
1500
1500
1500
276
-644
116
-148
1500
108
1500
1500
1204
1500
1500
164
1500
1500
692
1500
1244
1500
252
1500
860
1500
492
1500
652
1500
1500
164
1500
204
1500
108
564
1500
652
1500
492
1500
140
-996
500
-148
100
-8740
-436
1500
172
1500
1500
164
1500
108
1500
108
1500
108
1500
108
1500
1500
1500
108
1500
108
1500
108
-532
1500
108
1500
108
-532
1500
300
1500
108
1500
108
1500
1500
1396
-532
1500
108
1500
-548
108
1500
108
1500
108
1028
1500
108
1500
1500
164
-548
1500
108
1500
108
1500
108
1500
396
1500
108
-532
1500
-148
108
1500
684
1500
108
1500
108
1500
396
1500
1500
164
1500
268
1500
1500
164
1500
108
1500
108
1500
1500
1500
124
1500
108
1500
108
1500
108
1500
108
1500
108
1500
172
1500
108
1500
108
1500
332
1500
108
1500
108
1500
1004
1500
108
1500
1500
1500
1500
276
1500
716
356
1012
1500
108
1500
108
1500
108
1500
108
1500
108
1500
108
1236
1500
108
1500
108
1500
108
1500
108
1500
108
1500
92
1500
444
1500
108
1500
108
1500
444
708
1500
108
1444
1500
108
1500
92
116
1500
108
1500
108
1500
108
1500
108
1044
1500
108
1500
108
500
1500
108
1500
108
676
260
1500
108
1500
108
1500
108
1500
108
1500
108
1012
1500
108
1500
108
1500
892
1500
108
1500
1500
868
1500
108
1500
1500
1500
108
1500
108
1500
476
100
-580
-148
100
-660
452
-148
1500
108
1500
92
1500
156
100
-7292
-4396
-596
1500
108
1500
108
1500
1500
164
1500
108
900
1500
108
-532
1500
108
1500
108
1500
1500
1500
1500
1500
1500
1500
1500
1500
1500
1500
1500
1500
1500
1500
1500
1500
1500
1500
1500
1500
1500
1500
1500
1500
1500
-148
1500
1500
1500
1500
1500
1500
1500
1500
1500
1500
1076
1500
1500
1500
1500
1500
332
1500
108
1500
1500
164
1500
108
1500
108
1500
108
1012
1500
1500
1500
1500
1500
1500
1500
1500
1500
1500
1500
1500
1500
1500
1500
1500
1500
1500
148
1500
108
692
1500
1388
1500
956
1500
108
1500
1500
1460
1500
108
1500
652
644
1500
140
1500
1500
164
1500
108
1252
-212
324
1500
108
196
1500
620
1500
108
1500
108
1500
316
1156
1500
108
1500
108
1460
1500
108
1500
108
1220
164
1444
1500
108
1300
1500
540
100
-1500
-636
-532
-1500
-108
-1500
-524
-1500
-540
-1500
468
-564
1500
92
1500
92
116
1500
92
1500
172
1500
108
1500
108
1500
108
1236
1500
1500
108
1500
108
1500
-580
988
1500
1500
164
1500
1500
164
-532
1500
108
1500
1500
108
1500
108
1500
108
1500
108
-532
1500
1468
1500
1500
164
1500
1500
260
1500
1500
1500
492
1500
108
-580
1500
-1076
108
1500
748
1500
1500
164
1500
108
1500
108
1500
1468
1500
1500
148
1500
108
1500
1500
1500
1500
1124
1500
1500
468
-580
1500
-1060
108
1500
108
1500
108
1500
1500
164
1500
108
1500
108
1500
108
1500
108
1380
1500
1500
1500
220
1500
556
852
-532
1500
-532
108
1500
108
1500
1500
164
1500
108
1500
108
1500
108
1500
572
116
1500
108
1500
108
1500
108
1500
1500
100
1500
1500
164
1500
108
1500
1500
1500
220
-532
1500
108
1500
108
932
-580
1500
108
1500
108
1500
108
1500
156
1500
108
1500
108
1500
972
1500
1500
164
1500
108
1332
-100
1500
108
1500
108
1500
108
1500
108
1500
108
1500
108
1500
108
1500
108
1500
108
500
-148
356
164
-1028
1500
92
1500
92
964
1500
860
1500
1500
1436
1500
1500
1500
92
1500
92
1500
92
1500
92
1500
1500
1500
220
1500
92
1500
108
1500
108
1500
108
1500
108
1500
588
1500
108
980
1500
1500
132
1500
92
1500
92
1500
92
1500
92
1500
92
1500
92
1500
108
1500
108
1500
108
1500
108
1500
108
1500
108
1500
108
1500
108
1500
108
1500
108
1500
108
1500
108
1500
108
1500
108
1500
108
1500
108
1500
92
1500
92
1500
92
1500
108
1500
108
1500
108
1500
108
1500
108
1500
108
1500
108
1500
108
1500
108
1500
108
1500
108
1500
108
1500
108
1500
108
1172
1500
1500
164
1500
92
1500
92
1500
92
1500
540
1500
108
1500
108
1500
92
1500
1500
1500
92
1500
1500
164
1500
92
1500
92
1500
92
1500
92
1500
92
1500
92
1500
92
1500
92
1500
108
1500
108
1500
108
1500
108
1500
92
1500
92
1500
92
1500
92
1220
1500
1500
132
1500
92
1500
92
1500
92
1500
92
1500
92
1500
92
1500
92
1500
92
1500
92
1500
92
1500
92
1500
92
1500
92
1500
92
-756
1500
108
1500
108
1428
116
-148
1500
156
1500
92
1500
92
1500
92
1500
1500
100
1500
92
1172
1500
1500
1500
1500
1500
1500
1500
1500
1500
1500
1500
1500
1500
1500
1500
100
116
-148
1500
1500
1500
1500
1492
1500
1500
1500
1500
1500
476
100
-452
228
-452
228
900
1500
108
996
1500
108
1500
284
1500
108
116
1500
108
1500
1500
1500
124
1500
108
1500
108
1500
108
1500
108
836
-116
-180
100
-580
-1500
-188
1500
-708
108
1500
1500
164
1500
108
1500
108
1500
108
1500
108
900
1500
108
1500
1500
164
1500
108
1500
108
1500
108
1500
1500
164
1500
108
1500
108
1500
108
1500
172
1500
108
900
1500
1500
164
1500
108
1500
108
1500
108
1500
108
740
1500
604
1500
108
1500
108
740
100
-1412
116
-148
116
-1044
100
-660
356
-820
1500
-260
1500
1500
1500
1500
1500
1500
268
1500
1500
1076
1500
572
1500
1500
1100
1500
1500
148
1500
1500
492
-212
548
-148
324
100
-148
-580
1500
1500
1500
1500
1500
1500
1500
1500
1500
1500
100
-532
-1500
-1068
1500
1500
1500
1500
1500
980
1500
1500
1500
1500
1500
1500
1500
1500
1500
1500
1500
1500
1500
1500
1500
1500
1500
1500
1500
92
1500
1500
1500
1500
1500
1500
1500
1500
1500
812
1500
-148
1500
1500
1500
1500
1500
1500
1500
1500
1500
1500
1500
1500
1500
1500
1500
1500
1500
1500
1500
1268
1500
108
1500
1500
348
-804
868
-212
116
1500
92
1500
92
1300
1500
92
340
1500
428
-740
516
500
-676
100
-276
1500
948
1500
1500
828
-804
116
868
-212
340
-612
1500
1500
1500
1500
1500
1500
1500
1500
1500
1500
1500
1500
1500
1500
1500
1500
804
-148
100
-532
436
-148
1500
92
708
100
-516
436
-148
1500
92
1500
92
1500
92
1500
140
-516
1500
-148
92
1500
92
1500
1500
132
1500
92
1500
92
1500
92
1500
92
1500
92
1500
92
1500
92
1500
92
1500
92
1500
92
1500
92
1500
92
1500
92
1500
92
1500
92
1500
92
1500
524
1500
92
1500
92
1500
92
-516
1500
-148
92
1500
92
1500
1500
132
1500
92
1500
92
1500
92
1500
92
1500
92
1500
92
1500
92
1500
92
1500
92
1500
92
1500
92
1500
92
1500
92
1500
92
1500
92
1500
92
1500
92
1500
92
1500
92
1500
92
1500
92
1500
92
1500
92
1500
92
1500
92
1500
92
1500
92
1500
92
1500
92
1500
92
1500
92
1500
92
1500
92
1500
92
1500
92
1500
92
1500
92
1500
92
1500
92
1172
1500
140
1500
92
1500
1500
1500
1500
1500
1500
1500
716
1500
1500
-100
1500
-516
1500
212
1500
1500
1500
172
-148
1500
92
1500
92
1500
92
1500
92
1500
92
1500
92
1500
92
1500
92
1500
92
1500
92
1500
92
1500
92
1500
92
1500
92
1500
92
1500
92
1500
92
1500
92
1500
92
1500
92
1500
92
1500
92
1500
92
1500
92
1500
92
1500
92
436
1500
1500
132
1500
92
1500
92
1500
92
1500
92
1500
92
1500
92
1500
92
1500
92
1500
92
1500
92
1500
92
1500
92
1500
92
1500
92
1500
92
1500
92
1500
92
1500
92
1500
92
1500
92
1500
92
-100
1500
92
1500
92
1500
92
1500
92
1500
92
1500
92
1500
92
1500
92
1500
92
1500
92
1500
92
1500
620
1500
92
1500
92
1500
92
1500
92
1500
92
1500
1500
1500
1500
1500
1500
1500
1500
1500
1500
1500
1500
1500
1500
1500
1500
1236
1500
92
1500
92
948
100
-1012
436
1500
92
1500
284
1500
476
1500
1500
132
1500
92
1500
572
-116
-564
116
116
116
180
-116
180
-116
116
116
116
116
-148
100
-532
-148
1500
1500
244
1500
108
-532
868
-148
180
1500
108
1500
364
-532
-148
1500
108
1500
108
596
100
-532
-148
1500
108
1500
156
836
-532
-148
1500
108
1500
108
1500
1292
-532
-148
1500
108
1500
108
1300
-532
-148
1500
108
1500
156
820
-532
-148
1500
108
1500
156
548
-532
-148
100
-532
-148
1500
108
1500
108
1500
172
1500
108
1500
108
1500
156
-532
-148
548
1500
108
1500
1340
100
-2948
-1476
1500
108
1500
460
1500
108
1500
108
1500
828
1500
108
1500
108
1500
108
1500
364
1500
108
1500
412
1500
108
1500
220
1500
108
1500
1500
372
1500
108
1500
508
1500
108
1500
108
1500
492
1500
1500
164
1500
492
-1500
-332
916
116
-116
116
116
