-148
100
-452
1540
1500
92
1500
92
1540
1540
1540
1540
1540
1540
1540
1540
1540
1540
1540
1540
1540
1540
1540
1540
1540
1540
1540
1540
1540
1412
-148
100
-484
1540
-148
1236
100
-484
1540
-148
1540
868
100
-484
1540
-148
1540
1500
92
1540
1500
92
1500
92
1476
1500
1580
1540
1540
1492
1500
1580
1540
100
-484
1540
-148
1500
92
1540
1500
92
1540
1540
1540
1540
1540
1540
1540
1588
1540
1540
852
-484
1540
-148
1540
1268
1500
140
1500
1164
-484
1540
-148
1500
92
1540
1500
92
1524
1540
1540
1540
1540
1500
1500
1500
6636
1540
1500
92
1540
1540
1540
1540
1540
1540
1540
1500
92
1500
92
2084
100
-484
-148
1540
1620
420
1500
100
-484
-148
1524
1524
1524
100
-484
-148
420
1500
1524
1188
420
1524
100
-484
1524
-148
1524
1524
1524
1524
1428
1500
444
1044
-484
-148
1524
1524
1428
1500
444
100
-484
-148
1524
1524
1524
420
1500
100
-1364
-148
1540
1500
92
1540
1364
1460
1524
1524
1524
1524
1524
1524
1700
100
-4396
-812
1540
-484
1540
1500
-452
1540
1540
1540
1540
1540
1540
1540
1540
1540
1540
1540
1540
1540
1540
612
1500
1052
1500
92
1500
1500
132
1460
1524
1524
1860
-484
-148
1460
1540
2004
100
-468
420
1500
1500
100
420
1500
1500
1500
1500
492
1500
1500
132
420
1500
1500
1500
444
1500
1540
1540
420
1524
1524
1380
-484
1540
1500
92
1500
92
1540
1540
1500
92
1500
92
1540
1412
644
-484
1524
1540
-484
868
-484
1540
1620
1604
-484
1524
1172
-484
-148
420
1500
1500
332
420
1524
1524
1524
420
1524
1500
1524
1524
420
1524
1524
852
420
1524
1524
1460
420
1524
1524
1668
100
-2948
-1428
1540
1500
92
1540
1500
92
1540
1540
1540
1540
1332
1500
92
1500
892
1500
844
1500
812
1500
92
1500
1500
132
1540
1540
1540
1092
-148
1540
1540
1540
1540
1540
1540
1500
92
1540
1540
1540
1540
1572
420
1540
628
420
420
1524
1500
1300
1956
420
1524
1524
1524
1524
420
1524
1524
1524
1908
100
-660
-148
1524
1524
1524
1524
1524
1524
1524
1500
164
100
-756
-148
1524
1348
100
-596
-148
148
100
-532
1108
-148
100
-532
420
-148
1524
100
-532
1204
-148
100
-532
1540
-148
740
100
-2948
-356
116
1500
92
-564
772
-468
-484
420
1500
1500
652
-484
1364
-468
420
1500
1500
1500
444
1500
444
1500
1500
1916
1524
420
1500
1500
100
1524
1524
420
1500
1500
-148
1476
1524
1524
1524
1524
1524
1524
1524
1524
1716
1524
1524
1236
1500
1500
1524
1524
756
1524
1524
1524
1500
1524
1500
1524
1524
1524
1524
516
100
-916
-148
100
-1500
-1260
-148
1540
1500
92
1524
708
1540
1540
1500
92
1540
260
1540
1540
1540
1540
1540
1540
420
1524
1524
1500
1524
1796
1524
1524
1524
1892
1500
1524
1524
900
420
1524
1524
1524
1524
1524
1828
420
1524
1524
1524
1524
100
-836
1540
-148
1500
92
1540
1412
1540
1748
1524
1556
164
1476
1476
1540
1540
1540
1540
1500
92
1540
1540
1540
1540
1540
1540
932
1540
1540
1540
1540
1540
1540
1540
1540
1540
1540
1540
1700
1540
1540
1500
92
1540
1540
1540
1540
1540
1540
1540
1540
1500
92
1540
1540
1540
1540
1540
1540
2068
1476
804
1540
1284
1540
1540
1500
92
1540
-100
1540
1540
1540
1540
1540
1540
1540
964
1500
1500
132
1500
92
1540
1540
1540
1540
1540
1500
92
1500
92
1500
92
1500
92
2052
2052
100
-516
-148
100
-4396
-268
276
-148
180
-116
116
116
116
420
1500
1500
1500
508
1500
444
1524
1524
116
420
1500
1500
100
116
100
-484
-148
100
-708
-148
100
-660
-148
100
-676
-148
708
1500
1148
-580
-148
1524
1524
1236
1500
444
1500
1540
1588
1540
-580
804
-148
1540
1500
92
1540
1540
1540
1540
1540
1540
1540
100
-580
-148
1540
1540
1924
1540
1540
1540
1540
1540
1540
1540
1500
92
1540
1540
1540
1500
92
1540
1540
1540
1540
100
1500
-580
1500
132
1540
-148
740
1500
92
1500
1388
1500
92
1500
1500
132
1540
1540
1540
1540
1540
1540
1540
1540
1500
92
1540
1540
1540
1540
1540
1540
1588
-580
-148
1540
1540
1540
1500
92
1540
1540
1652
1540
1500
92
1412
1500
92
1500
92
1500
92
1500
92
1500
92
1500
956
1500
1500
132
1540
1540
1500
92
1540
1540
1540
1540
820
1284
1540
1540
1540
1540
1540
1540
1540
1540
1540
1540
1540
1540
1540
1540
1540
1540
1540
1860
1540
1500
92
1540
1540
1540
1540
804
100
-484
-148
100
-452
-148
420
1500
1500
100
-660
-148
1540
1540
1540
1540
1540
1540
1540
1540
1540
1500
92
1540
1500
92
1540
1540
1540
1540
1540
1540
1540
1540
1540
1540
1540
1540
1540
1540
1540
1500
92
1500
92
1500
1500
132
1540
1540
900
1540
1540
1540
1540
1500
92
1540
1540
1540
1540
1540
1540
884
1540
1540
1500
92
1500
1500
1500
1500
4804
1524
1524
1684
100
-516
-148
1540
1540
1540
1540
1540
1428
1500
92
1500
1580
1508
1316
2036
100
-804
-148
1540
1500
92
1500
92
1500
92
1540
1540
1540
1540
1500
92
1540
1500
92
1540
1540
1540
1500
92
1540
1748
100
-932
292
-148
292
100
-436
-148
100
-2948
-580
180
180
-116
-148
420
1500
1500
1500
444
1500
1916
1892
1524
1524
420
1500
1500
1500
444
1500
676
100
-484
372
1524
1524
1524
1524
1156
-484
1524
1500
1524
1524
1524
1524
1524
1524
1500
1500
1748
1524
1500
1892
-484
1524
-500
1524
1060
-500
772
-500
-148
372
1268
420
1524
1524
1524
1500
732
1524
1500
1524
1524
1940
420
1524
1524
1524
1524
1524
1524
420
1524
1524
1524
1524
1524
420
1524
1524
1524
388
420
1524
1524
1524
308
1524
1908
1524
868
100
-2948
-340
-500
1540
1540
1076
420
1524
1524
420
1524
1524
1524
1892
1524
1524
1524
1524
1524
1524
1892
1524
1524
1524
1524
1500
1044
-484
420
1500
1548
420
1500
1500
100
1500
1500
100
324
1524
1500
1524
436
1524
1524
1156
420
1524
1524
1524
1524
1500
1500
1500
1500
1588
1524
1524
1500
1524
1524
1524
388
1524
1500
164
-116
1500
1500
1548
1524
1108
1500
204
1500
1500
100
1524
1076
1508
1860
-452
1540
1500
92
1540
1540
1540
1540
1540
1540
1540
1540
964
-436
1540
1940
-116
-244
-244
244
-436
244
116
-404
116
116
116
116
116
116
116
116
116
116
