-148
100
-484
1500
92
996
1500
92
-148
100
-532
1500
-148
108
1500
108
1500
1500
164
1500
108
1500
108
1500
108
1500
108
1500
108
1500
156
1500
108
1500
108
1500
108
1500
108
1500
164
-548
1500
-148
108
1500
108
1500
1500
164
1500
108
1500
108
1500
108
1500
108
1500
108
1500
108
1500
108
1500
108
1500
108
1500
108
1500
108
1500
108
1500
108
1236
1500
1500
164
1500
108
1500
108
100
1500
1500
164
1500
1500
1500
1500
1500
1436
-548
1500
-148
108
1500
108
1500
1500
164
1500
108
1500
108
1500
108
1500
108
916
-548
1500
-148
92
1500
92
1500
1500
132
1500
92
1500
108
1500
108
1500
108
1500
108
100
-532
1500
-148
108
1500
108
1500
1500
164
1500
108
1500
108
1500
108
1500
108
1500
108
1500
108
1500
108
1500
108
1500
108
1500
108
1220
1500
108
1500
1500
212
1500
108
1500
-516
1500
540
1500
92
1500
92
1500
92
1500
92
1500
92
1500
92
1500
92
1500
92
1500
92
1500
92
-564
1500
-660
92
1500
92
1500
92
1500
92
1500
92
1500
1500
132
1500
92
1500
92
1500
92
852
1500
1500
276
100
-1500
-620
948
1500
1132
1500
1180
-548
468
-148
500
100
-484
1500
-148
108
1500
108
1500
1500
164
1500
108
1220
-2948
-948
1500
-148
108
1500
1500
1044
564
1500
1500
132
1500
108
1500
108
1500
1052
1500
476
1500
1500
164
1500
108
1500
108
1500
108
1500
108
1500
108
1500
108
1500
108
1500
108
1500
108
1500
108
900
1500
1500
164
1060
1500
1500
180
1500
92
1500
92
-516
1500
-148
428
1500
1180
1500
1484
-1500
-236
-628
612
-548
724
1500
1500
180
1396
-548
948
-644
932
-548
1500
-980
108
1500
108
1500
1500
164
1500
108
1500
108
1500
108
1500
108
1500
108
692
-516
1124
-516
1460
-516
1108
-516
1188
-516
1268
-516
1156
-516
1220
-516
1220
-516
1332
-516
1236
-516
1252
-516
1316
-516
1204
-644
1220
-628
1364
-532
1500
108
1500
108
1500
108
788
1500
1500
1500
108
1500
108
1500
1500
164
1500
108
1500
108
1500
108
1500
108
1500
108
1500
108
1500
108
1500
108
1500
108
1500
108
1500
108
1500
156
1428
-580
1500
108
1500
108
1500
108
1500
108
1500
108
1500
108
1500
108
1500
108
1500
108
1500
108
1500
108
1500
108
1500
108
1500
108
1500
108
1500
108
1500
108
1500
108
788
-516
1500
108
1500
108
1500
108
1500
108
1500
108
1500
108
1500
108
1500
108
1500
108
1500
108
1500
108
1500
108
1500
108
1500
108
1500
108
1500
108
1500
108
1500
108
1500
108
1500
572
-516
1500
108
692
-628
1500
108
1500
108
1500
108
1500
108
1500
108
1500
108
1500
108
884
-644
1500
108
1500
108
1500
108
1500
-148
100
-788
1076
-516
-1500
-508
1500
108
1500
108
1500
108
1500
108
1500
108
1500
108
1500
108
1500
108
1500
108
1500
108
1500
108
1500
108
1500
108
996
1500
108
1500
108
1500
1500
164
1500
108
1500
108
1500
316
1500
108
1500
108
1500
108
1500
1500
164
1500
108
1500
108
1500
108
1500
108
1500
108
1500
108
1500
108
1500
108
1500
108
1500
108
1500
108
1500
108
1500
108
1236
1500
1500
164
1500
108
1500
108
1500
108
1500
108
1500
1500
164
1500
108
1500
1500
164
1500
108
1500
108
1500
108
1500
108
1500
108
1500
108
1500
108
1500
108
1500
108
1500
108
1500
108
1500
108
1500
108
1500
108
1500
108
1500
108
1500
108
1500
108
1500
108
1500
108
1500
108
1500
108
1500
108
1500
108
1500
108
1500
108
-100
1500
108
1500
108
1500
108
1500
108
1500
108
1500
108
1500
108
1500
108
1500
108
1500
108
1500
108
1500
108
1500
108
1500
108
1500
108
1500
108
1500
108
676
-148
100
-516
532
-612
820
-148
100
-468
1500
-148
1500
1500
1500
1500
1500
1500
108
1500
1500
1500
1500
-148
108
1500
1164
1500
1500
116
1500
1500
-516
1500
-148
316
1500
1500
116
1076
-516
1460
-148
100
-516
1396
-148
100
-516
1204
-148
100
-516
1348
-148
356
100
-468
292
1500
92
1500
1500
132
1500
92
1500
92
1500
428
-1396
500
-1364
532
-148
100
-468
1500
-148
108
1444
-628
-148
100
-596
724
-148
100
-468
1316
-148
1172
100
-1500
-972
-148
900
868
100
-596
-676
-148
100
-644
1500
-148
124
116
292
132
-260
-148
1500
92
1012
1500
140
1500
92
1300
532
-740
-148
116
100
-612
468
-148
1500
1500
948
100
-692
116
-1204
852
-116
-148
100
-660
1044
-964
452
1500
540
-212
532
340
-548
580
-148
100
-1500
-268
-116
-660
1500
972
340
-116
-692
372
-116
-148
100
-276
1500
1500
916
-148
100
-148
100
-148
100
-148
100
-660
-148
868
100
-148
100
-148
100
-148
100
-148
100
-148
100
-148
100
-660
452
1500
140
-212
-1500
340
-468
-548
1500
1500
1500
1500
1500
1500
1500
1500
1500
1500
92
1500
92
1300
1500
92
1500
92
1500
1500
1380
1300
1500
92
1500
1340
1500
92
1500
684
1500
92
1500
684
1500
92
1500
684
1500
1500
828
1500
92
1500
1340
1500
92
1500
1340
-148
100
-660
452
1500
348
-148
100
-660
452
1500
268
-404
-500
100
-660
884
-660
884
-404
148
-756
-1500
-988
148
-404
148
-1380
148
-564
148
-1380
340
-1380
-1500
-972
1500
92
1500
92
1500
92
1500
92
1500
92
148
-1380
1500
572
-1380
1500
92
1500
124
1500
1500
92
1500
124
1332
-1380
1268
-1380
1500
92
1500
92
1500
92
1500
92
1500
92
1500
92
1500
92
1500
92
1500
92
1500
92
1500
92
1500
92
1500
92
1500
92
1500
92
1500
92
1500
92
916
-1380
1500
92
1500
92
1500
92
1500
92
1500
92
1500
92
1500
92
1500
92
1500
92
1500
92
1500
92
1500
1500
124
1500
1500
156
1500
92
1284
1500
1500
132
1500
92
1500
92
1500
92
948
1500
1500
132
1500
92
1500
92
1500
92
1500
92
1500
92
1500
92
1500
92
1500
92
1500
92
1500
92
1500
92
1500
92
-116
1500
92
1500
92
1500
1500
132
1500
92
1500
92
260
1500
1500
132
1500
92
1500
92
1500
92
1412
1500
1500
132
932
1500
1500
132
1500
92
1500
92
1500
92
1500
92
1500
92
1500
92
1500
92
1500
92
1500
92
1500
140
1236
1500
1500
132
1500
92
1500
92
1500
92
1500
92
1500
92
1500
92
1500
92
1500
92
1500
92
1500
92
1500
92
1500
92
1500
92
1500
252
1500
92
1500
92
1500
92
1500
92
1500
92
1500
92
1500
92
1500
92
1500
92
1500
92
1500
92
1500
1500
1500
1500
1500
1500
1500
1500
1500
412
1500
92
1500
92
1500
92
1500
92
1500
92
1500
92
1500
92
1500
92
1500
1500
1500
172
1500
92
1500
92
1500
92
1500
92
1500
92
1500
92
1500
92
1500
92
1500
92
1500
92
1500
92
1500
92
1500
92
1500
92
1500
92
1500
92
-100
-116
-116
-116
-116
-116
116
116
116
116
116
116
116
116
116
116
180
-116
116
116
116
116
116
116
116
116
116
116
116
116
116
116
