-148
100
-452
1556
820
1500
108
1500
108
-148
100
-564
1540
-148
1764
100
-740
1556
-148
1500
108
1556
1500
140
100
-468
1540
-148
1500
92
1500
92
1540
1540
1500
92
1540
1540
1540
1492
-884
1076
-148
100
-548
1540
-148
1500
92
1540
1540
1540
1500
92
1540
1540
1540
1588
1540
1540
1540
-1492
1540
1540
1500
92
1540
1540
1540
1540
1540
1540
1540
1540
1540
1540
1540
1540
1500
92
1540
1540
1540
1540
1540
1540
1540
1540
1540
1540
996
1500
1580
1540
1540
1540
1540
1540
1540
1540
1540
1540
1540
1540
1540
1540
1540
1540
1540
1540
1540
1540
1540
1540
1540
1540
1500
92
1540
1540
1460
1500
1420
1540
1500
92
1540
1540
644
-500
-1500
-460
1540
-676
1500
92
1540
1540
1540
1540
1540
1540
1540
1540
1540
1540
1540
1540
1540
1540
1540
1540
1540
1540
772
1500
92
1500
1580
1540
1540
1540
-100
1540
1540
1540
1500
92
1540
1540
1540
1540
1540
1540
1540
1540
1540
1540
1540
1540
1540
1540
1540
1540
964
1500
1580
1540
1540
1540
1540
1540
948
1500
92
1500
1580
1540
1540
1540
1540
1500
92
1500
92
1500
92
1500
1580
1540
1540
1540
1540
868
1500
92
1500
1580
1540
1540
1540
1540
1540
1540
1540
1540
1540
1732
-148
100
-516
468
-452
1508
1500
1500
1500
1500
1500
1500
1508
1508
1508
1508
516
-692
1540
708
-852
-148
100
-740
1540
1500
92
1540
1540
1540
1540
1540
1540
1540
1540
1540
1540
1540
1540
372
580
-964
500
-148
100
-964
500
-148
100
-804
500
-676
1540
1540
852
-148
100
-436
1556
-148
1556
612
100
-564
-148
100
-516
1500
1004
-116
-148
100
-692
-148
100
-1252
804
-740
340
596
-116
516
-116
-500
276
-180
116
116
180
-116
116
