-148
100
-452
1500
92
1500
92
1500
92
-148
1500
92
1500
92
1500
92
1500
92
1500
92
1500
92
100
-612
-148
1500
92
1500
92
1500
92
1500
92
1500
92
1500
92
1500
92
1500
92
356
100
-612
-148
1500
236
1500
92
1500
92
1500
140
-612
-148
1500
92
1500
92
1500
92
1500
92
964
1044
100
-596
-148
100
-580
-148
1500
92
1500
92
1500
92
692
100
-596
1500
-148
92
1500
1500
132
1500
92
1500
92
1500
92
100
-596
1500
-468
92
1500
1500
1500
1500
340
500
1500
1500
164
1500
92
1500
460
948
100
-596
-148
1500
92
1500
92
1500
92
100
-596
-148
1500
92
1500
380
100
-580
-180
-116
116
-116
-148
1060
1500
92
1500
92
1204
100
-628
-148
660
132
-628
-148
580
132
-644
-148
100
-628
-148
1500
92
1500
92
1500
92
564
1500
172
1500
92
-644
1500
-148
92
964
1500
92
1500
92
1500
140
-628
-148
1172
1500
1244
-596
-148
100
-596
-116
-116
1500
-148
92
100
-500
1204
-148
1500
92
1500
140
1500
92
-500
-148
1500
92
1500
92
1500
92
1500
92
1500
92
1172
1500
92
1500
1500
132
100
-628
-148
1500
92
1500
92
1156
1500
92
1500
92
1500
92
100
-628
-148
1500
92
1500
92
1500
92
1500
92
1500
92
1500
92
100
-612
-148
1500
92
1500
1500
1500
172
1500
92
1500
92
1500
92
1500
92
1500
92
1500
92
1500
92
1500
92
1500
92
1500
92
1500
92
1500
92
1500
92
1500
92
1500
92
1500
92
1500
92
1500
92
1500
92
1500
92
1500
92
1500
92
1500
92
1500
92
1500
92
100
-612
-148
1500
92
1500
92
1500
92
1500
92
1500
92
1500
92
1500
92
1428
1500
92
1500
92
1500
92
1500
92
1500
92
1500
92
1500
92
1500
92
1500
92
1500
92
1500
92
1500
1500
132
1500
92
1500
92
1500
92
1500
92
1500
92
1500
92
1500
92
1500
92
1500
92
1500
92
1500
92
1500
1500
132
1500
92
1500
92
1500
92
1500
92
100
-628
-148
1500
92
1500
92
1500
92
1500
92
1500
92
1500
92
1500
92
1500
92
1500
92
1500
92
1500
1500
132
1500
92
1500
92
1500
92
1500
204
1500
92
1500
92
1500
92
1500
92
1500
92
1500
92
1500
92
1500
92
1500
92
1500
1500
180
-612
-148
1500
92
1500
92
1500
92
1500
236
1500
92
1500
92
1500
92
1500
92
1500
92
1500
92
1500
92
1500
92
1500
92
1500
92
1500
92
1500
92
1500
92
1500
92
1500
92
1500
92
1500
92
1500
92
1500
92
1500
92
1500
92
1500
92
1500
92
1500
92
1500
92
1500
92
132
-612
-148
1500
92
1500
92
1500
92
1500
92
1500
92
1500
92
1500
92
1500
92
1500
92
1500
92
1500
92
1500
92
1500
92
1500
428
1500
92
1500
92
1500
92
1500
92
1500
92
1500
92
1500
92
1500
92
1500
92
1500
92
100
-612
-148
1060
116
1500
92
1500
92
1500
92
1500
92
1500
92
1500
92
1500
92
1500
92
1500
92
1500
92
1500
92
1500
92
1500
92
1500
92
1500
252
1500
92
1500
92
1500
92
1500
92
1500
92
1500
92
1500
92
1500
92
1500
92
1500
92
1500
92
1500
92
1500
92
1500
92
1500
1500
132
1500
92
1500
92
1500
92
1500
92
100
-628
1500
-148
540
116
1500
92
1500
1500
132
1500
92
1500
92
1500
92
1500
92
1500
92
1500
92
1500
92
1500
92
1500
92
1500
92
1500
92
1500
92
1500
92
1500
92
1500
92
1220
1500
92
772
100
-612
-148
1500
460
100
-628
-148
100
-644
-148
1500
92
1500
92
1492
1500
140
-660
1500
-148
92
1500
1500
132
1500
92
1500
92
1500
92
1252
132
1500
92
1500
92
-628
1500
92
1500
92
-148
1500
92
1500
92
1500
92
1500
92
1500
92
1500
92
1500
92
1500
92
1500
92
1500
92
1500
92
1500
92
1500
92
676
1500
1500
788
1500
332
100
-580
-148
1500
92
1500
92
100
-500
-148
1060
1500
812
100
-500
-148
100
-1500
-460
-148
756
1500
1500
132
1500
92
1500
92
1500
92
1500
92
100
-596
1500
-148
92
1500
1500
132
1500
92
1500
92
1500
92
1500
92
1500
92
1500
588
1500
92
1500
1500
1500
132
1500
92
1500
92
1500
92
1500
92
1500
92
1500
332
100
-644
-148
1500
92
1500
92
1500
92
100
-644
-148
1500
92
1500
92
1332
1500
1500
132
1500
92
1500
92
100
-628
-148
1500
92
1500
300
132
-628
-148
1500
92
1500
92
1500
92
1500
92
1500
1500
132
1500
92
100
-628
1500
-148
92
1500
460
1500
92
1012
1500
92
1500
284
100
-628
-148
1500
92
740
100
-660
-148
148
100
-644
884
-148
500
100
-580
-148
1500
92
1500
92
1500
92
100
-612
-148
500
1500
124
1500
1500
132
100
-612
-148
100
-612
500
-148
1500
92
1500
92
1500
92
100
-628
1500
-148
92
1500
92
1500
92
628
1500
92
1500
92
1500
92
1236
100
-628
-148
1500
92
1500
92
1500
92
1500
92
1500
188
100
-628
-148
100
-1500
-188
-148
340
1500
1500
1500
1500
1500
1500
1500
1500
1500
1500
1500
492
1500
92
1500
92
1500
92
836
1500
1500
244
1500
828
-724
1500
92
1500
92
1500
92
1500
92
100
-644
-148
1500
92
1500
92
1500
92
1500
92
1500
92
1500
1500
132
1500
92
1500
476
1500
1276
132
-644
-148
100
-644
-148
1500
92
1500
1500
132
100
-660
1476
-148
1500
92
1500
252
1500
92
1500
92
1500
492
100
-660
-1204
180
500
100
-644
1500
-148
92
1500
92
1500
1500
132
692
100
-532
1500
-148
92
1500
92
1500
1500
804
1500
460
100
-1012
244
-148
100
-644
-148
1500
92
1500
92
1500
92
820
1500
124
1500
92
532
-660
-148
724
100
-644
-148
100
-644
-148
980
100
-660
1500
-148
316
612
100
-884
-148
148
100
-692
116
-148
1500
92
1500
92
1500
92
1500
156
1348
1500
92
1500
92
836
100
-548
-148
1500
92
1500
92
1500
92
100
-516
-148
1500
92
612
1500
460
100
-644
-148
100
-644
-148
820
740
100
-644
-148
580
132
-644
-148
100
1500
-148
380
1044
100
-660
-148
1500
92
692
100
-660
-148
100
-644
-148
1500
396
436
100
-660
-148
820
100
-548
-148
100
-532
-148
100
-1092
244
1500
92
1500
92
1500
92
1412
-836
1500
252
-148
100
-756
1500
92
1500
92
1500
92
1500
92
1500
92
1500
92
1500
92
1500
92
1500
92
1500
92
1500
92
1500
92
1500
92
1500
92
1500
1500
132
1500
92
1500
92
1500
92
1500
92
1500
92
1500
92
1500
92
1500
92
1500
92
1500
92
1500
92
1500
92
1500
92
1500
92
1500
1500
132
1500
1036
820
-116
-148
1500
92
1500
92
1396
100
-644
-148
100
-756
788
-212
692
100
-516
-1460
1500
188
1500
284
-772
1500
-148
92
1500
1500
132
1500
92
1500
92
1500
92
1500
92
1500
92
1500
92
1500
92
1500
92
1500
92
1500
92
1300
1500
1500
132
1500
92
1500
92
1500
92
1500
92
1500
92
1500
92
100
-788
1500
92
1500
92
1500
460
916
-788
788
-884
340
-852
340
916
-116
-148
100
-548
-148
100
-852
-148
1500
92
1500
92
1500
92
1012
-884
-148
1500
92
1500
92
1500
92
1500
92
1500
92
1500
92
788
132
-900
1500
92
1500
92
1500
1500
132
1500
476
-116
596
-116
116
-116
116
116
-244
116
116
116
116
116
116
