-148
100
-484
1500
92
1444
1500
1388
1444
1444
1444
1444
1444
1444
1444
1444
1444
1444
-148
100
-692
692
-148
1500
92
1500
92
1500
92
1500
92
1500
92
1500
92
1500
92
1500
92
1500
92
1500
92
1500
92
1500
140
1500
92
-484
1500
-148
92
1500
92
1500
92
1500
92
1500
92
1500
1500
132
1500
92
1500
92
1500
92
1500
92
1500
92
1500
92
1500
92
1492
1500
700
1500
1500
132
100
-644
1500
-148
92
1500
92
1500
92
1500
92
1500
92
1500
92
1500
1500
132
1500
92
1500
92
692
1500
1500
132
1500
92
1500
92
1500
92
1500
140
-580
1500
92
1500
92
-148
1500
92
1500
92
1500
92
1500
92
1500
92
1500
92
1500
92
1500
92
1500
92
1500
92
1500
92
1500
92
1500
92
1500
92
1500
92
1500
92
1500
92
1500
92
1500
92
1500
92
1500
92
1500
92
1500
92
1500
92
1500
92
1500
92
1500
92
1500
92
1500
92
1500
92
1500
92
1500
92
676
1500
620
1500
92
1500
92
-532
1500
-148
92
1500
92
1500
92
1500
92
1500
1500
132
1500
92
1500
92
1500
92
1500
92
1500
92
1500
92
1500
92
1500
1500
92
1500
92
1500
92
1500
92
1500
92
1500
92
1500
92
1500
92
1500
92
1500
92
1500
92
1500
92
1500
92
1500
92
1500
92
1500
92
1252
1500
1500
132
1500
92
1500
92
-100
1500
92
1444
1500
1500
1500
284
1500
1500
1332
1444
1500
1500
1332
100
-548
724
1500
1388
1500
1388
1500
1500
1332
1444
1500
1388
1500
1388
1444
1444
1500
1500
1332
1444
1500
1388
1444
1156
-532
-1500
-476
676
-148
468
1500
188
1500
860
900
-1500
-940
676
1500
1340
1500
1340
1500
1500
884
1500
92
1500
92
1500
1500
1500
1500
212
-740
1500
92
1500
92
1500
92
1500
92
1500
604
916
-516
852
-532
884
-756
-1500
-716
644
-1428
1500
92
1500
92
1300
1500
236
-148
660
1500
92
1500
1500
1460
1500
92
804
1500
1500
92
1500
1500
132
1500
92
1500
92
788
100
-516
564
-148
820
100
-1204
660
-148
420
756
-724
-1500
-988
660
-148
1500
92
1500
92
1500
92
1500
92
1500
92
1500
92
1500
92
1500
92
1500
92
1500
92
1500
92
1500
92
1500
92
692
1500
1260
1500
1500
132
1500
92
1500
92
1500
92
1044
1500
1500
132
1028
1500
476
1500
1500
180
1500
92
1500
92
1500
1500
132
-516
1500
92
-148
1500
92
1500
1500
100
452
1500
748
1500
92
1500
92
-516
1500
-148
92
1500
92
1500
1500
132
1500
92
1500
92
1500
92
1500
556
564
596
100
-468
-148
1500
108
1500
108
1500
108
1500
108
100
-468
-148
100
-724
1500
-148
1500
1500
1500
1500
1500
1500
1500
1500
1500
1500
1500
1500
1500
1500
1500
1500
1500
1500
1500
1500
1500
1500
1500
1484
1500
1500
1500
1500
1500
1484
1500
1500
1500
1500
1500
1500
1500
1500
1500
1500
1500
1500
1500
1500
1500
1500
108
1500
380
1500
1500
1500
1500
1500
1500
1500
1500
1500
1500
1500
1500
1500
1500
1500
1500
1500
1500
108
1500
1500
1500
1500
1500
1500
1500
1500
-564
1500
1500
1500
-100
1500
-148
1500
1500
1500
1500
1500
1500
1500
1500
1500
1500
1500
1500
1500
1500
1500
1500
1500
1500
1500
1500
1500
108
-532
1500
1500
1500
1500
1500
-148
1500
1500
1500
1500
1500
1500
1500
1500
1500
1500
1500
1500
1500
1500
1500
1500
1500
100
-532
612
-148
1500
92
1500
92
1500
92
1500
1500
1500
580
1500
92
1500
1500
132
1500
92
1500
92
1500
124
1500
140
1500
92
-532
1500
92
1500
-148
92
1500
92
1500
1500
132
1500
92
1500
92
1500
1500
1500
108
1500
1500
1500
92
1500
1500
1500
1500
1500
1500
1500
1500
1500
1500
1500
1500
1500
1500
1500
1500
1500
1500
1500
260
1500
1500
1500
1500
212
1500
1500
1500
1500
116
1500
1500
-100
1500
1500
1500
1500
1500
1500
1500
1500
1500
1500
1500
1500
92
1500
92
1500
92
1500
92
1500
92
1500
1500
1500
1500
1500
1500
1500
1500
1500
1500
1500
1500
1500
1500
1500
1500
1500
1028
1500
1500
436
1500
1500
1500
1500
1500
1500
1500
1500
1500
1500
1500
556
1500
1500
1500
1500
1500
1500
1500
1500
1500
1500
1092
1500
1500
1500
1500
756
1500
1500
1500
140
1500
1500
1500
172
1500
92
1500
1500
132
1500
92
1500
92
1500
92
1500
92
1500
92
1500
92
1500
92
1500
92
1500
1500
1500
1500
1500
92
1500
1500
132
1500
1500
132
1500
92
1500
92
1500
92
1500
92
1500
92
1500
92
1500
92
1500
92
1500
92
1500
92
1500
92
1500
92
1500
92
1500
92
1500
92
1500
92
1500
92
1500
92
1500
92
1500
92
1500
92
1500
92
1500
92
1500
92
1500
92
1500
92
1500
92
1500
92
1500
92
1500
92
1500
92
1500
92
1500
92
1500
92
1500
92
1500
92
1500
92
1500
92
1500
92
1500
92
1500
92
1500
92
1500
92
1500
92
900
1500
92
1500
92
1500
92
1500
92
1500
1500
132
1500
92
1500
92
1500
92
1500
92
1500
92
1500
92
1500
92
1500
92
1500
92
1500
92
1500
1500
132
1500
92
-100
1500
92
1500
92
1500
92
1500
92
1500
92
1500
92
1500
92
1500
92
1500
92
-100
1500
92
1500
92
1500
92
1500
92
1500
92
1500
92
1500
92
1500
92
1500
92
1500
92
1500
92
1500
92
1500
92
1500
92
1500
92
1500
92
1500
92
1500
92
1500
92
1300
1500
1500
132
1500
92
1500
92
1500
92
1500
92
1500
140
1500
92
1500
92
1500
1500
1500
1500
212
-532
1500
92
1500
92
-148
1500
92
1500
92
1500
92
1500
92
1500
92
1500
92
1500
92
1500
92
1500
92
1500
92
1500
92
1500
92
580
1500
1500
132
1500
92
1500
92
1500
140
-484
1500
92
1500
92
1500
92
1500
92
1500
92
1500
92
1500
92
1500
92
1500
92
1500
1500
100
1500
92
1500
92
1500
92
1500
92
1500
92
1500
1500
1500
140
1500
1500
132
1500
92
-148
1500
92
1500
92
1500
92
1500
92
1500
396
1500
92
1500
92
1500
92
1500
92
1500
92
1500
92
1500
92
1500
92
1500
92
1500
92
1500
92
1500
92
1500
92
1500
92
1500
92
1500
92
1500
92
1500
92
1500
92
1500
92
1500
92
1500
92
1500
92
1500
92
1500
92
1500
92
1500
92
1500
92
1500
92
1500
92
1500
92
1500
92
1500
92
1500
92
1500
92
-100
1500
92
1500
92
1500
92
1500
92
1500
92
1500
92
1500
92
1500
92
1500
92
1500
92
1500
92
1500
92
1500
92
1500
92
1500
92
1500
92
1500
92
1500
92
1500
92
1500
92
1500
92
1500
92
1500
92
1500
92
1500
92
1500
92
1500
92
1500
92
1500
92
1500
92
1500
92
1500
92
1500
92
1500
92
1500
92
1500
92
1500
92
1500
92
1500
92
1500
92
1500
92
1500
92
1500
92
1500
92
1500
92
1500
92
1500
92
-100
1500
92
1500
92
1500
92
1500
92
1500
92
1500
92
1500
92
1500
92
1500
92
1500
92
1500
92
1500
92
1500
92
1500
92
1500
92
1500
92
1500
92
1500
92
1500
92
1500
92
1500
92
1500
92
1500
140
-756
1500
-148
92
1500
92
1500
1500
1500
140
1500
92
1500
1500
132
1500
92
1500
92
1500
92
1500
92
1500
92
1500
92
1500
92
1500
92
1500
1500
132
1500
92
1500
1500
132
1500
92
1500
92
1500
92
1500
92
-100
1500
92
1500
92
1500
92
1500
92
1500
92
1500
92
1500
92
1500
92
1500
92
1500
92
1500
92
1500
92
1500
92
1500
92
1500
92
1500
92
1500
92
1500
92
1500
92
1500
92
1500
92
1500
92
1500
92
1500
92
1500
92
1500
92
1500
92
1500
92
1500
92
1500
92
1500
92
1500
92
1500
92
1500
92
1500
92
1500
92
1500
1500
1500
1500
212
1500
92
1500
92
1500
92
1500
92
1500
92
1500
92
1500
92
1500
92
1500
92
1500
92
1500
92
1500
92
1500
92
1500
92
1500
92
1500
92
1500
92
1500
92
1500
92
1500
92
1500
92
1500
92
1500
92
1500
92
1500
92
1500
92
1500
92
1028
1500
92
1500
1500
132
1500
92
1500
92
1500
92
1500
92
1500
92
1500
92
1500
92
1500
92
1500
92
1500
92
1500
92
1500
92
1500
92
1500
92
1500
92
1500
92
1500
92
1500
92
1500
92
1500
92
1500
92
-100
1500
92
1500
92
1500
604
372
1500
92
1500
780
100
-868
-148
580
100
-596
-148
100
-468
1500
-148
1500
1500
1500
1500
1500
1500
1500
1500
1500
1500
540
-548
1500
-148
1500
1500
1500
1500
1500
1500
108
1500
1500
1500
-532
1500
1500
1500
1500
1500
-1044
1500
1500
1500
1500
1500
1156
1500
1500
1500
1500
500
1500
460
1500
1500
1500
1500
1500
-116
1500
1500
1500
1500
1500
1500
1500
1500
1500
1500
1500
1500
1500
1500
1500
1500
1500
1500
1500
1500
1500
1500
-148
1500
492
100
-1500
-1244
-148
692
1500
92
1500
1500
132
1500
92
1500
92
916
1500
252
692
100
-1500
-860
-148
100
-1044
612
-148
1500
92
1500
92
1500
92
100
-964
1500
92
1500
92
1500
92
1500
92
1500
92
1500
92
1500
92
1500
92
1500
92
1500
92
596
1500
1500
132
1500
92
1500
92
1500
92
1500
92
1500
92
1500
92
1500
92
1500
92
1500
92
1500
92
1500
92
1500
92
1500
92
1500
92
1500
92
1500
92
1500
92
1500
92
1500
92
1500
92
1500
92
1500
92
1500
92
1500
92
1500
92
1500
92
1500
92
1500
92
1500
92
1500
92
1500
92
1500
92
1500
92
1500
92
1500
92
1500
92
1500
92
1500
92
1500
92
1500
92
1500
92
1500
92
1044
-148
644
1500
204
1380
100
1500
412
-612
-1500
-220
116
340
-148
468
100
-1028
980
-116
-516
580
1500
92
1500
92
1500
748
-516
580
1500
92
-516
1348
1500
1356
-1028
708
1500
92
1044
-804
676
372
-148
100
-1060
372
-740
1500
92
1444
1444
1500
108
-1204
628
-116
-116
116
-308
116
116
116
180
-116
116
