-148
100
-452
1500
92
1428
-116
-148
100
-468
-148
100
-500
644
-148
100
-468
1500
1500
956
1500
636
-116
-148
100
-500
-148
100
-484
-148
1500
92
1500
92
1500
124
100
-644
1500
-148
1500
1500
1500
356
1500
1500
1500
1500
1500
1500
1500
1500
1500
1500
1500
108
-772
1500
-148
1500
1500
1500
1500
1500
1500
1500
1500
1500
1500
1500
1500
1500
1500
1500
1500
1500
92
1500
92
1500
92
1500
92
1500
92
1500
92
1500
1500
1500
1500
1500
1500
1500
1500
100
-740
1500
1500
1500
1500
1500
1500
1500
1500
1500
1500
1500
1500
1500
1500
1500
1500
1500
1500
1500
1500
-148
1500
1500
1500
1500
1500
1500
1500
1500
1500
1500
972
-100
1500
1500
1500
1500
1500
1500
1500
1500
1500
1500
1500
1500
1500
1500
1500
1500
1500
1500
1500
1500
1500
1500
1500
1500
1500
1500
108
1500
268
-564
964
-148
100
-628
1124
-148
1500
92
1500
172
1500
92
1500
1500
132
1500
92
868
580
-628
532
-676
1284
-580
484
-148
100
-436
404
-116
