1378163986180856
1378163986199732
1378163986200090
1378163986376660
1378163986376927
1378163986428176
1378163986447858
1378163986448573
1378163986469050
1378163986469116
1378163986469185
1378163986469220
1378163986469429
1378163986469671
1378163986487445
1378163986487593
1378163986487603
1378163986489850
1378163986490090
1378163986490350
1378163986490585
1378163986490696
1378163986490827
1378163986490958
1378163986491189
1378163986491295
1378163986491441
1378163986491452
1378163986491591
1378163986491600
1378163986491709
1378163986501955
1378163986502165
1378163986502312
1378163986504536
1378163986504675
1378163986504793
1378163986504896
1378163986507314
1378163986507450
1378163986507528
1378163986507632
1378163986509997
1378163986510171
1378163986510525
1378163986510630
1378163986547634
1378163986626941
1378163986627397
1378163986627674
1378163986627802
1378163986647928
1378163986648171
1378163986648273
1378163986648301
1378163986648400
1378163986648428
1378163986648525
1378163986648726
1378163986648903
1378163986649013
1378163986649277
1378163986649536
1378163986649645
1378163986649834
1378163986649939
1378163986650076
1378163986650343
1378163986650452
1378163986650593
1378163986650726
1378163986653811
1378163986669499
1378163986669736
1378163986669846
1378163986669954
1378163986670092
1378163986670140
1378163986670238
1378163986670262
1378163986670360
1378163986670386
1378163986670485
1378163986670531
1378163986671218
1378163986671446
1378163986671552
1378163986671562
1378163986671737
1378163986672083
1378163986672194
1378163986672354
1378163986672779
1378163986673027
1378163986673442
1378163986675894
1378163986689009
1378163986689240
1378163986689352
1378163986689458
1378163986689601
1378163986689629
1378163986689827
1378163986689934
1378163986692865
1378163986692972
1378163986693003
1378163986693108
1378163986693309
1378163986693422
1378163986693707
1378163986693799
1378163986693816
1378163986694134
1378163986694247
1378163986694378
1378163986694729
1378163986694841
1378163986695258
1378163986695370
1378163986695701
1378163986696553
1378163986696781
1378163986698087
1378163986698537
1378163986698654
1378163986698790
1378163986698899
1378163986699039
1378163986699145
1378163986699294
1378163986699398
1378163986699527
1378163986699584
1378163986699667
1378163986699692
1378163986699796
1378163986699907
1378163986699954
1378163986707905
1378163986708005
1378163986708052
1378163986708158
1378163986708321
1378163986708425
1378163986708677
1378163986708788
1378163986716243
1378163986716344
1378163986716382
1378163986716581
1378163986716714
1378163986716989
1378163986717100
1378163986717233
1378163986717571
1378163986717694
1378163986717752
1378163986717859
1378163986718362
1378163986718476
1378163986718731
1378163986718988
1378163986719020
1378163986719117
1378163986719143
1378163986719250
1378163986719380
1378163986719429
1378163986719535
1378163986719561
1378163986719659
1378163986719682
1378163986719786
1378163986720348
1378163986720596
1378163986720767
1378163986720876
1378163986721126
1378163986721237
1378163986722137
1378163986722243
1378163986722276
1378163986722374
1378163986722439
1378163986722503
1378163986722552
1378163986722659
1378163986722760
1378163986722791
1378163986722889
1378163986722912
1378163986723016
1378163986723259
1378163986723385
1378163986723447
1378163987501836
1378163987511130
1378163987512321
1378163987520395
1378163987520636
1378163987520732
1378163987520774
1378163987520862
1378163987520893
1378163987520998
1378163987521178
1378163987530328
1378163987530507
1378163987531509
1378163987539088
1378163987539129
1378163987539250
1378163987550942
1378163987551071
1378163987587573
1378163987588329
1378163987610997
1378163987611045
1378163987611147
1378163987611158
1378163987611402
1378163987611503
1378163987611521
1378163987629657
1378163987629781
1378163987629800
1378163987629958
1378163987630094
1378163987630804
1378163987649181
1378163987649237
1378163987649363
1378163987649376
1378163987649558
1378163987649782
1378163987667503
1378163987667734
1378163987667867
1378163987669143
1378163987669156
1378163987671916
1378163987687674
1378163987688577
1378163987688691
1378163987688816
1378163987688949
1378163987689199
1378163987689306
1378163987689446
1378163987689714
1378163987689976
1378163987690088
1378163987690097
1378163987690499
1378163987690670
1378163987690774
1378163987690943
1378163987691094
1378163987691198
1378163987691727
1378163987692612
1378163987707640
1378163987707688
1378163987707882
1378163987708058
1378163987708144
1378163987708162
1378163987708402
1378163987708513
1378163987709560
1378163987710091
1378163987710208
1378163987710403
1378163987710666
1378163987710776
1378163987710915
1378163987711024
1378163987711403
1378163987711519
1378163987711551
1378163987711654
1378163987711781
1378163987711908
1378163987712013
1378163987712186
1378163987712658
1378163987712980
1378163987713122
1378163987713276
1378163987713389
1378163987726157
1378163987731619
1378163987731765
1378163987840497
1378163987841411
1378163987878118
1378163987896417
1378163987897627
1378163987897909
1378163987915600
1378163987916069
1378163987916924
1378163987916943
1378163987917230
1378163987917576
1378163987917686
1378163987935634
1378163987935865
1378163987936005
1378163987936633
1378163987939531
1378163987979598
1378163988084877
1378163988103640
1378163988103697
1378163988187818
1378163988227602
1378163988228227
1378163988246468
1378163988246582
1378163988329506
1378163988330194
1378163988414132
1378163988414276
1378163988414286
1378163988414482
1378163988497482
1378163988497716
1378163988498870
1378163988498981
1378163988499003
1378163988499375
1378163988499487
1378163988582409
1378163988582548
1378163988582559
1378163988582709
1378163988582814
1378163988582950
1378163988583344
1378163988583459
1378163988583620
1378163988583910
1378163988584079
1378163988584208
1378163988584344
1378163988666420
1378163988683487
1378163988723463
1378163988723789
1378163988765695
1378163988770398
1378163988810307
1378163988810591
1378163988853719
1378163988874740
1378163988914883
1378163988915479
1378163988915713
1378163988956348
1378163988956495
1378163988956506
1378163988956738
1378163988957447
1378163988957682
1378163988997029
1378163988997269
1378163988997349
1378163988997395
1378163988997499
1378163988997518
1378163988997622
1378163988998917
1378163988999338
1378163988999917
1378163989000050
1378163989000061
1378163989000280
1378163989000384
1378163989000505
1378163989038879
1378163989039119
1378163989039256
1378163989040628
1378163989040769
1378163989040877
1378163989040979
1378163989041114
1378163989041224
1378163989041429
1378163989041534
1378163989041714
1378163989041882
1378163989042327
1378163989042432
1378163989042486
1378163989042586
1378163989043153
1378163989058448
1378163989065947
1378163989071467
1378163989081134
1378163989081177
1378163989082163
1378163989082405
1378163989082992
1378163989083109
1378163989083135
1378163989083240
1378163989083262
1378163989083365
1378163989083382
1378163989083490
1378163989083594
1378163989084412
1378163989084530
1378163989084640
1378163989084777
1378163989123196
1378163989123354
1378163989124941
1378163989125067
1378163989125078
1378163989125354
1378163989125465
1378163989125725
1378163989126100
1378163989126152
1378163989165369
1378163989165616
1378163989166784
1378163989195763
1378163989203937
1378163989211610
1378163989219965
1378164015583967
1378164015584303
1378164015584763
1378164015584783
1378164015585308
1378164015625009
1378164075463455
1378164075473831
