1377913806090592
1377913806165236
1377913806165554
1377913806251357
1377913806251384
1377913806251459
1377913806251521
1377913806251584
1377913806251641
1377913806251752
1377913806251761
1377913806274425
1377913806326366
1377913806326384
1377913806327221
1377913806327229
1377913806327350
1377913806327358
1377913806327469
1377913806327477
1377913806327592
1377913806327600
1377913806327723
1377913806327729
1377913806327840
1377913806327846
1377913806328021
1377913806328030
1377913806328135
1377913806328142
1377913806328252
1377913806328259
1377913806328376
1377913806328383
1377913806328502
1377913806328505
1377913806348747
1377913806349178
1377913806351927
1377913806402973
1377913806402984
1377913806403208
1377913806403216
1377913806403329
1377913806403334
1377913806403456
1377913806403464
1377913806403573
1377913806403582
1377913806403974
1377913806403982
1377913806404101
1377913806404109
1377913806404350
1377913806404359
1377913806404739
1377913806404747
1377913806404984
1377913806404991
1377913806405142
1377913806405148
1377913806405255
1377913806405261
1377913806405409
1377913806405417
1377913806405775
1377913806405783
1377913806405903
1377913806405908
1377913806406057
1377913806406065
1377913806406184
1377913806406191
1377913806406309
1377913806406318
1377913806406428
1377913806406436
1377913806406551
1377913806406560
1377913806427743
1377913806465863
1377913806466422
1377913806466709
1377913806470905
1377913806471183
1377913806476489
1377913806476502
1377913806476510
1377913806476610
1377913806476752
1377913806476865
1377913806476986
1377913806478534
1377913806478644
1377913806478783
1377913806478903
1377913806478910
1377913806479028
1377913806479036
1377913806479150
1377913806479157
1377913806479276
1377913806479279
1377913806479819
1377913806479827
1377913806479954
1377913806479957
1377913806480211
1377913806480222
1377913806480339
1377913806480345
1377913806480473
1377913806480483
1377913806480802
1377913806480815
1377913806480925
1377913806480929
1377913806481302
1377913806481315
1377913806481669
1377913806481682
1377913806481810
1377913806481813
1377913806481919
1377913806481922
1377913806482311
1377913806482323
1377913806482431
1377913806482440
1377913806482551
1377913806482556
1377913806482677
1377913806482685
1377913806482828
1377913806482836
1377913806482956
1377913806482964
1377913806483083
1377913806483092
1377913806483202
1377913806483210
1377913806483380
1377913806483389
1377913806483938
1377913806504089
1377913806504110
1377913806504119
1377913806504290
1377913806504416
1377913806504497
1377913806504608
1377913806504617
1377913806507967
1377913806520740
1377913806520860
1377913806520865
1377913806520978
1377913806520983
1377913806521154
1377913806521251
1377913806521257
1377913806521376
1377913806521385
1377913806521619
1377913806521624
1377913806521738
1377913806521742
1377913806521854
1377913806521859
1377913806521945
1377913806522234
1377913806522245
1377913806522256
1377913806522363
1377913806522420
1377913806522478
1377913806526873
1377913806527148
1377913806539680
1377913806539694
1377913806539702
1377913806539800
1377913806539912
1377913806540013
1377913806540063
1377913806540124
1377913806542678
1377913806543679
1377913806543816
1377913806551085
1377913806551205
1377913806551215
1377913806551373
1377913806551381
1377913806551488
1377913806551493
1377913806551577
1377913806555379
1377913806555404
1377913806555415
1377913806555700
1377913806555816
1377913806568635
1377913806568756
1377913806568765
1377913806568880
1377913806568888
1377913806569009
1377913806569014
1377913806569213
1377913806572953
1377913806572967
1377913806572976
1377913806573276
1377913806573396
1377913806586595
1377913806586715
1377913806586719
1377913806586835
1377913806586840
1377913806586960
1377913806586965
1377913806587051
1377913806590280
1377913806590294
1377913806600352
1377913806600377
1377913806600387
1377913806600476
1377913806600583
1377913806600637
1377913806600692
1377913806600744
1377913806604739
1377913806604750
1377913806604856
1377913806604863
1377913806604981
1377913806604987
1377913806605182
1377913806605185
1377913806605327
1377913806605330
1377913806605447
1377913806614821
1377913806614840
1377913806614941
1377913806616330
1377913806680962
1377913806687206
1377913806687247
1377913806687261
1377913806687482
1377913806687538
1377913806687610
1377913806687679
1377913806687729
1377913806687833
1377913806687835
1377913806688115
1377913806688120
1377913806688238
1377913806688243
1377913806688387
1377913806688393
1377913806688779
1377913806688785
1377913806688925
1377913806689006
1377913806689142
1377913806689145
1377913806692141
1377913806692153
1377913806692373
1377913806692378
1377913806692653
1377913806692662
1377913806693029
1377913806693038
1377913806693393
1377913806693402
1377913806693510
1377913806693515
1377913806693668
1377913806693673
1377913806693901
1377913806693905
1377913806694075
1377913806694079
1377913806694182
1377913806694187
1377913806694319
1377913806731211
1377913806769775
1377913806787718
1377913806787987
1377913806807327
1377913806807459
1377913806807614
1377913806807737
1377913806825714
1377913806827398
1377913806827517
1377913806827638
1377913806827757
1377913806827898
1377913806827954
1377913806861991
1377913806862009
1377913806862119
1377913806862125
1377913806862249
1377913806862254
1377913806862448
1377913806862450
1377913806862582
1377913806883252
1377913806884095
1377913806884263
1377913806886052
1377913806886065
1377913806886072
1377913806886434
1377913806886548
1377913806886553
1377913806886671
1377913806886674
1377913806886932
1377913806886937
1377913806887054
1377913806887058
1377913806887199
1377913806887203
1377913806887675
1377913806887681
1377913806887878
1377913806887882
1377913806888210
1377913806888215
1377913806890898
1377913806890911
1377913806891116
1377913806891121
1377913806891558
1377913806891562
1377913806891921
1377913806891925
1377913806892583
1377913806892588
1377913806892705
1377913806892709
1377913806892950
1377913806892954
1377913806893106
1377913806893110
1377913806893430
1377913806893434
1377913806893554
1377913806893558
1377913806893678
1377913806893682
1377913806893821
1377913806893825
1377913806894188
1377913806894192
1377913806894361
1377913806894366
1377913806894474
1377913806894479
1377913806894605
1377913806902676
1377913806902820
1377913806960969
1377913806962190
1377913806962200
1377913806962305
1377913806962313
1377913806962447
1377913806962547
1377913806962618
1377913806962788
1377913806963943
1377913806964893
1377913806965108
1377913806965331
1377913806965448
1377913806965453
1377913806965981
1377913806965990
1377913806966123
1377913806966494
1377913806966708
1377913806966784
1377913806966921
1377913806967058
1377913806967061
1377913806969751
1377913806969762
1377913806970009
1377913806974959
1377913806975808
1377913806975943
1377913806976257
1377913806976370
1377913806976659
1377913806976768
1377913806985711
1377913806985842
1377913807037149
1377913807037166
1377913807037392
1377913807037398
1377913807037507
1377913807037763
1377913807037826
1377913807037928
1377913807037933
1377913807038037
1377913807038040
1377913807038283
1377913807038292
1377913807038544
1377913807038552
1377913807038664
1377913807038668
1377913807039059
1377913807039068
1377913807039231
1377913807039239
1377913807039344
1377913807039351
1377913807039473
1377913807039482
1377913807039643
1377913807039649
1377913807039764
1377913807039773
1377913807044808
1377913807045375
1377913807051617
1377913807051646
1377913807052130
1377913807052616
1377913807052753
1377913807053219
1377913807053334
1377913807055980
1377913807055999
1377913807056097
1377913807112657
1377913807112674
1377913807112876
1377913807112886
1377913807112993
1377913807113000
1377913807113959
1377913807113969
1377913807114204
1377913807114213
1377913807114331
1377913807114339
1377913807114579
1377913807114587
1377913807114708
1377913807114714
1377913807114828
1377913807114831
1377913807115084
1377913807115092
1377913807115335
1377913807115343
1377913807115463
1377913807115471
1377913807115712
1377913807115720
1377913807115969
1377913807115977
1377913807116095
1377913807116102
1377913807116215
1377913807116221
1377913807116470
1377913807116478
1377913807116719
1377913807116727
1377913807116838
1377913807116845
1377913807117002
1377913807117011
1377913807117116
1377913807117124
1377913807117230
1377913807117238
1377913807117387
1377913807117395
1377913807117500
1377913807117508
1377913807117689
1377913807117698
1377913807117809
1377913807117817
1377913807117938
1377913807117946
1377913807118068
1377913807118077
1377913807118185
1377913807118193
1377913807122214
1377913807123219
1377913807123349
1377913807123357
1377913807123475
1377913807123592
1377913807123709
1377913807128100
1377913807128128
1377913807128133
1377913807128140
1377913807128144
1377913807128149
1377913807128153
1377913807128461
1377913807128470
1377913807129665
1377913807131313
1377913807131325
1377913807131333
1377913807131339
1377913807131343
1377913807131815
1377913807131826
1377913807131837
1377913807131841
1377913807131846
1377913807131850
1377913807131854
1377913807131964
1377913807131974
1377913807131978
1377913807132156
1377913807132353
1377913807132463
1377913807132868
1377913807132980
1377913807133258
1377913807133367
1377913807134392
1377913807134518
1377913807134526
1377913807134762
1377913807134769
1377913807134885
1377913807134893
1377913807135013
1377913807135020
1377913807135203
1377913807135206
1377913807135312
1377913807135320
1377913807135432
1377913807135437
1377913807135871
1377913807135879
1377913807136045
1377913807136049
1377913807149761
1377913807151078
1377913807187488
1377913807187512
1377913807187521
1377913807187617
1377913807187731
1377913807187837
1377913807187898
1377913807187954
1377913807188015
1377913807188070
1377913807189560
1377913807189568
1377913807189680
1377913807189688
1377913807189821
1377913807189829
1377913807189947
1377913807189953
1377913807191665
1377913807191673
1377913807191792
1377913807191800
1377913807191918
1377913807191924
1377913807192166
1377913807192175
1377913807192290
1377913807192298
1377913807192573
1377913807192582
1377913807192702
1377913807192709
1377913807192937
1377913807192945
1377913807193450
1377913807193458
1377913807193613
1377913807193716
1377913807193731
1377913807193861
1377913807193872
1377913807194081
1377913807194090
1377913807194693
1377913807194819
1377913807194823
1377913807195025
1377913807195031
1377913807195096
1377913807195197
1377913807195205
1377913807195405
1377913807195415
1377913807195426
1377913807195526
1377913807195541
1377913807195645
1377913807195691
1377913807195754
1377913807195815
1377913807195870
1377913807195931
1377913807195984
1377913807196076
1377913807196144
1377913807196714
1377913807196722
1377913807196892
1377913807196899
1377913807197006
1377913807197014
1377913807197147
1377913807197154
1377913807197264
1377913807197272
1377913807198730
1377913807198739
1377913807198854
1377913807198862
1377913807198978
1377913807198984
1377913807199113
1377913807199117
1377913807199229
1377913807199287
1377913807199348
1377913807199404
1377913807199492
1377913807199572
1377913807199629
1377913807200621
1377913807201572
1377913807201855
1377913807201866
1377913807201873
1377913807201980
1377913807202093
1377913807202209
1377913807202259
1377913807202319
1377913807203790
1377913807203798
1377913807203912
1377913807203919
1377913807204032
1377913807204039
1377913807204139
1377913807204194
1377913807205381
1377913807205389
1377913807206562
1377913807206571
1377913807207972
1377913807207987
1377913807208096
1377913807208105
1377913807208240
1377913807208368
1377913807208383
1377913807211695
1377913807211823
1377913807212143
1377913807212256
1377913807212508
1377913807212641
1377913807212821
1377913807212958
1377913807212965
1377913807213071
1377913807213245
1377913807213359
1377913807213427
1377913807213538
1377913807214943
1377913807215066
1377913807215075
1377913807215316
1377913807215324
1377913807215436
1377913807215444
1377913807215554
1377913807215561
1377913807215962
1377913807215974
1377913807216080
1377913807216087
1377913807216207
1377913807216214
1377913807216330
1377913807216336
1377913807216474
1377913807216483
1377913807216871
1377913807216879
1377913807216995
1377913807217003
1377913807217152
1377913807217160
1377913807217297
1377913807217306
1377913807217412
1377913807217419
1377913807217531
1377913807217540
1377913807217652
1377913807217660
1377913807217977
1377913807217986
1377913807221048
1377913807221056
1377913807221166
1377913807221174
1377913807221292
1377913807221299
1377913807221416
1377913807221424
1377913807225488
1377913807225502
1377913807227789
1377913807227799
1377913807227910
1377913807227918
1377913807228032
1377913807228039
1377913807228160
1377913807228164
1377913807228281
1377913807228285
1377913807228409
1377913807228412
1377913807228649
1377913807228657
1377913807228768
1377913807228777
1377913807228891
1377913807228899
1377913807229018
1377913807229026
1377913807229140
1377913807229147
1377913807229409
1377913807229417
1377913807229569
1377913807229573
1377913807230206
1377913807230215
1377913807230378
1377913807230386
1377913807232392
1377913807232400
1377913807232512
1377913807232519
1377913807232636
1377913807232645
1377913807232948
1377913807232956
1377913807233067
1377913807233076
1377913807233353
1377913807233361
1377913807233483
1377913807233533
1377913807233645
1377913807234101
1377913807234213
1377913807234350
1377913807234462
1377913807234594
1377913807234722
1377913807234730
1377913807234983
1377913807234991
1377913807235284
1377913807235293
1377913807235412
1377913807235420
1377913807235662
1377913807235671
1377913807235911
1377913807235919
1377913807236164
1377913807236172
1377913807236288
1377913807236296
1377913807236409
1377913807236417
1377913807236538
1377913807236547
1377913807236703
1377913807236711
1377913807236840
1377913807236848
1377913807236957
1377913807236965
1377913807237122
1377913807237130
1377913807237248
1377913807237255
1377913807237375
1377913807237431
1377913807237540
1377913807237549
1377913807237682
1377913807237690
1377913807237804
1377913807237811
1377913807237921
1377913807237928
1377913807238041
1377913807238048
1377913807238650
1377913807238659
1377913807238773
1377913807238781
1377913807238893
1377913807238897
1377913807239003
1377913807239065
1377913807239176
1377913807239180
1377913807239285
1377913807239341
1377913807243327
1377913807243337
1377913807243444
1377913807243452
1377913807243568
1377913807243576
1377913807243788
1377913807243796
1377913807243902
1377913807243910
1377913807244427
1377913807244436
1377913807244930
1377913807244938
1377913807245173
1377913807245181
1377913807245297
1377913807245305
1377913807245433
1377913807245442
1377913807245784
1377913807245793
1377913807245898
1377913807245905
1377913807246019
1377913807246027
1377913807246140
1377913807246149
1377913807246299
1377913807246308
1377913807246413
1377913807246420
1377913807246527
1377913807246536
1377913807246668
1377913807274143
1377913807274256
1377913807274384
1377913807274491
1377913807274501
1377913807274606
1377913807274767
1377913807274890
1377913807274899
1377913807275014
1377913807275022
1377913807275281
1377913807275289
1377913807275545
1377913807275551
1377913807275663
1377913807275671
1377913807276044
1377913807276052
1377913807276211
1377913807276216
1377913807276321
1377913807276330
1377913807276451
1377913807276618
1377913807276738
1377913807276796
1377913807277143
1377913807277147
1377913807277430
1377913807277438
1377913807277770
1377913807277780
1377913807279033
1377913807279042
1377913807279168
1377913807279174
1377913807279288
1377913807279294
1377913807279456
1377913807279464
1377913807279569
1377913807279576
1377913807281120
1377913807282896
1377913807283213
1377913807283228
1377913807283237
1377913807283281
1377913807283333
1377913807283411
1377913807283494
1377913807283606
1377913807283663
1377913807286849
1377913807286863
1377913807287075
1377913807287086
1377913807288133
1377913807288148
1377913807288258
1377913807288267
1377913807288494
1377913807288502
1377913807288614
1377913807288618
1377913807288726
1377913807288788
1377913807288899
1377913807288902
1377913807289166
1377913807289173
1377913807289328
1377913807289333
1377913807289470
1377913807289479
1377913807289894
1377913807289903
1377913807291914
1377913807291923
1377913807292035
1377913807292044
1377913807292195
1377913807292203
1377913807292313
1377913807292317
1377913807292470
1377913807292477
1377913807294992
1377913807295001
1377913807295237
1377913807295245
1377913807295361
1377913807295368
1377913807295480
1377913807295488
1377913807295608
1377913807295612
1377913807295811
1377913807295814
1377913807295926
1377913807295935
1377913807296517
1377913807296525
1377913807296717
1377913807349675
1377913807349695
1377913807349921
1377913807349926
1377913807350037
1377913807350041
1377913807350288
1377913807350292
1377913807350406
1377913807350410
1377913807350541
1377913807350545
1377913807350654
1377913807350658
1377913807350779
1377913807350783
1377913807350999
1377913807351003
1377913807351241
1377913807351245
1377913807351864
1377913807351870
1377913807352113
1377913807352118
1377913807352231
1377913807352236
1377913807352363
1377913807352367
1377913807352612
1377913807352615
1377913807352807
1377913807352812
1377913807352864
1377913807352916
1377913807353020
1377913807353024
1377913807353127
1377913807353131
1377913807353239
1377913807353243
1377913807353427
1377913807353431
1377913807353608
1377913807353613
1377913807353719
1377913807353727
1377913807353884
1377913807353888
1377913807353990
1377913807353995
1377913807355373
1377913807355379
1377913807356087
1377913807356092
1377913807356209
1377913807356213
1377913807356357
1377913807356362
1377913807356463
1377913807356468
1377913807356587
1377913807356592
1377913807358384
1377913807358392
1377913807358503
1377913807358508
1377913807361588
1377913807361603
1377913807361872
1377913807361879
1377913807361989
1377913807362190
1377913807362300
1377913807362307
1377913807362910
1377913807363575
1377913807363587
1377913807363718
1377913807364865
1377913807364986
1377913807364991
1377913807365108
1377913807365113
1377913807365236
1377913807365241
1377913807365352
1377913807365358
1377913807365485
1377913807365490
1377913807365602
1377913807365608
1377913807365726
1377913807365736
1377913807366137
1377913807366144
1377913807366261
1377913807366267
1377913807366511
1377913807366518
1377913807366672
1377913807366678
1377913807366961
1377913807366968
1377913807367127
1377913807367133
1377913807367235
1377913807367241
1377913807367396
1377913807367402
1377913807367504
1377913807367510
1377913807367648
1377913807367654
1377913807367757
1377913807367763
1377913807368053
1377913807368060
1377913807425390
1377913807425409
1377913807428775
1377913807428784
1377913807428899
1377913807428908
1377913807429019
1377913807429028
1377913807429143
1377913807429151
1377913807429267
1377913807429275
1377913807429391
1377913807429399
1377913807429510
1377913807429519
1377913807429644
1377913807429650
1377913807429698
1377913807429756
1377913807429763
1377913807429917
1377913807429929
1377913807429988
1377913807430050
1377913807430160
1377913807430168
1377913807430274
1377913807430282
1377913807430388
1377913807430396
1377913807430538
1377913807430547
1377913807430673
1377913807440650
1377913807440803
1377913807440889
1377913807441004
1377913807441131
1377913807441255
1377913807441262
1377913807441383
1377913807441390
1377913807441508
1377913807441784
1377913807442126
1377913807442508
1377913807442629
1377913807442877
1377913807446217
1377913807446231
1377913807446235
1377913807446239
1377913807446242
1377913807446265
1377913807446269
1377913807446316
1377913807446319
1377913807446322
1377913807446326
1377913807446330
1377913807446364
1377913807446621
1377913807446631
1377913807446634
1377913807446637
1377913807446671
1377913807446675
1377913807446678
1377913807447506
1377913807485742
1377913807507210
1377913807507225
1377913807507241
1377913807507248
1377913807507252
1377913807507257
1377913807507261
1377913807507265
1377913807507303
1377913807507308
1377913807507313
1377913807507316
1377913807507691
1377913807508240
1377913807516347
1377913807516362
1377913807516594
1377913807516602
1377913807516714
1377913807516723
1377913807516840
1377913807516848
1377913807516961
1377913807516969
1377913807517224
1377913807517232
1377913807517348
1377913807517356
1377913807517465
1377913807517473
1377913807517748
1377913807517757
1377913807518001
1377913807518009
1377913807518256
1377913807518264
1377913807518615
1377913807518623
1377913807518791
1377913807518799
1377913807518905
1377913807518912
1377913807519066
1377913807519075
1377913807519188
1377913807519195
1377913807519336
1377913807519345
1377913807519719
1377913807519727
1377913807519894
1377913807519902
1377913807520692
1377913807520700
1377913807521836
1377913807522823
1377913807601456
1377913807602151
1377913807605937
1377913807606502
1377913807611613
1377913807611637
1377913807611647
1377913807611793
1377913807611918
1377913807612011
1377913807612118
1377913807612127
1377913807615862
1377913807615879
1377913807615986
1377913807615994
1377913807616104
1377913807616109
1377913807616318
1377913807616329
1377913807617060
1377913807625473
1377913807625503
1377913807625514
1377913807627751
1377913807627891
1377913807669204
1377913807669880
1377913807675035
1377913807675055
1377913807675065
1377913807675241
1377913807675369
1377913807675484
1377913807675607
1377913807713839
1377913807714259
1377913807722383
1377913807722410
1377913807722421
1377913807722513
1377913807722630
1377913807722721
1377913807722857
1377913807761844
1377913807762286
1377913807767527
1377913807767554
1377913807767567
1377913807767705
1377913807767828
1377913807767914
1377913807768040
1377913807805839
1377913807806391
1377913807806852
1377913807807008
1377913807807022
1377913807807184
1377913807811822
1377913807811845
1377913807812113
1377913807812119
1377913807812262
1377913807812265
1377913807812674
1377913807812685
1377913807812794
1377913807812804
1377913807813307
1377913807813317
1377913807813438
1377913807813490
1377913807813599
1377913807813672
1377913807813797
1377913807814569
1377913807814691
1377913807814699
1377913807814810
1377913807814819
1377913807815189
1377913807815200
1377913807815452
1377913807815456
1377913807815573
1377913807815577
1377913807815696
1377913807815701
1377913807815825
1377913807815831
1377913807816738
1377913807816752
1377913807816984
1377913807816993
1377913807817103
1377913807817108
1377913807817269
1377913807817272
1377913807817376
1377913807817382
1377913807817500
1377913807817505
1377913807819443
1377913807819456
1377913807819562
1377913807819570
1377913807819699
1377913807819703
1377913807819829
1377913807819972
1377913807819981
1377913807820132
1377913807820137
1377913807820486
1377913807820491
1377913807820608
1377913807820613
1377913807820710
1377913807820771
1377913807820880
1377913807820888
1377913807823512
1377913807823523
1377913807823645
1377913807823653
1377913807823984
1377913807823987
1377913807824106
1377913807824113
1377913807824255
1377913807828122
1377913807828240
1377913807828244
1377913807828398
1377913807828401
1377913807828532
1377913807828534
1377913807829055
1377913807829439
1377913807829588
1377913807829657
1377913807829785
1377913807829898
1377913807830039
1377913807830446
1377913807832935
1377913807837742
1377913807838009
1377913807845996
1377913807846020
1377913807846140
1377913807859849
1377913807888992
1377913807889008
1377913807928138
1377913807931993
1377913807932272
1377913807936952
1377913807936973
1377913807937137
1377913807937141
1377913807937366
1377913807937375
1377913807937501
1377913807948959
1377913807964563
1377913807964579
1377913807964588
1377913807965033
1377913807965095
1377913807965167
1377913807968458
1377913807968480
1377913807968755
1377913807968947
1377913807969063
1377913807970282
1377913807970425
1377913807975008
1377913808013728
1377913808023084
1377913808044792
1377913808044813
1377913808044965
1377913808044973
1377913808045082
1377913808045090
1377913808045245
1377913808045249
1377913808045371
1377913808045375
1377913808045492
1377913808071232
1377913808071348
1377913808113598
1377913808113971
1377913808115865
1377913808116039
1377913808153716
1377913808191725
1377913808191740
1377913808191964
1377913808191967
1377913808192089
1377913808192094
1377913808192205
1377913808192214
1377913808192327
1377913808192332
1377913808192558
1377913808192566
1377913808192682
1377913808192691
1377913808192826
1377913808192834
1377913808193264
1377913808193273
1377913808193426
1377913808193434
1377913808196111
1377913808196128
1377913808196363
1377913808196373
1377913808196480
1377913808196485
1377913808196600
1377913808196605
1377913808196721
1377913808196726
1377913808196978
1377913808196987
1377913808197101
1377913808197106
1377913808197223
1377913808197276
1377913808197473
1377913808197479
1377913808197665
1377913808197673
1377913808197780
1377913808197786
1377913808198157
1377913808198162
1377913808198288
1377913808198293
1377913808198407
1377913808198411
1377913808198560
1377913808198565
1377913808198668
1377913808198672
1377913808204640
1377913808213843
1377913808230324
1377913808230349
1377913808230568
1377913808230575
1377913808230681
1377913808230688
1377913808230804
1377913808230810
1377913808230939
1377913808230941
1377913808231188
1377913808231197
1377913808231311
1377913808231314
1377913808231461
1377913808231467
1377913808266637
1377913808268764
1377913808276125
1377913808276150
1377913808276366
1377913808276373
1377913808276498
1377913808276505
1377913808276636
1377913808276718
1377913808276838
1377913808276847
1377913808277086
1377913808277095
1377913808277235
1377913808277947
1377913808278073
1377913808278082
1377913808278226
1377913808278233
1377913808278362
1377913808310417
1377913808310563
1377913808355363
1377913808355920
1377913808393713
1377913808404501
1377913808411041
1377913808411311
1377913808443767
1377913808443792
1377913808444339
1377913808445465
1377913808475189
1377913808533611
1377913808534073
1377913808573701
1377913808578102
1377913808578383
1377913808583675
1377913808583698
1377913808583906
1377913808583913
1377913808584049
1377913808591031
1377913808603485
1377913808623838
1377913808625472
1377913808631205
1377913808631425
1377913808643219
1377913808644221
1377913808751717
1377913808751734
1377913808757533
1377913808858993
1377913808859012
1377913808875311
1377913808899946
1377913808900246
1377913808950440
1377913808990174
1377913808992504
1377913809009644
1377913809010059
1377913809049653
1377913809050213
1377913809054288
1377913809055593
1377913809055827
1377913809056064
1377913809063098
1377913809064012
1377913809064316
1377913809065295
1377913809071549
1377913809109590
1377913809109989
1377913809124231
1377913809124256
1377913809124547
1377913809127578
1377913809127697
1377913809129370
1377913809129896
1377913809130892
1377913809140767
1377913809141138
1377913809144706
1377913809144732
1377913809148558
1377913809155627
1377913809155642
1377913809159534
1377913809159847
1377913809160881
1377913809160900
1377913809165927
1377913809205849
1377913809206343
1377913809236817
1377913809236848
1377913809273819
1377913809274277
1377913809280279
1377913809280298
1377913809280305
1377913809280398
1377913809280514
1377913809280681
1377913809280814
1377913809317851
1377913809319069
1377913809319413
1377913809324371
1377913809338794
1377913809338918
1377913809339103
1377913809339213
1377913809357389
1377913809357624
1377913809357745
1377913809357862
1377913809357997
1377913809358300
1377913809358421
1377913809358547
1377913809358968
1377913809359144
1377913809359299
1377913809359426
1377913809397620
1377913809398171
1377913809437697
1377913809444172
1377913809444296
1377913809444384
1377913809444500
1377913809444506
1377913809444635
1377913809444783
1377913809450183
1377913809450209
1377913809454117
1377913809454508
1377913809456129
1377913809456146
1377913809460009
1377913809460457
1377913809462957
1377913809462983
1377913809463048
1377913809463102
1377913809463211
1377913809463217
1377913809463326
1377913809463333
1377913809464617
1377913809466578
1377913809469488
1377913809469641
1377913809477649
1377913809477783
1377913809477790
1377913809477965
1377913809477970
1377913809478107
1377913809478113
1377913809478757
1377913809505418
1377913809505455
1377913809505464
1377913809505672
1377913809505795
1377913809505909
1377913809506029
1377913809506035
1377913809506221
1377913809506228
1377913809506338
1377913809506344
1377913809506476
1377913809506481
1377913809506887
1377913809525491
1377913809525611
1377913809526188
1377913809528736
1377913809528755
1377913809528870
1377913809528877
1377913809529001
1377913809530090
1377913809530205
1377913809569845
1377913809570264
1377913809570917
1377913809572991
1377913809596217
1377913809596247
1377913809596545
1377913809633621
1377913809643965
1377913809644493
1377913809645518
1377913809645538
1377913809646648
1377913809649705
1377913809650770
1377913809656525
1377913809693651
1377913809694168
1377913809733869
1377913809734408
1377913809773645
1377913809791271
1377913809796491
1377913809796513
1377913809796573
1377913809796636
1377913809796725
1377913809796799
1377913809796922
1377913809820137
1377913809820258
1377913809820321
1377913809820430
1377913809820442
1377913809820592
1377913809820600
1377913809823707
1377913809862858
1377913809863539
1377913809901653
1377913809923869
1377913809924184
1377913809947994
1377913809948025
1377913809952717
1377913809953110
1377913809953368
1377913809953379
1377913809957383
1377913809957412
1377913809957686
1377913809960291
1377913809966130
1377913809967837
1377913809976173
1377913809976289
1377913809976420
1377913809976532
1377913809976667
1377913809976804
1377913809976814
1377913809977041
1377913809977052
1377913809977056
1377913809977173
1377913809977179
1377913809977321
1377913809977330
1377913809977543
1377913809977644
1377913809977654
1377913809977908
1377913809977919
1377913809977960
1377913809978029
1377913809981021
1377913809981032
1377913809981238
1377913809981246
1377913809981751
1377913809981761
1377913809982118
1377913809982129
1377913809982239
1377913809982248
1377913809982553
1377913809982562
1377913809982672
1377913809982679
1377913809982794
1377913809982799
1377913809982919
1377913809982924
1377913809983236
1377913809983245
1377913809996019
1377913809996776
1377913810017849
1377913810017865
1377913810018032
1377913810042966
1377913810043096
1377913810043334
1377913810081635
1377913810092925
1377913810094022
1377913810094034
1377913810094315
1377913810097917
1377913810106997
1377913810145884
1377913810146339
1377913810172276
1377913810172302
1377913810176074
1377913810182693
1377913810183845
1377913810184222
1377913810197303
1377913810197340
1377913810201401
1377913810202016
1377913810207221
1377913810207251
1377913810207263
1377913810207398
1377913810207543
1377913810207649
1377913810207762
1377913810245598
1377913810246146
1377913810276182
1377913810276217
1377913810313697
1377913810314272
1377913810315678
1377913810315853
1377913810319504
1377913810319531
1377913810320129
1377913810321274
1377913810321666
1377913810322020
1377913810322393
1377913810324174
1377913810324450
1377913810325244
1377913810325258
1377913810329593
1377913810329910
1377913810330895
1377913810331325
1377913810331851
1377913810333110
1377913810333865
1377913810338136
1377913810340158
1377913810340454
1377913810341603
1377913810356377
1377913810356392
1377913810357696
1377913810397768
1377913810397902
1377913810437618
1377913810441896
1377913810442172
1377913810447629
1377913810447643
1377913810501789
1377913810537371
1377913810538121
1377913810577643
1377913810581540
1377913810581742
1377913810586048
1377913810586073
1377913810616739
1377913810617162
1377913810648102
1377913810648128
1377913810650255
1377913810689591
1377913810723261
1377913810723743
1377913810761606
1377913810765285
1377913810773588
1377913810773827
1377913810790535
1377913810790559
1377913810829601
1377913810830111
1377913810848612
1377913810848641
1377913810856477
1377913810893846
1377913810894329
1377913810910452
1377913810910480
1377913810921529
1377913810922371
1377913810922563
1377913810935490
1377913810935514
1377913810942518
1377913810967409
1377913810968555
1377913810968570
1377913810968814
1377913810983228
1377913811021856
1377913811022367
1377913811032385
1377913811032419
1377913811047039
1377913811085852
1377913811086454
1377913811124402
1377913811124434
1377913811159366
1377913811209579
1377913811210080
1377913811249584
1377913811295481
1377913811295657
1377913811296384
1377913811297127
1377913811333598
1377913811345609
1377913811381874
1377913811382400
1377913811404482
1377913811404511
1377913811416779
1377913811417087
1377913811431481
1377913811431497
1377913811469644
1377913811470305
1377913811496229
1377913811496256
1377913811496559
1377913811533847
1377913811534271
1377913811549666
1377913811549688
1377913811553479
1377913811553853
1377913811593566
1377913811612338
1377913811649604
1377913811650655
1377913811650666
1377913811650934
1377913811666526
1377913811666540
1377913811667602
1377913811667614
1377913811667917
1377913811667926
1377913811668106
1377913811668112
1377913811668236
1377913811668239
1377913811668361
1377913811668364
1377913811668543
1377913811705606
1377913811706383
1377913811713987
1377913811714016
1377913811724215
1377913811761851
1377913811763151
1377913811777431
1377913811777471
1377913811789807
1377913811829849
1377913811830366
1377913811869552
1377913811880165
1377913811917600
1377913811918301
1377913811957550
1377913811968550
1377913811968899
1377913811992832
1377913811992858
1377913812003822
1377913812004418
1377913812019705
1377913812019726
1377913812031392
1377913812031413
1377913812031628
1377913812031638
1377913812031744
1377913812031752
1377913812031859
1377913812046224
1377913812046243
1377913812046433
1377913812046441
1377913812055224
1377913812093568
1377913812134823
1377913812138912
1377913812139153
1377913812144415
1377913812147584
1377913812151446
1377913812151717
1377913812157190
1377913812162201
1377913812173677
1377913812174409
1377913812186797
1377913812188067
1377913812201367
1377913812325449
1377913812325466
1377913812325606
1377913812328150
1377913812345824
1377913812346150
1377913812402276
1377913812406921
1377913812410805
1377913812411125
1377913812423589
1377913812577455
1377913812577471
1377913812583300
1377913812763012
1377913812763031
1377913812763250
1377913812763259
1377913812766863
1377913812770260
1377913812776376
1377913812777903
1377913812786854
1377913812787216
1377913812826575
1377913812957967
1377913812962080
1377913812962374
1377913812967650
1377913812967663
1377913812967804
1377913813010685
1377913813062855
1377913813150720
1377913813151052
1377913813237440
1377913813238679
1377913813323321
1377913813323341
1377913813323587
1377913813323594
1377913813326210
1377913813336826
1377913813346972
1377913813347280
1377913813385511
1377913813389862
1377913813390291
1377913813390545
1377913813397420
1377913813397433
1377913813397610
1377913813406872
1377913813407102
1377913813407110
1377913813412587
1377913813412612
1377913813415064
1377913813427933
1377913813430940
1377913813431301
1377913813449634
1377913813449659
1377913813462335
1377913813462715
1377913813477859
1377913813477880
1377913813478014
1377913813506484
1377913813506510
1377913813510363
1377913813549505
1377913813554060
1377913813554343
1377913813559594
1377913813559607
1377913813562698
1377913813567114
1377913813567131
1377913813567238
1377913813567246
1377913813567363
1377913813567370
1377913813567478
1377913813567485
1377913813571631
1377913813571641
1377913813571750
1377913813571759
1377913813571910
1377913813571918
1377913813572022
1377913813572030
1377913813572271
1377913813572281
1377913813572425
1377913813609845
1377913813610518
1377913813649503
1377913813665419
1377913813665437
1377913813665570
1377913813701603
1377913813702026
1377913813733842
1377913813733869
1377913813773846
1377913813774220
1377913813774390
1377913813774564
1377913813779839
1377913813779855
1377913813817862
1377913813818691
1377913813857502
1377913813861559
1377913813861863
1377913813861987
1377913813867151
1377913813867179
1377913813871371
1377913813871708
1377913813872391
1377913813872407
1377913813872417
1377913813872576
1377913813872693
1377913813872837
1377913813872951
1377913813909846
1377913813910343
1377913813922472
1377913813922499
1377913813952800
1377913813953192
1377913813984784
1377913813984809
1377913813988499
1377913813988848
1377913813990542
1377913813994796
1377913813995183
1377913813995606
1377913813995717
1377913813997817
1377913814008826
1377913814008951
1377913814008957
1377913814009116
1377913814009264
1377913814009672
1377913814012985
1377913814013490
1377913814035913
1377913814035944
1377913814037537
1377913814039919
1377913814040170
1377913814045615
1377913814045637
1377913814049549
1377913814049806
1377913814058799
1377913814058815
1377913814174186
1377913814175575
1377913814175727
1377913814213846
1377913814214296
1377913814253484
1377913814267764
1377913814308547
1377913814309024
1377913814345488
1377913814346017
1377913814355669
1377913814355812
1377913814355819
1377913814356014
1377913814356022
1377913814356098
1377913814356210
1377913814365798
1377913814365920
1377913814365929
1377913814366047
1377913814366178
1377913814366299
1377913814366657
1377913814384201
1377913814384225
1377913814384284
1377913814384554
1377913814384692
1377913814384806
1377913814384936
1377913814385338
1377913814385505
1377913814385626
1377913814386063
1377913814386516
1377913814386667
1377913814386794
1377913814403290
1377913814403469
1377913814403582
1377913814404003
1377913814404434
1377913814404625
1377913814404632
1377913814404904
1377913814405350
1377913814405359
1377913814405512
1377913814405636
1377913814441864
1377913814452296
1377913814489592
1377913814490130
1377913814529472
1377913814533875
1377913814534194
1377913814539584
1377913814539599
1377913814577856
1377913814578350
1377913814580750
1377913814580766
1377913814614570
1377913814653854
1377913814654375
1377913814693467
1377913814694677
1377913814733851
1377913814734610
1377913814773460
1377913814774834
1377913814774844
1377913814775077
1377913814775085
1377913814775219
1377913814813599
1377913814815717
1377913814815923
1377913814816086
1377913814828190
1377913814828552
1377913814833214
1377913814833237
1377913814833346
1377913814833754
1377913814837309
1377913814838194
1377913814839068
1377913814839086
1377913814839095
1377913814839393
1377913814839511
1377913814839570
1377913814839686
1377913814839935
1377913814840061
1377913814840072
1377913814840185
1377913814840194
1377913814840518
1377913814840528
1377913814840685
1377913814840695
1377913814840805
1377913814840812
1377913814840935
1377913814840941
1377913814843183
1377913814844401
1377913814844515
1377913814844564
1377913814844676
1377913814844805
1377913814844931
1377913814844939
1377913814845304
1377913814845312
1377913814845425
1377913814845432
1377913814845899
1377913814845908
1377913814846029
1377913814853505
1377913814853632
1377913814854166
1377913814854968
1377913814855147
1377913814856546
1377913814893874
1377913814894589
1377913814903195
1377913814903222
1377913814941851
1377913814942593
1377913814948254
1377913814948280
1377913814959954
1377913814960367
1377913814960626
1377913814960800
1377913814961164
1377913814973228
1377913814973247
1377913814973379
1377913814990589
1377913814990715
1377913815029849
1377913815030832
1377913815030841
1377913815032563
1377913815046606
1377913815067433
1377913815067576
1377913815068904
1377913815068916
1377913815069067
1377913815105450
1377913815105591
1377913815121891
1377913815122022
1377913815122033
1377913815122142
1377913815132961
1377913815133087
1377913815134073
1377913815159856
1377913815159871
1377913815159881
1377913815160047
1377913815160164
1377913815160175
1377913815160288
1377913815160296
1377913815160437
1377913815160445
1377913815160566
1377913815197859
1377913815198747
1377913815213423
1377913815213447
1377913815213559
1377913815213568
1377913815213671
1377913815213734
1377913815213794
1377913815213869
1377913815213983
1377913815213987
1377913815214095
1377913815269916
1377913815287223
1377913815287457
1377913815346129
1377913815355176
1377913815418727
1377913815425718
1377913815486347
1377913815496086
1377913815500174
1377913815508394
1377913815542556
1377913815561041
1377913815564855
1377913815564989
1377913815635779
1377913815637390
1377913815668287
1377913815668316
1377913815705880
1377913815706151
1377913815725088
1377913815725118
1377913815725246
1377913815725499
1377913815725562
1377913815743448
1377913815743465
1377913815744869
1377913815744884
1377913815787082
1377913815792667
1377913815920173
1377913815930473
1377913815931813
1377913815944564
1377913815945552
1377913815951261
1377913815958425
1377913815979445
1377913816017413
1377913816032194
1377913816069865
1377913816072620
1377913816085009
1377913816085035
1377913816121850
1377913816122170
1377913816193303
1377913816196239
1377913816209181
1377913816221372
1377913816239388
1377913816239417
1377913816250416
1377913816289398
1377913816293650
1377913816294022
1377913816299794
1377913816299816
1377913816299948
1377913816303751
1377913816303885
1377913816329659
1377913816391744
1377913816392763
1377913816395012
1377913816397402
1377913816466639
1377913816466928
1377913816467150
1377913816470941
1377913816470961
1377913816540130
1377913816586259
1377913816586830
1377913816586833
1377913816587003
1377913816606379
1377913816662503
1377913816662863
1377913816663059
1377913816663477
1377913816668069
1377913816668311
1377913816673673
1377913816673697
1377913816673824
1377913816673831
1377913816674007
1377913816674956
1377913816689073
1377913816689213
1377913816689321
1377913816689447
1377913816703964
1377913816703991
1377913816740425
1377913816740447
1377913816763481
1377913816778511
1377913816779160
1377913816785693
1377913816785877
1377913816825382
1377913816829268
1377913816829587
1377913816834989
1377913816863496
1377913816863630
1377913816887798
1377913816904087
1377913816904114
1377913816904270
1377913816904275
1377913816904482
1377913816904489
1377913816904638
1377913816904644
1377913816913663
1377913816913671
1377913816963838
1377913817001641
1377913817034246
1377913817034261
1377913817034384
1377913817034390
1377913817034511
1377913817034513
1377913817034815
1377913817034823
1377913817071895
1377913817071923
1377913817077737
1377913817077757
1377913817077767
1377913817078203
1377913817078331
1377913817117594
1377913817118076
1377913817118086
1377913817126601
1377913817165372
1377913817176416
1377913817204941
1377913817222453
1377913817222588
1377913817261850
1377913817262366
1377913817301368
1377913817311967
1377913817339910
1377913817378423
1377913817379704
1377913817379716
1377913817380035
1377913817384439
1377913817384743
1377913817384753
1377913817386244
1377913817386253
1377913817386416
1377913817386423
1377913817386575
1377913817425887
1377913817457215
1377913817489459
1377913817489603
1377913817492095
1377913817492229
1377913817493991
1377913817499980
1377913817500002
1377913817500015
1377913817500356
1377913817500486
1377913817537843
1377913817577357
1377913817583284
1377913817583293
1377913817583476
1377913817583480
1377913817583666
1377913817583675
1377913817583792
1377913817583800
1377913817587244
1377913818853310
1377913818861478
1377913819592723
1377913819592750
1377913819596702
1377913819633262
1377913819639460
1377913819639472
1377913819639582
1377913819639590
1377913819639740
1377913819639746
1377913819639852
1377913819639857
1377913819643109
1377913835427907
1377913835428259
1377913835428716
1377913835465616
1377913850441269
1377913850441835
1377913874270353
1377913874277872
1377913880441699
1377913880442041
1377913895322293
1377913895326972
1377913895327115
1377913895327344
1377913895365854
1377913895365867
1377913895398532
1377913895398557
1377913895412940
