1377942131908455
1377942132052817
1377942132053156
1377942132211244
1377942132211261
1377942132211436
1377942132211446
1377942132211626
1377942132211634
1377942132245917
1377942132355652
1377942132355678
1377942132355880
1377942132355888
1377942132356026
1377942132394515
1377942132395084
1377942132395270
1377942132532438
1377942132532696
1377942132538944
1377942132669603
1377942132670057
1377942132670074
1377942132670304
1377942132670314
1377942132806866
1377942132806887
1377942132807102
1377942132807106
1377942132807231
1377942132807240
1377942132853495
1377942132892499
1377942132990544
1377942132990745
1377942133026930
1377942133028193
1377942133028441
1377942133162599
1377942133163168
1377942133163304
1377942133202529
1377942133202929
1377942133203244
1377942133339669
1377942133340012
1377942133340273
1377942133346475
1377942133347137
1377942133347242
1377942133347386
1377942133347486
1377942133466786
1377942133467170
1377942133477462
1377942133477497
1377942133477933
1377942133477947
1377942133478235
1377942133478243
1377942133489538
1377942133489548
1377942133489733
1377942133489742
1377942133490058
1377942133490067
1377942133490191
1377942133594087
1377942133611647
1377942133612438
1377942133614292
1377942133614331
1377942133747414
1377942133786534
1377942133786922
1377942133787249
1377942133922993
1377942133923309
1377942133923462
1377942133923596
1377942133929723
1377942133929740
1377942133929857
1377942134056294
1377942134056708
1377942134059475
1377942134060512
1377942134060648
1377942134060914
1377942134098542
1377942134183570
1377942134183948
1377942134224475
1377942134228350
1377942134230671
1377942134230847
1377942134268567
1377942134365377
1377942134366169
1377942134366270
1377942134366441
1377942134366569
1377942134366578
1377942134366853
1377942134366862
1377942134373766
1377942134374479
1377942134374580
1377942134374769
1377942134374868
1377942134377155
1377942134377255
1377942134377391
1377942134377490
1377942134406484
1377942134406618
1377942134406745
1377942134406843
1377942134446506
1377942134447223
1377942134501813
1377942134501834
1377942134502079
1377942134502087
1377942134502373
1377942134502381
1377942134502684
1377942134502692
1377942134503009
1377942134503018
1377942134503125
1377942134503137
1377942134503263
1377942134503271
1377942134503403
1377942134516965
1377942134517063
1377942134517188
1377942134517287
1377942134517478
1377942134517555
1377942134517680
1377942134517780
1377942134518053
1377942134518180
1377942134518187
1377942134547740
1377942134547762
1377942134547869
1377942134547877
1377942134547998
1377942134548003
1377942134548133
1377942134548137
1377942134548235
1377942134548240
1377942134587283
1377942134587943
1377942134588043
1377942134588188
1377942134588286
1377942134636812
1377942134636821
1377942134637020
1377942134637029
1377942134638001
1377942134638010
1377942134638141
1377942134638147
1377942134638248
1377942134638253
1377942134638386
1377942134638394
1377942134638547
1377942134638555
1377942134638653
1377942134638658
1377942134638795
1377942134638802
1377942134639188
1377942134639198
1377942134660002
1377942134660023
1377942134660192
1377942134660196
1377942134660880
1377942134660888
1377942134661030
1377942134661035
1377942134661399
1377942134661408
1377942134661515
1377942134661534
1377942134661658
1377942134661666
1377942134661823
1377942134661830
1377942134661928
1377942134661934
1377942134662075
1377942134662080
1377942134685003
1377942134685026
1377942134685229
1377942134685234
1377942134685334
1377942134685355
1377942134685483
1377942134685491
1377942134685592
1377942134685597
1377942134685777
1377942134685797
1377942134685921
1377942134685928
1377942134686028
1377942134686034
1377942134686448
1377942134686458
1377942134727848
1377942134727868
1377942134728047
1377942134728052
1377942134728834
1377942134728843
1377942134729124
1377942134729132
1377942134729229
1377942134729254
1377942134729380
1377942134729387
1377942134771488
1377942134771499
1377942134771608
1377942134771623
1377942134771749
1377942134771757
1377942134771856
1377942134771862
1377942134773255
1377942134773263
1377942134773448
1377942134773457
1377942134773657
1377942134773665
1377942134773786
1377942134773791
1377942134802736
1377942134802745
1377942134802966
1377942134802975
1377942134822651
1377942134822660
1377942134822793
1377942134822798
1377942134822894
1377942134822902
1377942134823208
1377942134823216
1377942134823446
1377942134823454
1377942134823970
1377942134823978
1377942134824208
1377942134824216
1377942134824432
1377942134824441
1377942134824547
1377942134824551
1377942134824688
1377942134824694
1377942134824791
1377942134824798
1377942134824920
1377942134824928
1377942134825159
1377942134825168
1377942134825299
1377942134825306
1377942134825450
1377942134870789
1377942134870800
1377942134871094
1377942134871104
1377942134871348
1377942134871356
1377942134871601
1377942134871609
1377942134871709
1377942134871717
1377942134872103
1377942134872112
1377942134872213
1377942134872218
1377942134872363
1377942134872371
1377942134872612
1377942134872620
1377942134872758
1377942134872765
1377942134872866
1377942134872873
1377942134873060
1377942134873065
1377942135012339
1377942135012349
1377942135012456
1377942135012461
1377942135012595
1377942135012603
1377942135012755
1377942135012762
1377942135013485
1377942135013494
1377942135013865
1377942135013873
1377942135013997
1377942135014002
1377942135014097
1377942135014105
1377942135014294
1377942135014298
1377942135014396
1377942135014419
1377942135014545
1377942135014552
1377942135014709
1377942135014717
1377942146115604
1377942146115729
1377942146115828
1377942146116077
1377942146116290
1377942220930750
1377942221074912
1377942221079362
