1378077975011501
1378077975065717
1378077975066158
1378077975205871
1378077975206061
1378077975206284
1378077975206364
1378077975206393
1378077975260189
1378077975260430
1378077975260540
1378077975260575
1378077975260681
1378077975260787
1378077975261062
1378077975261173
1378077975261325
1378077975261739
1378077975261893
1378077975262021
1378077975262161
1378077975262629
1378077975420901
1378077975440569
1378077975442074
1378077975465533
1378077975465607
1378077975529985
1378077975530757
1378077975531076
1378077975544561
1378077975545243
1378077975567746
1378077975567807
1378077975567841
1378077975567888
1378077975567917
1378077975568165
1378077975568273
1378077975581276
1378077975581428
1378077975581487
1378077975581593
1378077975582298
1378077975582405
1378077975582582
1378077975582688
1378077975582710
1378077975582746
1378077975582865
1378077975582882
1378077975583126
1378077975583237
1378077975583519
1378077975594333
1378077975594614
1378077975594840
1378077975595112
1378077975596599
1378077975597230
1378077975600817
1378077975600871
1378077975619276
1378077975619452
1378077975619482
1378077975619655
1378077975619761
1378077975630927
1378077975632217
1378077975632246
1378077975632582
1378077975632762
1378077975633034
1378077975633511
1378077975633657
1378077975633782
1378077975644639
1378077975644755
1378077975644782
1378077975644889
1378077975644993
1378077975645511
1378077975646856
1378077975657195
1378077975657240
1378077975660641
1378077975699574
1378077975700327
1378077975708144
1378077975708197
1378077975708298
1378077975708310
1378077975708566
1378077975708611
1378077975708674
1378077975714792
1378077975714930
1378077975714938
1378077975715137
1378077975715273
1378077975717998
1378077975756695
1378077975759946
1378077975760047
1378077975760080
1378077975760188
1378077975760296
1378077975761422
1378077975762194
1378077975764900
1378077975764946
1378077975765132
1378077975765366
1378077975765641
1378077975766089
1378077975766209
1378077975766230
1378077975766369
1378077975779619
1378077975779767
1378077975779776
1378077975780008
1378077975780113
1378077975780937
1378077975785430
1378077975785472
1378077975785636
1378077975785773
1378077975806836
1378077975806939
1378077975806992
1378077975807099
1378077975807206
1378077975808008
1378077975811593
1378077975811640
1378077975811769
1378077975828292
1378077975828427
1378077975828452
1378077975828560
1378077975828734
1378077975829648
1378077975832742
1378077975832882
1378077975833007
1378077975833112
1378077975833247
1378077975833353
1378077975833413
1378077975833525
1378077975833865
1378077975835664
1378077975835781
1378077975835793
1378077975836029
1378077975836142
1378077975836158
1378077975836261
1378077975836280
1378077975836384
1378077975836802
1378077975836955
1378077975837061
1378077975837515
1378077975837689
1378077975837796
1378077975837967
1378077975838073
1378077975840852
1378077975840963
1378077975840974
1378077975841155
1378077975841266
1378077975841553
1378077975841991
1378077975842102
1378077975842493
1378077975842629
1378077975843257
1378077975843541
1378077975843649
1378077975843672
1378077975843776
1378077975843943
1378077975844374
1378077975844488
1378077975845138
1378077975845252
1378077975845272
1378077975845383
1378077975845794
1378077975845906
1378077975846066
1378077975846201
1378077975933771
1378077975951241
1378077975951740
1378077975971473
1378077975971563
1378077975971732
1378077975971843
1378077975980015
1378077975989034
1378077975989267
1378077975989509
1378077975989619
1378077975989873
1378077975989981
1378077975990336
1378077975990451
1378077975990616
1378077975990726
1378077975991174
1378077975991318
1378077976003867
1378077976007174
1378077976007328
1378077976007467
1378077976008039
1378077976008426
1378077976008677
1378077976009017
1378077976009132
1378077976009241
1378077976009513
1378077976009626
1378077976009777
1378077976009888
1378077976010316
1378077976010423
1378077976010550
1378077976010692
1378077976021170
1378077976022497
1378077976024930
1378077976025346
1378077976026596
1378077976026709
1378077976026772
1378077976030116
1378077976030872
1378077976036855
1378077976036911
1378077976036996
1378077976037017
1378077976037293
1378077976037354
1378077976037402
1378077976041357
1378077976041469
1378077976041488
1378077976041597
1378077976041705
1378077976041893
1378077976042882
1378077976051131
1378077976051179
1378077976051265
1378077976051304
1378077976055471
1378077976056221
1378077976056970
1378077976056999
1378077976057074
1378077976057233
1378077976057376
1378077976062946
1378077976063068
1378077976064039
1378077976068982
1378077976069026
1378077976073483
1378077976074204
1378077976074576
1378077976074598
1378077976074729
1378077976111577
1378077976112832
1378077976112847
1378077976120344
1378077976120521
1378077976120562
1378077976120679
1378077976120807
1378077976120913
1378077976121188
1378077976121299
1378077976121731
1378077976121801
1378077976122003
1378077976122251
1378077976122363
1378077976122800
1378077976122941
1378077976123106
1378077976123246
1378077976123354
1378077976123459
1378077976124145
1378077976124260
1378077976124280
1378077976124385
1378077976124526
1378077976124729
1378077976124837
1378077976129899
1378077976129984
1378077976130051
1378077976130127
1378077976130155
1378077976130242
1378077976130258
1378077976130366
1378077976130471
1378077976130490
1378077976130603
1378077976130710
1378077976130727
1378077976130832
1378077976133165
1378077976133303
1378077976133550
1378077976133769
1378077976133780
1378077976133916
1378077976134816
1378077976136327
1378077976136436
1378077976136462
1378077976136566
1378077976136673
1378077976136947
1378077976137053
1378077976137079
1378077976137185
1378077976137467
1378077976137625
1378077976137764
1378077976138459
1378077976138607
1378077976138724
1378077976138880
1378077976139527
1378077976139645
1378077976139655
1378077976139905
1378077976140018
1378077976140349
1378077976140462
1378077976140725
1378077976140832
1378077976140855
1378077976140963
1378077976140982
1378077976141088
1378077976141355
1378077976141613
1378077976141764
1378077976141934
1378077976142079
1378077976142188
1378077976142324
1378077976142757
1378077976142882
1378077976142900
1378077976143007
1378077976143146
1378077976143255
1378077976143330
1378077976143402
1378077976143447
1378077976143543
1378077976143597
1378077976143704
1378077976143839
1378077976144088
1378077976144502
1378077976144668
1378077976144675
1378077976144770
1378077976144807
1378077976144916
1378077976145050
1378077976145429
1378077976146339
1378077976146955
1378077976147080
1378077976147192
1378077976147302
1378077976147322
1378077976147442
1378077976147551
1378077976147562
1378077976147748
1378077976147861
1378077976147969
1378077976147989
1378077976148090
1378077976148109
1378077976148217
1378077976148354
1378077976148416
1378077976148482
1378077976148520
1378077976148607
1378077976148625
1378077976148731
1378077976148964
1378077976149083
1378077976149122
1378077976149232
1378077976149342
1378077976149590
1378077976149702
1378077976149965
1378077976150076
1378077976150481
1378077976150609
1378077976150843
1378077976150976
1378077976151102
1378077976151213
1378077976151735
1378077976151855
1378077976151866
1378077976151972
1378077976152241
1378077976152352
1378077976152459
1378077976152731
1378077976152839
1378077976152976
1378077976153082
1378077976153244
1378077976153351
1378077976153373
1378077976153507
1378077976153612
1378077976153743
1378077976153879
1378077976153910
1378077976154018
1378077976154128
1378077976154146
1378077976154254
1378077976154378
1378077976154489
1378077976154628
1378077976154834
1378077976154898
1378077976154976
1378077976155008
1378077976155115
1378077976156689
1378077976156797
1378077976156916
1378077976157058
1378077976157166
1378077976157635
1378077976157674
1378077976157787
1378077976157905
1378077976158029
1378077976158499
1378077976158696
1378077976158823
1378077976158969
1378077976159187
1378077976159322
1378077976159461
1378077976159589
1378077976159704
1378077976159712
1378077976159954
1378077976160011
1378077976160094
1378077976160117
1378077976160344
1378077976160456
1378077976160720
1378077976160833
1378077976160869
1378077976160886
1378077976160967
1378077976161093
1378077976161216
1378077976161313
1378077976161342
1378077976161450
1378077976161704
1378077976161830
1378077976161953
1378077976162025
1378077976162091
1378077976162131
1378077976162299
1378077976162409
1378077976162528
1378077976162826
1378077976162944
1378077976163006
1378077976163087
1378077976163112
1378077976163336
1378077976163446
1378077976163568
1378077976163703
1378077976163828
1378077976163948
1378077976164090
1378077976164109
1378077976164222
1378077976164499
1378077976164656
1378077976164792
1378077976164964
1378077976165018
1378077976165110
1378077976165232
1378077976165385
1378077976165517
1378077976165645
1378077976165760
1378077976165910
1378077976166293
1378077976166319
1378077976167174
1378077976167930
1378077976171403
1378077976171551
1378077976261725
1378077976280360
1378077976280410
1378077976280588
1378077976280813
1378077976280944
1378077976281076
1378077976281182
1378077976281457
1378077976281713
1378077976281824
1378077976282337
1378077976282590
1378077976282820
1378077976282929
1378077976283098
1378077976283227
1378077976284050
1378077976284211
1378077976284328
1378077976284434
1378077976284562
1378077976284728
1378077976284835
1378077976284995
1378077976298760
1378077976298871
1378077976299009
1378077976299287
1378077976299341
1378077976300217
1378077976301258
1378077976301616
1378077976301875
1378077976301986
1378077976302117
1378077976302225
1378077976302357
1378077976302496
1378077976302852
1378077976302881
1378077976319093
1378077976319124
1378077976319199
1378077976319356
1378077976319575
1378077976336800
1378077976337029
1378077976337135
1378077976337275
1378077976337379
1378077976337671
1378077976337790
1378077976337923
1378077976338467
1378077976338708
1378077976338978
1378077976339716
1378077976339779
1378077976339845
1378077976339958
1378077976340066
1378077976340938
1378077976341046
1378077976341241
1378077976341351
1378077976341469
1378077976341597
1378077976341712
1378077976341943
1378077976341993
1378077976342051
1378077976342222
1378077976342329
1378077976342458
1378077976342546
1378077976354950
1378077976355065
1378077976355143
1378077976355253
1378077976356234
1378077976356501
1378077976356608
1378077976356717
1378077976356823
1378077976356943
1378077976357070
1378077976357199
1378077976357326
1378077976357783
1378077976357894
1378077976358060
1378077976358167
1378077976358329
1378077976364313
1378077976364408
1378077976364556
1378077976364709
1378077976372680
1378077976373891
1378077976374194
1378077976374336
1378077976382589
1378077976382705
1378077976383083
1378077976383194
1378077976383506
1378077976383613
1378077976383749
1378077976383854
1378077976384291
1378077976384402
1378077976384532
1378077976401502
1378077976401701
1378077976401808
1378077976402430
1378077976402917
1378077976403173
1378077976403284
1378077976403539
1378077976403651
1378077976403759
1378077976403910
1378077976404019
1378077976404278
1378077976404384
1378077976404530
1378077976404652
1378077976404772
1378077976419635
1378077976419867
1378077976419994
1378077976888204
1378077976907380
1378077976907788
1378077976928009
1378077976928091
1378077976928262
1378077976928372
1378077976947366
1378077976947600
1378077976947846
1378077976947953
1378077976948330
1378077976948379
1378077976948450
1378077977138181
1378077977158288
1378077977164793
1378077977181890
1378077977184093
1378077977202561
1378077977202758
1378077977202886
1378077977334998
1378077977352166
1378077977353432
1378077977361864
1378077977361925
1378077977361952
1378077977362024
1378077977362263
1378077977362319
1378077977362387
1378077977362523
1378077977362668
1378077977379733
1378077977380351
1378077977416581
1378077977429065
1378077977429995
1378077977451515
1378077977451565
1378077977452787
1378077977491608
1378077977492455
1378077977508818
1378077977508878
1378077977508916
1378077977508976
1378077977509293
1378077977526758
1378077977532246
1378077977532956
1378077977570968
1378077977571025
1378077977593708
1378077977594530
1378077977632166
1378077977632200
1378077977637250
1378077977637877
1378077977642991
1378077977891548
1378077977891599
1378077977896772
1378077977896976
1378077977899079
1378077977899113
1378077977899213
1378077977899635
1378077977903488
1378077977908970
1378077977909004
1378077977914561
1378077977914976
1378077977915161
1378077977915663
1378077977915797
1378077977915893
1378077977916510
1378077977916678
1378077977916774
1378077977917858
1378077977918393
1378077977919001
1378077977919120
1378077977919139
1378077977919245
1378077977919496
1378077977924240
1378077977927088
1378077977927201
1378077977927219
1378077977927324
1378077977927445
1378077977927577
1378077977927584
1378077977927694
1378077977927796
1378077977927877
1378077977928005
1378077977931137
1378077977931190
1378077977932019
1378077977932050
1378077977932248
1378077977934928
1378077977935036
1378077977935067
1378077977935172
1378077977935276
1378077977937366
1378077977938867
1378077977939818
1378077977939930
1378077977939938
1378077977940198
1378077977940308
1378077977940639
1378077977940980
1378077977941112
1378077977941229
1378077977941361
1378077977980477
1378077977984557
1378077977984711
1378077977987402
1378077977988151
1378077977996435
1378077977996454
1378077977996552
1378077977996564
1378077977996800
1378077977996844
1378077977996905
1378077978003485
1378077978003768
1378077978004020
1378077978004274
1378077978004383
1378077978004766
1378077978004877
1378077978005065
1378077978005866
1378077978011191
1378077978011210
1378077978011427
1378077978011934
1378077978012253
1378077978012365
1378077978012759
1378077978013079
1378077978013187
1378077978013214
1378077978013320
1378077978013871
1378077978013982
1378077978014171
1378077978019215
1378077978019872
1378077978028750
1378077978028768
1378077978028934
1378077978029145
1378077978029255
1378077978033307
1378077978033875
1378077978035955
1378077978035974
1378077978036137
1378077978036345
1378077978036454
1378077978036465
1378077978036938
1378077978037104
1378077978037486
1378077978037855
1378077978040704
1378077978041248
1378077978043683
1378077978043698
1378077978043829
1378077978043835
1378077978044085
1378077978044161
1378077978044192
1378077978045333
1378077978045441
1378077978045460
1378077978045603
1378077978045714
1378077978046018
1378077978046125
1378077978046150
1378077978046306
1378077978046443
1378077978049825
1378077978049875
1378077978049980
1378077978049998
1378077978050089
1378077978050190
1378077978054441
1378077978054546
1378077978054696
1378077978054835
1378077978054894
1378077978055001
1378077978055235
1378077978055347
1378077978055679
1378077978056009
1378077978059222
1378077978059239
1378077978063323
1378077978063998
1378077978075030
1378077978075049
1378077978075148
1378077978075159
1378077978075428
1378077978075511
1378077978075537
1378077978076793
1378077978076951
1378077978077234
1378077978077343
1378077978077621
1378077978077861
1378077978077991
1378077978078398
1378077978079204
1378077978080056
1378077978081542
1378077978081561
1378077978081690
1378077978083032
1378077978083138
1378077978083350
1378077978083458
1378077978083859
1378077978084247
1378077978086061
1378077978086319
1378077978086574
1378077978086683
1378077978086845
1378077978086959
1378077978087462
1378077978087570
1378077978087578
1378077978088068
1378077978093922
1378077978093941
1378077978094121
1378077978094362
1378077978094471
1378077978094671
1378077978095215
1378077978096023
1378077978096132
1378077978096143
1378077978096305
1378077978096419
1378077978096564
1378077978096754
1378077978098753
1378077978099018
1378077978099212
1378077978099465
1378077978100324
1378077978100724
1378077978100741
1378077978100838
1378077978100848
1378077978101108
1378077978101214
1378077978101343
1378077978101669
1378077978101850
1378077978107679
1378077978107863
1378077978107974
1378077978108690
1378077978112035
1378077978112054
1378077978112219
1378077978112439
1378077978112593
1378077978115633
1378077978115743
1378077978115762
1378077978115869
1378077978116001
1378077978116897
1378077978117593
1378077978120060
1378077978120079
1378077978120459
1378077978120515
1378077978120571
1378077978120760
1378077978120874
1378077978121310
1378077978127115
1378077978127715
1378077978131287
1378077978131307
1378077978131464
1378077978131680
1378077978131790
1378077978136023
1378077978136236
1378077978136371
1378077978146828
1378077978146932
1378077978147009
1378077978147111
1378077978147206
1378077978147316
1378077978147959
1378077978154634
1378077978154652
1378077978155026
1378077978155080
1378077978155137
1378077978155425
1378077978155850
1378077978155959
1378077978156122
1378077978156849
1378077978157792
1378077978158013
1378077978158200
1378077978158313
1378077978163184
1378077978164181
1378077978166075
1378077978166094
1378077978166223
1378077978166233
1378077978166476
1378077978166531
1378077978166597
1378077978170379
1378077978170939
1378077978174777
1378077978174794
1378077978174878
1378077978174900
1378077978175126
1378077978175182
1378077978175237
1378077978176654
1378077978176764
1378077978176783
1378077978176888
1378077978177015
1378077978183525
1378077978183631
1378077978183853
1378077978183966
1378077978184224
1378077978184648
1378077978184743
1378077978184760
1378077978190671
1378077978190690
1378077978190789
1378077978190800
1378077978191064
1378077978194960
1378077978195771
1378077978202212
1378077978202231
1378077978202362
1378077978202373
1378077978202636
1378077978206122
1378077978206795
1378077978212245
1378077978212264
1378077978212406
1378077978212413
1378077978212637
1378077978212741
1378077978216278
1378077978255553
1378077978256250
1378077978262097
1378077978262115
1378077978262336
1378077978266418
1378077978270016
1378077978270031
1378077978270426
1378077978275726
1378077978276203
1378077978277700
1378077978277856
1378077978278119
1378077978279176
1378077978279288
1378077978279558
1378077978279688
1378077978280082
1378077978280191
1378077978280333
1378077978280446
1378077978280453
1378077978280580
1378077978280691
1378077978280822
1378077978281174
1378077978281520
1378077978281647
1378077978281743
1378077978281821
1378077978281860
1378077978281995
1378077978282102
1378077978282489
1378077978282530
1378077978282626
1378077978283799
1378077978283943
1378077978283955
1378077978284101
1378077978284225
1378077978284327
1378077978284387
1378077978284490
1378077978284555
1378077978284698
1378077978284834
1378077978284946
1378077978284968
1378077978285102
1378077978285233
1378077978285476
1378077978285576
1378077978285593
1378077978285780
1378077978287623
1378077978287732
1378077978287743
1378077978287928
1378077978288178
1378077978288373
1378077978288507
1378077978290656
1378077978290776
1378077978290792
1378077978290900
1378077978290938
1378077978291045
1378077978291054
1378077978291455
1378077978291484
1378077978291558
1378077978291625
1378077978291673
1378077978291781
1378077978291804
1378077978291905
1378077978292764
1378077978292866
1378077978295858
1378077978296187
1378077978296294
1378077978296314
1378077978296442
1378077978296448
1378077978296550
1378077978296690
1378077978296797
1378077978296962
1378077978297093
1378077978298401
1378077978298510
1378077978298530
1378077978298635
1378077978298767
1378077978301006
1378077978301114
1378077978301794
1378077978301901
1378077978302120
1378077978302250
1378077978302393
1378077978303863
1378077978309592
1378077978309611
1378077978313476
1378077978313674
1378077978313925
1378077978313997
1378077978314032
1378077978317877
1378077978318553
1378077978321987
1378077978322006
1378077978330907
1378077978331463
1378077978337084
1378077978337099
1378077978337270
1378077978337482
1378077978346010
1378077978346598
1378077978358591
1378077978358611
1378077978358750
1378077978358757
1378077978358986
1378077978359119
1378077978362902
1378077978363057
1378077978363069
1378077978363281
1378077978363390
1378077978368925
1378077978369645
1378077978373295
1378077978373312
1378077978381751
1378077978381898
1378077978381905
1378077978382010
1378077978382178
1378077978384493
1378077978385111
1378077978392630
1378077978392648
1378077978392724
1378077978392748
1378077978393018
1378077978393275
1378077978393364
1378077978393402
1378077978393532
1378077978393734
1378077978394249
1378077978397406
1378077978397615
1378077978397722
1378077978404352
1378077978404478
1378077978404580
1378077978404686
1378077978443555
1378077978444504
1378077978476913
1378077978476934
1378077978477014
1378077978477040
1378077978477302
1378077978477344
1378077978477405
1378077978485746
1378077978486591
1378077978504664
1378077978504683
1378077978504828
1378077978504840
1378077978505049
1378077978505153
1378077978512142
1378077978551595
1378077978552901
1378077978552916
1378077978558977
1378077978559215
1378077978559324
1378077978559455
1378077978559564
1378077978559574
1378077978559839
1378077978560009
1378077978560586
1378077978560711
1378077978564114
1378077978564176
1378077978564803
1378077978572499
1378077978572678
1378077978572687
1378077978572859
1378077978573007
1378077978575743
1378077978576351
1378077978576558
1378077978581559
1378077978581810
1378077978582149
1378077978582264
1378077978582377
1378077978582625
1378077978582709
1378077978582847
1378077978582963
1378077978582983
1378077978583133
1378077978583483
1378077978583607
1378077978583615
1378077978583669
1378077978583737
1378077978583793
1378077978583941
1378077978584051
1378077978584457
1378077978584466
1378077978584600
1378077978590160
1378077978590301
1378077978590404
1378077978590518
1378077978590661
1378077978590742
1378077978590894
1378077978591001
1378077978591140
1378077978594846
1378077978914428
1378077978920159
1378077978920209
1378077978920395
1378077978926240
1378077978927579
1378077978927758
1378077978927770
1378077978927874
1378077978927981
1378077978928107
1378077978928252
1378077979476685
1378077979476751
1378077979480579
1378077979520389
1378077979527457
1378077979832263
1378077979872395
1378077979876732
1378077979877162
1378077979891142
1378077979928995
1378077979933407
1378077979934085
1378077979994502
1378077980045374
1378077980056903
1378077980057423
1378077980070708
1378077980609783
1378077980609814
1378077980613515
1378077980613938
1378077980614984
1378077980652270
1378077980656302
1378077980657016
1378077980664435
1378077980664469
1378077980664660
1378077980664820
1378077980703544
1378077980704398
1378077980709368
1378077980709414
1378077980709463
1378077980709517
1378077980709631
1378077980709835
1378077980713714
1378077980713957
1378077980714066
1378077980714175
1378077980714193
1378077980714321
1378077980714592
1378077980714699
1378077980715135
1378077980715245
1378077980715428
1378077980715557
1378077980715564
1378077980716096
1378077980716740
1378077980718396
1378077980718584
1378077980719302
1378077980721865
1378077980721959
1378077980721995
1378077980722101
1378077980722232
1378077980726280
1378077980728384
1378077980728488
1378077980728513
1378077980728629
1378077980728764
1378077980728872
1378077980728978
1378077980728997
1378077980729101
1378077980729123
1378077980729252
1378077980732845
1378077980733036
1378077980733581
1378077980733949
1378077980734065
1378077980734457
1378077980734575
1378077980734707
1378077980734818
1378077980735212
1378077980735327
1378077980735440
1378077980735721
1378077980735859
1378077980735969
1378077980736323
1378077980736459
1378077980736598
1378077980736705
1378077980736873
1378077980736981
1378077980737115
1378077980737221
1378077980737507
1378077980737613
1378077981040674
1378077981045727
1378077981045826
1378077981045877
1378077981045947
1378077981045985
1378077981046209
1378077981046314
1378077981046587
1378077981046696
1378077981047023
1378077981047164
1378077981047302
1378077981047408
1378077981047722
1378077981050634
1378077981050722
1378077981050780
1378077981050859
1378077981050970
1378077981051854
1378077981051906
1378077981051979
1378077981052298
1378077981052449
1378077981058377
1378077981058405
1378077981082496
1378077981120253
1378077981124046
1378077981124607
1378077981125012
1378077981145479
1378077981145545
1378077981149478
1378077981150826
1378077981150920
1378077981150950
1378077981151060
1378077981151208
1378077981151537
1378077981155327
1378077981155346
1378077981155502
1378077981155733
1378077981156641
1378077981156988
1378077981250064
1378077981255205
1378077981258754
1378077981258800
1378077981259231
1378077981296217
1378077981302797
1378077981353532
1378077981354528
1378077981358215
1378077981359514
1378077981365269
1378077981463429
1378077981463478
1378077981472506
1378077981522469
1378077981527747
1378077981528512
1378077981528631
1378077981528747
1378077981528891
1378077981529002
1378077981529135
1378077981558419
1378077981559511
1378077981596247
1378077981691140
1378077981691326
1378077981691339
1378077981691484
1378077981695227
1378077981695348
1378077981695460
1378077981695605
1378077981695697
1378077981695800
1378077981712715
1378077981716613
1378077981717569
1378077981717674
1378077981721430
1378077981722822
1378077981728529
1378077981728582
1378077981728628
1378077981728685
1378077981728753
1378077981728794
1378077981728983
1378077981731318
1378077981732502
1378077981732720
1378077981732971
1378077981733342
1378077981733722
1378077981733828
1378077981733853
1378077981733969
1378077981734185
1378077981734348
1378077981734458
1378077981734562
1378077981735065
1378077981736076
1378077981736963
1378077981737011
1378077981737235
1378077981737494
1378077981737810
1378077981738226
1378077981738345
1378077981739174
1378077981739444
1378077981739552
1378077981739563
1378077981739670
1378077981739892
1378077981740027
1378077981740180
1378077981740313
1378077981740421
1378077981740555
1378077981740683
1378077981740868
1378077981779562
1378077981780817
1378077981790161
1378077981820966
1378077981821103
1378077981821578
1378077981843502
1378077981938112
1378077981939259
1378077982048438
1378078004413133
1378078019417953
1378078019420623
1378078064191533
