1378002000597511
1378002000668917
1378002000669297
1378002000843020
1378002000843040
1378002000845466
1378002000845476
1378002000845578
1378002000845609
1378002000845705
1378002000845712
1378002000885473
1378002000916774
1378002000916793
1378002000917019
1378002000917028
1378002000917107
1378002000917142
1378002000917241
1378002000917245
1378002000917340
1378002000917345
1378002000917636
1378002000917645
1378002000917762
1378002000917766
1378002000918164
1378002000918171
1378002000918292
1378002000918296
1378002000918424
1378002000918429
1378002000918594
1378002000918601
1378002000919060
1378002000919068
1378002000956811
1378002000957464
1378002000988886
1378002000988914
1378002000988924
1378002001030366
1378002001030388
1378002001030475
1378002001030502
1378002001030601
1378002001030605
1378002001030704
1378002001030711
1378002001060182
1378002001060948
1378002001061146
1378002001101436
1378002001140063
1378002001140757
1378002001140957
1378002001212264
1378002001212823
1378002001212959
1378002001213154
1378002001224962
1378002001225932
1378002001237218
1378002001237247
1378002001237258
1378002001237365
1378002001237493
1378002001237595
1378002001237693
1378002001237700
1378002001248127
1378002001248136
1378002001248344
1378002001248352
1378002001248915
1378002001248922
1378002001249285
1378002001249293
1378002001249444
1378002001249452
1378002001249833
1378002001249840
1378002001249964
1378002001249968
1378002001249985
1378002001250079
1378002001250106
1378002001250264
1378002001250270
1378002001250348
1378002001250370
1378002001250609
1378002001250665
1378002001250672
1378002001250789
1378002001250798
1378002001259463
1378002001259471
1378002001259571
1378002001259595
1378002001259716
1378002001259723
1378002001259817
1378002001259824
1378002001260841
1378002001260850
1378002001260974
1378002001263347
1378002001263468
1378002001263475
1378002001263649
1378002001263656
1378002001263773
1378002001263778
1378002001264293
1378002001276484
1378002001276516
1378002001276527
1378002001276824
1378002001276928
1378002001276990
1378002001277088
1378002001277096
1378002001277358
1378002001277368
1378002001277464
1378002001277468
1378002001277840
1378002001277850
1378002001277947
1378002001277951
1378002001278117
1378002001278124
1378002001278393
1378002001278402
1378002001279111
1378002001279124
1378002001279308
1378002001279319
1378002001279458
1378002001288983
1378002001289131
1378002001289239
1378002001289336
1378002001289419
1378002001289519
1378002001289622
1378002001289718
1378002001289845
1378002001289925
1378002001289945
1378002001289950
1378002001290532
1378002001290547
1378002001290555
1378002001328092
1378002001328512
1378002001328786
1378002001336588
1378002001336865
1378002001337570
1378002001337594
1378002001337604
1378002001337686
1378002001337784
1378002001337908
1378002001338008
1378002001338015
1378002001343892
1378002001343916
1378002001345905
1378002001345920
1378002001346020
1378002001346047
1378002001346227
1378002001346235
1378002001346414
1378002001346824
1378002001357850
1378002001357881
1378002001357898
1378002001357963
1378002001358066
1378002001358237
1378002001358293
1378002001358345
1378002001362281
1378002001362298
1378002001362497
1378002001362510
1378002001362660
1378002001362672
1378002001362768
1378002001363521
1378002001368353
1378002001368372
1378002001368385
1378002001368535
1378002001368635
1378002001368741
1378002001368841
1378002001368854
1378002001372614
1378002001372633
1378002001372740
1378002001372752
1378002001372961
1378002001372974
1378002001373098
1378002001373105
1378002001373472
1378002001373487
1378002001373614
1378002001373622
1378002001374058
1378002001374191
1378002001374207
1378002001374350
1378002001374365
1378002001374455
1378002001374477
1378002001374578
1378002001374586
1378002001374996
1378002001375007
1378002001375107
1378002001375118
1378002001377613
1378002001377643
1378002001377847
1378002001377861
1378002001379078
1378002001469947
1378002001470370
1378002001470530
1378002001471538
1378002001476524
1378002001476552
1378002001476565
1378002001476770
1378002001476899
1378002001477033
1378002001477132
1378002001477142
1378002001477384
1378002001477392
1378002001477512
1378002001477519
1378002001477997
1378002001478011
1378002001478108
1378002001478115
1378002001478374
1378002001478384
1378002001478481
1378002001478488
1378002001479383
1378002001479398
1378002001479750
1378002001479762
1378002001479859
1378002001479866
1378002001480128
1378002001480138
1378002001480381
1378002001480391
1378002001480489
1378002001480508
1378002001480629
1378002001480633
1378002001480730
1378002001480733
1378002001480983
1378002001480992
1378002001481438
1378002001481451
1378002001481549
1378002001481555
1378002001481720
1378002001481725
1378002001481878
1378002001481955
1378002001482082
1378002001482088
1378002001482204
1378002001482211
1378002001482308
1378002001482313
1378002001482465
1378002001482471
1378002001482566
1378002001482589
1378002001482705
1378002001482768
1378002001482863
1378002001482868
1378002001482963
1378002001482993
1378002001483110
1378002001483116
1378002001483956
1378002001483970
1378002001484198
1378002001484209
1378002001484305
1378002001484312
1378002001484471
1378002001484555
1378002001484653
1378002001484757
1378002001484854
1378002001485005
1378002001485130
1378002001485139
1378002001485305
1378002001485310
1378002001485438
1378002001486049
1378002001487023
1378002001487042
1378002001487051
1378002001487173
1378002001487273
1378002001487280
1378002001487360
1378002001487384
1378002001487922
1378002001487934
1378002001487942
1378002001488007
1378002001488127
1378002001488180
1378002001488277
1378002001488282
1378002001488548
1378002001488557
1378002001488712
1378002001488720
1378002001488852
1378002001488857
1378002001489027
1378002001489034
1378002001489271
1378002001489281
1378002001489389
1378002001489392
1378002001489576
1378002001491129
1378002001491151
1378002001491234
1378002001491262
1378002001491390
1378002001491394
1378002001491491
1378002001491494
1378002001491621
1378002001491628
1378002001491870
1378002001491875
1378002001492128
1378002001492140
1378002001492376
1378002001492386
1378002001492634
1378002001492643
1378002001492877
1378002001492886
1378002001492984
1378002001492990
1378002001493144
1378002001493150
1378002001495526
1378002001495554
1378002001495632
1378002001495663
1378002001495895
1378002001495901
1378002001495997
1378002001496004
1378002001496408
1378002001496421
1378002001496567
1378002001496571
1378002001496792
1378002001496797
1378002001497283
1378002001497299
1378002001497450
1378002001497455
1378002001497551
1378002001497577
1378002001497699
1378002001497705
1378002001497834
1378002001497841
1378002001498349
1378002001498363
1378002001498572
1378002001498582
1378002001498622
1378002001498682
1378002001498778
1378002001498782
1378002001498915
1378002001498919
1378002001499014
1378002001499049
1378002001499169
1378002001499175
1378002001499298
1378002001499305
1378002001499401
1378002001502951
1378002001503065
1378002001503073
1378002001503199
1378002001503204
1378002001503370
1378002001503377
1378002001503472
1378002001503478
1378002001503812
1378002001504415
1378002001504521
1378002001504577
1378002001504677
1378002001541203
1378002001541361
1378002001541394
1378002001541492
1378002001542276
1378002001542375
1378002001542697
1378002001542710
1378002001542714
1378002001542719
1378002001542723
1378002001542738
1378002001542869
1378002001542875
1378002001542879
1378002001542971
1378002001542978
1378002001545629
1378002001584076
1378002001584553
1378002001700622
1378002001700641
1378002001700877
1378002001700885
1378002001700959
1378002001700983
1378002001701214
1378002001701220
1378002001701339
1378002001701346
1378002001701445
1378002001701461
1378002001701582
1378002001701588
1378002001701714
1378002001701719
1378002001701958
1378002001701966
1378002001702116
1378002001702120
1378002001702245
1378002001705015
1378002001705115
1378002001713570
1378002001713669
1378002001713756
1378002001713855
1378002001713951
1378002001714052
1378002001717714
1378002001717814
1378002001717911
1378002001718011
1378002001718517
1378002001718614
1378002001718786
1378002001718884
1378002001718951
1378002001719049
1378002001719236
1378002001719334
1378002001723889
1378002001723988
1378002001724194
1378002001724318
1378002001724325
1378002001724684
1378002001724692
1378002001725191
1378002001725199
1378002001725566
1378002001725573
1378002001725669
1378002001725701
1378002001725820
1378002001725827
1378002001726031
1378002001726038
1378002001726171
1378002001726178
1378002001726275
1378002001726282
1378002001726486
1378002001726494
1378002001726499
1378002001726503
1378002001729495
1378002001729503
1378002001729600
1378002001729629
1378002001729748
1378002001729755
1378002001729993
1378002001730000
1378002001730095
1378002001730127
1378002001730246
1378002001730254
1378002001730349
1378002001730355
1378002001730491
1378002001730621
1378002001730629
1378002001731124
1378002001731130
1378002001731262
1378002001731269
1378002001731574
1378002001731581
1378002001731703
1378002001731710
1378002001731806
1378002001731812
1378002001731985
1378002001731991
1378002001732087
1378002001732093
1378002001732290
1378002001732297
1378002001732392
1378002001732399
1378002001734674
1378002001734681
1378002001734796
1378002001734803
1378002001734981
1378002001734988
1378002001735084
1378002001735094
1378002001735320
1378002001735327
1378002001735425
1378002001735442
1378002001736005
1378002001736013
1378002001736110
1378002001736116
1378002001736386
1378002001736392
1378002004491073
1378002004492727
1378002004498069
1378002004498097
1378002004498111
1378002004498231
1378002004498332
1378002004498510
1378002004498563
1378002004498617
1378002004502774
1378002004502788
1378002004502885
1378002004502890
1378002004503210
1378002004503222
1378002004503836
1378002004510108
1378002004510143
1378002004510156
1378002004510222
1378002004510355
1378002004510368
1378002004510548
1378002004510560
1378002004514366
1378002004514395
1378002004514578
1378002004514589
1378002004514726
1378002004515122
1378002004519928
1378002004519981
1378002004519994
1378002004520066
1378002004520165
1378002004520342
1378002004520394
1378002004520449
1378002004525086
1378002004525106
1378002004525311
1378002004525316
1378002004525689
1378002004526037
1378002004531073
1378002004531106
1378002004531117
1378002004531230
1378002004531330
1378002004531461
1378002004531561
1378002004531569
1378002004535340
1378002004535368
1378002004535628
1378002004535635
1378002004535730
1378002004535737
1378002004536038
1378002004536047
1378002004536175
1378002004602625
1378002004603120
1378002004643113
1378002004649503
1378002004650063
1378002004657110
1378002004657140
1378002004657151
1378002004657308
1378002004657446
1378002004700067
1378002004700901
1378002004711430
1378002004711442
1378002004711450
1378002004711595
1378002004711697
1378002004717218
1378002004717892
1378002004722935
1378002004722964
1378002004722975
1378002004723063
1378002004723168
1378002004760083
1378002004760814
1378002004765800
1378002004765810
1378002004765818
1378002004766022
1378002004766157
1378002004804049
1378002004804747
1378002004809774
1378002004809786
1378002004809793
1378002004809944
1378002004810040
1378002004810164
1378002004810263
1378002004810271
1378002004814656
1378002004814665
1378002004814761
1378002004814793
1378002004814916
1378002004814920
1378002004815078
1378002004815085
1378002004815209
1378002004815940
1378002004821306
1378002004821317
1378002004821325
1378002004821452
1378002004821547
1378002004821684
1378002004821783
1378002004821790
1378002004825749
1378002004825757
1378002004826398
1378002004831678
1378002004831707
1378002004831720
1378002004831804
1378002004832079
1378002004832176
1378002004832277
1378002004836518
1378002004836531
1378002004836721
1378002004836727
1378002004837415
1378002004837423
1378002004837963
1378002004838632
1378002004846566
1378002004846577
1378002004846586
1378002004846671
1378002004846769
1378002004846929
1378002004847054
1378002004884562
1378002004885368
1378002004893381
1378002004893392
1378002004893400
1378002004893758
1378002004893886
1378002004893893
1378002004894019
1378002004894126
1378002004894243
1378002004894250
1378002004894590
1378002004894598
1378002004894748
1378002004932044
1378002004932784
1378002004937771
1378002004937782
1378002004937790
1378002004937877
1378002004938011
1378002004938134
1378002004938190
1378002004938236
1378002004941974
1378002004941990
1378002004942183
1378002004942188
1378002004942313
1378002004980064
1378002004980849
1378002004986828
1378002004986839
1378002004986848
1378002004987015
1378002004987115
1378002004987263
1378002004987360
1378002005024210
1378002005024899
1378002005029948
1378002005029959
1378002005029967
1378002005030131
1378002005030233
1378002005030374
1378002005030471
1378002005068567
1378002005069439
1378002005107094
1378002005137652
1378002005140370
1378002005140477
1378002005140503
1378002005140623
1378002005140638
1378002005140693
1378002005140763
1378002005140813
1378002005140833
1378002005140843
1378002005141945
1378002005146136
1378002005146148
1378002005146247
1378002005146253
1378002005146419
1378002005146424
1378002005146550
1378002005146554
1378002005146721
1378002005146729
1378002005147373
1378002005150238
1378002005150266
1378002005150369
1378002005151507
1378002005151967
1378002005152114
1378002005152123
1378002005152248
1378002005152298
1378002005152393
1378002005152414
1378002005152560
1378002005152647
1378002005152761
1378002005152833
1378002005152902
1378002005152931
1378002005153026
1378002005153029
1378002005153178
1378002005153265
1378002005153361
1378002005153367
1378002005153508
1378002005153513
1378002005153622
1378002005153677
1378002005153783
1378002005153787
1378002005153909
1378002005154030
1378002005154037
1378002005154133
1378002005154136
1378002005154268
1378002005154302
1378002005157361
1378002005157375
1378002005157475
1378002005157482
1378002005157658
1378002005157664
1378002005157783
1378002005157903
1378002005157909
1378002005158042
1378002005158049
1378002005158183
1378002005158187
1378002005158303
1378002005158358
1378002005158424
1378002005158464
1378002005158644
1378002005158649
1378002005158767
1378002005158814
1378002005158882
1378002005158916
1378002005159380
1378002005159388
1378002005159533
1378002005163049
1378002005163148
1378002005163976
1378002005164075
1378002005164082
1378002005164292
1378002005164298
1378002005164394
1378002005164401
1378002005167793
1378002005167806
1378002005167811
1378002005167816
1378002005167821
1378002005167834
1378002005168593
1378002005168609
1378002005168742
1378002005181197
1378002005220116
1378002005351798
1378002005352009
1378002005352633
1378002005352783
1378002005354791
1378002005354807
1378002005355387
1378002005355486
1378002005355775
1378002005355780
1378002005364023
1378002005364036
1378002005364231
1378002005364239
1378002005364333
1378002005364340
1378002005365200
1378002005365208
1378002005365356
1378002005365359
1378002005365618
1378002005365625
1378002005365722
1378002005365729
1378002005365862
1378002005365868
1378002005365988
1378002005365992
1378002005368334
1378002005368341
1378002005368524
1378002005368530
1378002005368775
1378002005368783
1378002005368878
1378002005368885
1378002005369153
1378002005369160
1378002005369372
1378002005369381
1378002005369385
1378002005369389
1378002005370168
1378002005370176
1378002005370271
1378002005370278
1378002005370535
1378002005370543
1378002005370801
1378002005370808
1378002005370903
1378002005370931
1378002005371171
1378002005371178
1378002005371183
1378002005371190
1378002005371224
1378002005371311
1378002005371374
1378002005371434
1378002005371476
1378002005371679
1378002005371716
1378002005371841
1378002005371846
1378002005371976
1378002005371982
1378002005373486
1378002005373495
1378002005373591
1378002005373598
1378002005373855
1378002005373863
1378002005373958
1378002005373965
1378002005374551
1378002005374559
1378002005374721
1378002005374725
1378002005375722
1378002005375730
1378002005375988
1378002005375995
1378002005376186
1378002005376193
1378002005376433
1378002005376440
1378002005376696
1378002005376704
1378002005376951
1378002005376959
1378002005377346
1378002005377354
1378002005377358
1378002005377362
1378002005377507
1378002005377546
1378002005377644
1378002005377648
1378002005377773
1378002005377815
1378002005378202
1378002005378209
1378002005378304
1378002005378311
1378002005378528
1378002005378536
1378002005378631
1378002005378638
1378002005379224
1378002005379231
1378002005379486
1378002005379493
1378002005379630
1378002005379633
1378002005380377
1378002005380385
1378002005380577
1378002005380584
1378002005381130
1378002005381137
1378002005381233
1378002005381255
1378002005381380
1378002005381386
1378002005381584
1378002005381587
1378002005381683
1378002005381689
1378002005382162
1378002005382914
1378002005383011
1378002005383201
1378002005383321
1378002005383447
1378002005383543
1378002005383829
1378002005383926
1378002005384556
1378002005384693
1378002005384963
1378002005385090
1378002005385097
1378002005385217
1378002005385224
1378002005385320
1378002005385326
1378002005389098
1378002005389106
1378002005389305
1378002005389311
1378002005389449
1378002005603190
1378002005603207
1378002005607768
1378002005607780
1378002005607980
1378002005607991
1378002005611659
1378002006639290
1378002006641618
1378002006679001
1378002006681107
1378002006681115
1378002006681258
1378002006724049
1378002006724702
1378002006731220
1378002006731231
1378002006768048
1378002006768636
1378002006776586
1378002006776596
1378002006776733
1378002006816051
1378002006816831
1378002006844820
1378002006844831
1378002006844839
1378002006884043
1378002006884691
1378002006884944
1378002006890769
1378002006891210
1378002006898571
1378002006898581
1378002006913342
1378002006913441
1378002006956043
1378002006956708
1378002006994982
1378002007012300
1378002007015655
1378002007015668
1378002007015839
1378002007016023
1378002007016488
1378002007022888
1378002007023008
1378002007023136
1378002007023239
1378002007023498
1378002007023621
1378002007023845
1378002007023966
1378002007023974
1378002007024663
1378002007024674
1378002007024680
1378002007024683
1378002007025927
1378002007030139
1378002007030169
1378002007030181
1378002007030252
1378002007030452
1378002007030608
1378002007030704
1378002007031692
1378002007031800
1378002007031805
1378002007032492
1378002007032509
1378002007032592
1378002007032613
1378002007033307
1378002007037111
1378002007037236
1378002007037242
1378002007037374
1378002007037378
1378002007037473
1378002007037478
1378002007037606
1378002007037611
1378002007037727
1378002007037731
1378002007038031
1378002007038036
1378002007038163
1378002007038637
1378002007038644
1378002007038817
1378002007038824
1378002007038878
1378002007038953
1378002007038958
1378002007041891
1378002007041910
1378002007041920
1378002007042283
1378002007042429
1378002007042437
1378002007042685
1378002007042693
1378002007042789
1378002007042797
1378002007043199
1378002007043207
1378002007043347
1378002007043354
1378002007043588
1378002007043596
1378002007044237
1378002007044247
1378002007044398
1378002007044402
1378002007044497
1378002007044504
1378002007044673
1378002007044681
1378002007044805
1378002007044811
1378002007044916
1378002007044936
1378002007045068
1378002007045075
1378002007045450
1378002007045458
1378002007045580
1378002007045587
1378002007045720
1378002007045727
1378002007049727
1378002007049735
1378002007049863
1378002007050400
1378002007054998
1378002007055008
1378002007059063
1378002007059083
1378002007068694
1378002007068868
1378002007068985
1378002007069197
1378002007069343
1378002007069771
1378002007069780
1378002007069787
1378002007108630
1378002007109400
1378002007109894
1378002007110183
1378002007114432
1378002007114687
1378002007119341
1378002007119350
1378002007128809
1378002007128997
1378002007129204
1378002007129308
1378002007137071
1378002007147262
1378002007147703
1378002007147806
1378002007147954
1378002007148062
1378002007148231
1378002007148395
1378002007148403
1378002007191294
1378002007191888
1378002007210613
1378002007210653
1378002007210665
1378002007248113
1378002007248574
1378002007248728
1378002007248978
1378002007253083
1378002007253387
1378002007258555
1378002007258595
1378002007259286
1378002007259302
1378002007259638
1378002007259649
1378002007259746
1378002007259752
1378002007260460
1378002007262827
1378002007262931
1378002007263980
1378002007264098
1378002007264211
1378002007264331
1378002007264338
1378002007264591
1378002007264596
1378002007264643
1378002007264714
1378002007264719
1378002007264846
1378002007264858
1378002007265156
1378002007265166
1378002007265268
1378002007265292
1378002007265400
1378002007265472
1378002007267158
1378002007267166
1378002007267355
1378002007267363
1378002007267460
1378002007267467
1378002007268781
1378002007268790
1378002007269030
1378002007269037
1378002007269134
1378002007269140
1378002007269404
1378002007269412
1378002007269511
1378002007269517
1378002007269796
1378002007269800
1378002007269978
1378002007270063
1378002007270070
1378002007270359
1378002007270368
1378002007270567
1378002007270574
1378002007270705
1378002007270709
1378002007270846
1378002007270852
1378002007271477
1378002007271484
1378002007271616
1378002007271623
1378002007271767
1378002007271773
1378002007271869
1378002007271876
1378002007272013
1378002007272017
1378002007272146
1378002007272152
1378002007272277
1378002007272284
1378002007272418
1378002007273181
1378002007273190
1378002007273286
1378002007273293
1378002007273421
1378002007273427
1378002007273554
1378002007273558
1378002007273678
1378002007273684
1378002007274830
1378002007274837
1378002007274970
1378002007274977
1378002007275075
1378002007275091
1378002007275187
1378002007275219
1378002007275353
1378002007275361
1378002007275666
1378002007275674
1378002007275815
1378002007275819
1378002007275956
1378002007276024
1378002007276163
1378002007282086
1378002007282232
1378002007282358
1378002007282487
1378002007322088
1378002007324530
1378002007324743
1378002007330102
1378002007330138
1378002007330501
1378002007331094
1378002007331113
1378002007331339
1378002007331352
1378002007331552
1378002007331848
1378002007331959
1378002007333233
1378002007333386
1378002007333398
1378002007333493
1378002007333614
1378002007333763
1378002007333812
1378002007333916
1378002007333927
1378002007334246
1378002007334262
1378002007334278
1378002007334292
1378002007334431
1378002007336298
1378002007337275
1378002007339746
1378002007339781
1378002007342627
1378002007342658
1378002007342808
1378002007348141
1378002007348256
1378002007348283
1378002007348582
1378002007348856
1378002007348923
1378002007353880
1378002007353909
1378002007353927
1378002007354008
1378002007354112
1378002007354255
1378002007354318
1378002007354367
1378002007359409
1378002007359442
1378002007359575
1378002007360249
1378002007365449
1378002007365480
1378002007375611
1378002007376051
1378002007387125
1378002007387162
1378002007435737
1378002007435861
1378002007472081
1378002007472612
1378002007510988
1378002007551036
1378002007631723
1378002007632172
1378002007689146
1378002007694659
1378002007707390
1378002007707669
1378002007712456
1378002007712620
1378002007717834
1378002007717864
1378002007717875
1378002007718074
1378002007718180
1378002007718357
1378002007718377
1378002007718439
1378002007718466
1378002007718639
1378002007718770
1378002007718785
1378002007719483
1378002007756082
1378002007756252
1378002007784853
1378002007784873
1378002007788864
1378002007790469
1378002007791535
1378002007834351
1378002007876045
1378002007876792
1378002007877027
1378002007888401
1378002007924097
1378002007948735
1378002007949008
1378002007949525
1378002007986981
1378002007992444
1378002007993142
1378002008000044
1378002008000065
1378002008040075
1378002008070647
1378002008071440
1378002008110936
1378002008143058
1378002008182148
1378002008182858
1378002008222960
1378002008255625
1378002008294288
1378002008297066
1378002008297081
1378002008297388
1378002008303553
1378002008303679
1378002008304389
1378002008304520
1378002008305110
1378002008305224
1378002008305237
1378002008305251
1378002008305256
1378002008305419
1378002008305522
1378002008305536
1378002008305693
1378002008305706
1378002008305795
1378002008305815
1378002008305941
1378002008305951
1378002008306071
1378002008306083
1378002008306206
1378002008310454
1378002008310584
1378002008310693
1378002008310800
1378002008310812
1378002008311450
1378002008311469
1378002008311570
1378002008311578
1378002008311710
1378002008311721
1378002008311818
1378002008311836
1378002008311967
1378002008311975
1378002008312365
1378002008312378
1378002008312544
1378002008312554
1378002008312709
1378002008312717
1378002008312812
1378002008312817
1378002008312946
1378002008312953
1378002008313049
1378002008313055
1378002008313197
1378002008313205
1378002008313830
1378002008313843
1378002008315803
1378002008315824
1378002008316119
1378002008316128
1378002008316430
1378002008316968
1378002008317394
1378002008370261
1378002008375070
1378002008375226
1378002008377649
1378002008377898
1378002008453470
1378002008454063
1378002008454354
1378002008456380
1378002008496043
1378002008496683
1378002008508135
1378002008508145
1378002008512768
1378002008513350
1378002008517965
1378002008521831
1378002008522254
1378002008524904
1378002008524913
1378002008525008
1378002008525107
1378002008525360
1378002008525375
1378002008525459
1378002008527703
1378002008527711
1378002008527884
1378002008527891
1378002008528091
1378002008528097
1378002008528191
1378002008528197
1378002008529271
1378002008529900
1378002008530762
1378002008530772
1378002008530779
1378002008532167
1378002008532303
1378002008532380
1378002008532521
1378002008576084
1378002008579931
1378002008579960
1378002008580256
1378002008588075
1378002008588178
1378002008588268
1378002008588459
1378002008588615
1378002008589147
1378002008589228
1378002008590013
1378002008590081
1378002008590131
1378002008590138
1378002008590510
1378002008590516
1378002008590639
1378002008590646
1378002008590899
1378002008590906
1378002008591033
1378002008591037
1378002008591132
1378002008591139
1378002008591519
1378002008591526
1378002008591623
1378002008591629
1378002008591803
1378002008591808
1378002008591925
1378002008591931
1378002008592127
1378002008592131
1378002008592371
1378002008592378
1378002008593244
1378002008593257
1378002008593406
1378002008593515
1378002008593624
1378002008593657
1378002008593799
1378002008593937
1378002008594037
1378002008594358
1378002008594460
1378002008594465
1378002008595550
1378002008595558
1378002008595718
1378002008595727
1378002008595788
1378002008595860
1378002008595901
1378002008595980
1378002008596148
1378002008596156
1378002008596271
1378002008596277
1378002008596402
1378002008596509
1378002008598942
1378002008599057
1378002008599126
1378002008599195
1378002008599238
1378002008599363
1378002008599540
1378002008599614
1378002008600339
1378002008600457
1378002008600592
1378002008600691
1378002008600697
1378002008600976
1378002008600986
1378002008601082
1378002008601089
1378002008601217
1378002008601224
1378002008601528
1378002008601538
1378002008602212
1378002008602229
1378002008602335
1378002008602377
1378002008602522
1378002008602583
1378002008602672
1378002008602710
1378002008603528
1378002008604075
1378002008604197
1378002008604578
1378002008604712
1378002008604722
1378002008604829
1378002008604836
1378002008604995
1378002008604999
1378002008605173
1378002008606013
1378002008610690
1378002008610716
1378002008616154
1378002008616869
1378002008623880
1378002008623917
1378002008627848
1378002008628540
1378002008639487
1378002008639498
1378002008648276
1378002008648806
1378002008651295
1378002008651305
1378002008651601
1378002008652591
1378002008653118
1378002008653219
1378002008653515
1378002008653727
1378002008654130
1378002008657171
1378002008658711
1378002008659228
1378002008660175
1378002008660185
1378002008667425
1378002008667441
1378002008706909
1378002008708198
1378002008719460
1378002008720047
1378002008721118
1378002008721128
1378002008732184
1378002008771638
1378002008772244
1378002008780707
1378002008780717
1378002008785783
1378002008786268
1378002008792504
1378002008792514
1378002008802392
1378002008802885
1378002008812771
1378002008812781
1378002008856042
1378002008856642
1378002008856883
1378002008861823
1378002008861833
1378002008861991
1378002008861995
1378002008862251
1378002008862258
1378002008862399
1378002008863101
1378002008868030
1378002008868041
1378002008907004
1378002008907626
1378002008907867
1378002008912828
1378002008912836
1378002008913038
1378002008913677
1378002008918108
1378002008918119
1378002008988762
1378002008989371
1378002008989627
1378002009061090
1378002009063597
1378002009063609
1378002009063790
1378002009068977
1378002009069316
1378002009069460
1378002009069746
1378002009070058
1378002009070319
1378002009070367
1378002009070843
1378002009071198
1378002009071205
1378002009071811
1378002009072401
1378002009072507
1378002009072568
1378002009072575
1378002009072728
1378002009072826
1378002009072833
1378002009073129
1378002009073138
1378002009073159
1378002009080781
1378002009080803
1378002009080813
1378002009081263
1378002009081369
1378002009081377
1378002009081535
1378002009081543
1378002009081812
1378002009082602
1378002009082617
1378002009082781
1378002009082814
1378002009138202
1378002009176045
1378002009214891
1378002009225947
1378002009227020
1378002009227032
1378002009227295
1378002009230860
1378002009232194
1378002009232553
1378002009232652
1378002009232815
1378002009232903
1378002009232953
1378002009233051
1378002009233176
1378002009233293
1378002009233554
1378002009233691
1378002009234139
1378002009238992
1378002009260773
1378002009263768
1378002009264184
1378002009287889
1378002009334559
1378002009336755
1378002009336767
1378002009340561
1378002009340573
1378002009340864
1378002009341624
1378002009342019
1378002009342117
1378002009342506
1378002009343080
1378002009343240
1378002009384049
1378002009411736
1378002009411764
1378002009415481
1378002009415992
1378002009417054
1378002009417065
1378002009420761
1378002009420775
1378002009420907
1378002009460074
1378002009460716
1378002009498902
1378002009509921
1378002009509933
1378002009516801
1378002009517512
1378002009521229
1378002009521269
1378002009540365
1378002009540393
1378002009540568
1378002009540706
1378002009580562
1378002009581256
1378002009589637
1378002009589666
1378002009589677
1378002009589790
1378002009589892
1378002009590041
1378002009590137
1378002009590143
1378002009593829
1378002009593838
1378002009594083
1378002009594091
1378002009594230
1378002009594234
1378002009594355
1378002009594359
1378002009594725
1378002009594732
1378002009594870
1378002009594877
1378002009595523
1378002009595529
1378002009595671
1378002009595675
1378002009595803
1378002009596388
1378002009596525
1378002009596602
1378002009596769
1378002009596773
1378002009596775
1378002009599166
1378002009599190
1378002009599278
1378002009599307
1378002009599454
1378002009599467
1378002009599565
1378002009599574
1378002009599694
1378002009600952
1378002009601643
1378002009601656
1378002009602776
1378002009602823
1378002009603233
1378002009603346
1378002009603357
1378002009603514
1378002009603525
1378002009603640
1378002009607464
1378002009607577
1378002009607721
1378002009607818
1378002009607964
1378002009608070
1378002009608091
1378002009608675
1378002009608683
1378002009608780
1378002009608787
1378002009608949
1378002009608956
1378002009609051
1378002009609077
1378002009609197
1378002009609203
1378002009609533
1378002009609540
1378002009609679
1378002009609683
1378002009609832
1378002009609836
1378002009610812
1378002009612426
1378002009612438
1378002009612631
1378002009612638
1378002009613481
1378002009613490
1378002009620166
1378002009620964
1378002009658919
1378002009668098
1378002009708075
1378002009709245
1378002009746889
1378002009750762
1378002009751403
1378002009756334
1378002009756363
1378002009766748
1378002009767433
1378002009767443
1378002009767747
1378002009780464
1378002009780489
1378002009786395
1378002009787425
1378002009791117
1378002009791144
1378002009792798
1378002009792817
1378002009793019
1378002009793117
1378002009794244
1378002009794374
1378002009832587
1378002009870887
1378002009876312
1378002009876322
1378002009876419
1378002009876443
1378002009876569
1378002009876574
1378002009876697
1378002009876702
1378002009880748
1378002009880757
1378002009880853
1378002009880859
1378002009881114
1378002009881122
1378002009881217
1378002009881239
1378002009881376
1378002009881379
1378002009881475
1378002009881479
1378002009881760
1378002009881768
1378002009881900
1378002009881904
1378002009882457
1378002009882465
1378002009882563
1378002009882571
1378002009882742
1378002009882749
1378002009882908
1378002009882916
1378002009884858
1378002009884865
1378002009885429
1378002009885439
1378002009885447
1378002009885635
1378002009885734
1378002009887251
1378002009887375
1378002009890932
1378002009891055
1378002009891193
1378002009891288
1378002009891358
1378002009891461
1378002009891477
1378002009891713
1378002009891717
1378002009891845
1378002009892589
1378002009895948
1378002009899832
1378002009940043
1378002009941120
1378002009948612
1378002009948626
1378002009948633
1378002009962771
1378002009962873
1378002010004079
1378002010005583
1378002010009089
1378002010046876
1378002010048871
1378002010049362
1378002010049463
1378002010088574
1378002010089716
1378002010093358
1378002010101232
1378002010102788
1378002010106812
1378002010107829
1378002010112712
1378002010113913
1378002010119020
1378002010120158
1378002010133242
1378002010133271
1378002010133280
1378002010138154
1378002010138262
1378002010138386
1378002010138514
1378002010140584
1378002010141994
1378002010151812
1378002010152620
1378002010152752
1378002010179135
1378002010179263
1378002010183101
1378002010183552
1378002010199622
1378002010199636
1378002010240046
1378002010289807
1378002010290336
1378002010307742
1378002010311847
1378002010312169
1378002010335960
1378002010341004
1378002010348275
1378002010348292
1378002010386862
1378002010391939
1378002010391977
1378002010392183
1378002010392192
1378002010392319
1378002010392330
1378002010392428
1378002010392434
1378002010392691
1378002010392699
1378002010392835
1378002010407731
1378002010407770
1378002010407852
1378002010407978
1378002010408154
1378002010408255
1378002010408559
1378002010408662
1378002010422070
1378002010422238
1378002010422371
1378002010422391
1378002010456606
1378002010470491
1378002010489609
1378002010489843
1378002010490092
1378002010490206
1378002010490462
1378002010490578
1378002010490964
1378002010491071
1378002010491226
1378002010491324
1378002010491788
1378002010491976
1378002010492059
1378002010492216
1378002010492316
1378002010509188
1378002010509428
1378002010509531
1378002010509673
1378002010509775
1378002010510043
1378002010510305
1378002010510409
1378002010510747
1378002010510912
1378002010510917
1378002010549535
1378002010550877
1378002010550886
1378002010553974
1378002010553983
1378002010554492
1378002010557090
1378002010557192
1378002010600041
1378002010601790
1378002010601956
1378002010605742
1378002010605780
1378002010607534
1378002010607571
1378002010608018
1378002010608077
1378002010608148
1378002010613623
1378002010673244
1378002010677702
1378002010678873
1378002010678885
1378002010679128
1378002010683895
1378002010685061
1378002010688997
1378002010689032
1378002010689132
1378002010690962
1378002010691015
1378002010691066
1378002010691175
1378002010691191
1378002010691519
1378002010691534
1378002010691539
1378002010691558
1378002010691703
1378002010691713
1378002010691817
1378002010692196
1378002010692304
1378002010692382
1378002010692486
1378002010732074
1378002010762746
1378002010762777
1378002010766979
1378002010767814
1378002010769619
1378002010808562
1378002010809487
1378002010814152
1378002010814163
1378002010814330
1378002010815412
1378002010819250
1378002010820469
1378002010825715
1378002010825752
1378002010825764
1378002010825905
1378002010826006
1378002010826136
1378002010826232
1378002010846391
1378002010846506
1378002010847318
1378002010848981
1378002010848995
1378002010853434
1378002010854427
1378002010859280
1378002010859291
1378002010859299
1378002010859602
1378002010859703
1378002010900062
1378002010900714
1378002010905942
1378002010905954
1378002010905963
1378002010906050
1378002010906149
1378002010906319
1378002010906374
1378002010906422
1378002010910139
1378002010910148
1378002010910408
1378002010910416
1378002010910666
1378002010910673
1378002010910929
1378002010910936
1378002010911033
1378002010911039
1378002010911322
1378002010911329
1378002010911427
1378002010911434
1378002010911594
1378002010911600
1378002010912035
1378002010912042
1378002010912217
1378002010912223
1378002010912344
1378002010948556
1378002010949798
1378002010967783
1378002010969486
1378002010969708
1378002010969843
1378002011012050
1378002011019234
1378002011031828
1378002011031851
1378002011031955
1378002011031970
1378002011032111
1378002011032117
1378002011032213
1378002011032217
1378002011036285
1378002011036302
1378002011036405
1378002011036413
1378002011036649
1378002011036657
1378002011036753
1378002011036759
1378002011036892
1378002011036951
1378002011037018
1378002011037055
1378002011037247
1378002011037255
1378002011037380
1378002011039047
1378002011039146
1378002011039217
1378002011039313
1378002011039402
1378002011039497
1378002011040737
1378002011041823
1378002011041836
1378002011042080
1378002011042089
1378002011042185
1378002011042192
1378002011042390
1378002011042397
1378002011042493
1378002011042501
1378002011042622
1378002011042626
1378002011042875
1378002011042882
1378002011043048
1378002011043053
1378002011046616
1378002011046626
1378002011049506
1378002011049514
1378002011049612
1378002011049618
1378002011049750
1378002011049754
1378002011049872
1378002011049876
1378002011049992
1378002011049996
1378002011050119
1378002011050123
1378002011050639
1378002011050644
1378002011054854
1378002011054863
1378002011055102
1378002011055108
1378002011055256
1378002011055260
1378002011055376
1378002011055383
1378002011055519
1378002011055524
1378002011055631
1378002011055694
1378002011060100
1378002011285341
1378002011322812
1378002011326887
1378002011327319
1378002011327996
1378002011333123
1378002011333133
1378002011333141
1378002011333282
1378002011333382
1378002011333501
1378002011333597
1378002011333604
1378002011337666
1378002011337675
1378002011337874
1378002011337882
1378002011338153
1378002011338161
1378002011339007
1378002011342746
1378002011342864
1378002011343099
1378002011343199
1378002011343333
1378002011343459
1378002011343914
1378002011344039
1378002011344539
1378002011344762
1378002011345057
1378002011345064
1378002011351053
1378002011356914
1378002011362028
1378002011362167
1378002011362377
1378002011362480
1378002011363307
1378002011363446
1378002011382766
1378002011387969
1378002011387996
1378002011388213
1378002011388218
1378002011388450
1378002011388458
1378002011388557
1378002011388564
1378002011388689
1378002011388710
1378002011388807
1378002011388811
1378002011389006
1378002011389013
1378002011425186
1378002011429034
1378002011429077
1378002011468085
1378002011468400
1378002011473827
1378002011473867
1378002011473882
1378002011512061
1378002011563233
1378002011563922
1378002011654081
1378002011654114
1378002011654275
1378002011654287
1378002011654423
1378002011692093
1378002011715799
1378002011742936
1378002011746270
1378002011814463
1378002011815888
1378002011815898
1378002011819608
1378002011820380
1378002011820481
1378002011854926
1378002011855361
1378002011890056
1378002011894879
1378002011894993
1378002011895391
1378002011895418
1378002011895520
1378002011932092
1378002011937303
1378002011937335
1378002011937346
1378002011937480
1378002011937650
1378002011937818
1378002011937939
1378002011964759
1378002011964791
1378002011964801
1378002012002831
1378002012002949
1378002012009109
1378002012009128
1378002012017316
1378002012029044
1378002012029074
1378002012033300
1378002012033423
1378002012038564
1378002012080074
1378002012081253
1378002012081722
1378002012085255
1378002012090157
1378002012090704
1378002012092550
1378002012092565
1378002012096925
1378002012097885
1378002012097985
1378002012098070
1378002012098169
1378002012098281
1378002012098419
1378002012098427
1378002012099136
1378002012103758
1378002012103772
1378002012103778
1378002012103871
1378002012103970
1378002012104126
1378002012104254
1378002012104261
1378002012104358
1378002012104362
1378002012104458
1378002012104463
1378002012104840
1378002012104848
1378002012104992
1378002012104998
1378002012105117
1378002012105124
1378002012105593
1378002012105601
1378002012105757
1378002012105761
1378002012105963
1378002012105971
1378002012106564
1378002012109977
1378002012110075
1378002012110180
1378002012110275
1378002012110504
1378002012110603
1378002012110825
1378002012110925
1378002012111590
1378002012111715
1378002012111723
1378002012111845
1378002012111852
1378002012112094
1378002012112098
1378002012112225
1378002012112229
1378002012112328
1378002012112344
1378002012112486
1378002012112492
1378002012112688
1378002012112695
1378002012112812
1378002012112818
1378002012112968
1378002012112974
1378002012113131
1378002012113138
1378002012113505
1378002012113512
1378002012113647
1378002012113652
1378002012113795
1378002012273356
1378002013331704
1378002013619757
1378002014927084
1378002029927773
1378002029928312
1378002029999104
1378002029999314
1378002040927819
1378002040999377
1378002040999756
1378002040999765
1378002041081569
1378002059998938
1378002071081984
1378002071153504
1378002071153809
1378002071153820
1378002071234864
1378002074925736
1378002089714057
1378002089718055
1378002089718761
1378002089755409
1378002089759469
1378002089800088
1378002089804772
1378002089844044
