1378075511135472
1378075511207185
1378075511207533
1378075511383396
1378075511383416
1378075511383502
1378075511383533
1378075511383649
1378075511383688
1378075511383770
1378075511383791
1378075511425107
1378075511455550
1378075511455567
1378075511455803
1378075511455809
1378075511455885
1378075511455919
1378075511456024
1378075511456029
1378075511456152
1378075511456158
1378075511456552
1378075511456562
1378075511456661
1378075511456668
1378075511456829
1378075511456836
1378075511457149
1378075511457159
1378075511457297
1378075511457303
1378075511457429
1378075511457476
1378075511457571
1378075511457578
1378075511496451
1378075511497142
1378075511527682
1378075511527694
1378075511570021
1378075511570028
1378075511570124
1378075511570130
1378075511570299
1378075511570306
1378075511570401
1378075511570408
1378075511600306
1378075511600891
1378075511601084
1378075511641020
1378075511680046
1378075511680753
1378075511680959
1378075511751668
1378075511752102
1378075511752331
1378075511753137
1378075511796048
1378075511796566
1378075511801299
1378075511801328
1378075511801338
1378075511801448
1378075511801571
1378075511801681
1378075511801776
1378075511801783
1378075511805421
1378075511805430
1378075511805681
1378075511805688
1378075511805937
1378075511805944
1378075511806039
1378075511806045
1378075511806308
1378075511806316
1378075511806461
1378075511806467
1378075511807018
1378075511807024
1378075511807123
1378075511807138
1378075511807287
1378075511807365
1378075511807427
1378075511807444
1378075511807465
1378075511807558
1378075511807654
1378075511807970
1378075511808027
1378075511808069
1378075511810135
1378075511810145
1378075511810337
1378075511810345
1378075511810770
1378075511810776
1378075511811127
1378075511811134
1378075511811634
1378075511811640
1378075511811763
1378075511812790
1378075511812889
1378075511812979
1378075511813083
1378075511813178
1378075511813317
1378075511813325
1378075511814113
1378075511817165
1378075511817187
1378075511817197
1378075511817281
1378075511817416
1378075511817541
1378075511817639
1378075511817665
1378075511817787
1378075511817793
1378075511817889
1378075511817893
1378075511818198
1378075511818206
1378075511818334
1378075511818340
1378075511818490
1378075511818495
1378075511818991
1378075511818999
1378075511819396
1378075511819403
1378075511819558
1378075511819565
1378075511820289
1378075511821944
1378075511822065
1378075511822072
1378075511822214
1378075511822218
1378075511822317
1378075511822333
1378075511822981
1378075511822986
1378075511823271
1378075511823342
1378075511823346
1378075511823618
1378075511823627
1378075511823635
1378075511828515
1378075511828636
1378075511829262
1378075511834581
1378075511834591
1378075511834598
1378075511834686
1378075511834784
1378075511834952
1378075511835008
1378075511835056
1378075511838670
1378075511838677
1378075511838836
1378075511838842
1378075511839008
1378075511839014
1378075511839182
1378075511839189
1378075511839908
1378075511844248
1378075511844257
1378075511847897
1378075511848415
1378075511859179
1378075511859188
1378075511859196
1378075511859283
1378075511859383
1378075511859558
1378075511859617
1378075511859663
1378075511863311
1378075511863319
1378075511863415
1378075511863422
1378075511863658
1378075511863664
1378075511863795
1378075511864248
1378075511869185
1378075511869195
1378075511869204
1378075511869290
1378075511869436
1378075511869558
1378075511869616
1378075511869661
1378075511873247
1378075511873254
1378075511873514
1378075511873521
1378075511873765
1378075511873772
1378075511874021
1378075511874027
1378075511874403
1378075511874410
1378075511874505
1378075511874511
1378075511874672
1378075511874678
1378075511875043
1378075511875050
1378075511875248
1378075511875254
1378075511875351
1378075511875377
1378075511875501
1378075511875562
1378075511875848
1378075511875927
1378075511875934
1378075511877559
1378075511877569
1378075511877783
1378075511877790
1378075511880389
1378075512011835
1378075512017066
1378075512017090
1378075512017330
1378075512017339
1378075512017567
1378075512017575
1378075512017672
1378075512017679
1378075512017926
1378075512017934
1378075512018034
1378075512018050
1378075512018374
1378075512018384
1378075512018482
1378075512018488
1378075512018750
1378075512018759
1378075512018879
1378075512018886
1378075512019048
1378075512019052
1378075512019173
1378075512019246
1378075512019381
1378075512019419
1378075512019515
1378075512019519
1378075512019663
1378075512019668
1378075512019923
1378075512019931
1378075512022052
1378075512022062
1378075512022253
1378075512022257
1378075512022263
1378075512023061
1378075512023080
1378075512023087
1378075512023382
1378075512023513
1378075512023544
1378075512023635
1378075512023665
1378075512023867
1378075512023877
1378075512024008
1378075512024076
1378075512024089
1378075512024187
1378075512024201
1378075512024461
1378075512024470
1378075512024642
1378075512024767
1378075512024779
1378075512024944
1378075512024949
1378075512025048
1378075512025051
1378075512025220
1378075512025228
1378075512025463
1378075512025468
1378075512025581
1378075512025662
1378075512025781
1378075512025785
1378075512025915
1378075512025918
1378075512025987
1378075512026055
1378075512026060
1378075512026217
1378075512031053
1378075512031064
1378075512031160
1378075512031167
1378075512031298
1378075512031302
1378075512031405
1378075512031435
1378075512031580
1378075512031587
1378075512032204
1378075512032549
1378075512032702
1378075512032926
1378075512032938
1378075512032946
1378075512033093
1378075512033153
1378075512033198
1378075512033295
1378075512033299
1378075512033516
1378075512033523
1378075512033725
1378075512035376
1378075512035394
1378075512035403
1378075512035549
1378075512035651
1378075512035846
1378075512035974
1378075512037812
1378075512037912
1378075512037938
1378075512038174
1378075512038181
1378075512038310
1378075512038317
1378075512038434
1378075512038438
1378075512038545
1378075512038549
1378075512038818
1378075512038828
1378075512038922
1378075512038929
1378075512039071
1378075512039076
1378075512039172
1378075512039176
1378075512039710
1378075512039724
1378075512039823
1378075512039829
1378075512040077
1378075512040337
1378075512040588
1378075512040644
1378075512040852
1378075512040866
1378075512041353
1378075512041369
1378075512041622
1378075512041634
1378075512041881
1378075512041891
1378075512042047
1378075512042127
1378075512042245
1378075512042370
1378075512042469
1378075512042494
1378075512042619
1378075512042626
1378075512042722
1378075512042727
1378075512042892
1378075512042899
1378075512043097
1378075512043103
1378075512043622
1378075512043629
1378075512043866
1378075512043873
1378075512044014
1378075512044236
1378075512044333
1378075512044340
1378075512044626
1378075512044635
1378075512044732
1378075512044739
1378075512045014
1378075512045022
1378075512045118
1378075512045124
1378075512045258
1378075512045262
1378075512045388
1378075512045394
1378075512045488
1378075512045493
1378075512045634
1378075512045664
1378075512045797
1378075512045801
1378075512045898
1378075512045902
1378075512046035
1378075512046041
1378075512046950
1378075512046957
1378075512047205
1378075512047212
1378075512047330
1378075512047337
1378075512047467
1378075512047550
1378075512047695
1378075512047703
1378075512047830
1378075512047837
1378075512047992
1378075512047999
1378075512048119
1378075512048125
1378075512048261
1378075512048267
1378075512048399
1378075512048486
1378075512048586
1378075512048607
1378075512048734
1378075512048781
1378075512048939
1378075512048946
1378075512049043
1378075512049046
1378075512050161
1378075512054990
1378075512055000
1378075512055009
1378075512055166
1378075512055265
1378075512055399
1378075512055498
1378075512055505
1378075512059229
1378075512059237
1378075512059333
1378075512059340
1378075512059469
1378075512059476
1378075512059601
1378075512059607
1378075512059733
1378075512059737
1378075512060057
1378075512060065
1378075512060579
1378075512060661
1378075512060670
1378075512060792
1378075512061105
1378075512065595
1378075512065607
1378075512065750
1378075512065757
1378075512065961
1378075512065965
1378075512066119
1378075512066126
1378075512066626
1378075512069977
1378075512070014
1378075512070032
1378075512070088
1378075512070213
1378075512070425
1378075512070478
1378075512070536
1378075512070623
1378075512070642
1378075512070754
1378075512070759
1378075512070993
1378075512071009
1378075512071272
1378075512071287
1378075512071777
1378075512071800
1378075512071889
1378075512071929
1378075512072056
1378075512072068
1378075512072444
1378075512072465
1378075512072651
1378075512072667
1378075512073299
1378075512073328
1378075512073401
1378075512073447
1378075512073573
1378075512073586
1378075512074780
1378075512074805
1378075512074912
1378075512074916
1378075512075240
1378075512075252
1378075512075387
1378075512075399
1378075512075656
1378075512075666
1378075512076252
1378075512076274
1378075512076312
1378075512076386
1378075512076396
1378075512076861
1378075512076880
1378075512077114
1378075512077128
1378075512077225
1378075512077238
1378075512077477
1378075512077492
1378075512077983
1378075512078000
1378075512078094
1378075512078117
1378075512078243
1378075512078256
1378075512078355
1378075512078367
1378075512078569
1378075512078582
1378075512078678
1378075512078692
1378075512078812
1378075512078825
1378075512078922
1378075512078954
1378075512079061
1378075512079080
1378075512079208
1378075512079218
1378075512079349
1378075512079355
1378075512079481
1378075512079751
1378075512079856
1378075512116121
1378075512116710
1378075512142428
1378075512143603
1378075512180225
1378075512183933
1378075512184427
1378075512189146
1378075512189184
1378075512189203
1378075512189344
1378075512189445
1378075512228119
1378075512228738
1378075512233607
1378075512233643
1378075512233660
1378075512233740
1378075512233846
1378075512237663
1378075512238311
1378075512243068
1378075512243101
1378075512243114
1378075512243313
1378075512243445
1378075512243525
1378075512243581
1378075512243634
1378075512245496
1378075512245519
1378075512245685
1378075512245698
1378075512245795
1378075512245808
1378075512245978
1378075512245985
1378075512246107
1378075512246114
1378075512247562
1378075512247591
1378075512247799
1378075512247811
1378075512248001
1378075512248013
1378075512248110
1378075512248124
1378075512248479
1378075512248493
1378075512248640
1378075512248650
1378075512248774
1378075512249294
1378075512249353
1378075512249433
1378075512249443
1378075512249966
1378075512249984
1378075512249994
1378075512250080
1378075512250179
1378075512255020
1378075512255062
1378075512255146
1378075512255164
1378075512255415
1378075512255517
1378075512256210
1378075512258469
1378075512258503
1378075512258517
1378075512258603
1378075512258703
1378075512258907
1378075512259007
1378075512261102
1378075512261205
1378075512261405
1378075512261505
1378075512261515
1378075512261709
1378075512261721
1378075512261996
1378075512262008
1378075512262135
1378075512263100
1378075512263210
1378075512263355
1378075512263457
1378075512263488
1378075512263631
1378075512263641
1378075512263742
1378075512263751
1378075512263902
1378075512263911
1378075512264708
1378075512265680
1378075512265714
1378075512265726
1378075512265930
1378075512266057
1378075512266192
1378075512266293
1378075512266303
1378075512266439
1378075512266444
1378075512266744
1378075512266756
1378075512268246
1378075512268258
1378075512268464
1378075512268476
1378075512268483
1378075512268487
1378075512268600
1378075512268607
1378075512268735
1378075512268740
1378075512268866
1378075512268873
1378075512268991
1378075512269001
1378075512269193
1378075512269204
1378075512269301
1378075512269305
1378075512269449
1378075512269454
1378075512269551
1378075512269557
1378075512270236
1378075512270251
1378075512270349
1378075512270361
1378075512270626
1378075512270639
1378075512271469
1378075512271484
1378075512271731
1378075512271745
1378075512271842
1378075512271855
1378075512272011
1378075512272020
1378075512272118
1378075512272128
1378075512272505
1378075512272525
1378075512272533
1378075512272537
1378075512272542
1378075512272559
1378075512272566
1378075512272570
1378075512272688
1378075512272693
1378075512272932
1378075512272940
1378075512273057
1378075512273190
1378075512273300
1378075512273438
1378075512273550
1378075512273694
1378075512273703
1378075512273798
1378075512273917
1378075512274133
1378075512274667
1378075512274686
1378075512274697
1378075512274890
1378075512274994
1378075512275112
1378075512275206
1378075512276866
1378075512276967
1378075512277066
1378075512277164
1378075512277576
1378075512277676
1378075512277948
1378075512278050
1378075512278059
1378075512278460
1378075512278474
1378075512278570
1378075512278574
1378075512278712
1378075512278720
1378075512278841
1378075512278849
1378075512279091
1378075512279104
1378075512279201
1378075512279206
1378075512279358
1378075512279366
1378075512279600
1378075512279613
1378075512279740
1378075512279752
1378075512279872
1378075512280564
1378075512280713
1378075512280724
1378075512281239
1378075512281257
1378075512281461
1378075512281474
1378075512282107
1378075512282114
1378075512282252
1378075512282261
1378075512282381
1378075512282416
1378075512282518
1378075512282523
1378075512282601
1378075512283737
1378075512283771
1378075512283783
1378075512285609
1378075512285727
1378075512285771
1378075512285973
1378075512285986
1378075512286085
1378075512286093
1378075512286241
1378075512286246
1378075512286343
1378075512286352
1378075512286663
1378075512286676
1378075512286807
1378075512286824
1378075512286922
1378075512286927
1378075512288490
1378075512288508
1378075512288642
1378075512288651
1378075512288777
1378075512288787
1378075512289769
1378075512289788
1378075512289891
1378075512289896
1378075512290037
1378075512290042
1378075512290193
1378075512290198
1378075512290649
1378075512290656
1378075512290778
1378075512290783
1378075512291120
1378075512291219
1378075512291231
1378075512291411
1378075512291432
1378075512291442
1378075512292533
1378075512292640
1378075512292651
1378075512293022
1378075512293033
1378075512293399
1378075512293411
1378075512293508
1378075512293514
1378075512293657
1378075512293663
1378075512294098
1378075512294109
1378075512294206
1378075512294211
1378075512294353
1378075512294359
1378075512294480
1378075512294490
1378075512294611
1378075512294625
1378075512294722
1378075512294731
1378075512294876
1378075512294881
1378075512294978
1378075512294993
1378075512295326
1378075512295345
1378075512295445
1378075512295450
1378075512295598
1378075512295717
1378075512296431
1378075512296468
1378075512296700
1378075512297156
1378075512297304
1378075512297311
1378075512297451
1378075512298152
1378075512303002
1378075512303013
1378075512303022
1378075512303176
1378075512303273
1378075512303432
1378075512303488
1378075512303533
1378075512307234
1378075512307243
1378075512307363
1378075512307371
1378075512307532
1378075512307536
1378075512307633
1378075512307639
1378075512308202
1378075512308386
1378075512308397
1378075512308520
1378075512308845
1378075512313096
1378075512313106
1378075512313244
1378075512381418
1378075512381891
1378075512382341
1378075512382991
1378075512383152
1378075512383301
1378075512383415
1378075512383565
1378075512383666
1378075512383800
1378075512383817
1378075512388656
1378075512388667
1378075512388675
1378075512388769
1378075512388919
1378075512389211
1378075512389225
1378075512389277
1378075512389316
1378075512389412
1378075512389471
1378075512389475
1378075512389603
1378075512389730
1378075512389938
1378075512390524
1378075512390534
1378075512390647
1378075512390916
1378075512390922
1378075512390971
1378075512391093
1378075512391213
1378075512391308
1378075512391424
1378075512391684
1378075512391750
1378075512391851
1378075512391855
1378075512392096
1378075512392103
1378075512393609
1378075512393617
1378075512393816
1378075512393822
1378075512393955
1378075512394208
1378075512394215
1378075512394459
1378075512394467
1378075512394711
1378075512394718
1378075512394967
1378075512394974
1378075512395094
1378075512395101
1378075512395260
1378075512395267
1378075512395362
1378075512395448
1378075512395528
1378075512395550
1378075512397224
1378075512397233
1378075512397475
1378075512397482
1378075512397601
1378075512397608
1378075512397765
1378075512397772
1378075512397820
1378075512397881
1378075512398039
1378075512398046
1378075512398164
1378075512398168
1378075512398305
1378075512398311
1378075512398563
1378075512398566
1378075512398802
1378075512398809
1378075512399417
1378075512399425
1378075512399561
1378075512399564
1378075512399813
1378075512399820
1378075512399988
1378075512399991
1378075512400112
1378075512400119
1378075512400265
1378075512400272
1378075512400925
1378075512400933
1378075512401081
1378075512401085
1378075512401208
1378075512401216
1378075512401341
1378075512401348
1378075512401474
1378075512401496
1378075512401644
1378075512401650
1378075512401778
1378075512401786
1378075512401979
1378075512402018
1378075512402201
1378075512405797
1378075512405896
1378075512406054
1378075512406150
1378075512406335
1378075512406461
1378075512406468
1378075512406617
1378075512406624
1378075512406677
1378075512406726
1378075512407358
1378075512407365
1378075512407487
1378075512407493
1378075512407728
1378075512407735
1378075512407855
1378075512407862
1378075512408118
1378075512408126
1378075512408301
1378075512408308
1378075512408428
1378075512408434
1378075512408552
1378075512408559
1378075512408685
1378075512408692
1378075512408827
1378075512408834
1378075512408951
1378075512408957
1378075512409291
1378075512409299
1378075512409418
1378075512409425
1378075512409594
1378075512409602
1378075512410919
1378075512410929
1378075512411027
1378075512411032
1378075512413778
1378075512413937
1378075512417748
1378075512417759
1378075512418112
1378075512418210
1378075512418682
1378075512418780
1378075512419078
1378075512419374
1378075512420028
1378075512420126
1378075512420569
1378075512421191
1378075512421210
1378075512421215
1378075512421430
1378075512464086
1378075512465183
1378075512465269
1378075512465274
1378075512465398
1378075512465405
1378075512465553
1378075512465560
1378075512465638
1378075512465670
1378075512465799
1378075512465819
1378075512465895
1378075512470079
1378075512512044
1378075512512775
1378075512517562
1378075512517573
1378075512517581
1378075512538077
1378075512538197
1378075512538424
1378075512538537
1378075512538662
1378075512538848
1378075512538855
1378075512539038
1378075512539138
1378075512543956
1378075512543985
1378075512544110
1378075512580054
1378075512580964
1378075512586444
1378075512586455
1378075512586463
1378075512593313
1378075512593450
1378075512594141
1378075512594346
1378075512594357
1378075512594386
1378075512594549
1378075512594558
1378075512595710
1378075512595729
1378075512596031
1378075512596038
1378075512596158
1378075512596427
1378075512596435
1378075512597487
1378075512597507
1378075512597639
1378075512600184
1378075512600199
1378075512600284
1378075512600501
1378075512600627
1378075512600634
1378075512600949
1378075512600957
1378075512601865
1378075512603121
1378075512603146
1378075512603156
1378075512603242
1378075512603364
1378075512603502
1378075512603603
1378075512604963
1378075512605085
1378075512608086
1378075512608123
1378075512608208
1378075512608223
1378075512608343
1378075512608493
1378075512608505
1378075512608554
1378075512608608
1378075512608786
1378075512608798
1378075512608804
1378075512609526
1378075512609880
1378075512609906
1378075512611394
1378075512611514
1378075512614366
1378075512614516
1378075512615437
1378075512615578
1378075512615598
1378075512615664
1378075512615739
1378075512615749
1378075512617060
1378075512619657
1378075512619777
1378075512620426
1378075512620681
1378075512620780
1378075512622306
1378075512622410
1378075512622458
1378075512622558
1378075512622671
1378075512622773
1378075512626468
1378075512626594
1378075512626709
1378075512626829
1378075512626840
1378075512627005
1378075512627021
1378075512627118
1378075512627126
1378075512627301
1378075512627312
1378075512638977
1378075512641183
1378075512641194
1378075512641884
1378075512645342
1378075512645561
1378075512647337
1378075512647452
1378075512647513
1378075512647638
1378075512647649
1378075512647879
1378075512648054
1378075512648159
1378075512648220
1378075512648320
1378075512664120
1378075512664237
1378075512664288
1378075512664385
1378075512664493
1378075512664820
1378075512684690
1378075512684826
1378075512684837
1378075512685040
1378075512685537
1378075512685856
1378075512685988
1378075512686250
1378075512688298
1378075512688330
1378075512688340
1378075512728117
1378075512768177
1378075512778504
1378075512778810
1378075512789040
1378075512789082
1378075512790659
1378075512794783
1378075512794953
1378075512795008
1378075512795168
1378075512795207
1378075512795321
1378075512795347
1378075512799214
1378075512799252
1378075512800831
1378075512801479
1378075512801504
1378075512801659
1378075512801669
1378075512801800
1378075512801813
1378075512801909
1378075512801919
1378075512802076
1378075512802089
1378075512802188
1378075512802196
1378075512802385
1378075512802402
1378075512802592
1378075512802881
1378075512802988
1378075512803033
1378075512804437
1378075512805412
1378075512806612
1378075512806649
1378075512806666
1378075512807608
1378075512807730
1378075512807744
1378075512807971
1378075512807987
1378075512808349
1378075512808365
1378075512808884
1378075512808907
1378075512809058
1378075512809147
1378075512809252
1378075512809265
1378075512809403
1378075512809411
1378075512809531
1378075512809544
1378075512809675
1378075512809686
1378075512810222
1378075512810241
1378075512810339
1378075512810349
1378075512810505
1378075512810519
1378075512810615
1378075512810625
1378075512811536
1378075512811556
1378075512811681
1378075512811687
1378075512811807
1378075512811821
1378075512811968
1378075512811982
1378075512812656
1378075512812677
1378075512812786
1378075512812796
1378075512812946
1378075512812953
1378075512813656
1378075512815073
1378075512815109
1378075512815196
1378075512815215
1378075512815345
1378075512815359
1378075512815488
1378075512815500
1378075512815559
1378075512815604
1378075512815694
1378075512815758
1378075512816102
1378075512816117
1378075512816243
1378075512816251
1378075512816376
1378075512816387
1378075512816921
1378075512816937
1378075512817043
1378075512817070
1378075512817212
1378075512817223
1378075512817457
1378075512817468
1378075512817710
1378075512817723
1378075512818058
1378075512818074
1378075512818172
1378075512818205
1378075512818385
1378075512818400
1378075512818520
1378075512818547
1378075512818647
1378075512818656
1378075512819047
1378075512819064
1378075512819170
1378075512819180
1378075512819317
1378075512819319
1378075512819326
1378075512819454
1378075512819463
1378075512819623
1378075512819632
1378075512819803
1378075512819810
1378075512820935
1378075512820960
1378075512821095
1378075512821101
1378075512838383
1378075512838409
1378075512838942
1378075512842361
1378075512842478
1378075512842557
1378075512842667
1378075512843039
1378075512846540
1378075512846567
1378075512846756
1378075512846767
1378075512853167
1378075512853509
1378075512864531
1378075512874117
1378075512953750
1378075513031489
1378075513033290
1378075513033304
1378075513033596
1378075513037084
1378075513037519
1378075513038054
1378075513038156
1378075513038631
1378075513039142
1378075513039746
1378075513039770
1378075513039883
1378075513039891
1378075513040020
1378075513040032
1378075513040155
1378075513040166
1378075513040263
1378075513040273
1378075513040405
1378075513044025
1378075513044147
1378075513044242
1378075513044345
1378075513084079
1378075513084726
1378075513106007
1378075513106045
1378075513106559
1378075513148099
1378075513148785
1378075513188180
1378075513189864
1378075513232129
1378075513259322
1378075513259858
1378075513296148
1378075513332692
1378075513372082
1378075513372778
1378075513412170
1378075513417633
1378075513418224
1378075513425275
1378075513425315
1378075513464092
1378075513496428
1378075513499509
1378075513499520
1378075513500316
1378075513503711
1378075513504245
1378075513505970
1378075513506472
1378075513506584
1378075513506707
1378075513506835
1378075513506848
1378075513507255
1378075513507271
1378075513507402
1378075513511076
1378075513511239
1378075513511342
1378075513511457
1378075513511596
1378075513511697
1378075513511772
1378075513511897
1378075513511907
1378075513512280
1378075513512295
1378075513515827
1378075513515853
1378075513516113
1378075513516126
1378075513516248
1378075513516253
1378075513516502
1378075513516515
1378075513516720
1378075513516724
1378075513516868
1378075513516873
1378075513517324
1378075513517337
1378075513517931
1378075513518377
1378075513518763
1378075513521131
1378075513521152
1378075513521421
1378075513521428
1378075513521547
1378075513521555
1378075513521707
1378075513521712
1378075513521984
1378075513521992
1378075513522147
1378075513522155
1378075513525584
1378075513525595
1378075513525870
1378075513525883
1378075513525982
1378075513525989
1378075513526135
1378075513526141
1378075513526237
1378075513526243
1378075513526468
1378075513564214
1378075513572584
1378075513573063
1378075513573373
1378075513573758
1378075513574286
1378075513574709
1378075513574733
1378075513575498
1378075513612080
1378075513647759
1378075513647799
1378075513652303
1378075513652959
1378075513661838
1378075513661874
1378075513662004
1378075513662119
1378075513662276
1378075513662332
1378075513662387
1378075513666701
1378075513666733
1378075513666878
1378075513667506
1378075513673582
1378075513673618
1378075513673636
1378075513673692
1378075513673822
1378075513673838
1378075513674044
1378075513674058
1378075513677999
1378075513678030
1378075513678222
1378075513678239
1378075513678385
1378075513679028
1378075513683094
1378075513683134
1378075513684547
1378075513724077
1378075513726894
1378075513726907
1378075513727145
1378075513734227
1378075513734676
1378075513735348
1378075513735738
1378075513736137
1378075513737116
1378075513737146
1378075513737215
1378075513737264
1378075513737368
1378075513737377
1378075513737579
1378075513737590
1378075513737684
1378075513737711
1378075513737880
1378075513737895
1378075513738510
1378075513738528
1378075513738636
1378075513738656
1378075513738792
1378075513738884
1378075513738986
1378075513738996
1378075513739839
1378075513739853
1378075513739970
1378075513739976
1378075513740073
1378075513740083
1378075513740286
1378075513740299
1378075513740427
1378075513740491
1378075513742504
1378075513742625
1378075513742649
1378075513742794
1378075513742805
1378075513742885
1378075513743031
1378075513744117
1378075513744271
1378075513744281
1378075513744561
1378075513745069
1378075513745080
1378075513745369
1378075513745377
1378075513745494
1378075513745627
1378075513745667
1378075513745803
1378075513745809
1378075513745882
1378075513745889
1378075513746031
1378075513746036
1378075513746257
1378075513746343
1378075513746359
1378075513746625
1378075513746641
1378075513746703
1378075513746762
1378075513746771
1378075513748111
1378075513748128
1378075513748946
1378075513748961
1378075513749465
1378075513749480
1378075513749663
1378075513749677
1378075513750183
1378075513750199
1378075513750299
1378075513750308
1378075513750462
1378075513750475
1378075513750891
1378075513750905
1378075513751031
1378075513752309
1378075513752343
1378075513752492
1378075513752699
1378075513752802
1378075513752936
1378075513753066
1378075513753647
1378075513754515
1378075513754532
1378075513754545
1378075513754886
1378075513754955
1378075513754996
1378075513755349
1378075513755361
1378075513755451
1378075513755477
1378075513755619
1378075513755627
1378075513755983
1378075513755995
1378075513756947
1378075513759094
1378075513759241
1378075513759416
1378075513759518
1378075513759961
1378075513760322
1378075513760333
1378075513760548
1378075513760555
1378075513760786
1378075513761120
1378075513761219
1378075513764208
1378075513803235
1378075513803455
1378075513805472
1378075513844115
1378075513847997
1378075513848447
1378075513849312
1378075513849322
1378075513852902
1378075513893794
1378075513894565
1378075513899268
1378075513899278
1378075513899286
1378075513940042
1378075513940577
1378075513940838
1378075513945010
1378075513945544
1378075513949865
1378075513949876
1378075513953643
1378075513954160
1378075513958629
1378075513958639
1378075513962476
1378075513963044
1378075513967424
1378075513967434
1378075513971191
1378075513971749
1378075513976320
1378075513976331
1378075513980177
1378075513980726
1378075513985463
1378075513985473
1378075513985480
1378075513985684
1378075513985783
1378075514024605
1378075514025247
1378075514030829
1378075514030841
1378075514068071
1378075514068877
1378075514073698
1378075514073722
1378075514073731
1378075514073847
1378075514073990
1378075514074112
1378075514074256
1378075514115173
1378075514115915
1378075514120874
1378075514120885
1378075514160043
1378075514160660
1378075514165494
1378075514165504
1378075514165512
1378075514204602
1378075514206490
1378075514206503
1378075514206850
1378075514211911
1378075514212012
1378075514212199
1378075514212322
1378075514212734
1378075514212749
1378075514212832
1378075514213095
1378075514213102
1378075514213198
1378075514213204
1378075514213628
1378075514213764
1378075514213860
1378075514213983
1378075514214077
1378075514214183
1378075514214278
1378075514215099
1378075514215188
1378075514215339
1378075514215346
1378075514215518
1378075514215617
1378075514215746
1378075514215881
1378075514216067
1378075514216155
1378075514216181
1378075514216362
1378075514256044
1378075514257986
1378075514261517
1378075514261527
1378075514281689
1378075514282295
1378075514332631
1378075514334197
1378075514338976
1378075514338986
1378075514339940
1378075514339958
1378075514340056
1378075514340063
1378075514340223
1378075514340230
1378075514340503
1378075514340511
1378075514340923
1378075514384079
1378075514408171
1378075514444046
1378075514448146
1378075514488098
1378075514500336
1378075514500649
1378075514515871
1378075514515911
1378075514519643
1378075514520043
1378075514520359
1378075514521478
1378075514521626
1378075514524662
1378075514524679
1378075514525573
1378075514526031
1378075514526136
1378075514526756
1378075514526852
1378075514527959
1378075514527971
1378075514531215
1378075514531637
1378075514536127
1378075514536141
1378075514540254
1378075514540811
1378075514545442
1378075514545475
1378075514549149
1378075514549795
1378075514554565
1378075514554600
1378075514554612
1378075514592128
1378075514594687
1378075514625775
1378075514626589
1378075514626827
1378075514698276
1378075514698907
1378075514699060
1378075514699194
1378075514703619
1378075514704417
1378075514710048
1378075514710080
1378075514710089
1378075514710199
1378075514710347
1378075514710554
1378075514710568
1378075514710653
1378075514714630
1378075514714638
1378075514714885
1378075514714892
1378075514715137
1378075514715144
1378075514715261
1378075514715269
1378075514715492
1378075514715500
1378075514715595
1378075514715603
1378075514715921
1378075514715928
1378075514716051
1378075514716058
1378075514716216
1378075514716223
1378075514716317
1378075514716324
1378075514716730
1378075514716738
1378075514716890
1378075514716896
1378075514719656
1378075514719664
1378075514719865
1378075514719871
1378075514720737
1378075514720746
1378075514727120
1378075514727128
1378075514728932
1378075514730127
1378075514750277
1378075514750313
1378075514750477
1378075514750645
1378075514788092
1378075514788768
1378075514793573
1378075514793604
1378075514793615
1378075514793721
1378075514793825
1378075514794038
1378075514794092
1378075514794141
1378075514797800
1378075514797822
1378075514798112
1378075514798121
1378075514798372
1378075514798381
1378075514798500
1378075514798507
1378075514798753
1378075514798763
1378075514799011
1378075514799021
1378075514799223
1378075514799229
1378075514799377
1378075514799384
1378075514799504
1378075514799508
1378075514799924
1378075514799939
1378075514800071
1378075514800078
1378075514800229
1378075514800233
1378075514802355
1378075514802383
1378075514802549
1378075514802556
1378075514802803
1378075514802812
1378075514803060
1378075514803072
1378075514803337
1378075514803976
1378075514804087
1378075514844053
1378075514846493
1378075514846505
1378075514846800
1378075514850232
1378075514850997
1378075514851397
1378075514852058
1378075514852725
1378075514853440
1378075514853466
1378075514853476
1378075514853560
1378075514853668
1378075514853851
1378075514853914
1378075514853957
1378075514854140
1378075514854186
1378075514854315
1378075514854318
1378075514858973
1378075514858986
1378075514859144
1378075514859152
1378075514859421
1378075514859429
1378075514859525
1378075514859532
1378075514862380
1378075514862392
1378075514863794
1378075514863802
1378075514864046
1378075514864053
1378075514864302
1378075514864309
1378075514864432
1378075514864436
1378075514864588
1378075514864596
1378075514864646
1378075514864697
1378075514865070
1378075514865078
1378075514865209
1378075514865216
1378075514865357
1378075514865364
1378075514865460
1378075514865463
1378075514865903
1378075514865909
1378075514866082
1378075514866089
1378075514867110
1378075514867119
1378075514867354
1378075514869081
1378075514869093
1378075514869211
1378075514869218
1378075514870153
1378075514870161
1378075514880416
1378075514880424
1378075514885108
1378075514885761
1378075514917728
1378075514917766
1378075514921408
1378075514933402
1378075514933439
1378075514938326
1378075514976072
1378075514977795
1378075514981473
1378075514981485
1378075514982396
1378075514984736
1378075514984752
1378075514985169
1378075514985273
1378075514985281
1378075514985286
1378075514985402
1378075514985461
1378075514992361
1378075515032050
1378075515032763
1378075515033015
1378075515049159
1378075515049188
1378075515053351
1378075515082753
1378075515082768
1378075515082778
1378075515120571
1378075515121926
1378075515122164
1378075515126045
1378075515127773
1378075515168045
1378075515169738
1378075515173991
1378075515174766
1378075515181710
1378075515181723
1378075515190475
1378075515190573
1378075515206181
1378075515208139
1378075515238474
1378075515238490
1378075515238851
1378075515276564
1378075515277271
1378075515291663
1378075515291770
1378075515297068
1378075515300828
1378075515301181
1378075515305700
1378075515307146
1378075515313063
1378075515314118
1378075515328028
1378075515328043
1378075515328049
1378075515335608
1378075515335619
1378075515335714
1378075515335841
1378075515335962
1378075515376043
1378075515416064
1378075515427265
1378075515430077
1378075515466424
1378075515466469
1378075515466537
1378075515466654
1378075515466903
1378075515467273
1378075515467279
1378075515467392
1378075515467449
1378075515467539
1378075515483671
1378075515483686
1378075515483899
1378075515483999
1378075515495744
1378075515495842
1378075515496319
1378075515578938
1378075515579400
1378075515616076
1378075515622455
1378075515717654
1378075515717683
1378075515721296
1378075515721330
1378075515722683
1378075515726513
1378075515727323
1378075515727442
1378075515727545
1378075515727647
1378075515727660
1378075515727859
1378075515727873
1378075515727973
1378075515727981
1378075515751157
1378075515789948
1378075515792215
1378075515792230
1378075515792547
1378075515796014
1378075515796739
1378075515797115
1378075515797784
1378075515798653
1378075515798701
1378075515798763
1378075515799096
1378075515800636
1378075515800791
1378075515801083
1378075515801543
1378075515804166
1378075515804723
1378075515805244
1378075515805885
1378075515805905
1378075515805910
1378075515806071
1378075515806142
1378075515806204
1378075515806246
1378075515806351
1378075515806459
1378075515806582
1378075515806734
1378075515806865
1378075515808050
1378075515811990
1378075515812617
1378075515816431
1378075515816964
1378075515817093
1378075515817104
1378075515821381
1378075515821413
1378075515822318
1378075515837036
1378075515837187
1378075515837271
1378075515837396
1378075515837514
1378075515837636
1378075515837900
1378075515838012
1378075515838147
1378075515838486
1378075515838641
1378075515838888
1378075515838947
1378075515839079
1378075515839662
1378075515839785
1378075515843390
1378075515844142
1378075515848641
1378075515848685
1378075515849147
1378075515849165
1378075515849363
1378075515849376
1378075515849760
1378075515849773
1378075515852825
1378075515853537
1378075515857211
1378075515857326
1378075515857460
1378075515857599
1378075515857709
1378075515857997
1378075515858464
1378075515858611
1378075515858745
1378075515859274
1378075515859484
1378075515859496
1378075515860187
1378075515864096
1378075515864724
1378075515864829
1378075515868607
1378075515869544
1378075515869554
1378075515871917
1378075515874551
1378075515874566
1378075515874682
1378075515875417
1378075515875545
1378075515875553
1378075515875681
1378075515875689
1378075515875936
1378075515875953
1378075515876070
1378075515876123
1378075515876223
1378075515876241
1378075515876485
1378075515877383
1378075515877485
1378075515877579
1378075515877678
1378075515880318
1378075515880442
1378075515880461
1378075515880579
1378075515880811
1378075515880935
1378075515881109
1378075515881240
1378075515881343
1378075515881636
1378075515881784
1378075515881936
1378075515885939
1378075515886159
1378075515894198
1378075515976051
1378075515976063
1378075515993445
1378075516092524
1378075516093017
1378075516100079
1378075516100087
1378075516100210
1378075516111505
1378075516111700
1378075516111838
1378075516143745
1378075516161568
1378075516250113
1378075516250128
1378075516268906
1378075516268921
1378075516269018
1378075516269556
1378075516269656
1378075516269699
1378075516269821
1378075516269891
1378075516270266
1378075516270414
1378075516270555
1378075516273655
1378075516274112
1378075516279221
1378075516279244
1378075516279345
1378075516279351
1378075516279448
1378075516279453
1378075516279613
1378075516279618
1378075516283474
1378075516283483
1378075516283728
1378075516283736
1378075516283981
1378075516283989
1378075516284112
1378075516284120
1378075516284363
1378075516284371
1378075516284467
1378075516284475
1378075516284733
1378075516284741
1378075516284836
1378075516284880
1378075516285020
1378075516285024
1378075516285120
1378075516285124
1378075516285567
1378075516285575
1378075516285727
1378075516285732
1378075516287049
1378075516287253
1378075516287973
1378075516288250
1378075516288401
1378075516288530
1378075516289932
1378075516290031
1378075516290038
1378075516290306
1378075516290312
1378075516290698
1378075516290706
1378075516290955
1378075516290962
1378075516291208
1378075516291217
1378075516291343
1378075516291347
1378075516291444
1378075516291449
1378075516291594
1378075516291601
1378075516291699
1378075516291704
1378075516291825
1378075516291888
1378075516291987
1378075516291995
1378075516292121
1378075516292222
1378075516292228
1378075516292401
1378075516292461
1378075516292522
1378075516292562
1378075516292690
1378075516292808
1378075516292812
1378075516292933
1378075516293011
1378075516293084
1378075516293113
1378075516293213
1378075516293322
1378075516293358
1378075516293506
1378075516293510
1378075516293615
1378075516293644
1378075516295745
1378075516444863
1378075516444875
1378075516448529
1378075516488005
1378075516492361
1378075516494041
1378075516494051
1378075516560016
1378075516560489
1378075516600033
1378075516603588
1378075516617923
1378075516618891
1378075516635156
1378075516672114
1378075516694611
1378075516695268
1378075516732030
1378075516736238
1378075516736652
1378075516741455
1378075516741493
1378075516741604
1378075516741618
1378075516741827
1378075516741836
1378075516741933
1378075516741941
1378075516745608
1378075516745642
1378075516745723
1378075516745782
1378075516745934
1378075516745945
1378075516770242
1378075516790364
1378075516790386
1378075516790547
1378075516790552
1378075516790687
1378075516828087
1378075516916333
1378075516921240
1378075516921261
1378075516921364
1378075516968304
1378075516968327
1378075516968503
1378075516968518
1378075516968651
1378075516968902
1378075516968911
1378075517040027
1378075517063903
1378075517065902
1378075517069527
1378075517069553
1378075517069895
1378075517070370
1378075517071025
1378075517071141
1378075517073913
1378075517074758
1378075517075270
1378075517081587
1378075517081617
1378075517092902
1378075517093014
1378075517093971
1378075517094114
1378075517094256
1378075517098122
1378075517098842
1378075517099893
1378075517099909
1378075517103938
1378075517104061
1378075517104123
1378075517104231
1378075517104331
1378075517104426
1378075517104482
1378075517104578
1378075517105555
1378075517105958
1378075517108786
1378075517108820
1378075517110163
1378075517110190
1378075517110270
1378075517110297
1378075517110400
1378075517110425
1378075517110530
1378075517110534
1378075517110677
1378075517110682
1378075517110777
1378075517110781
1378075517111282
1378075517111307
1378075517111454
1378075517111654
1378075517114379
1378075517114495
1378075517114579
1378075517114676
1378075517115382
1378075517115492
1378075517115647
1378075517115748
1378075517115754
1378075517115991
1378075517116001
1378075517116118
1378075517116125
1378075517116221
1378075517116226
1378075517116521
1378075517116533
1378075517116768
1378075517116779
1378075517116875
1378075517116882
1378075517117231
1378075517117244
1378075517117376
1378075517117383
1378075517117481
1378075517117498
1378075517117651
1378075517117657
1378075517117792
1378075517117799
1378075517117922
1378075517117928
1378075517118171
1378075517118537
1378075517118646
1378075517120479
1378075517160584
1378075517160752
1378075517213255
1378075517214213
1378075517387882
1378075518449297
1378075518639159
1378075518680093
1378075518684040
1378075518684707
1378075518690437
1378075518690460
1378075518690561
1378075518690567
1378075518696360
1378075518702801
1378075518703705
1378075518708844
1378075518708860
1378075518709110
1378075518709118
1378075518709342
1378075518709349
1378075518709445
1378075518709451
1378075518709627
1378075518709634
1378075518709730
1378075518709737
1378075518709881
1378075518709888
1378075525472365
1378075525472738
1378075540544107
1378075540582089
1378075546040281
1378075546111707
1378075546112141
1378075546112150
1378075546196376
1378075555473102
1378075570543866
1378075576200720
1378075576272307
1378075576272694
1378075576272704
1378075576353742
1378075585474359
1378075600300397
1378075600304627
1378075600304847
1378075600304965
1378075600305121
1378075600305977
1378075600306108
1378075600306205
1378075600306885
1378075600306895
1378075600306987
1378075600307388
1378075600307604
1378075600307793
1378075600308390
1378075600308501
1378075600308811
1378075600308972
1378075600309254
1378075600309352
1378075600324431
1378075600324443
1378075600333860
1378075600395020
1378075600432061
