1377909259243754
1377909259254249
1377909259254537
1377909259265470
1377909259265901
1377909259266012
1377909259266092
1377909259266226
1377909259277947
1377909259278065
1377909259278124
1377909259278238
1377909259278245
1377909259278355
1377909259278379
1377909259278492
1377909259278507
1377909259367798
1377909259378221
1377909259378978
1377909259390208
1377909259390245
1377909259390259
1377909259426520
1377909259427283
1377909259438655
1377909259438695
1377909259438709
1377909259478575
1377909259479523
1377909259479768
1377909259490885
1377909259490923
1377909259491252
1377909259491949
1377909259503236
1377909259503278
1377909259503292
1377909259503468
1377909259503567
1377909259544383
1377909259545092
1377909259556442
1377909259556456
1377909259556466
1377909259556554
1377909259556734
1377909259556817
1377909259556901
1377909259556910
1377909259567230
1377909259567242
1377909259567461
1377909259567488
1377909259567612
1377909259567722
1377909259567739
1377909259567857
1377909259567991
1377909259568250
1377909259568358
1377909259568369
1377909259568518
1377909259568528
1377909259568900
1377909259568912
1377909259569083
1377909259569214
1377909259569349
1377909259569679
1377909259569771
1377909259579356
1377909259579370
1377909259579380
1377909259579716
1377909259579824
1377909259579835
1377909259579908
1377909259579972
1377909259579986
1377909259580256
1377909259580361
1377909259580370
1377909259580519
1377909259580526
1377909259581054
1377909259581066
1377909259581195
1377909259581203
1377909259581549
1377909259581559
1377909259581673
1377909259581748
1377909259582288
1377909259582299
1377909259582420
1377909259582437
1377909259582554
1377909259582563
1377909259582778
1377909259582857
1377909259590686
1377909259591466
1377909259602680
1377909259602694
1377909259602703
1377909259639874
1377909259640476
1377909259640702
1377909259651815
1377909259651825
1377909259652099
1377909259653279
1377909259653293
1377909259653464
1377909259664775
1377909259664789
1377909259665072
1377909259665408
1377909259665543
1377909259665603
1377909259665726
1377909259665795
1377909259666050
1377909259666098
1377909259666448
1377909259666556
1377909259666843
1377909259666943
1377909259667061
1377909259667257
1377909259667399
1377909259667566
1377909259677589
1377909259677608
1377909259677617
1377909259678522
1377909259678673
1377909259679325
1377909259679453
1377909259679472
1377909259679573
1377909259679772
1377909259679779
1377909259679932
1377909259680028
1377909259680103
1377909259688404
1377909259689047
1377909259699683
1377909259700512
1377909259700622
1377909259700764
1377909259700905
1377909259742563
1377909273572764
1377909273573458
1377909288572877
1377909288573161
1377909354510447
1377909354514325
1377909354514765
