1377988398892411
1377988398970279
1377988398970732
1377988399059449
1377988399061916
1377988399062025
1377988399062059
1377988399062166
1377988399102208
1377988399139859
1377988399140091
1377988399140194
1377988399140218
1377988399140321
1377988399140341
1377988399140447
1377988399140710
1377988399140821
1377988399140992
1377988399141350
1377988399141511
1377988399141619
1377988399141786
1377988399179771
1377988399180403
1377988399218127
1377988399219200
1377988399219811
1377988399219929
1377988399219952
1377988399220055
1377988399220077
1377988399220180
1377988399220208
1377988399220311
1377988399220330
1377988399220433
1377988399220697
1377988399220806
1377988399221206
1377988399221318
1377988399221453
1377988399221617
1377988399221726
1377988399221888
1377988399222313
1377988399222451
1377988399222603
1377988399222715
1377988399222737
1377988399222840
1377988399262721
1377988399298041
1377988399298217
1377988399298285
1377988399298388
1377988399298458
1377988399298568
1377988399298733
1377988399298877
1377988399299255
1377988399299523
1377988399299969
1377988399299989
1377988399300088
1377988399300099
1377988399300367
1377988399300408
1377988399300468
1377988399300651
1377988399300760
1377988399301148
1377988399301263
1377988399301523
1377988399301907
1377988399302277
1377988399302529
1377988399302645
1377988399302775
1377988399303207
1377988399303328
1377988399303349
1377988399303452
1377988399303475
1377988399303582
1377988399303590
1377988399303711
1377988399303740
1377988399303847
1377988399303958
1377988399304081
1377988399304108
1377988399304211
1377988399304320
1377988399304338
1377988399304442
1377988399304595
1377988399305361
1377988399306171
1377988399340255
1377988399340304
1377988399340362
1377988399340420
1377988399340500
1377988399340536
1377988399340688
1377988399340767
1377988399340817
1377988399344762
1377988399345464
1377988399346080
1377988399346110
1377988399346198
1377988399346224
1377988399346442
1377988399346473
1377988399346533
1377988399349846
1377988399350447
1377988399350566
1377988399350680
1377988399350782
1377988399350983
1377988399351087
1377988399351141
1377988399351245
1377988399352085
1377988399355638
1377988399355686
1377988399359404
1377988399360131
1377988399365458
1377988399365510
1377988399365563
1377988399365610
1377988399365702
1377988399365729
1377988399365851
1377988399366553
1377988399366976
1377988399367367
1377988399367484
1377988399369947
1377988399370181
1377988399370469
1377988399371261
1377988399371442
1377988399371631
1377988399371710
1377988399376581
1377988399376685
1377988399376732
1377988399376904
1377988399377023
1377988399377739
1377988399379360
1377988399379379
1377988399380335
1377988399380470
1377988399382499
1377988399382606
1377988399382675
1377988399382780
1377988399382875
1377988399382982
1377988399383670
1377988399384398
1377988399386989
1377988399387240
1377988399387349
1377988399387376
1377988399387482
1377988399387750
1377988399387859
1377988399389213
1377988399389335
1377988399390137
1377988399390251
1377988399390295
1377988399390456
1377988399390583
1377988399411368
1377988399417043
1377988399516370
1377988399522882
1377988399522925
1377988399522986
1377988399523035
1377988399523246
1377988399523354
1377988399523617
1377988399523723
1377988399523733
1377988399523866
1377988399524275
1377988399524432
1377988399524540
1377988399524744
1377988399528742
1377988399528977
1377988399529083
1377988399529103
1377988399529206
1377988399529226
1377988399529331
1377988399529601
1377988399529714
1377988399529876
1377988399530383
1377988399530635
1377988399530864
1377988399531006
1377988399531429
1377988399531525
1377988399531556
1377988399531670
1377988399531840
1377988399531972
1377988399532081
1377988399532211
1377988399532316
1377988399532336
1377988399532472
1377988399533751
1377988399533884
1377988399533999
1377988399534105
1377988399534576
1377988399534695
1377988399534853
1377988399534965
1377988399535466
1377988399535581
1377988399535600
1377988399535705
1377988399535995
1377988399536109
1377988399536279
1377988399536406
1377988399536532
1377988399536835
1377988399538300
1377988399538489
1377988399682084
1377988399687042
1377988399687119
1377988399687186
1377988399687283
1377988399687302
1377988399687405
1377988399687565
1377988399713654
1377988399717811
1377988399717841
1377988399722935
1377988399759583
1377988399760646
1377988399779067
1377988399779121
1377988399779164
1377988399779449
1377988399779489
1377988399796813
1377988399796997
1377988399797103
1377988399797229
1377988399797352
1377988399797600
1377988399798191
1377988399863428
1377988399874264
1377988399876726
1377988399878619
1377988399882186
1377988399882359
1377988399887825
1377988399965323
1377988400004075
1377988400007870
1377988400008201
1377988400012960
1377988400013140
1377988400013360
1377988400013491
1377988400149288
1377988400160386
1377988400160826
1377988400244105
1377988400244407
1377988400258330
1377988400341846
1377988400342020
1377988400344157
1377988400361945
1377988400398359
1377988400445949
1377988400446588
1377988400486011
1377988400489860
1377988400490266
1377988400495138
1377988400495360
1377988400495487
1377988400526229
1377988400530244
1377988400530551
1377988400532343
1377988400532892
1377988400534196
1377988400538666
1377988400619233
1377988400619791
1377988400658006
1377988400706433
1377988400712631
1377988400712741
1377988400717467
1377988400773036
1377988400788581
1377988400813262
1377988400813603
1377988400840613
1377988400879974
1377988400942032
1377988400954065
1377988400954798
1377988400967827
1377988400967870
1377988400972039
1377988400972724
1377988400977232
1377988400977282
1377988401015559
1377988401016253
1377988401044891
1377988401044941
1377988401045066
1377988401045080
1377988401057006
1377988401057717
1377988401068887
1377988401068934
1377988401107538
1377988401108265
1377988401115440
1377988401115486
1377988401140142
1377988401141046
1377988401153867
1377988401153916
1377988401157840
1377988401159639
1377988401160102
1377988401160156
1377988401166743
1377988401167146
1377988401167256
1377988401167330
1377988401167435
1377988401167623
1377988401167763
1377988401168419
1377988401176501
1377988401180078
1377988401181804
1377988401185238
1377988401185371
1377988401190251
1377988401190439
1377988401190557
1377988401190756
1377988401190893
1377988401200806
1377988401200911
1377988401239556
1377988401240076
1377988401245121
1377988401245175
1377988401245275
1377988401245289
1377988401245550
1377988401245593
1377988401245655
1377988401249144
1377988401287587
1377988401289499
1377988401289839
1377988401293463
1377988401293960
1377988401294767
1377988401295562
1377988401301247
1377988401301299
1377988401301345
1377988401301401
1377988401301510
1377988401301729
1377988401304826
1377988401304935
1377988401304976
1377988401305085
1377988401305259
1377988401315959
1377988401316052
1377988401316133
1377988401316317
1377988401316424
1377988401316556
1377988401316575
1377988401316680
1377988401316897
1377988401317173
1377988401317298
1377988401353954
1377988401354107
1377988401370673
1377988401370784
1377988401371665
1377988401371777
1377988401371785
1377988401372799
1377988401373015
1377988401373116
1377988401373212
1377988401373291
1377988401373577
1377988401373686
1377988401373866
1377988401374008
1377988401374095
1377988401374196
1377988401374283
1377988401374385
1377988401374720
1377988401374930
1377988401375042
1377988401376072
1377988401376195
1377988401376440
1377988401376549
1377988401376580
1377988401376689
1377988401376796
1377988401379565
1377988401380613
1377988401385597
1377988401385647
1377988401385754
1377988401385766
1377988401386018
1377988401386095
1377988401386125
1377988401388292
1377988401388426
1377988401388437
1377988401388689
1377988401389365
1377988401448877
1377988401449202
1377988401449314
1377988401449333
1377988401449438
1377988401449688
1377988401451322
1377988401451571
1377988401451825
1377988401451934
1377988401452222
1377988401452336
1377988401452728
1377988401452839
1377988401453024
1377988401453129
1377988401453839
1377988401454000
1377988401454111
1377988401454260
1377988401454397
1377988401454507
1377988401455178
1377988401455291
1377988401455549
1377988401455810
1377988401455919
1377988401455942
1377988401456048
1377988401456484
1377988401456633
1377988401456774
1377988401456909
1377988401457017
1377988401457032
1377988401457136
1377988401457293
1377988401457399
1377988401457422
1377988401457527
1377988401457551
1377988401457675
1377988401458010
1377988401458287
1377988401458439
1377988401464210
1377988401465553
1377988401501939
1377988401527371
1377988401527609
1377988401527719
1377988401527853
1377988401527966
1377988401528216
1377988401528334
1377988401528463
1377988401528722
1377988401529854
1377988401529874
1377988401529884
1377988401530101
1377988401530691
1377988401530836
1377988401531351
1377988401531506
1377988401531617
1377988401531624
1377988401531770
1377988401531878
1377988401531898
1377988401532001
1377988401532023
1377988401532127
1377988401532710
1377988401532860
1377988401533860
1377988401533987
1377988401534098
1377988401534203
1377988401534357
1377988401535084
1377988401535453
1377988401535562
1377988401535587
1377988401535692
1377988401535800
1377988401535961
1377988401536066
1377988401536332
1377988401536437
1377988401536467
1377988401536575
1377988401536965
1377988401537079
1377988401537336
1377988401537450
1377988401537715
1377988401537824
1377988401537850
1377988401537978
1377988401538225
1377988401538334
1377988401538595
1377988401538701
1377988401538732
1377988401538839
1377988401538970
1377988401538994
1377988401539097
1377988401539122
1377988401539233
1377988401539247
1377988401539350
1377988401539375
1377988401539477
1377988401539499
1377988401539601
1377988401539626
1377988401539735
1377988401541466
1377988401541603
1377988401541713
1377988401541729
1377988401541834
1377988401542012
1377988401542150
1377988401542256
1377988401542422
1377988401542558
1377988401542692
1377988401545462
1377988401546318
1377988401546431
1377988401546497
1377988401546649
1377988401547958
1377988401587578
1377988401588741
1377988401608069
1377988401608120
1377988401608316
1377988401608480
1377988401608567
1377988401608591
1377988401608696
1377988401612153
1377988401612400
1377988401612509
1377988401612528
1377988401612632
1377988401612651
1377988401612707
1377988401612775
1377988401613022
1377988401613137
1377988401613280
1377988401613657
1377988401613767
1377988401614017
1377988401614127
1377988401614518
1377988401614627
1377988401614651
1377988401614754
1377988401614907
1377988401615012
1377988401615032
1377988401615136
1377988401615390
1377988401615509
1377988401615641
1377988401615651
1377988401615779
1377988401615887
1377988401617090
1377988401617204
1377988401617221
1377988401617328
1377988401617583
1377988401617692
1377988401617717
1377988401617821
1377988401617837
1377988401617967
1377988401618221
1377988401618472
1377988401618582
1377988401618843
1377988401618987
1377988401619096
1377988401619270
1377988401619767
1377988401619877
1377988401619888
1377988401620148
1377988401620277
1377988401620530
1377988401620638
1377988401620669
1377988401620774
1377988401621031
1377988401621139
1377988401621415
1377988401621525
1377988401621803
1377988401621915
1377988401622186
1377988401622296
1377988401622320
1377988401622425
1377988401622586
1377988401622691
1377988401622707
1377988401622812
1377988401623351
1377988401623487
1377988401623598
1377988401623607
1377988401623756
1377988401623862
1377988401623892
1377988401623998
1377988401624180
1377988401624427
1377988401624535
1377988401624554
1377988401624661
1377988401624928
1377988401625284
1377988401625394
1377988401625549
1377988401625660
1377988401625755
1377988401625932
1377988401626043
1377988401626068
1377988401626172
1377988401626189
1377988401626294
1377988401626968
1377988401627078
1377988401627099
1377988401627203
1377988401627362
1377988401627471
1377988401627492
1377988401627598
1377988401627604
1377988401652034
1377988401652159
1377988401652166
1377988401652270
1377988401652423
1377988401652541
1377988401655361
1377988401665411
1377988401665520
1377988401665592
1377988401665661
1377988401665699
1377988401685953
1377988401687178
1377988401690835
1377988401690888
1377988401690947
1377988401690994
1377988401700476
1377988401700715
1377988401700827
1377988401700960
1377988401701066
1377988401701324
1377988401701429
1377988401701456
1377988401701559
1377988401701730
1377988401701884
1377988401701995
1377988401702375
1377988401702490
1377988401703191
1377988401703554
1377988401703668
1377988401703687
1377988401703791
1377988401703813
1377988401703919
1377988401704053
1377988401704159
1377988401704428
1377988401705545
1377988401705651
1377988401705678
1377988401705783
1377988401705912
1377988401706163
1377988401706270
1377988401706551
1377988401706812
1377988401707208
1377988401707349
1377988401707502
1377988401707608
1377988401707615
1377988401707764
1377988401708220
1377988401708340
1377988401708673
1377988401709737
1377988401713400
1377988401713454
1377988401717563
1377988401738579
1377988401738632
1377988401739280
1377988401739571
1377988401739682
1377988401739693
1377988401741039
1377988401741154
1377988401741516
1377988401742080
1377988401742242
1377988401742351
1377988401743979
1377988401744896
1377988401745299
1377988401745320
1377988401745450
1377988401745460
1377988401745705
1377988401745812
1377988401748976
1377988401749573
1377988401751444
1377988401751630
1377988401751641
1377988401751747
1377988401751762
1377988401751893
1377988401751997
1377988401752024
1377988401752127
1377988401752146
1377988401752249
1377988401752270
1377988401754355
1377988401757149
1377988401757196
1377988401757258
1377988401757296
1377988401757566
1377988401757615
1377988401757670
1377988401757779
1377988401757885
1377988401757891
1377988401758161
1377988401758420
1377988401758928
1377988401759038
1377988401759440
1377988401759689
1377988401759936
1377988401760693
1377988401760804
1377988401761058
1377988401761166
1377988401761186
1377988401761288
1377988401761316
1377988401761418
1377988401761437
1377988401761540
1377988401761562
1377988401761664
1377988401761683
1377988401761786
1377988401762066
1377988401762091
1377988401762196
1377988401765606
1377988401765769
1377988401765780
1377988401765883
1377988401765890
1377988401766047
1377988401766156
1377988401766322
1377988401766429
1377988401766570
1377988401766681
1377988401766786
1377988401766939
1377988401767045
1377988401767697
1377988401768193
1377988401768332
1377988401768758
1377988401768857
1377988401769085
1377988401769578
1377988401769690
1377988401769825
1377988401769970
1377988401772102
1377988401772211
1377988401772267
1377988401772375
1377988401772996
1377988401773105
1377988401773381
1377988401774026
1377988401774781
1377988401774890
1377988401775076
1377988401775208
1377988401777868
1377988401781777
1377988401781802
1377988401782081
1377988401783340
1377988401783955
1377988401784318
1377988401784591
1377988401784698
1377988401784762
1377988401784867
1377988401785175
1377988401786505
1377988401786541
1377988401786552
1377988401786753
1377988401786871
1377988401787012
1377988401790233
1377988401790253
1377988401792223
1377988401792329
1377988401792348
1377988401792607
1377988401792752
1377988401812596
1377988401812722
1377988401812777
1377988401812880
1377988401815433
1377988401815453
1377988401815814
1377988401815927
1377988401816192
1377988401816302
1377988401816793
1377988401816906
1377988401817167
1377988401817834
1377988401818058
1377988401818164
1377988401818194
1377988401818301
1377988401818459
1377988401818566
1377988401818586
1377988401818697
1377988401819094
1377988401819250
1377988401819381
1377988401819493
1377988401827186
1377988401828119
1377988401837083
1377988401837128
1377988401847251
1377988401848223
1377988401848340
1377988401848536
1377988401848642
1377988401849041
1377988401849149
1377988401849410
1377988401849522
1377988401849697
1377988401849806
1377988401850224
1377988401850339
1377988401850473
1377988401850579
1377988401850760
1377988401851831
1377988401855510
1377988401855564
1377988401856002
1377988401886698
1377988401886879
1377988401886891
1377988401887113
1377988401889697
1377988401889937
1377988401890043
1377988401891489
1377988401891663
1377988401891889
1377988401891998
1377988401892689
1377988401892942
1377988401893054
1377988401893292
1377988401893401
1377988401893421
1377988401893525
1377988401893804
1377988401894060
1377988401894306
1377988401894417
1377988401894577
1377988401894768
1377988401894935
1377988401895041
1377988401895199
1377988401895341
1377988401927135
1377988401927263
1377988401927320
1377988401927465
1377988401927580
1377988401928337
1377988401928513
1377988401928903
1377988401929028
1377988401929148
1377988401929414
1377988401932000
1377988401932051
1377988401933772
1377988401973894
1377988401989229
1377988401989917
1377988402006063
1377988402006105
1377988402006429
1377988402006501
1377988402006548
1377988402006572
1377988402006683
1377988402006819
1377988402006938
1377988402007043
1377988402007200
1377988402007307
1377988402007332
1377988402007487
1377988402007591
1377988402009030
1377988402009166
1377988402009283
1377988402009409
1377988402009526
1377988402009632
1377988402009658
1377988402009761
1377988402009782
1377988402009914
1377988402010018
1377988402010150
1377988402010253
1377988402010276
1377988402010379
1377988402010398
1377988402010501
1377988402010523
1377988402011289
1377988402018146
1377988402019289
1377988402019306
1377988402019643
1377988402024841
1377988402025082
1377988402025242
1377988402025439
1377988402025546
1377988402025943
1377988402026948
1377988402026962
1377988402027244
1377988402031711
1377988402032733
1377988402032888
1377988402033114
1377988402033306
1377988402033529
1377988402033637
1377988402036836
1377988402037097
1377988402037208
1377988402037322
1377988402037428
1377988402037637
1377988402037758
1377988402038285
1377988402038399
1377988402038729
1377988402039371
1377988402039398
1377988402039526
1377988402039976
1377988402040011
1377988402040084
1377988402041623
1377988402041732
1377988402042906
1377988402043031
1377988402043142
1377988402043460
1377988402043570
1377988402043581
1377988402043685
1377988402043705
1377988402043809
1377988402043828
1377988402043932
1377988402043951
1377988402044079
1377988402044212
1377988402045941
1377988402046192
1377988402046443
1377988402046555
1377988402046690
1377988402047085
1377988402047255
1377988402047359
1377988402047965
1377988402048074
1377988402048084
1377988402048240
1377988402048405
1377988402050812
1377988402051248
1377988402051288
1377988402051311
1377988402051387
1377988402051405
1377988402051678
1377988402052276
1377988402052443
1377988402052920
1377988402053035
1377988402053754
1377988402085469
1377988402085580
1377988402085625
1377988402085831
1377988402085945
1377988402086206
1377988402086313
1377988402086338
1377988402086444
1377988402086554
1377988402086621
1377988402086906
1377988402086924
1377988402086949
1377988402087012
1377988402087234
1377988402087444
1377988402087531
1377988402087556
1377988402087662
1377988402088227
1377988402088463
1377988402088702
1377988402089446
1377988402089555
1377988402089576
1377988402089683
1377988402089947
1377988402090096
1377988402090200
1377988402090219
1377988402090325
1377988402090438
1377988402090591
1377988402090776
1377988402090886
1377988402091017
1377988402091204
1377988402091309
1377988402115560
1377988402128773
1377988402128818
1377988402132853
1377988402140703
1377988402141598
1377988402154733
1377988402154783
1377988402165685
1377988402166433
1377988402179811
1377988402179830
1377988402190916
1377988402191896
1377988402205086
1377988402205152
1377988402207205
1377988402247538
1377988402248394
1377988402278661
1377988402278684
1377988402315586
1377988402317001
1377988402317018
1377988402317546
1377988402322729
1377988402322984
1377988402323092
1377988402323348
1377988402323456
1377988402323669
1377988402323914
1377988402324028
1377988402324638
1377988402324747
1377988402363583
1377988402364698
1377988402364712
1377988402370988
1377988402381265
1377988402419564
1377988402420151
1377988402428614
1377988402428674
1377988402431175
1377988402442965
1377988402443114
1377988402481679
1377988402491949
1377988402492460
1377988402500793
1377988402513283
1377988402513864
1377988402519661
1377988402530186
1377988402536957
1377988402537290
1377988402573852
1377988402587648
1377988402600743
1377988402600868
1377988402675303
1377988402676948
1377988402713837
1377988402752125
1377988402752319
1377988402791554
1377988402796189
1377988402806972
1377988402807019
1377988402813853
1377988402885584
1377988402886445
1377988402903650
1377988402904749
1377988402915949
1377988402953818
1377988402958223
1377988402959306
1377988402963575
1377988402963603
1377988402966803
1377988402966910
1377988403003534
1377988403032959
1377988403033000
1377988403044551
1377988403047694
1377988403047721
1377988403051917
1377988403063944
1377988403064062
1377988403064085
1377988403064192
1377988403064355
1377988403064996
1377988403075861
1377988403076090
1377988403076220
1377988403115563
1377988403123883
1377988403124042
1377988403126604
1377988403127468
1377988403144578
1377988403145924
1377988403163638
1377988403163839
1377988403210027
1377988403217790
1377988403236248
1377988403242144
1377988403242388
1377988403242494
1377988403242513
1377988403242617
1377988403242724
1377988403242935
1377988403243067
1377988403243199
1377988403243590
1377988403283558
1377988403292351
1377988403293291
1377988403317544
1377988403317569
1377988403317644
1377988403317675
1377988403317938
1377988403318048
1377988403318180
1377988403318309
1377988403318414
1377988403319019
1377988403320019
1377988403320181
1377988403320287
1377988403320448
1377988403320611
1377988403320750
1377988403320884
1377988403320989
1377988403321635
1377988403321747
1377988403321758
1377988403321897
1377988403359578
1377988403360415
1377988403370897
1377988403386640
1377988403386800
1377988403425775
1377988403426086
1377988403446007
1377988403446057
1377988403462635
1377988403464314
1377988403464425
1377988403464445
1377988403464554
1377988403464568
1377988403464673
1377988403464806
1377988403464912
1377988403466860
1377988403466969
1377988403466988
1377988403467094
1377988403467229
1377988403475476
1377988403476442
1377988403479920
1377988403479959
1377988403497320
1377988403500581
1377988403500635
1377988403503525
1377988403505881
1377988403506007
1377988403506116
1377988403506227
1377988403530529
1377988403536089
1377988403536337
1377988403536577
1377988403536687
1377988403536951
1377988403537063
1377988403537198
1377988403537333
1377988403537596
1377988403537864
1377988403537973
1377988403538174
1377988403538552
1377988403538666
1377988403538895
1377988403539133
1377988403539239
1377988403539518
1377988403539987
1377988403540175
1377988403540352
1377988403540447
1377988403540477
1377988403540624
1377988403540756
1377988403540816
1377988403540922
1377988403541060
1377988403541166
1377988403542226
1377988403542993
1377988403543153
1377988403543284
1377988403543396
1377988403543570
1377988403543706
1377988403543768
1377988403543875
1377988403543902
1377988403544007
1377988403544151
1377988403546347
1377988403546506
1377988403561629
1377988403578782
1377988403584695
1377988403584736
1377988403584949
1377988403585046
1377988403585062
1377988403585187
1377988403585293
1377988403585564
1377988403585673
1377988403585838
1377988403586248
1377988403586416
1377988403586565
1377988403586690
1377988403587342
1377988403587455
1377988403589284
1377988403589406
1377988403589468
1377988403589579
1377988403590485
1377988403590611
1377988403590853
1377988403590959
1377988403591175
1377988403591307
1377988403591431
1377988403591817
1377988403591968
1377988403614925
1377988403615031
1377988403615071
1377988403615179
1377988403615284
1377988403645954
1377988403665368
1377988403670456
1377988403670818
1377988403670854
1377988403670949
1377988403671081
1377988403671188
1377988403671441
1377988403671611
1377988403671723
1377988403672177
1377988403672339
1377988403675988
1377988403676104
1377988403676115
1377988403676363
1377988403676471
1377988403676735
1377988403676840
1377988403676863
1377988403676969
1377988403677330
1377988403677495
1377988403677642
1377988403689868
1377988403689987
1377988403689998
1377988403690253
1377988403690362
1377988403690380
1377988403690483
1377988403690511
1377988403690618
1377988403691008
1377988403691120
1377988403691288
1377988403691399
1377988403741479
1377988403753594
1377988403758417
1377988403758437
1377988403758673
1377988403758919
1377988403759034
1377988403759290
1377988403759402
1377988403759550
1377988403759563
1377988403759986
1377988403760129
1377988403760246
1377988403764991
1377988403765105
1377988403765113
1377988403765243
1377988403765353
1377988403765487
1377988403765597
1377988403765743
1377988403765851
1377988403765957
1377988403765980
1377988403766103
1377988403766122
1377988403766226
1377988403766372
1377988403766458
1377988403766582
1377988403766627
1377988403766715
1377988403766737
1377988403766847
1377988403767444
1377988403767557
1377988403767589
1377988403767730
1377988403811949
1377988403847473
1377988403859427
1377988403859476
1377988403923935
1377988403926007
1377988403937047
1377988403937141
1377988403950416
1377988403950473
1377988403963953
1377988403973765
1377988404040272
1377988404047956
1377988404048932
1377988404050059
1377988404056628
1377988404061750
1377988404071515
1377988404071639
1377988404111588
1377988404112293
1377988404114949
1377988404119059
1377988404130721
1377988404130744
1377988404130831
1377988404130966
1377988404131143
1377988404132601
1377988404148338
1377988404259271
1377988404264904
1377988404322062
1377988404324467
1377988404387737
1377988404393798
1377988404398154
1377988404398593
1377988404404314
1377988404404487
1377988404422165
1377988404422278
1377988404437173
1377988404454262
1377988404454318
1377988404465582
1377988404505656
1377988404509734
1377988404511263
1377988404511493
1377988404511611
1377988404511618
1377988404511725
1377988404511832
1377988404512108
1377988404512218
1377988404512369
1377988404512778
1377988404512923
1377988404516606
1377988404516845
1377988404517089
1377988404517198
1377988404517216
1377988404517329
1377988404517464
1377988404517860
1377988404517996
1377988404519017
1377988404519168
1377988404580434
1377988404585500
1377988404586250
1377988404604316
1377988404641677
1377988404653474
1377988404654122
1377988404664272
1377988404668148
1377988404668296
1377988404672595
1377988404750300
1377988404750393
1377988404750449
1377988404750557
1377988404750695
1377988404795096
1377988404816561
1377988404816575
1377988404821324
1377988404821653
1377988404825547
1377988404827108
1377988404831923
1377988404831975
1377988404869600
1377988404869653
1377988404873451
1377988404897154
1377988404897212
1377988404897291
1377988404897323
1377988404897529
1377988404897686
1377988404900246
1377988404901537
1377988404902562
1377988404902674
1377988404902692
1377988404902825
1377988404902966
1377988404916197
1377988404916310
1377988404948828
1377988404949513
1377988404983135
1377988404983187
1377988405059871
1377988405060591
1377988405060603
1377988405142346
1377988405222623
1377988405226419
1377988405227155
1377988405227170
1377988405231291
1377988405231341
1377988405239095
1377988405306642
1377988405307969
1377988405307984
1377988405311583
1377988405314166
1377988405314368
1377988405314492
1377988405317838
1377988405318016
1377988405319874
1377988405320485
1377988405320757
1377988405320882
1377988405325765
1377988405325877
1377988405326014
1377988405326122
1377988405332730
1377988405332745
1377988405340157
1377988405340187
1377988405344139
1377988405344686
1377988405344851
1377988405385085
1377988405386854
1377988405422746
1377988405422886
1377988405423547
1377988405427810
1377988405433853
1377988405433874
1377988405437971
1377988405442878
1377988405442906
1377988405443063
1377988405445392
1377988405448816
1377988405448962
1377988405448974
1377988405449132
1377988405463758
1377988405469893
1377988405469993
1377988405470043
1377988405470141
1377988405470182
1377988405470274
1377988405470306
1377988405520715
1377988405559608
1377988405688377
1377988405725599
1377988405729477
1377988405766679
1377988405803553
1377988405804576
1377988405808313
1377988405808354
1377988405880201
1377988405919551
1377988405920197
1377988405995694
1377988407565608
1377988407569340
1377988407569939
1377988407575510
1377988407575637
1377988407575646
1377988407575846
1377988407575969
1377988407577038
1377988407578882
1377988413143602
1377988413144017
1377988413144456
1377988413183565
1377988413184211
1377988428143751
1377988428143907
1377988428144418
1377988443144351
1377988443144927
1377988473144755
1377988473145312
1377988488039691
1377988488043468
1377988488043526
1377988488045672
1377988488047991
1377988488048330
1377988488050681
1377988488050805
