1378065898634956
1378065898662340
1378065898662723
1378065898697306
1378065898697481
1378065898697494
1378065898725040
1378065898725573
1378065898829796
1378065898850343
1378065898851493
1378065898872049
1378065898872107
1378065898872181
1378065898872462
1378065898872521
1378065898892159
1378065898892254
1378065898892389
1378065898892505
1378065898893059
1378065898893464
1378065898893632
1378065898893762
1378065898894057
1378065898894166
1378065898896282
1378065898897053
1378065898912170
1378065898912223
1378065898912396
1378065898912557
1378065898913053
1378065898913313
1378065898913447
1378065898914320
1378065898914445
1378065898914556
1378065898914682
1378065898914954
1378065898915103
1378065898915208
1378065898915340
1378065898915447
1378065898915583
1378065898915700
1378065898921867
1378065898922004
1378065898922023
1378065898922186
1378065898932256
1378065898932493
1378065898932602
1378065898932733
1378065898932824
1378065898932960
1378065898934137
1378065898934381
1378065898934621
1378065898934732
1378065898934854
1378065898934975
1378065898935080
1378065898935594
1378065898935838
1378065898936087
1378065898936330
1378065898936440
1378065898936567
1378065898936679
1378065898936789
1378065898936944
1378065898937054
1378065898937316
1378065898937483
1378065898937587
1378065898939509
1378065898962903
1378065898962966
1378065898963366
1378065898999577
1378065899000487
1378065899026786
1378065899026859
1378065899027036
1378065899027205
1378065899052411
1378065899053657
1378065899077435
1378065899077481
1378065899100204
1378065899100958
1378065899126256
1378065899126274
1378065899126394
1378065899126405
1378065899126622
1378065899163575
1378065899164369
1378065899192489
1378065899192541
1378065899231576
1378065899232346
1378065899256355
1378065899256405
1378065899282321
1378065899283120
1378065899308576
1378065899308618
1378065899332504
1378065899333394
1378065899358825
1378065899358877
1378065899370999
1378065899371883
1378065899385643
1378065899385695
1378065899396185
1378065899466308
1378065899467189
1378065899505087
1378065899542581
1378065899543235
1378065899583600
1378065899727287
1378065899765057
1378065899803093
1378065899805117
1378065899805134
1378065899813071
1378065899813129
1378065899824965
1378065899826681
1378065899829000
1378065899829039
1378065899829141
1378065899829152
1378065899829405
1378065899830295
1378065899830407
1378065899831283
1378065899831396
1378065899831430
1378065899831535
1378065899831542
1378065899831664
1378065899831740
1378065899831843
1378065899839246
1378065899839386
1378065899851613
1378065899851754
1378065899854939
1378065899855075
1378065899858120
1378065899858132
1378065899881742
1378065899881794
1378065899883293
1378065899883332
1378065899883550
1378065899883662
1378065899883669
1378065899883912
1378065899884026
1378065899884169
1378065899884297
1378065899885505
1378065899886190
1378065899897652
1378065899899226
1378065899899242
1378065899905948
1378065899906010
1378065899908471
1378065899908575
1378065899908617
1378065899908721
1378065899908825
1378065899909019
1378065899909131
1378065899909436
1378065899909575
1378065899909703
1378065899922795
1378065899922934
1378065899922954
1378065899924133
1378065899924516
1378065899924644
1378065899924701
1378065899924805
1378065899925063
1378065899925175
1378065899925293
1378065899925373
1378065899925547
1378065899925600
1378065899925792
1378065899932994
1378065899933088
1378065899933134
1378065899933190
1378065899933261
1378065899933455
1378065899933562
1378065899933696
1378065899933784
1378065899934098
1378065899934144
1378065899936022
1378065899952020
1378065899952112
1378065899952253
1378065899952483
1378065899953699
1378065899953809
1378065899953829
1378065899953933
1378065899953955
1378065899954058
1378065899954081
1378065899954187
1378065899954208
1378065899954313
1378065899967608
1378065899967723
1378065899967734
1378065899967839
1378065899967948
1378065899968103
1378065899968210
1378065899968347
1378065899968446
1378065899968466
1378065899968571
1378065899978100
1378065899978344
1378065899978453
1378065899978588
1378065899978696
1378065899979763
1378065899980333
1378065899982468
1378065899990650
1378065899990763
1378065899990894
1378065899990996
1378065899991089
1378065899991200
1378065899991544
1378065899991658
1378065899991677
1378065899991800
1378065899992163
1378065899992279
1378065899992299
1378065899992405
1378065899992539
1378065899992666
1378065899992926
1378065899993764
1378065899993876
1378065899994135
1378065899994240
1378065899994263
1378065899994367
1378065899994390
1378065899994516
1378065899994608
1378065899994635
1378065899994742
1378065899994881
1378065899994985
1378065899995279
1378065899995385
1378065900009820
1378065900016915
1378065900017031
1378065900017041
1378065900017277
1378065900017382
1378065900017405
1378065900017509
1378065900017528
1378065900017633
1378065900017981
1378065900018088
1378065900018356
1378065900018619
1378065900018729
1378065900018983
1378065900019237
1378065900019344
1378065900019367
1378065900019471
1378065900019632
1378065900019742
1378065900019921
1378065900020027
1378065900020195
1378065900020304
1378065900020357
1378065900021470
1378065900021886
1378065900034817
1378065900040918
1378065900041030
1378065900041041
1378065900041305
1378065900041412
1378065900041429
1378065900041535
1378065900041644
1378065900041891
1378065900042057
1378065900042167
1378065900043170
1378065900043438
1378065900043536
1378065900043555
1378065900043667
1378065900043772
1378065900043795
1378065900043918
1378065900044027
1378065900044041
1378065900044148
1378065900044280
1378065900044566
1378065900044679
1378065900044839
1378065900044943
1378065900045095
1378065900045333
1378065900045428
1378065900045460
1378065900045566
1378065900045671
1378065900045846
1378065900045956
1378065900046305
1378065900046453
1378065900046557
1378065900046579
1378065900046684
1378065900046699
1378065900046833
1378065900047012
1378065900064083
1378065900064878
1378065900064990
1378065900065143
1378065900065247
1378065900065271
1378065900065378
1378065900065611
1378065900065716
1378065900066118
1378065900066227
1378065900066516
1378065900067758
1378065900068005
1378065900068268
1378065900068377
1378065900068631
1378065900068741
1378065900069002
1378065900069112
1378065900069134
1378065900069258
1378065900069367
1378065900069760
1378065900069869
1378065900069889
1378065900069994
1378065900070263
1378065900070499
1378065900070585
1378065900070633
1378065900070742
1378065900070875
1378065900071189
1378065900071299
1378065900071481
1378065900088886
1378065900088999
1378065900089010
1378065900089252
1378065900089360
1378065900089500
1378065900089572
1378065900089617
1378065900089878
1378065900089988
1378065900090254
1378065900090634
1378065900090744
1378065900091004
1378065900091114
1378065900091335
1378065900091444
1378065900091463
1378065900091567
1378065900091578
1378065900091714
1378065900091821
1378065900091842
1378065900091973
1378065900092085
1378065900092238
1378065900093265
1378065900093514
1378065900093625
1378065900093763
1378065900093871
1378065900094009
1378065900094116
1378065900094257
1378065900094364
1378065900094504
1378065900094776
1378065900095029
1378065900095139
1378065900095345
1378065900095474
1378065900095728
1378065900095984
1378065900096233
1378065900096341
1378065900096606
1378065900096716
1378065900096980
1378065900097122
1378065900097231
1378065900097481
1378065900097588
1378065900097615
1378065900097719
1378065900097884
1378065900097994
1378065900098134
1378065900098241
1378065900098258
1378065900098363
1378065900098559
1378065900098666
1378065900098697
1378065900098804
1378065900098935
1378065900099042
1378065900099209
1378065900099319
1378065900099430
1378065900099449
1378065900099576
1378065900099586
1378065900099689
1378065900112862
1378065900113108
1378065900113217
1378065900113356
1378065900113466
1378065900113653
1378065900115859
1378065900115968
1378065900115978
1378065900116143
1378065900116226
1378065900116370
1378065900116481
1378065900116589
1378065900116857
1378065900117109
1378065900117342
1378065900117450
1378065900117592
1378065900117700
1378065900118060
1378065900118168
1378065900118192
1378065900118294
1378065900119741
1378065900119997
1378065900120239
1378065900120349
1378065900120614
1378065900120722
1378065900120745
1378065900120848
1378065900121250
1378065900121499
1378065900121605
1378065900121624
1378065900121730
1378065900121995
1378065900122103
1378065900122127
1378065900122230
1378065900122501
1378065900122608
1378065900122632
1378065900122736
1378065900122755
1378065900122880
1378065900123042
1378065900123150
1378065900123285
1378065900123467
1378065900123577
1378065900123587
1378065900123690
1378065900124090
1378065900124198
1378065900124460
1378065900124717
1378065900124826
1378065900125097
1378065900125291
1378065900125449
1378065900125558
1378065900125720
1378065900125827
1378065900125988
1378065900126096
1378065900126232
1378065900126341
1378065900126765
1378065900126873
1378065900126894
1378065900126998
1378065900127016
1378065900127120
1378065900127293
1378065900136729
1378065900136976
1378065900137223
1378065900137331
1378065900137350
1378065900137454
1378065900137474
1378065900137599
1378065900137711
1378065900137976
1378065900138228
1378065900138461
1378065900138547
1378065900138595
1378065900138702
1378065900138811
1378065900138831
1378065900138898
1378065900139175
1378065900139286
1378065900139311
1378065900139461
1378065900432513
1378065900483916
1378065900740183
1378065900740729
1378065900744059
1378065900753994
1378065900769051
1378065900769756
1378065900779254
1378065900779302
1378065900779360
1378065900779433
1378065900793417
1378065900794163
1378065900798891
1378065900835587
1378065900996622
1378065901013945
1378065901014642
1378065901052946
1378065901053043
1378065901091566
1378065901092364
1378065901099119
1378065901099148
1378065901116093
1378065901116913
1378065901156751
1378065901156789
1378065901160848
1378065901161498
1378065901167238
1378065901191760
1378065901268932
1378065901269662
1378065901270009
1378065901292946
1378065901293718
1378065901304951
1378065901331599
1378065901352140
1378065901352250
1378065901406012
1378065901441369
1378065901459286
1378065901459341
1378065901464361
1378065901464417
1378065901464520
1378065901464531
1378065901464666
1378065901468584
1378065901468716
1378065901478972
1378065901482949
1378065901483166
1378065901483300
1378065901519544
1378065901520126
1378065901525864
1378065901530090
1378065901535528
1378065901545401
1378065901558333
1378065901558382
1378065901558441
1378065901558540
1378065901559822
1378065901599601
1378065901600382
1378065901624984
1378065901625182
1378065901629840
1378065901667301
1378065901667320
1378065901740537
1378065901741699
1378065901741997
1378065901769301
1378065901770044
1378065901798328
1378065901798391
1378065901798494
1378065901798507
1378065901818884
1378065901819443
1378065901819558
1378065901826192
1378065901826282
1378065901826347
1378065901826475
1378065901826611
1378065901827508
1378065901853836
1378065901853966
1378065901853990
1378065901854202
1378065901854318
1378065901854522
1378065901855058
1378065901855986
1378065901856132
1378065901856140
1378065901862796
1378065901881551
1378065901881610
1378065901881714
1378065901881725
1378065901882247
1378065901882637
1378065901882748
1378065901883080
1378065901883189
1378065901883480
1378065901883588
1378065901883597
1378065901883844
1378065901883953
1378065901884089
1378065901884195
1378065901884733
1378065901884899
1378065901885005
1378065901894864
1378065901895052
1378065901901122
1378065901909447
1378065901909695
1378065901910312
1378065901912766
1378065901912862
1378065901912909
1378065901913017
1378065901913162
1378065901913295
1378065901913401
1378065901913531
1378065901940673
1378065901940851
1378065901940862
1378065901941120
1378065901941227
1378065901941491
1378065901941598
1378065901941626
1378065901941785
1378065901942165
1378065901942462
1378065901942570
1378065901942996
1378065901958539
1378065901968966
1378065901969100
1378065901969191
1378065901969329
1378065901970011
1378065902096499
1378065902206301
1378065902211694
1378065902237445
1378065902237546
1378065902237597
1378065902237709
1378065902237813
1378065902260974
1378065912954752
1378065912955194
1378065912955899
1378065927955497
1378065927956048
1378065927966669
1378065929963522
1378065942956417
1378065942957392
1378065987776298
1378065987788561
1378065987794102
1378065987795097
1378065987795492
1378065987796015
1378065987799374
1378065987800038
1378065987851874
1378065987854971
1378065987860588
1378065987878571
1378065987915559
