1378123976594310
1378123976598178
1378123976598498
1378123976605527
1378123976605698
1378123976605773
1378123976605888
1378123976605987
1378123976609670
1378123976609795
1378123976609803
1378123976610033
1378123976610042
1378123976610140
1378123976610160
1378123976610285
1378123976610290
1378123976610387
1378123976610395
1378123976610631
1378123976610640
1378123976610762
1378123976610769
1378123976614179
1378123976614189
1378123976614331
1378123976660237
1378123976663997
1378123976664618
1378123976669647
1378123976669678
1378123976669689
1378123976669985
1378123976670092
1378123976670108
1378123976670227
1378123976670236
1378123976674019
1378123976674030
1378123976674274
1378123976674281
1378123976674400
1378123976674415
1378123976674511
1378123976674520
1378123976674922
1378123976674932
1378123976675067
1378123976675072
1378123976675708
1378123976675719
1378123976675750
1378123976675842
1378123976675846
1378123976676003
1378123976676010
1378123976676107
1378123976676113
1378123976676249
1378123976676273
1378123976676334
1378123976676393
1378123976676398
1378123976678884
1378123976678910
1378123976679109
1378123976679115
1378123976680828
1378123976682745
1378123976682886
1378123976682954
1378123976695854
1378123976695889
1378123976695961
1378123976695995
1378123976696154
1378123976734552
1378123976735814
1378123976756404
1378123976756443
1378123976756572
1378123976756799
1378123976756901
1378123976760528
1378123976760886
1378123976765623
1378123976765645
1378123976765809
1378123976765817
1378123976766004
1378123976766013
1378123976766134
1378123976766138
1378123976767175
1378123976769924
1378123976769946
1378123976770049
1378123976770060
1378123976770159
1378123976770171
1378123976770419
1378123976770433
1378123976770539
1378123976770549
1378123976770689
1378123976770702
1378123976770802
1378123976770812
1378123976771225
1378123976771236
1378123976771360
1378123976771368
1378123976771548
1378123976771558
1378123976771987
1378123976772471
1378123976776633
1378123976776655
1378123976776751
1378123976776978
1378123976777077
1378123976777483
1378123976777617
1378123976778127
1378123976778264
1378123976778584
1378123976778719
1378123976781097
1378123976781580
1378123976784693
1378123976784716
1378123976784726
1378123976785047
1378123976785184
1378123976796933
1378123976797045
1378123976797119
1378123976797280
1378123976797670
1378123976797949
1378123976798205
1378123976798257
1378123976798306
1378123976798437
1378123976798445
1378123976798713
1378123976798848
1378123976798949
1378123976799095
1378123976799197
1378123976799204
1378123976802832
1378123976803770
1378123976808563
1378123976808576
1378123976808585
1378123976838686
1378123976838844
1378123976839638
1378123976846827
1378123976846855
1378123976846868
1378123976887085
1378123976887888
1378123976888127
1378123976892588
1378123976892597
1378123976892750
1378123976893272
1378123976898026
1378123976898036
1378123976898044
1378123976898355
1378123976898483
1378123976938506
1378123976939057
1378123976943901
1378123976943925
1378123976943935
1378123976984090
1378123976984780
1378123976984996
1378123976988798
1378123976989702
1378123976989721
1378123976989853
1378123976994288
1378123976994768
1378123976994782
1378123976995018
1378123976995027
1378123977011438
1378123977011895
1378123977016182
1378123977016196
1378123977021493
1378123977021506
1378123977021740
1378123977021748
1378123977021992
1378123977022000
1378123977022098
1378123977022106
1378123977022352
1378123977022361
1378123977022495
1378123977022500
1378123977022808
1378123977022817
1378123977023201
1378123977023209
1378123977023328
1378123977023337
1378123977023459
1378123977023463
1378123977026923
1378123977026933
1378123977027067
1378123977027073
1378123977027171
1378123977027176
1378123977027466
1378123977027474
1378123977027720
1378123977027728
1378123977028098
1378123977028106
1378123977028248
1378123977028256
1378123977028353
1378123977028361
1378123977028516
1378123977028524
1378123977028979
1378123977028987
1378123977029108
1378123977029117
1378123977029236
1378123977029243
1378123977029388
1378123977030979
1378123977031119
1378123977031125
1378123977031224
1378123977031373
1378123977032170
1378123977048120
1378123977048133
1378123977048614
1378123977048946
1378123977049075
1378123977049203
1378123977049310
1378123977049681
1378123977049849
1378123977049975
1378123977090508
1378123977091009
1378123977097173
1378123977100656
1378123977105574
1378123977105586
1378123977105594
1378123977110754
1378123977110803
1378123977110875
1378123977112168
1378123977116378
1378123977116448
1378123977121170
1378123977121184
1378123977121324
1378123977135798
1378123977139494
1378123977139769
1378123977145043
1378123977145056
1378123977145192
1378123977178396
1378123977197445
1378123977197464
1378123977202275
1378123977202289
1378123977202520
1378123977202528
1378123977202771
1378123977202776
1378123977202873
1378123977202880
1378123977203129
1378123977203134
1378123977203270
1378123977203279
1378123977203618
1378123977203627
1378123977203725
1378123977203733
1378123977203898
1378123977203905
1378123977204003
1378123977204009
1378123977204531
1378123977204539
1378123977204636
1378123977204763
1378123977204886
1378123977204981
1378123977205083
1378123977205091
1378123977205361
1378123977206956
1378123977207059
1378123977207129
1378123977207250
1378123977287515
1378123977287539
1378123977342748
1378123977360384
1378123977360399
1378123977365155
1378123977365170
1378123977365301
1378123977443693
1378123977464661
1378123977464777
1378123977464908
1378123977465144
1378123977465269
1378123977465374
1378123977465776
1378123977465906
1378123977466009
1378123977466164
1378123977466790
1378123977466938
1378123977467041
1378123977467206
1378123977467336
1378123977467501
1378123977467616
1378123977467746
1378123977468288
1378123977468418
1378123977481323
1378123977485540
1378123977485758
1378123977486497
1378123977486699
1378123977486800
1378123977486982
1378123977491971
1378123977492118
1378123977492127
1378123977492366
1378123977492373
1378123977492519
1378123977714505
1378123977726345
1378123977726359
1378123977726368
1378123977726459
1378123977726581
1378123977726640
1378123977726740
1378123977726828
1378123977726884
1378123977726988
1378123977726994
1378123977727226
1378123977769836
1378123978785325
1378123978797847
1378123978798222
1378123978812768
1378123978815425
1378123978827103
1378123978827614
1378123978840583
1378123978850975
1378123978851079
1378123978851291
1378123978851393
1378123978854020
1378123978860036
1378123978860049
1378123978860058
1378123978898513
1378123978898898
1378123978904206
1378123978921285
1378123978926535
1378123979032362
1378123979038924
1378123979038952
1378123979039173
1378123979039180
1378123979039285
1378123979039291
1378123979039439
1378123979039446
1378123979039646
1378123979039655
1378123979041766
1378123979043670
1378123979043684
1378123979043782
1378123979043791
1378123979043931
1378123979043936
1378123979044171
1378123979044179
1378123979044279
1378123979044287
1378123979044535
1378123979044544
1378123979044697
1378123979044704
1378123979045032
1378123979045040
1378123979045188
1378123979045195
1378123979045335
1378123979045342
1378123979045440
1378123979045447
1378123979045989
1378123979045998
1378123979046140
1378123979046146
1378123979046243
1378123979046248
1378123979049243
1378123979049733
1378123979051165
1378123979051179
1378123979051278
1378123979051286
1378123979051417
1378123979051422
1378123979051537
1378123979051573
1378123979051673
1378123979051678
1378123979051787
1378123979051845
1378123979051942
1378123979051947
1378123979052069
1378123979052168
1378123979057331
1378123979057342
1378123979057441
1378123979057469
1378123979057624
1378123979057631
1378123979057900
1378123979095818
1378123979171133
1378123979177182
1378123979177205
1378123979177212
1378123979177292
1378123979177432
1378123979177440
1378123979177607
1378123979177615
1378123979177714
1378123979177718
1378123979178021
1378123979178030
1378123979178186
1378123979214555
1378123990946324
1378123990946678
1378123990947182
1378124050948868
1378124050949212
1378124050949587
1378124065739213
1378124065739258
1378124065743143
1378124065743512
1378124065743617
1378124065744354
1378124065744367
1378124065744771
1378124065744889
1378124065745043
1378124065745139
1378124065745251
1378124065745779
1378124065745790
1378124065745885
1378124065746249
1378124065746259
1378124065758035
1378124065758829
