1378012551729216
1378012551733237
1378012551733501
1378012551743954
1378012551744154
1378012551744191
1378012551744298
1378012551748114
1378012551748359
1378012551748472
1378012551748713
1378012551748824
1378012551749007
1378012551749175
1378012551749614
1378012551749767
1378012551798463
1378012551817264
1378012551821892
1378012551843970
1378012551844024
1378012551844072
1378012551844214
1378012551844407
1378012551849000
1378012551849683
1378012551854621
1378012551854689
1378012551854726
1378012551854788
1378012551855005
1378012551855051
1378012551855112
1378012551859483
1378012551860205
1378012551860338
1378012551860448
1378012551860474
1378012551860577
1378012551860596
1378012551860699
1378012551860721
1378012551860829
1378012551860854
1378012551860959
1378012551861092
1378012551861198
1378012551861397
1378012551861548
1378012551863493
1378012551864264
1378012551864300
1378012551864400
1378012551865073
1378012551865212
1378012551865380
1378012551865521
1378012551866260
1378012551866373
1378012551866504
1378012551866641
1378012551866919
1378012551867241
1378012551869150
1378012551885126
1378012551885272
1378012551885330
1378012551885509
1378012551886253
1378012551886312
1378012551886381
1378012551886602
1378012551886719
1378012551886743
1378012551886855
1378012551887062
1378012551887290
1378012551891879
1378012551892103
1378012551892246
1378012551892908
1378012551897851
1378012551898006
1378012551898016
1378012551898223
1378012551898342
1378012551902183
1378012551902414
1378012551902526
1378012551902544
1378012551902647
1378012551902668
1378012551902773
1378012551903034
1378012551903149
1378012551903308
1378012551904154
1378012551904351
1378012551923241
1378012551927112
1378012551927694
1378012551945696
1378012551945754
1378012551945898
1378012551983547
1378012551984254
1378012551991200
1378012551991236
1378012551991334
1378012552027556
1378012552028286
1378012552035249
1378012552035290
1378012552035419
1378012552075568
1378012552076284
1378012552081059
1378012552081105
1378012552081240
1378012552119562
1378012552120895
1378012552126473
1378012552126518
1378012552126643
1378012552163572
1378012552164367
1378012552171871
1378012552171921
1378012552172041
1378012552211571
1378012552212310
1378012552217254
1378012552217305
1378012552221143
1378012552221847
1378012552227113
1378012552227163
1378012552231189
1378012552231901
1378012552236859
1378012552236916
1378012552237052
1378012552275568
1378012552276449
1378012552281555
1378012552281617
1378012552281743
1378012552319560
1378012552320040
1378012552324959
1378012552325005
1378012552325136
1378012552363569
1378012552364350
1378012552369357
1378012552369409
1378012552369535
1378012552407575
1378012552408433
1378012552414383
1378012552414436
1378012552414569
1378012552451573
1378012552454069
1378012552454078
1378012552454478
1378012552458922
1378012552459692
1378012552459802
1378012552459988
1378012552460099
1378012552460288
1378012552460391
1378012552460638
1378012552460745
1378012552460774
1378012552460881
1378012552461439
1378012552461574
1378012552461743
1378012552461872
1378012552462022
1378012552462840
1378012552462954
1378012552463111
1378012552463251
1378012552463353
1378012552463481
1378012552463533
1378012552465323
1378012552465376
1378012552465478
1378012552465487
1378012552465733
1378012552465804
1378012552465841
1378012552465941
1378012552465977
1378012552466061
1378012552466080
1378012552466451
1378012552466559
1378012552466583
1378012552466690
1378012552467025
1378012552467829
1378012552467942
1378012552467954
1378012552468430
1378012552468602
1378012552470181
1378012552470544
1378012552470723
1378012552470831
1378012552471156
1378012552472096
1378012552472205
1378012552472216
1378012552472471
1378012552473489
1378012552478718
1378012552478742
1378012552478841
1378012552478852
1378012552482714
1378012552483369
1378012552489691
1378012552489712
1378012552490029
1378012552493839
1378012552494466
1378012552502247
1378012552502262
1378012552502440
1378012552506976
1378012552507683
1378012552512631
1378012552512649
1378012552512779
1378012552551541
1378012552552341
1378012552558036
1378012552558055
1378012552558228
1378012552558463
1378012552558602
1378012552595571
1378012552601536
1378012552615466
1378012552615514
1378012552615612
1378012552655577
1378012552656580
1378012552675158
1378012552675213
1378012552675244
1378012552675443
1378012552675624
1378012552679748
1378012552680408
1378012552686063
1378012552686083
1378012552691463
1378012552691684
1378012552691826
1378012552692947
1378012552693064
1378012552693310
1378012552693413
1378012552693539
1378012552693666
1378012552693773
1378012552693875
1378012552791842
1378012552816641
1378012552816673
1378012552836980
1378012552837223
1378012552837329
1378012552837440
1378012552837573
1378012552837970
1378012552838083
1378012552838335
1378012552838594
1378012552838856
1378012552839018
1378012552839125
1378012552839670
1378012552839780
1378012552839914
1378012552840049
1378012552840190
1378012552840328
1378012552840433
1378012552857686
1378012552857823
1378012552857940
1378012552858045
1378012553068360
1378012553073340
1378012553073363
1378012553073633
1378012553073703
1378012553073745
1378012553073851
1378012553073970
1378012553074189
1378012553074327
1378012553111568
1378012553856772
1378012553861081
1378012553861500
1378012553867361
1378012553867516
1378012553867526
1378012553867771
1378012553867915
1378012553960554
1378012554003674
1378012554078053
1378012554089653
1378012554090070
1378012554120781
1378012554120824
1378012554120956
1378012554159550
1378012554160164
1378012554174027
1378012554174071
1378012554177665
1378012554178344
1378012554178822
1378012554180218
1378012554181894
1378012554194697
1378012554231549
1378012554264855
1378012554271031
1378012554271290
1378012554271620
1378012554271728
1378012554271736
1378012554271939
1378012554272039
1378012554272079
1378012554272184
1378012554272643
1378012554272829
1378012554272934
1378012554275487
1378012554276022
1378012554276225
1378012554276682
1378012554277176
1378012554277551
1378012554277855
1378012554277944
1378012554277962
1378012554278069
1378012554278205
1378012554278443
1378012554278569
1378012554278677
1378012554278846
1378012554279204
1378012554279313
1378012554279449
1378012554279593
1378012554279605
1378012554279708
1378012554279876
1378012554280053
1378012554281272
1378012554281372
1378012554281398
1378012554281514
1378012554281722
1378012554282232
1378012554282637
1378012554282752
1378012554283006
1378012554283567
1378012554283803
1378012554283912
1378012554284108
1378012554284217
1378012554300315
1378012554300458
1378012554300479
1378012554300606
1378012554300716
1378012554300854
1378012554301240
1378012554301348
1378012554301504
1378012554301911
1378012554302078
1378012554302188
1378012554302405
1378012554312336
1378012554351548
1378012566136449
1378012566137107
1378012626135352
1378012626135788
1378012626136200
1378012640956473
1378012640957271
1378012640958297
1378012640958402
1378012640959400
1378012640959498
1378012640960054
1378012640960188
1378012640960584
1378012640960711
1378012640961502
1378012640961602
1378012640962426
1378012640971538
