1377950279022423
1377950279093144
1377950279093577
1377950279295093
1377950279295235
1377950279295256
1377950279295469
1377950279295578
1377950279295588
1377950279358507
1377950279366149
1377950279366385
1377950279366625
1377950279366744
1377950279366996
1377950279367121
1377950279369323
1377950279369352
1377950279376828
1377950279377303
1377950279420489
1377950279437657
1377950279437811
1377950279450213
1377950279454308
1377950279454731
1377950279459687
1377950279459805
1377950279459816
1377950279459982
1377950279460087
1377950279463965
1377950279464209
1377950279464458
1377950279464568
1377950279464876
1377950279464991
1377950279465168
1377950279465475
1377950279465710
1377950279465821
1377950279465976
1377950279466507
1377950279468894
1377950279469128
1377950279491184
1377950279562305
1377950279563050
1377950279563285
1377950279634937
1377950279635755
1377950279635989
1377950279706464
1377950279707141
1377950279707377
1377950279708531
1377950279747526
1377950279748190
1377950279754576
1377950279754607
1377950279754686
1377950279754713
1377950279754921
1377950279754972
1377950279755027
1377950279758975
1377950279759226
1377950279759311
1377950279759349
1377950279759454
1377950279759473
1377950279759577
1377950279759584
1377950279759982
1377950279760094
1377950279760263
1377950279760657
1377950279760881
1377950279760991
1377950279761149
1377950279761295
1377950279761381
1377950279763711
1377950279763747
1377950279764061
1377950279764246
1377950279764569
1377950279766114
1377950279766241
1377950279767010
1377950279767146
1377950279767565
1377950279767734
1377950279768702
1377950279769392
1377950279772679
1377950279772725
1377950279773086
1377950279773201
1377950279773375
1377950279773481
1377950279773641
1377950279773879
1377950279774975
1377950279775221
1377950279775330
1377950279775596
1377950279775780
1377950279777680
1377950279781641
1377950279781758
1377950279781796
1377950279781903
1377950279782007
1377950279782029
1377950279782131
1377950279782162
1377950279782264
1377950279782284
1377950279782418
1377950279783360
1377950279788310
1377950279788346
1377950279792201
1377950279792680
1377950279797547
1377950279797580
1377950279797662
1377950279797681
1377950279797931
1377950279797969
1377950279798031
1377950279803573
1377950279803689
1377950279803709
1377950279803824
1377950279804062
1377950279804717
1377950279809040
1377950279809066
1377950279812856
1377950279813416
1377950279824782
1377950279824813
1377950279824897
1377950279824917
1377950279825145
1377950279825188
1377950279825249
1377950279828873
1377950279829056
1377950279829302
1377950279896124
1377950279896573
1377950279935625
1377950279939363
1377950279939659
1377950279943900
1377950279969318
1377950279969410
1377950279969472
1377950279969540
1377950279969602
1377950279969713
1377950279976334
1377950279984534
1377950279984629
1377950279984687
1377950279984888
1377950279984998
1377950279985259
1377950279985367
1377950279985506
1377950279985918
1377950279986097
1377950279986203
1377950279986369
1377950279986496
1377950279986995
1377950279987111
1377950279987250
1377950279990691
1377950279990920
1377950279991454
1377950279991654
1377950279991951
1377950279992068
1377950279992321
1377950279992641
1377950279992753
1377950279992887
1377950279993017
1377950279993122
1377950279993413
1377950279993520
1377950279993655
1377950279993873
1377950279993965
1377950279994006
1377950279994111
1377950279994424
1377950279994536
1377950279994700
1377950279994826
1377950279995528
1377950279997064
1377950279997227
1377950279999046
1377950279999206
1377950280006859
1377950280006908
1377950280006990
1377950280007016
1377950280007265
1377950280007371
1377950280007399
1377950280007523
1377950280008722
1377950280008968
1377950280009214
1377950280009467
1377950280009576
1377950280009714
1377950280009888
1377950280009959
1377950280010065
1377950280010197
1377950280010304
1377950280010319
1377950280010657
1377950280010919
1377950280011029
1377950280011295
1377950280011403
1377950280011685
1377950280011794
1377950280011955
1377950280012658
1377950280012842
1377950280013004
1377950280013225
1377950280013333
1377950280013502
1377950280013608
1377950280013761
1377950280013866
1377950280014027
1377950280014134
1377950280014291
1377950280014479
1377950280017202
1377950280017343
1377950280017353
1377950280017456
1377950280017619
1377950280017727
1377950280017874
1377950280017979
1377950280018003
1377950280018109
1377950280018230
1377950280018250
1377950280018353
1377950280018469
1377950280018484
1377950280018586
1377950280018737
1377950280018840
1377950280018866
1377950280018972
1377950280019200
1377950280019422
1377950280019841
1377950280019949
1377950280019957
1377950280022923
1377950280022931
1377950280023079
1377950280023372
1377950280023478
1377950280023605
1377950280023678
1377950280023766
1377950280023786
1377950280023919
1377950280024360
1377950280025116
1377950280025228
1377950280025248
1377950280025354
1377950280025460
1377950280025613
1377950280025716
1377950280025741
1377950280025848
1377950280025865
1377950280025976
1377950280025993
1377950280026098
1377950280026208
1377950280026342
1377950280026446
1377950280026595
1377950280026700
1377950280026832
1377950280026955
1377950280026980
1377950280027084
1377950280027100
1377950280027207
1377950280027332
1377950280028590
1377950280028700
1377950280028725
1377950280028829
1377950280028850
1377950280028954
1377950280029163
1377950280029302
1377950280029413
1377950280029587
1377950280029697
1377950280029863
1377950280030005
1377950280030117
1377950280030282
1377950280030390
1377950280030548
1377950280030656
1377950280030789
1377950280031927
1377950280032181
1377950280032541
1377950280032796
1377950280032984
1377950280033088
1377950280034592
1377950280034943
1377950280034989
1377950280035084
1377950280035191
1377950280035222
1377950280035325
1377950280035344
1377950280035447
1377950280035467
1377950280035575
1377950280035581
1377950280035691
1377950280035751
1377950280035832
1377950280035854
1377950280035966
1377950280036070
1377950280036199
1377950280036234
1377950280036341
1377950280036455
1377950280036476
1377950280036601
1377950280036667
1377950280036828
1377950280036903
1377950280037127
1377950280037656
1377950280037766
1377950280037906
1377950280038013
1377950280038160
1377950280038270
1377950280038293
1377950280038396
1377950280038418
1377950280038551
1377950280038685
1377950280038796
1377950280038930
1377950280039049
1377950280039173
1377950280039292
1377950280039435
1377950280039539
1377950280040362
1377950280040696
1377950280041175
1377950280041192
1377950280041357
1377950280041553
1377950280041599
1377950280041659
1377950280041766
1377950280041872
1377950280041894
1377950280041998
1377950280042016
1377950280042122
1377950280042142
1377950280042244
1377950280042262
1377950280042370
1377950280042385
1377950280042490
1377950280042509
1377950280042612
1377950280042743
1377950280042832
1377950280042877
1377950280042898
1377950280043088
1377950280043337
1377950280043445
1377950280043615
1377950280044707
1377950280045653
1377950280045836
1377950280045979
1377950280047522
1377950280047644
1377950280047658
1377950280047815
1377950280047926
1377950280051617
1377950280054469
1377950280091597
1377950280096883
1377950280252204
1377950280257005
1377950280257114
1377950280257125
1377950280257297
1377950280257402
1377950280258394
1377950280258579
1377950280261305
1377950280261442
1377950280261451
1377950280261670
1377950280262641
1377950280262837
1377950280263717
1377950280300127
1377950280300262
1377950280304430
1377950280304540
1377950280304656
1377950280304758
1377950280308513
1377950280308620
1377950280308678
1377950280308782
1377950280308885
1377950280308994
1377950280312693
1377950281052312
1377950283042908
1377950283044141
1377950283044381
1377950283049077
1377950283049188
1377950283049227
1377950283049338
1377950283049549
1377950283050328
1377950283053571
1377950283053622
1377950283055761
1377950283055923
1377950283056332
1377950283056443
1377950283056578
1377950283056687
1377950283058839
1377950283059476
1377950283060771
1377950283060810
1377950283060995
1377950283061139
1377950283064345
1377950283064461
1377950283064473
1377950283064642
1377950283064751
1377950283068550
1377950283068753
1377950283068939
1377950283069067
1377950283069201
1377950283132411
1377950283132971
1377950283171364
1377950283175284
1377950283176023
1377950283180809
1377950283180863
1377950283181021
1377950283181036
1377950283181175
1377950283219579
1377950283220358
1377950283225307
1377950283225363
1377950283225464
1377950283225477
1377950283225706
1377950283263575
1377950283264363
1377950283269326
1377950283269367
1377950283269570
1377950283269729
1377950283307579
1377950283308298
1377950283313127
1377950283313182
1377950283313337
1377950283313355
1377950283313495
1377950283351570
1377950283352345
1377950283357416
1377950283357474
1377950283357511
1377950283357575
1377950283357647
1377950283357688
1377950283357852
1377950283361616
1377950283361735
1377950283361747
1377950283361913
1377950283362020
1377950283362214
1377950283363112
1377950283368100
1377950283368119
1377950283368217
1377950283368227
1377950283368528
1377950283372663
1377950283372772
1377950283373502
1377950283378595
1377950283378615
1377950283378707
1377950283378736
1377950283378957
1377950283379012
1377950283379064
1377950283382696
1377950283382848
1377950283382859
1377950283383117
1377950283384011
1377950283389761
1377950283389808
1377950283389864
1377950283389908
1377950283390188
1377950283393831
1377950283394773
1377950283399649
1377950283399674
1377950283399757
1377950283399779
1377950283400017
1377950283401470
1377950283439516
1377950283440278
1377950283445253
1377950283445298
1377950283445354
1377950283445408
1377950283445625
1377950283445679
1377950283445730
1377950283449429
1377950283449631
1377950283449762
1377950283450542
1377950283455722
1377950283455742
1377950283455841
1377950283455852
1377950283456176
1377950283473308
1377950283474602
1377950283478468
1377950283478520
1377950283478618
1377950283479078
1377950283480138
1377950283480237
1377950283480276
1377950283480412
1377950283519525
1377950283522980
1377950283522996
1377950283523927
1377950283527640
1377950283527660
1377950283527761
1377950283528047
1377950283529745
1377950283529860
1377950283529870
1377950283530105
1377950283530241
1377950283530443
1377950283530546
1377950283530572
1377950283530677
1377950283531068
1377950283531208
1377950283531308
1377950283531443
1377950283531544
1377950283531682
1377950283531815
1377950283532545
1377950283532657
1377950283532916
1377950283533150
1377950283533418
1377950283533560
1377950283533649
1377950283533759
1377950283533865
1377950283534003
1377950283535038
1377950283535149
1377950283535407
1377950283535517
1377950283535528
1377950283535783
1377950283535890
1377950283535916
1377950283536022
1377950283536041
1377950283536144
1377950283536164
1377950283536275
1377950283536290
1377950283536394
1377950283536523
1377950283536708
1377950283536809
1377950283536945
1377950283537025
1377950283537049
1377950283537187
1377950283537276
1377950283537363
1377950283537406
1377950283537516
1377950283538376
1377950283538628
1377950283538872
1377950283539015
1377950283539151
1377950283539258
1377950283539317
1377950283539434
1377950283539542
1377950283539705
1377950283539813
1377950283539923
1377950283540035
1377950283540180
1377950283540248
1377950283540317
1377950283540542
1377950283540798
1377950283540908
1377950283572197
1377950283597121
1377950283597238
1377950283598027
1377950283598129
1377950283735898
1377950283736880
1377950283737018
1377950283737320
1377950283740560
1377950283740671
1377950283740682
1377950283741299
1377950283741931
1377950283742098
1377950283742204
1377950283742704
1377950283743070
1377950283743222
1377950283745143
1377950283746876
1377950283747082
1377950283748235
1377950283748509
1377950283748664
1377950283748967
1377950283750153
1377950283753030
1377950283753266
1377950283760269
1377950283760506
1377950283760615
1377950283764730
1377950283765014
1377950283765267
1377950283765503
1377950283765612
1377950283766141
1377950283769612
1377950283769847
1377950283770197
1377950283770411
1377950283770602
1377950283770874
1377950284508189
1377950284510442
1377950284515173
1377950284515218
1377950284515357
1377950284551562
1377950284552373
1377950284591233
1377950284595329
1377950284595967
1377950284600838
1377950284600864
1377950284600960
1377950284639528
1377950284640379
1377950284645159
1377950284645201
1377950284648860
1377950284649683
1377950284655219
1377950284655259
1377950284691526
1377950284692256
1377950284697051
1377950284697076
1377950284697283
1377950284702861
1377950284705964
1377950284705982
1377950284706632
1377950284709738
1377950284710102
1377950284710463
1377950284711196
1377950284711550
1377950284712110
1377950284712207
1377950284713066
1377950284713223
1377950284713299
1377950284713419
1377950284713554
1377950284713660
1377950284713721
1377950284713832
1377950284713855
1377950284713959
1377950284714312
1377950284714423
1377950284714615
1377950284714789
1377950284714925
1377950284717149
1377950284717295
1377950284717307
1377950284717434
1377950284719236
1377950284719365
1377950284719478
1377950284719590
1377950284719611
1377950284719714
1377950284719733
1377950284719837
1377950284720157
1377950284720268
1377950284724146
1377950284724327
1377950284724515
1377950284724767
1377950284724874
1377950284725182
1377950284725370
1377950284725512
1377950284725612
1377950284729277
1377950284729392
1377950284729402
1377950284729649
1377950284729758
1377950284729967
1377950284730073
1377950284730209
1377950284730446
1377950284730529
1377950284730670
1377950284734166
1377950284734286
1377950284734411
1377950284734553
1377950284771521
1377950284779609
1377950284819552
1377950284820889
1377950284859213
1377950284893103
1377950284931549
1377950284932303
1377950284971209
1377950285004546
1377950285043549
1377950285044307
1377950285083193
1377950285116583
1377950285155560
1377950285156294
1377950285195182
1377950285199217
1377950285199871
1377950285204578
1377950285204601
1377950285204724
1377950285243537
1377950285244390
1377950285249529
1377950285249579
1377950285266883
1377950285267652
1377950285285834
1377950285285856
1377950285286019
1377950285286232
1377950285286339
1377950285289719
1377950285290359
1377950285294766
1377950285294815
1377950285299113
1377950285299945
1377950285303525
1377950285303570
1377950285303910
1377950285303955
1377950285304184
1377950285304289
1377950285304593
1377950285304781
1377950285305003
1377950285306003
1377950285306121
1377950285306485
1377950285306600
1377950285310635
1377950285311017
1377950285311274
1377950285311525
1377950285311780
1377950285312050
1377950285312161
1377950285312331
1377950285312435
1377950285312804
1377950285315538
1377950285315677
1377950285315697
1377950285315971
1377950285316438
1377950285316551
1377950285316573
1377950285316944
1377950285317057
1377950285317344
1377950285317586
1377950285317695
1377950285317957
1377950285318091
1377950285318568
1377950285318654
1377950285318678
1377950285318853
1377950285319078
1377950285319124
1377950285319187
1377950285319261
1377950285319296
1377950285319401
1377950285319884
1377950285320053
1377950285320558
1377950285320844
1377950285321037
1377950285321145
1377950285321511
1377950285321622
1377950285321926
1377950285322144
1377950285337111
1377950285338224
1377950285371954
1377950285372007
1377950285389942
1377950285391106
1377950285391455
1377950285410102
1377950285463365
1377950285465503
1377950285465521
1377950285465796
1377950285469158
1377950285469789
1377950285470366
1377950285470944
1377950285471151
1377950285472409
1377950285472582
1377950285472659
1377950285472772
1377950285473008
1377950285473154
1377950285473292
1377950285473432
1377950285473560
1377950285473669
1377950285473799
1377950285474823
1377950285478889
1377950285478942
1377950285478987
1377950285479047
1377950285479127
1377950285479156
1377950285479338
1377950285482614
1377950285482802
1377950285519569
1377950285520243
1377950285525429
1377950285525494
1377950285525593
1377950285525603
1377950285525837
1377950285525949
1377950285529719
1377950285529876
1377950285530591
1377950285535197
1377950285535234
1377950285538777
1377950285549158
1377950285549289
1377950285549407
1377950285549564
1377950285549672
1377950285549911
1377950285550406
1377950285550549
1377950285562421
1377950285568448
1377950285580785
1377950285580889
1377950285584411
1377950285584757
1377950285622062
1377950285622178
1377950285622187
1377950285622365
1377950285622470
1377950285622580
1377950285622710
1377950285622852
1377950285650084
1377950285650279
1377950285653677
1377950285660769
1377950285661365
1377950285672732
1377950285672774
1377950285679544
1377950285719560
1377950285720339
1377950285759149
1377950285776280
1377950285836658
1377950285840348
1377950285840370
1377950285840752
1377950285848172
1377950285848314
1377950285848518
1377950285848650
1377950285848669
1377950285848770
1377950285848895
1377950285849086
1377950285849187
1377950285853928
1377950285854183
1377950285860463
1377950285861328
1377950285899121
1377950285904722
1377950285905307
1377950285913133
1377950285913898
1377950285914020
1377950285914919
1377950285915042
1377950285940705
1377950285940837
1377950285979595
1377950285981043
1377950285981059
1377950285986264
1377950285993429
1377950285993572
1377950285996065
1377950286002815
1377950286002973
1377950286006186
1377950286006296
1377950286011317
1377950286011426
1377950286011451
1377950286011673
1377950286011778
1377950286011801
1377950286011905
1377950286012010
1377950286012504
1377950286012639
1377950286013080
1377950286016062
1377950286016249
1377950286016879
1377950286017289
1377950286017542
1377950286017794
1377950286017901
1377950286017924
1377950286018029
1377950286018134
1377950286018417
1377950286018522
1377950286018551
1377950286018657
1377950286018816
1377950286018918
1377950286020613
1377950286020737
1377950286020748
1377950286020851
1377950286021021
1377950286021152
1377950286028436
1377950286053241
1377950286091566
1377950286099248
1377950286101117
1377950286101135
1377950286104995
1377950286106381
1377950286119526
1377950286119663
1377950286120511
1377950286124292
1377950286124818
1377950286130170
1377950286130202
1377950286130304
1377950286130315
1377950286130549
1377950286130662
1377950286134376
1377950286134857
1377950286135011
1377950286135881
1377950286136013
1377950286136532
1377950286142035
1377950286142786
1377950286143292
1377950286143310
1377950286148731
1377950286148891
1377950286148902
1377950286149129
1377950286149235
1377950286149917
1377950286153136
1377950286153386
1377950286153640
1377950286153751
1377950286154011
1377950286154122
1377950286154277
1377950286154655
1377950286154801
1377950286154911
1377950286157819
1377950286157953
1377950286158057
1377950286158158
1377950286158234
1377950286158344
1377950286158615
1377950286162927
1377950286163070
1377950286181984
1377950286182456
1377950286186227
1377950286186708
1377950286194728
1377950286231536
1377950286271104
1377950286311564
1377950286312824
1377950286316419
1377950286316475
1377950286316754
1377950286320297
1377950286320934
1377950286321096
1377950286326524
1377950286336870
1377950286347723
1377950286348183
1377950286349375
1377950286361703
1377950286361844
1377950286363008
1377950286382599
1377950286382767
1377950286387456
1377950286387622
1377950286387833
1377950286388028
1377950286388134
1377950286388356
1377950286388463
1377950286388490
1377950286388597
1377950286389152
1377950286389416
1377950286389548
1377950286390928
1377950286390987
1377950286391056
1377950286394015
1377950286394041
1377950286394127
1377950286394169
1377950286394410
1377950286394517
1377950286394766
1377950286394941
1377950286395048
1377950286395173
1377950286395283
1377950286395334
1377950286395443
1377950286396131
1377950286396264
1377950286397094
1377950286397215
1377950286397244
1377950286397373
1377950286397522
1377950286398351
1377950286398918
1377950286399138
1377950286399732
1377950286399961
1377950286400093
1377950286400309
1377950286400469
1377950286401373
1377950286401672
1377950286401911
1377950286402013
1377950286402051
1377950286402183
1377950286402989
1377950286403654
1377950286403830
1377950286404643
1377950286404799
1377950286404909
1377950286405342
1377950286405535
1377950286405658
1377950286405818
1377950286406579
1377950286406873
1377950286406990
1377950286407259
1377950286408835
1377950286408971
1377950286409148
1377950286409257
1377950286410157
1377950286410870
1377950286411902
1377950286412111
1377950286415702
1377950286415748
1377950286417599
1377950286417780
1377950286418067
1377950286418226
1377950286455546
1377950286456313
1377950286457341
1377950286459303
1377950286459469
1377950286460698
1377950286461857
1377950286463481
1377950286463600
1377950286463611
1377950286463795
1377950286463905
1377950286463924
1377950286464048
1377950286464423
1377950286464530
1377950286464611
1377950286464713
1377950286466078
1377950286466096
1377950286466229
1377950286466238
1377950286466610
1377950286467202
1377950286467445
1377950286467592
1377950286467612
1377950286467733
1377950286467752
1377950286467854
1377950286467880
1377950286468040
1377950286468739
1377950286468856
1377950286468998
1377950286470059
1377950286470165
1377950286470612
1377950286476973
1377950286477022
1377950286477122
1377950286481143
1377950286482079
1377950286482094
1377950286485857
1377950286487138
1377950286487153
1377950286490907
1377950286491276
1377950286492360
1377950286492377
1377950286496001
1377950286496421
1377950286496855
1377950286501576
1377950286501595
1377950286501692
1377950286539554
1377950286540178
1377950286579084
1377950286583026
1377950286583368
1377950286584539
1377950286584587
1377950286588229
1377950286588422
1377950286588943
1377950286593253
1377950286593299
1377950286597055
1377950286597442
1377950286601843
1377950286601880
1377950286605632
1377950286606061
1377950286606806
1377950286606971
1377950286610741
1377950286611680
1377950286612136
1377950286612248
1377950286612519
1377950286612627
1377950286612940
1377950286613053
1377950286613240
1377950286615055
1377950286655082
1377950286673052
1377950286673386
1377950286711076
1377950286714901
1377950286715318
1377950286715744
1377950286715840
1377950286720033
1377950286729928
1377950286730455
1377950286767041
1377950286770677
1377950286771289
1377950286776927
1377950286776946
1377950286777439
1377950286815566
1377950286816351
1377950286820866
1377950286820885
1377950286891931
1377950286894053
1377950286894066
1377950286895819
1377950286897944
1377950286898326
1377950286898673
1377950286899074
1377950286899171
1377950286899769
1377950286899866
1377950286900258
1377950286900864
1377950286901616
1377950286901633
1377950286906425
1377950286906442
1377950286910076
1377950286910714
1377950286912254
1377950286912273
1377950286913656
1377950286915350
1377950286916271
1377950286916841
1377950286921524
1377950286921552
1377950286968259
1377950287007575
1377950287008441
1377950287008760
1377950287012537
1377950287013015
1377950287018082
1377950287018147
1377950287018283
1377950287055530
1377950287056351
1377950287080942
1377950287080993
1377950287081092
1377950287152396
1377950287153893
1377950287191025
1377950287209333
1377950287210963
1377950287221709
1377950287221753
1377950287241217
1377950287241269
1377950287241371
1377950287241519
1377950287279536
1377950287280460
1377950287280475
1377950287280787
1377950287285103
1377950287285832
1377950287290723
1377950287290742
1377950287290869
1377950287290881
1377950287291106
1377950287291214
1377950287294842
1377950287295091
1377950287295344
1377950287295454
1377950287295858
1377950287295967
1377950287296171
1377950287296759
1377950287296919
1377950287297025
1377950287297171
1377950287297310
1377950287297435
1377950287298008
1377950287298178
1377950287300378
1377950287300546
1377950287300558
1377950287301257
1377950287301368
1377950287302808
1377950287302913
1377950287303653
1377950287303766
1377950287303777
1377950287304071
1377950287304477
1377950287304710
1377950287308515
1377950287308773
1377950287308884
1377950287309144
1377950287309252
1377950287309915
1377950287310024
1377950287310177
1377950287310287
1377950287310312
1377950287310414
1377950287310445
1377950287310559
1377950287310931
1377950287313660
1377950287313882
1377950287314113
1377950287314222
1377950287314372
1377950287351523
1377950287352350
1377950287369247
1377950287369266
1377950287372030
1377950287372940
1377950287373623
1377950287378482
1377950287378501
1377950287388929
1377950287390036
1377950287390049
1377950287390478
1377950287390844
1377950287395677
1377950287395784
1377950287395882
1377950287396012
1377950287402887
1377950287402922
1377950287407366
1377950287408097
1377950287408253
1377950287408266
1377950287408479
1377950287408586
1377950287412380
1377950287412479
1377950287412522
1377950287412739
1377950287412844
1377950287412980
1377950287413085
1377950287413401
1377950287413539
1377950287413675
1377950287414192
1377950287414343
1377950287414497
1377950287417056
1377950287417232
1377950287417244
1377950287418105
1377950287418253
1377950287423318
1377950287429308
1377950287429367
1377950287429552
1377950287429769
1377950287429815
1377950287429876
1377950287429984
1377950287430091
1377950287467552
1377950287468834
1377950287468848
1377950287472539
1377950287483354
1377950287483373
1377950287483496
1377950287527514
1377950287566994
1377950287570817
1377950287571263
1377950287572114
1377950287575996
1377950287578320
1377950287597314
1377950287597451
1377950287618967
1377950287630069
1377950287631270
1377950287645092
1377950287645113
1377950287649731
1377950287649756
1377950287649924
1377950287650068
1377950287687548
1377950287739455
1377950287739859
1377950287741442
1377950287762089
1377950287788477
1377950287790728
1377950287790859
1377950287790920
1377950287791026
1377950287791171
1377950287791241
1377950287807109
1377950287807220
1377950287807431
1377950287807538
1377950287807546
1377950287841817
1377950287850261
1377950287854264
1377950287854590
1377950287859614
1377950287868135
1377950287872122
1377950287872489
1377950287877798
1377950287883540
1377950287890182
1377950288010974
1377950288011150
1377950288015692
1377950288016062
1377950288016598
1377950288016704
1377950288021572
1377950288021589
1377950288021876
1377950288023273
1377950288023723
1377950288023739
1377950288025615
1377950288026361
1377950288028664
1377950288030031
1377950288030132
1377950288030171
1377950288030290
1377950288030418
1377950288030721
1377950288030854
1377950288041465
1377950288041513
1377950288045840
1377950288046809
1377950288046835
1377950288047486
1377950288087552
1377950288126951
1377950288130868
1377950288132186
1377950288132363
1377950288132376
1377950288132773
1377950288137482
1377950288137786
1377950288137894
1377950288138156
1377950288138261
1377950288138338
1377950288138444
1377950288139398
1377950288143173
1377950288144413
1377950288149722
1377950288149779
1377950288153755
1377950288154696
1377950288158519
1377950288159560
1377950288159573
1377950288159915
1377950288164108
1377950288165016
1377950288165159
1377950288165367
1377950288165476
1377950288168834
1377950288170123
1377950288178115
1377950288178162
1377950288178249
1377950288178280
1377950288178510
1377950288178574
1377950288178623
1377950288178640
1377950288178761
1377950288178814
1377950288178876
1377950288178917
1377950288179023
1377950288179128
1377950288179234
1377950288179737
1377950288179988
1377950288181009
1377950288181118
1377950288181259
1377950288181436
1377950288181541
1377950288181694
1377950288181827
1377950288182915
1377950288183040
1377950288184520
1377950288184629
1377950288184648
1377950288184841
1377950288185088
1377950288185194
1377950288185215
1377950288185319
1377950288185339
1377950288185444
1377950288185572
1377950288185702
1377950288185856
1377950288186068
1377950288187204
1377950288201149
1377950288201383
1377950288201478
1377950288201621
1377950288201727
1377950288201939
1377950288202045
1377950288202523
1377950288202638
1377950288202814
1377950288203607
1377950288204038
1377950288204468
1377950288204565
1377950288250550
1377950288251628
1377950288261117
1377950288267543
1377950288333750
1377950288419182
1377950288437154
1377950288442586
1377950288442723
1377950288479558
1377950288480638
1377950288499677
1377950288499828
1377950288499973
1377950288526638
1377950288544848
1377950288616411
1377950288654897
1377950288658807
1377950288659246
1377950288664192
1377950288664373
1377950288664608
1377950288664715
1377950288668858
1377950288668970
1377950288668987
1377950288669220
1377950288669326
1377950288669346
1377950288669450
1377950288669466
1377950288669571
1377950288669861
1377950288670032
1377950288670522
1377950288670634
1377950288670791
1377950288670954
1377950288673695
1377950288673945
1377950288674186
1377950288674302
1377950288674556
1377950288674664
1377950288675187
1377950288675300
1377950288675556
1377950288675662
1377950288676069
1377950288676324
1377950288676439
1377950288676700
1377950288676961
1377950288677069
1377950288677091
1377950288677196
1377950288677328
1377950288677435
1377950288677633
1377950288677739
1377950288677874
1377950288677984
1377950288678003
1377950288678142
1377950288678268
1377950288678314
1377950288678399
1377950288678418
1377950288679087
1377950288679198
1377950288679226
1377950288679332
1377950288679492
1377950288679598
1377950288679641
1377950288679743
1377950288679767
1377950288679873
1377950288680045
1377950288680084
1377950288693917
1377950288694114
1377950288696878
1377950288696990
1377950288697135
1377950288697317
1377950288801086
1377950288818537
1377950288822823
1377950288823753
1377950288827567
1377950288830364
1377950288830385
1377950288830531
1377950288830540
1377950288830752
1377950288830858
1377950288830865
1377950288834493
1377950288834678
1377950288834983
1377950288835817
1377950288840592
1377950288840819
1377950288846748
1377950288853127
1377950288869202
1377950288874413
1377950288874671
1377950288874914
1377950288875025
1377950288875212
1377950288875322
1377950288875474
1377950288914816
1377950288918595
1377950288918614
1377950288955540
1377950288956338
1377950288959912
1377950288959930
1377950288961525
1377950288961639
1377950289049725
1377950289050510
1377950289141020
1377950289141218
1377950289141363
1377950289179533
1377950289273179
1377950289301010
1377950289304235
1377950289372158
1377950289373686
1377950289373698
1377950289378362
1377950289410529
1377950289410672
1377950289410758
1377950289410896
1377950289411067
1377950289411224
1377950289450944
1377950289451229
1377950289462156
1377950289486163
1377950289487066
1377950289515935
1377950289515982
1377950289516372
1377950289555573
1377950289557265
1377950289558632
1377950289562734
1377950289563588
1377950289576827
1377950289576867
1377950289580778
1377950289580800
1377950289618783
1377950289622720
1377950289623859
1377950289623877
1377950289624308
1377950289629569
1377950289629718
1377950289629729
1377950289629937
1377950289630048
1377950289630692
1377950289631628
1377950289633819
1377950289633872
1377950289634063
1377950289634312
1377950289634419
1377950289634690
1377950289634830
1377950289635217
1377950289635331
1377950289635357
1377950289635465
1377950289635740
1377950289636450
1377950289636581
1377950289637535
1377950289638409
1377950289638576
1377950289639303
1377950289639506
1377950289639643
1377950289639651
1377950289639968
1377950289640479
1377950289640591
1377950289641089
1377950289641107
1377950289641220
1377950289641226
1377950289641581
1377950289641687
1377950289641854
1377950289641964
1377950289642134
1377950289642241
1377950289642377
1377950289642597
1377950289679552
1377950289718813
1377950289821418
1377950290872027
1377950290976918
1377950293246072
1377950293246211
1377950308247331
1377950308247708
1377950308318606
1377950308319156
1377950308319483
1377950318237054
1377950318308241
1377950318308658
1377950318308670
1377950318390103
1377950338319394
1377950348429420
1377950348500834
1377950348501212
1377950348501221
1377950348581112
1377950368022740
1377950368028470
1377950368068470
1377950368073334
1377950368073769
1377950368074271
1377950368074361
1377950368074749
1377950368075019
1377950368075725
1377950368076370
1377950368077148
1377950368077251
1377950368077826
1377950368093263
1377950368093883
1377950368159481
