1378201928460593
1378201928471962
1378201928472234
1378201928700623
1378201928700652
1378201928700756
1378201928700783
1378201928700890
1378201928700932
1378201928701029
1378201928701034
1378201928711449
1378201928730364
1378201928741540
1378201928742242
1378201928754596
1378201928754627
1378201928754638
1378201928754723
1378201928754875
1378201928754979
1378201928755076
1378201928755085
1378201928766315
1378201928766336
1378201928766444
1378201928766452
1378201928766694
1378201928766702
1378201928766776
1378201928766821
1378201928766918
1378201928766945
1378201928767041
1378201928767048
1378201928767462
1378201928767470
1378201928767726
1378201928767734
1378201928767990
1378201928767998
1378201928768273
1378201928768281
1378201928768432
1378201928768439
1378201928768564
1378201928768568
1378201928768731
1378201928768738
1378201928768911
1378201928768919
1378201928769014
1378201928769019
1378201928769644
1378201928769783
1378201928769871
1378201928769928
1378201928778559
1378201928778586
1378201928778823
1378201928778832
1378201928779043
1378201928779050
1378201928779300
1378201928779307
1378201928781160
1378201928781176
1378201928781404
1378201928781412
1378201928782899
1378201928782907
1378201928783004
1378201928783008
1378201928783445
1378201928783453
1378201928783577
1378201928783708
1378201928783830
1378201928783837
1378201928783935
1378201928783950
1378201928784234
1378201928784242
1378201928788508
1378201928795839
1378201928795880
1378201928796088
1378201928796102
1378201928796200
1378201928796222
1378201928796319
1378201928796345
1378201928796446
1378201928796456
1378201928796721
1378201928796732
1378201928796832
1378201928796837
1378201928796990
1378201928796998
1378201928797410
1378201928797420
1378201928797574
1378201928797578
1378201928797699
1378201928797706
1378201928797850
1378201928797854
1378201928799274
1378201928799282
1378201928799431
1378201928799437
1378201928799533
1378201928799562
1378201928799661
1378201928799687
1378201928799785
1378201928799810
1378201928799916
1378201928799954
1378201928800053
1378201928800057
1378201928800170
1378201928800204
1378201928800302
1378201928800307
1378201928800419
1378201928800444
1378201928801972
1378201928801980
1378201928807771
1378201928807779
1378201928807992
1378201928808000
1378201928808529
1378201928808536
1378201928808794
1378201928808802
1378201928808919
1378201928808923
1378201928809274
1378201928809282
1378201928809400
1378201928811901
1378201928812017
1378201928812135
1378201928812231
1378201928830764
1378201928830863
1378201928831023
1378201928831122
1378201928831256
1378201928831383
1378201928831391
1378201928831488
1378201928831494
1378201928831645
1378201928831652
1378201928831864
1378201928831872
1378201928831963
1378201928831987
1378201928832084
1378201928832088
1378201928832521
1378201928832529
1378201928832640
1378201928832644
1378201928843249
1378201928843257
1378201928843483
1378201928843490
1378201928843609
1378201928900110
1378201928912304
1378201928912320
1378201928924873
1378201928924883
1378201928925015
1378201928994481
1378201929006608
1378201929006628
1378201929006635
1378201929019269
1378201929019374
1378201929019509
1378201929019606
1378201929019753
1378201929019883
1378201929019999
1378201929020128
1378201929020384
1378201929020615
1378201929020621
1378201929020737
1378201929020764
1378201929020823
1378201929021032
1378201929021042
1378201929021138
1378201929021147
1378201929021303
1378201929021343
1378201929021440
1378201929021446
1378201929021777
1378201929021784
1378201929021920
1378201929021924
1378201929022020
1378201929022027
1378201929022154
1378201929022161
1378201929022315
1378201929022321
1378201929022423
1378201929022439
1378201929023167
1378201929034274
1378201929034304
1378201929034317
1378201929034382
1378201929034499
1378201929034643
1378201929034690
1378201929034747
1378201929035967
1378201929035977
1378201929036081
1378201929036085
1378201929036458
1378201929036467
1378201929036568
1378201929036581
1378201929036704
1378201929036711
1378201929036830
1378201929036837
1378201929036935
1378201929036939
1378201929037091
1378201929037098
1378201929037194
1378201929037226
1378201929037322
1378201929037346
1378201929037442
1378201929037471
1378201929037566
1378201929037571
1378201929037706
1378201929037731
1378201929037827
1378201929037833
1378201929038005
1378201929038010
1378201929038107
1378201929038114
1378201929038265
1378201929038272
1378201929038374
1378201929038377
1378201929038522
1378201929038530
1378201929040329
1378201929041192
1378201929045686
1378201929045697
1378201929045705
1378201929046026
1378201929046127
1378201929046248
1378201929046346
1378201929046491
1378201929046621
1378201929049758
1378201929049896
1378201929049999
1378201929050130
1378201929050137
1378201929050378
1378201929050386
1378201929050505
1378201929050508
1378201929050624
1378201929050631
1378201929050883
1378201929050890
1378201929051132
1378201929051140
1378201929051261
1378201929051265
1378201929051510
1378201929051517
1378201929051768
1378201929051775
1378201929051869
1378201929051876
1378201929052028
1378201929052032
1378201929052127
1378201929052133
1378201929053479
1378201929053486
1378201929053583
1378201929053590
1378201929053852
1378201929053859
1378201929053959
1378201929053962
1378201929054106
1378201929054114
1378201929054233
1378201929054241
1378201929054358
1378201929054366
1378201929054730
1378201929054738
1378201929054989
1378201929054996
1378201929055113
1378201929055117
1378201929055234
1378201929055238
1378201929055358
1378201929055365
1378201929055461
1378201929055467
1378201929055594
1378201929055598
1378201929055725
1378201929055732
1378201929055876
1378201929055880
1378201929055975
1378201929055982
1378201929056369
1378201929056376
1378201929056529
1378201929056537
1378201929056640
1378201929056644
1378201929056781
1378201929056785
1378201929056902
1378201929056909
1378201929057048
1378201929057051
1378201929057148
1378201929057165
1378201929057284
1378201929057291
1378201929057411
1378201929057417
1378201929057513
1378201929057517
1378201929057659
1378201929057663
1378201929057818
1378201929057826
1378201929058165
1378201929058173
1378201929061811
1378201929061819
1378201929062059
1378201929062067
1378201929062316
1378201929062323
1378201929062479
1378201929062487
1378201929062624
1378201929062701
1378201929062708
1378201929062806
1378201929062823
1378201929062942
1378201929062949
1378201929063245
1378201929063253
1378201929064711
1378201929064720
1378201929064820
1378201929064827
1378201929065079
1378201929065086
1378201929065185
1378201929065200
1378201929065325
1378201929065332
1378201929065448
1378201929065455
1378201929065711
1378201929065717
1378201929065964
1378201929065971
1378201929066092
1378201929066099
1378201929066285
1378201929066292
1378201929066458
1378201929066465
1378201929066560
1378201929066568
1378201929066710
1378201929066717
1378201929066986
1378201929066992
1378201929068086
1378201929068094
1378201929068190
1378201929068197
1378201929068458
1378201929068466
1378201929068561
1378201929068568
1378201929068712
1378201929068720
1378201929068816
1378201929068822
1378201929069088
1378201929069095
1378201929069340
1378201929069347
1378201929069468
1378201929069474
1378201929069716
1378201929069724
1378201929069976
1378201929069984
1378201929070079
1378201929070086
1378201929070343
1378201929070350
1378201929070596
1378201929070603
1378201929070720
1378201929070728
1378201929070975
1378201929070982
1378201929071099
1378201929071107
1378201929071153
1378201929071224
1378201929071231
1378201929071466
1378201929071477
1378201929071594
1378201929071601
1378201929071697
1378201929071704
1378201929071852
1378201929071860
1378201929071959
1378201929071966
1378201929072233
1378201929072240
1378201929072338
1378201929072344
1378201929072493
1378201929072500
1378201929072729
1378201929072737
1378201929072858
1378201929072864
1378201929072962
1378201929072969
1378201929073114
1378201929073121
1378201929073218
1378201929073225
1378201929073493
1378201929073500
1378201929073598
1378201929073614
1378201929073765
1378201929073773
1378201929073869
1378201929073898
1378201929073995
1378201929074002
1378201929074125
1378201929074132
1378201929074429
1378201929074437
1378201929074601
1378201929074608
1378201929074703
1378201929074731
1378201929074827
1378201929074834
1378201929074981
1378201929074988
1378201929075083
1378201929075090
1378201929075238
1378201929075245
1378201929075342
1378201929075374
1378201929075473
1378201929075480
1378201929075628
1378201929075634
1378201929076940
1378201929076949
1378201929086551
1378201929086558
1378201929086654
1378201929086661
1378201929086804
1378201929086811
1378201929086950
1378201929086957
1378201929087101
1378201929087108
1378201929097866
1378201929099662
1378201929099973
1378201929111275
1378201929111849
1378201929113164
1378201929113176
1378201929113276
1378201929113307
1378201929113404
1378201929113431
1378201929113537
1378201929113654
1378201929113697
1378201929113795
1378201929113799
1378201929113928
1378201929113978
1378201929124133
1378201929124142
1378201929124305
1378201929124311
1378201929124493
1378201929124501
1378201929124620
1378201929124626
1378201929125655
1378201929125663
1378201929125916
1378201929125924
1378201929126020
1378201929126047
1378201929126146
1378201929126174
1378201929126285
1378201929126327
1378201929126541
1378201929126545
1378201929126677
1378201929126684
1378201929126935
1378201929126941
1378201929127228
1378201929127236
1378201929127387
1378201929127393
1378201929127606
1378201929127613
1378201929127710
1378201929127717
1378201929128267
1378201929128274
1378201929128382
1378201929128385
1378201929136034
1378201929136043
1378201929136153
1378201929136156
1378201929136279
1378201929136286
1378201929136534
1378201929136541
1378201929136658
1378201929136665
1378201929136919
1378201929136926
1378201929137044
1378201929137051
1378201929137536
1378201929137543
1378201929137696
1378201929137702
1378201929137819
1378201929137826
1378201929137950
1378201929137956
1378201929138214
1378201929138222
1378201929138868
1378201929138875
1378201929139262
1378201929139269
1378201929139433
1378201929139439
1378201929139620
1378201929139628
1378201929139749
1378201929139753
1378201929140124
1378201929140132
1378201929140255
1378201929140260
1378201929140498
1378201929140505
1378201929140759
1378201929140767
1378201929141001
1378201929141009
1378201929141127
1378201929141132
1378201929141249
1378201929141256
1378201929141389
1378201929141396
1378201929141620
1378201929141627
1378201929141725
1378201929141751
1378201929141849
1378201929141858
1378201929142003
1378201929142036
1378201929142133
1378201929142138
1378201929142250
1378201929142302
1378201929142400
1378201929142404
1378201929142635
1378201929142639
1378201929148063
1378201929148072
1378201929148320
1378201929148327
1378201929148572
1378201929148577
1378201929148826
1378201929148833
1378201929148839
1378201929149341
1378201929149351
1378201929149358
1378201929149453
1378201929149550
1378201929149643
1378201929149743
1378201929149827
1378201929149977
1378201929149986
1378201929150083
1378201929150089
1378201929150231
1378201929150238
1378201929150704
1378201929150712
1378201929150835
1378201929150839
1378201929151011
1378201929151015
1378201929151808
1378201929151816
1378201929152227
1378201929152236
1378201929152338
1378201929152343
1378201929152479
1378201929152487
1378201929152822
1378201929152830
1378201929152973
1378201929152979
1378201929162266
1378201929162275
1378201929162377
1378201929162381
1378201929162768
1378201929162775
1378201929162897
1378201929163084
1378201929163182
1378201929163273
1378201929163369
1378201929163690
1378201929163789
1378201929199259
1378201929211588
1378201929211599
1378201929211834
1378201929211843
1378201929212092
1378201929212100
1378201929212197
1378201929212204
1378201929212604
1378201929212612
1378201929212714
1378201929212718
1378201929213362
1378201929213370
1378201929214107
1378201929214115
1378201929214324
1378201929214332
1378201929214429
1378201929214435
1378201929214589
1378201929214596
1378201929214715
1378201929214721
1378201929214837
1378201929214876
1378201929214973
1378201929214977
1378201929215101
1378201929215146
1378201929215245
1378201929215251
1378201929215356
1378201929215434
1378201929215497
1378201929215533
1378201929215621
1378201929215686
1378201929215744
1378201929215794
1378201929215864
1378201929215975
1378201929216014
1378201929216111
1378201929216114
1378201929216253
1378201929216321
1378201929241424
1378201929388892
1378201929401187
1378201929401197
1378201929401205
1378201929401448
1378201929401552
1378201929401561
1378201929414125
1378201929414134
1378201931585659
1378201931597854
1378201931597865
1378201931597874
1378201931598078
1378201931598178
1378201931637453
1378201931638111
1378201931638121
1378201931651362
1378201931651373
1378201931651469
1378201931651477
1378201931651727
1378201931651737
1378201931651833
1378201931651838
1378201931651974
1378201931651998
1378201931652104
1378201931652108
1378201931652507
1378201931652516
1378201931652765
1378201931652773
1378201931653014
1378201931653024
1378201931653392
1378201931653400
1378201931653538
1378201931653632
1378201931653641
1378201931653896
1378201931653905
1378201931654147
1378201931654155
1378201931654402
1378201931654410
1378201931654506
1378201931654513
1378201931654785
1378201931654793
1378201931655044
1378201931655052
1378201931655159
1378201931655163
1378201931655288
1378201931655294
1378201931655550
1378201931655557
1378201931655666
1378201931655669
1378201931655942
1378201931655957
1378201931656057
1378201931656087
1378201931656183
1378201931656189
1378201931656585
1378201931656593
1378201931656699
1378201931656702
1378201931656963
1378201931656971
1378201931657090
1378201931657095
1378201931657374
1378201931657382
1378201931657501
1378201931657508
1378201931657635
1378201931657639
1378201931657761
1378201931657765
1378201931657899
1378201931657962
1378201931658045
1378201931658068
1378201931658176
1378201931658250
1378201931658309
1378201931658347
1378201931658427
1378201931658580
1378201931659112
1378201931659211
1378201931659282
1378201931659405
1378201931659409
1378201931659532
1378201931659564
1378201931659660
1378201931659664
1378201931659801
1378201931659871
1378201931659961
1378201931659980
1378201931660093
1378201931660214
1378201931660279
1378201931660371
1378201931660388
1378201931660507
1378201931660625
1378201931660664
1378201931660770
1378201931660901
1378201931661036
1378201931661069
1378201931674215
1378201931907887
1378201931963697
1378201931964116
1378201932119539
1378201932215169
1378201932253756
1378201932307646
1378201932308017
1378201932424729
1378201932424749
1378201932424972
1378201932424980
1378201932425059
1378201932425081
1378201932447169
1378201932459316
1378201932459337
1378201932459401
1378201932459442
1378201932459606
1378201932459611
1378201932459711
1378201932459715
1378201932459958
1378201932459967
1378201932460097
1378201932500123
1378201932500681
1378201932602424
1378201932630641
1378201932631393
1378201932633788
1378201932664484
1378201932704069
1378201932704605
1378201932745268
1378201932745899
1378201932929073
1378201932940475
1378201932940900
1378201932953499
1378201932953530
1378201932953542
1378201932953607
1378201932953787
1378201932953883
1378201932953930
1378201932953986
1378201932965417
1378201932965437
1378201932965673
1378201932965677
1378201933008581
1378201933009064
1378201933167093
1378201933233436
1378201933245930
1378201933245954
1378201933245967
1378201933246037
1378201933246136
1378201933246311
1378201933246357
1378201933246422
1378201933246595
1378201933246609
1378201933246730
1378201933246739
1378201933301576
1378201933302062
1378201933319719
1378201933319878
1378201933321557
1378201933321714
1378201933332784
1378201933332819
1378201933333027
1378201933333036
1378201933333274
1378201933333283
1378201933333380
1378201933333384
1378201933333661
1378201933333668
1378201933333765
1378201933333771
1378201933333917
1378201933333924
1378201933334427
1378201933334438
1378201933334677
1378201933334686
1378201933334787
1378201933334791
1378201933335046
1378201933335055
1378201933335442
1378201933335452
1378201933335547
1378201933335554
1378201933335703
1378201933335799
1378201933335815
1378201933336074
1378201933336087
1378201933336328
1378201933336336
1378201933336431
1378201933336438
1378201933336582
1378201933336589
1378201933336685
1378201933336689
1378201933336973
1378201933336982
1378201933337220
1378201933337229
1378201933337357
1378201933337362
1378201933337598
1378201933337607
1378201933337848
1378201933337856
1378201933337953
1378201933337959
1378201933338114
1378201933338121
1378201933338216
1378201933338243
1378201933338352
1378201933338387
1378201933338618
1378201933338628
1378201933339010
1378201933339021
1378201933339123
1378201933339128
1378201933339386
1378201933339394
1378201933339491
1378201933339498
1378201933339662
1378201933339668
1378201933339764
1378201933339771
1378201933339927
1378201933339931
1378201933340031
1378201933340035
1378201933340199
1378201933340206
1378201933340299
1378201933340324
1378201933340431
1378201933340502
1378201933340575
1378201933340600
1378201933340699
1378201933340816
1378201933340821
1378201933340940
1378201933340981
1378201933341078
1378201933341082
1378201933341797
1378201933341805
1378201933341914
1378201933341918
1378201933342072
1378201933342080
1378201933342204
1378201933342211
1378201933342361
1378201933342366
1378201933342494
1378201933342502
1378201933342649
1378201933342652
1378201933342756
1378201933342787
1378201933342885
1378201933342890
1378201933343021
1378201933343065
1378201933345288
1378201933345296
1378201933345415
1378201933345419
1378201933345661
1378201933345667
1378201933345765
1378201933345771
1378201933345922
1378201933345929
1378201933346025
1378201933346030
1378201933346194
1378201933346215
1378201933346312
1378201933346317
1378201933349126
1378201933349135
1378201933349239
1378201933349244
1378201933349496
1378201933349501
1378201933349628
1378201933349632
1378201933349757
1378201933349765
1378201933349861
1378201933349865
1378201933350138
1378201933350142
1378201933350379
1378201933350388
1378201933350488
1378201933350492
1378201933350696
1378201933350701
1378201933350882
1378201933350886
1378201933350983
1378201933350990
1378201933351136
1378201933351141
1378201933351492
1378201933351500
1378201933352442
1378201933352456
1378201933352777
1378201933352785
1378201933352883
1378201933352900
1378201933353021
1378201933353025
1378201933353151
1378201933353173
1378201933354204
1378201933354222
1378201933354322
1378201933354329
1378201933354574
1378201933354581
1378201933354684
1378201933354689
1378201933354815
1378201933354819
1378201933354941
1378201933354974
1378201933355205
1378201933355210
1378201933355328
1378201933355335
1378201933355577
1378201933355582
1378201933355628
1378201933355964
1378201933355976
1378201933356078
1378201933356083
1378201933356329
1378201933356336
1378201933356432
1378201933356440
1378201933356707
1378201933356715
1378201933356823
1378201933356827
1378201933356952
1378201933356959
1378201933357203
1378201933357208
1378201933357329
1378201933357336
1378201933357454
1378201933357482
1378201933357578
1378201933357585
1378201933357713
1378201933357910
1378201933357950
1378201933358048
1378201933358056
1378201933358168
1378201933358287
1378201933358409
1378201933358433
1378201933358530
1378201933358538
1378201933358841
1378201933358995
1378201933359002
1378201933359121
1378201933359128
1378201933359265
1378201933359385
1378201933359539
1378201933359606
1378201933364324
1378201933364355
1378201933364438
1378201933364466
1378201933364562
1378201933364573
1378201933364819
1378201933364833
1378201933365071
1378201933365084
1378201933365449
1378201933365463
1378201933365559
1378201933365565
1378201933365715
1378201933365720
1378201933365956
1378201933365970
1378201933366113
1378201933366126
1378201933366224
1378201933366257
1378201933366362
1378201933366382
1378201933366485
1378201933366492
1378201933366590
1378201933366599
1378201933366726
1378201933366734
1378201933367067
1378201933367081
1378201933367231
1378201933367241
1378201933368850
1378201933368867
1378201933368968
1378201933368977
1378201933369218
1378201933369231
1378201933369328
1378201933369337
1378201933369465
1378201933369474
1378201933369572
1378201933369579
1378201933369852
1378201933369865
1378201933369963
1378201933369972
1378201933370229
1378201933370243
1378201933370460
1378201933370474
1378201933370572
1378201933370577
1378201933370732
1378201933370737
1378201933370832
1378201933370841
1378201933371237
1378201933371251
1378201933371349
1378201933371357
1378201933371485
1378201933371494
1378201933371867
1378201933371880
1378201933371979
1378201933371988
1378201933372360
1378201933372375
1378201933372475
1378201933372482
1378201933372739
1378201933372751
1378201933372850
1378201933372855
1378201933373240
1378201933373254
1378201933373352
1378201933373361
1378201933373486
1378201933373498
1378201933373596
1378201933373601
1378201933373764
1378201933373773
1378201933373867
1378201933373886
1378201933373984
1378201933373993
1378201933374263
1378201933374277
1378201933374415
1378201933374432
1378201933374443
1378201933374541
1378201933374563
1378201933374668
1378201933374697
1378201933374793
1378201933374803
1378201933374905
1378201933374912
1378201933375050
1378201933375062
1378201933376818
1378201933376838
1378201933376977
1378201933459666
1378201933460115
1378201933899142
1378201933911977
1378201933912025
1378201933912200
1378201933912220
1378201933912378
1378201933912397
1378201933912494
1378201933912510
1378201933912734
1378201933912754
1378201933912851
1378201933912867
1378201933930906
1378201933984465
1378201933984858
1378201933997019
1378201933997027
1378201933997213
1378201933997222
1378201933997318
1378201933997324
1378201934152174
1378201934278933
1378201934282516
1378201934282749
1378201934288878
1378201934292318
1378201934297555
1378201934297579
1378201934351753
1378201934352238
1378201934507630
1378201934521245
1378201934529887
1378201934584537
1378201934584764
1378201934739104
1378201934752549
1378201934807343
1378201934807582
1378201934966604
1378201934977931
1378201935031457
1378201935031805
1378201935121358
1378201935189586
1378201935190091
1378201935201162
1378201935250252
1378201935250576
1378201935397966
1378201935408235
1378201935457392
1378201935457645
1378201935686880
1378201935699758
1378201935748663
1378201935749046
1378201935906358
1378201935917167
1378201935966357
1378201935966652
1378201936122117
1378201936133468
1378201936190117
1378201936190387
1378201936370608
1378201936381540
1378201936431040
1378201936431353
1378201936575043
1378201936586388
1378201936637751
1378201936637977
1378201936786479
1378201936797604
1378201936847275
1378201936847575
1378201937006299
1378201937018809
1378201937072334
1378201937072646
1378201937225271
1378201937236274
1378201937285704
1378201937286006
1378201937446716
1378201937457887
1378201937507135
1378201937507423
1378201937669090
1378201937679968
1378201937734949
1378201937735259
1378201937886226
1378201937897926
1378201937946861
1378201937947169
1378201938095973
1378201938107228
1378201938160803
1378201938161118
1378201938314593
1378201938326468
1378201938380565
1378201938380879
1378201938538694
1378201938549635
1378201938598888
1378201938599200
1378201938768538
1378201938779770
1378201938834100
1378201938834350
1378201938985096
1378201938995862
1378201939044888
1378201939045196
1378201939196727
1378201939208177
1378201939262349
1378201939262659
1378201939421591
1378201939432735
1378201939482046
1378201939482345
1378201939635609
1378201939646684
1378201939695754
1378201939696042
1378201939853705
1378201939866521
1378201939921872
1378201939922177
1378201940073742
1378201940086295
1378201940139645
1378201940139940
1378201940287053
1378201940298167
1378201940347523
1378201940347822
1378201940515696
1378201940527032
1378201940576236
1378201940576485
1378201940735109
1378201940747764
1378201940796797
1378201940797087
1378201940960047
1378201940971983
1378201941016800
1378201941017101
1378201941166878
1378201941177998
1378201941227092
1378201941227394
1378201941377355
1378201941389152
1378201941442884
1378201941443193
1378201941600889
1378201941612003
1378201941666357
1378201941666652
1378201941828625
1378201941840428
1378201941894651
1378201941895013
1378201942043398
1378201942055722
1378201942109907
1378201942110230
1378201942266638
1378201942280076
1378201942335908
1378201942336210
1378201942490078
1378201942500892
1378201942554539
1378201942554843
1378201942907011
1378201942918437
1378201942996043
1378201942996352
1378201943152034
1378201943162523
1378201943218149
1378201943218379
1378201943373043
1378201943373686
1378201943384278
1378201943433748
1378201943434053
1378201943614325
1378201943625072
1378201943674540
1378201943674846
1378201943817956
1378201943829163
1378201943882604
1378201943882910
1378201944037094
1378201944037648
1378201944048325
1378201944098343
1378201944098654
1378201944252199
1378201944263197
1378201944308204
1378201944308465
1378201944453511
1378201944464188
1378201944518335
1378201944518630
1378201944668318
1378201944679369
1378201944733562
1378201944733794
1378201944880408
1378201944891294
1378201944940633
1378201944940926
1378201945085993
1378201945098014
1378201945151585
1378201945151898
1378201945310544
1378201945320948
1378201945376028
1378201945376272
1378201945525803
1378201945537322
1378201945589039
1378201945589338
1378201945740299
1378201945750947
1378201945799968
1378201945800260
1378201945958366
1378201945969455
1378201946022950
1378201946023231
1378201946178180
1378201946190424
1378201946244951
1378201946245184
1378201946402508
1378201946414085
1378201946470112
1378201946470422
1378201946629080
1378201946639337
1378201946684232
1378201946684515
1378201946830717
1378201946842346
1378201946891453
1378201946891748
1378201947032256
1378201947043033
1378201947096471
1378201947096748
1378201947250101
1378201947261855
1378201947311738
1378201947312052
1378201947458354
1378201947468866
1378201947523071
1378201947523324
1378201947712134
1378201947723773
1378201947768514
1378201947768824
1378201947924186
1378201947935068
1378201947985064
1378201947985372
1378201948132652
1378201948144322
1378201948194203
1378201948194493
1378201948346469
1378201948357493
1378201948411287
1378201948411587
1378201948567813
1378201948579502
1378201948628761
1378201948628993
1378201948788002
1378201948798857
1378201948854263
1378201948854559
1378201949006460
1378201949020094
1378201949075182
1378201949075541
1378201949231854
1378201949243199
1378201949297604
1378201949297917
1378201949456671
1378201949467162
1378201949516545
1378201949516822
1378201949659409
1378201949670452
1378201949722594
1378201949722886
1378201949875342
1378201949885770
1378201949935461
1378201949935737
1378201950087318
1378201950098365
1378201950147703
1378201950148026
1378201950296316
1378201950307438
1378201950362732
1378201950363057
1378201950515641
1378201950526718
1378201950582300
1378201950582598
1378201950751211
1378201950761703
1378201950816964
1378201950817243
1378201950967896
1378201950979008
1378201951023815
1378201951024125
1378201951169975
1378201951181186
1378201951230421
1378201951230715
1378201951373891
1378201951385174
1378201951439630
1378201951439934
1378201951591437
1378201951601921
1378201951655811
1378201951656042
1378201951814099
1378201951825104
1378201951874563
1378201951874860
1378201952019513
1378201952030497
1378201952084066
1378201952084322
1378201952238549
1378201952249531
1378201952303499
1378201952303810
1378201952460344
1378201952470777
1378201952520848
1378201952521103
1378201952677276
1378201952688119
1378201952742878
1378201952743175
1378201952899392
1378201952910482
1378201952955477
1378201952955709
1378201953102717
1378201953113474
1378201953167241
1378201953167571
1378201953319446
1378201953330031
1378201953380015
1378201953380312
1378201953534800
1378201953545067
1378201953595147
1378201953595381
1378201953749535
1378201953760326
1378201953814751
1378201953815047
1378201953964177
1378201953974584
1378201954023814
1378201954024064
1378201954169050
1378201954179814
1378201954229327
1378201954229652
1378201954383949
1378201954394331
1378201954443997
1378201954444232
1378201954595175
1378201954605856
1378201954655397
1378201954655690
1378201954803516
1378201954814242
1378201954868021
1378201954868319
1378201955025760
1378201955036288
1378201955090049
1378201955090324
1378201955242278
1378201955253138
1378201955308569
1378201955308865
1378201955462232
1378201955472543
1378201955522060
1378201955522353
1378201955679560
1378201955690315
1378201955744214
1378201955744506
1378201955905996
1378201955916240
1378201955970093
1378201955970352
1378201956128729
1378201956139460
1378201956193834
1378201956194165
1378201956348752
1378201956359503
1378201956415183
1378201956415481
1378201956563405
1378201956574202
1378201956628265
1378201956628562
1378201956785688
1378201956796540
1378201956851022
1378201956851274
1378201957003595
1378201957015704
1378201957065122
1378201957065422
1378201957209478
1378201957219759
1378201957269472
1378201957269738
1378201957416009
1378201957426837
1378201957481845
1378201957482141
1378201957764466
1378201957774845
1378201957824133
1378201957824381
1378201957824532
1378201957824661
1378201957864056
1378201957864462
1378201957972285
1378201957972705
1378201957982978
1378201958036761
1378201958037044
1378201958190112
1378201958200480
1378201958254419
1378201958254664
1378201958407656
1378201958418987
1378201958468664
1378201958468955
1378201958612879
1378201958623854
1378201958677878
1378201958678157
1378201958825610
1378201958836648
1378201958886446
1378201958886722
1378201959043132
1378201959053758
1378201959098593
1378201959098868
1378201959235633
1378201959246389
1378201959291256
1378201959291545
1378201959432456
1378201959442871
1378201959498589
1378201959498846
1378201959653452
1378201959664167
1378201959714041
1378201959714317
1378201959867104
1378201959877447
1378201959933050
1378201959933270
1378201960094767
1378201960105832
1378201960159658
1378201960159974
1378201960318278
1378201960328654
1378201960382724
1378201960382956
1378201960537054
1378201960548965
1378201960602871
1378201960603100
1378201960764295
1378201960775077
1378201960830583
1378201960830874
1378201960983215
1378201960995126
1378201961049173
1378201961049438
1378201961203276
1378201961215509
1378201961265093
1378201961265341
1378201961416224
1378201961426673
1378201961476151
1378201961476423
1378201961632566
1378201961643345
1378201961698154
1378201961698432
1378201961842193
1378201961852665
1378201961907069
1378201961907299
1378201962056144
1378201962067133
1378201962112174
1378201962112448
1378201962258500
1378201962269887
1378201962324774
1378201962325001
1378201962478804
1378201962489617
1378201962539560
1378201962539834
1378201962686322
1378201962697182
1378201962747253
1378201962747532
1378201962895956
1378201962906500
1378201962960573
1378201962960818
1378201963108222
1378201963119287
1378201963173336
1378201963173628
1378201963338630
1378201963349413
1378201963404909
1378201963405186
1378201963555621
1378201963569146
1378201963618987
1378201963619264
1378201963767512
1378201963777643
1378201963833627
1378201963833870
1378201963994257
1378201964006188
1378201964060161
1378201964060494
1378201964211542
1378201964221754
1378201964276359
1378201964276639
1378201964434614
1378201964445442
1378201964496150
1378201964496430
1378201964644496
1378201964655408
1378201964705478
1378201964705781
1378201964853991
1378201964864239
1378201964918511
1378201964918777
1378201965076291
1378201965087217
1378201965143078
1378201965143388
1378201965308837
1378201965319095
1378201965369022
1378201965369275
1378201965522552
1378201965533501
1378201965583637
1378201965583910
1378201965747764
1378201965758653
1378201965812912
1378201965813217
1378201965968111
1378201965978459
1378201966023662
1378201966023926
1378201966169021
1378201966180034
1378201966235859
1378201966236167
1378201966393450
1378201966404394
1378201966456669
1378201966456946
1378201966602727
1378201966613527
1378201966669181
1378201966669459
1378201966824145
1378201966834398
1378201966888590
1378201966888857
1378201967042982
1378201967054728
1378201967104572
1378201967104855
1378201967251187
1378201967263662
1378201967319398
1378201967319669
1378201967475899
1378201967486815
1378201967536661
1378201967536967
1378201967680932
1378201967691257
1378201967746183
1378201967746450
1378201967905180
1378201967916052
1378201967970418
1378201967970696
1378201968130311
1378201968141375
1378201968191776
1378201968192072
1378201968338154
1378201968349136
1378201968403166
1378201968403442
1378201968560534
1378201968571462
1378201968626231
1378201968626536
1378201968777341
1378201968788377
1378201968844337
1378201968844613
1378201968996894
1378201969009961
1378201969064827
1378201969065137
1378201969223046
1378201969233358
1378201969283043
1378201969283331
1378201969428209
1378201969439166
1378201969484359
1378201969484667
1378201969623252
1378201969634206
1378201969684105
1378201969684384
1378201969828267
1378201969839238
1378201969888934
1378201969889236
1378201970033181
1378201970044375
1378201970098742
1378201970099034
1378201970258813
1378201970271691
1378201970321715
1378201970322022
1378201970469772
1378201970480812
1378201970531152
1378201970531430
1378201970678324
1378201970688759
1378201970741135
1378201970741361
1378201970889452
1378201970900326
1378201970950353
1378201970950629
1378201971102177
1378201971112867
1378201971158384
1378201971158616
1378201971301837
1378201971312698
1378201971362399
1378201971362679
1378201971511835
1378201971522398
1378201971578439
1378201971578664
1378201971730364
1378201971741085
1378201971796775
1378201971797055
1378201971956636
1378201971967007
1378201972021187
1378201972021475
1378201972179268
1378201972190134
1378201972240749
1378201972241027
1378201972390253
1378201972400768
1378201972455098
1378201972455327
1378201972611882
1378201972622572
1378201972677029
1378201972677306
1378201972826140
1378201972836937
1378201972887115
1378201972887394
1378201973034150
1378201973045614
1378201973096114
1378201973096410
1378201973244129
1378201973255130
1378201973309932
1378201973310209
1378201973464539
1378201973475118
1378201973524913
1378201973525182
1378201973666191
1378201973677245
1378201973727366
1378201973727643
1378201973877236
1378201973888307
1378201973942666
1378201973942938
1378201974099074
1378201974110506
1378201974165309
1378201974165619
1378201974316683
1378201974328410
1378201974382916
1378201974383226
1378201974537907
1378201974548723
1378201974603079
1378201974603387
1378201974769004
1378201974779820
1378201974835847
1378201974836124
1378201974988625
1378201974998974
1378201975049742
1378201975050014
1378201975196351
1378201975207120
1378201975263112
1378201975263393
1378201975416705
1378201975426907
1378201975481302
1378201975481567
1378201975644260
1378201975654531
1378201975704629
1378201975704893
1378201975857042
1378201975867760
1378201975922257
1378201975922538
1378201976069396
1378201976079666
1378201976134704
1378201976134993
1378201976292471
1378201976303288
1378201976358168
1378201976358448
1378201976510857
1378201976522508
1378201976572693
1378201976573017
1378201976717808
1378201976728671
1378201976779453
1378201976779766
1378201976928435
1378201976939361
1378201976989536
1378201976989841
1378201977142232
1378201977153288
1378201977207796
1378201977208093
1378201977354310
1378201977364731
1378201977419002
1378201977419249
1378201977573332
1378201977585365
1378201977641395
1378201977641619
1378201977795773
1378201977806566
1378201977856673
1378201977856952
1378201978010109
1378201978020515
1378201978071333
1378201978071600
1378201978216476
1378201978227425
1378201978281755
1378201978282082
1378201978436290
1378201978446537
1378201978497216
1378201978497484
1378201978646973
1378201978657930
1378201978707872
1378201978708156
1378201978859673
1378201978870811
1378201978926643
1378201978926951
1378201979092163
1378201979102625
1378201979157706
1378201979157982
1378201979317527
1378201979328402
1378201979378574
1378201979378852
1378201979534344
1378201979545306
1378201979595251
1378201979595528
1378201979752059
1378201979765376
1378201979820015
1378201979820340
1378201979969057
1378201979980128
1378201980036332
1378201980036589
1378201980190870
1378201980201147
1378201980257704
1378201980257970
1378201980402615
1378201980413515
1378201980468352
1378201980468613
1378201980629476
1378201980640340
1378201980690540
1378201980690822
1378201980834115
1378201980845102
1378201980899856
1378201980900117
1378201981051295
1378201981062352
1378201981112626
1378201981112934
1378201981265510
1378201981276004
1378201981328172
1378201981328436
1378201981482084
1378201981492953
1378201981547278
1378201981547558
1378201981697895
1378201981708894
1378201981759087
1378201981759364
1378201981905265
1378201981916287
1378201981966779
1378201981967083
1378201982127239
1378201982138206
1378201982188475
1378201982188750
1378201982340621
1378201982351562
1378201982401874
1378201982402144
1378201982544905
1378201982555890
1378201982605908
1378201982606184
1378201982744462
1378201982755458
1378201982805683
1378201982805978
1378201982942639
1378201982953863
1378201983008516
1378201983008943
1378201983164796
1378201983175205
1378201983227705
1378201983227981
1378201983381380
1378201983392516
1378201983442476
1378201983442805
1378201983587285
1378201983598367
1378201983644465
1378201983644739
1378201983794817
1378201983805940
1378201983861982
1378201983862314
1378201984011558
1378201984022724
1378201984073677
1378201984073990
1378201984225213
1378201984236242
1378201984286516
1378201984286824
1378201984431678
1378201984442689
1378201984497987
1378201984498297
1378201984650338
1378201984661465
1378201984716577
1378201984716858
1378201984867851
1378201984878926
1378201984928904
1378201984929209
1378201985079397
1378201985090742
1378201985145485
1378201985145775
1378201985296909
1378201985308593
1378201985358453
1378201985358760
1378201985503215
1378201985513831
1378201985564061
1378201985564338
1378201985717748
1378201985727874
1378201985778136
1378201985778402
1378201985921016
1378201985931532
1378201985985970
1378201985986245
1378201986139669
1378201986150375
1378201986204749
1378201986205036
1378201986362509
1378201986373201
1378201986429437
1378201986429731
1378201986583915
1378201986594124
1378201986644457
1378201986644677
1378201986797751
1378201986808518
1378201986858708
1378201986858970
1378201987008463
1378201987018946
1378201987073679
1378201987073974
1378201987223145
1378201987233699
1378201987284460
1378201987284751
1378201987430038
1378201987440273
1378201987486096
1378201987486350
1378201987627408
1378201987638035
1378201987688509
1378201987688787
1378201987829101
1378201987839969
1378201987895500
1378201987895776
1378201988055861
1378201988066216
1378201988116641
1378201988116926
1378201988268722
1378201988279485
1378201988333912
1378201988334203
1378201988468446
1378201988479189
1378201988529494
1378201988529755
1378201988672565
1378201988683312
1378201988738190
1378201988738485
1378201988891637
1378201988902924
1378201988958249
1378201988958528
1378201989112183
1378201989123068
1378201989177952
1378201989178224
1378201989326811
1378201989337127
1378201989391711
1378201989391972
1378201989547706
1378201989558533
1378201989613826
1378201989614102
1378201989770647
1378201989781744
1378201989836554
1378201989836845
1378201989992516
1378201990003757
1378201990061138
1378201990061402
1378201990217083
1378201990227297
1378201990280127
1378201990280402
1378201990435465
1378201990447551
1378201990502074
1378201990502294
1378201990647923
1378201990658699
1378201990704702
1378201990704976
1378201990847249
1378201990857654
1378201990908208
1378201990908433
1378201991054670
1378201991065664
1378201991116111
1378201991116442
1378201991266815
1378201991277560
1378201991328909
1378201991329196
1378201991468820
1378201991479278
1378201991533898
1378201991534150
1378201991687239
1378201991699627
1378201991752357
1378201991752579
1378201991904032
1378201991914811
1378201991966075
1378201991966351
1378201992116392
1378201992127024
1378201992177315
1378201992177581
1378201992321189
1378201992331935
1378201992378183
1378201992378458
1378201992519603
1378201992530049
1378201992584849
1378201992585074
1378201992741512
1378201992752229
1378201992807484
1378201992807761
1378201992960185
1378201992972478
1378201993022932
1378201993023174
1378201993172534
1378201993183325
1378201993238654
1378201993238933
1378201993394892
1378201993405331
1378201993455900
1378201993456130
1378201993600169
1378201993610918
1378201993661436
1378201993661712
1378201993808974
1378201993819418
1378201993869982
1378201993870228
1378201994014583
1378201994025455
1378201994076406
1378201994076713
1378201994222052
1378201994232892
1378201994289375
1378201994289651
1378201994448159
1378201994458537
1378201994514759
1378201994514980
1378201994666738
1378201994677498
1378201994732460
1378201994732739
1378201994883454
1378201994893920
1378201994948850
1378201994949066
1378201995097191
1378201995108061
1378201995164571
1378201995164883
1378201995325381
1378201995336161
1378201995392223
1378201995392502
1378201995579562
1378201995590037
1378201995646577
1378201995646823
1378201995815856
1378201995827266
1378201995884145
1378201995884388
1378201996042859
1378201996053400
1378201996109253
1378201996109518
1378201996260262
1378201996271025
1378201996321603
1378201996321914
1378201996479421
1378201996489779
1378201996546946
1378201996547211
1378201996695562
1378201996706381
1378201996756595
1378201996756872
1378201996917042
1378201996927813
1378201996978650
1378201996978931
1378201997133939
1378201997145073
1378201997200212
1378201997200508
1378201997349730
1378201997360720
1378201997411169
1378201997411445
1378201997555944
1378201997566771
1378201997617099
1378201997617376
1378201997773394
1378201997783618
1378201997834396
1378201997834654
1378201997982298
1378201997992563
1378201998049208
1378201998049478
1378201998206714
1378201998217597
1378201998273844
1378201998274124
1378201998426831
1378201998437759
1378201998488786
1378201998489053
1378201998642859
1378201998653736
1378201998704370
1378201998704653
1378201998861782
1378201998873896
1378201998924776
1378201998925043
1378201999070009
1378201999081172
1378201999136019
1378201999136312
1378201999302534
1378201999313862
1378201999366039
1378201999366306
1378201999517195
1378201999528116
1378201999583212
1378201999583486
1378201999740916
1378201999751837
1378201999808284
1378201999808601
1378201999964653
1378201999975593
1378202000026882
1378202000027175
1378202000177431
1378202000188412
1378202000239670
1378202000239957
1378202000393573
1378202000404728
1378202000461084
1378202000461363
1378202000613447
1378202000625578
1378202000682253
1378202000682563
1378202000850048
1378202000861007
1378202000912242
1378202000912524
1378202001061852
1378202001072271
1378202001123460
1378202001123737
1378202001274601
1378202001285528
1378202001336031
1378202001336334
1378202001488849
1378202001499544
1378202001555184
1378202001555510
1378202001712001
1378202001722940
1378202001773820
1378202001774128
1378202001931278
1378202001944190
1378202001998984
1378202001999289
1378202002152268
1378202002162768
1378202002219265
1378202002219545
1378202002377017
1378202002387965
1378202002444193
1378202002444472
1378202002590764
1378202002601780
1378202002652208
1378202002652486
1378202002790746
1378202002802563
1378202002852994
1378202002853279
1378202003007579
1378202003018589
1378202003073626
1378202003073923
1378202003229465
1378202003239734
1378202003294584
1378202003294857
1378202003449899
1378202003460914
1378202003511873
1378202003512164
1378202003660445
1378202003671480
1378202003722091
1378202003722363
1378202003869404
1378202003880427
1378202003931355
1378202003931663
1378202004083388
1378202004094290
1378202004148915
1378202004149191
1378202004312167
1378202004323058
1378202004377807
1378202004378112
1378202004532737
1378202004543111
1378202004598034
1378202004598295
1378202004752431
1378202004762919
1378202004813508
1378202004813784
1378202004965079
1378202004976058
1378202005031658
1378202005031908
1378202005184482
1378202005197065
1378202005243171
1378202005243444
1378202005390080
1378202005401094
1378202005452132
1378202005452412
1378202005604502
1378202005615597
1378202005666396
1378202005666698
1378202005817469
1378202005828400
1378202005883184
1378202005883490
1378202006035045
1378202006046163
1378202006101189
1378202006101495
1378202006259020
1378202006269336
1378202006319927
1378202006320209
1378202006462705
1378202006473772
1378202006531249
1378202006531533
1378202006676577
1378202006687518
1378202006733525
1378202006733784
1378202006879043
1378202006879879
1378202006918492
1378202006969033
1378202006969430
1378202007126868
1378202007138139
1378202007189041
1378202007189314
1378202007338596
1378202007349402
1378202007406147
1378202007406455
1378202007557557
1378202007567716
1378202007618289
1378202007618567
1378202007760953
1378202007771815
1378202007822715
1378202007822999
1378202007973894
1378202007984091
1378202008037103
1378202008037374
1378202008191182
1378202008202059
1378202008257093
1378202008257401
1378202008411023
1378202008422323
1378202008472871
1378202008473160
1378202008618025
1378202008628263
1378202008674290
1378202008674529
1378202008814803
1378202008825549
1378202008876544
1378202008876824
1378202009022019
1378202009032681
1378202009087419
1378202009087715
1378202009229654
1378202009240413
1378202009291089
1378202009291373
1378202009439224
1378202009449477
1378202009500549
1378202009500807
1378202009650274
1378202009660958
1378202009711630
1378202009711906
1378202009858722
1378202009869167
1378202009919868
1378202009920096
1378202010072579
1378202010083549
1378202010140196
1378202010140493
1378202010301001
1378202010311688
1378202013361360
1378202013361658
1378202013513246
1378202013523812
1378202013574557
1378202013574833
1378202013726202
1378202013736535
1378202017578350
1378202017629108
