1378123692891964
1378123693296971
1378123693297289
1378123693698147
1378123693698175
1378123693698272
1378123693698281
1378123693698378
1378123693698384
1378123693698532
1378123694099321
1378123694099356
1378123694099563
1378123694099580
1378123694099676
1378123694099690
1378123694099977
1378123694099993
1378123694100003
1378123694100203
1378123694100215
1378123694100312
1378123694100325
1378123694100451
1378123694100463
1378123694100887
1378123694100902
1378123694101022
1378123694101029
1378123694101193
1378123694101201
1378123694101393
1378123694101401
1378123694336223
1378123694512141
1378123694512165
1378123694512264
1378123694512278
1378123694512514
1378123694512529
1378123694512829
1378123694512846
1378123694512856
1378123694513055
1378123694513067
1378123694513076
1378123694513142
1378123694513195
1378123694735278
1378123694735744
1378123694736025
1378123695024490
1378123695024794
1378123695025109
1378123695138224
1378123695138247
1378123695138352
1378123695138358
1378123695138533
1378123695138540
1378123695138684
1378123695313757
1378123695314158
1378123695314553
1378123695317804
1378123695317847
1378123695318061
1378123695318069
1378123695318202
1378123695318293
1378123695318391
1378123695539011
1378123695539040
1378123695539265
1378123695539278
1378123695539375
1378123695539389
1378123695539620
1378123695539636
1378123695539754
1378123695539768
1378123695539866
1378123695539877
1378123695540112
1378123695540127
1378123695540248
1378123695540259
1378123695540355
1378123695540364
1378123695540902
1378123695540911
1378123695541039
1378123695541045
1378123695541142
1378123695541150
1378123695574695
1378123695575110
1378123695609961
1378123695609998
1378123695610092
1378123695610103
1378123695610288
1378123695610295
1378123695610423
1378123695650533
1378123695669101
1378123695836568
1378123695837518
1378123695837639
1378123695837833
1378123695837849
1378123695837936
1378123695837950
1378123695942105
1378123695942116
1378123695942357
1378123695942365
1378123695942466
1378123695942472
1378123695942664
1378123695942673
1378123695942807
1378123695942815
1378123695942914
1378123695942922
1378123695943456
1378123695943465
1378123695943709
1378123695943717
1378123695944072
1378123695944080
1378123695944203
1378123695944210
1378123695944437
1378123695944445
1378123695944728
1378123695944736
1378123695944956
1378123695944964
1378123695945202
1378123695945211
1378123695945313
1378123695945318
1378123695945452
1378123695945460
1378123695945592
1378123695945600
1378123695945698
1378123695945702
1378123695945835
1378123695945843
1378123695945995
1378123695946000
1378123695946097
1378123695946118
1378123695946241
1378123695946249
1378123695946619
1378123695946628
1378123695946751
1378123695946759
1378123695946857
1378123695946865
1378123695947002
1378123695947011
1378123695947110
1378123695947117
1378123695947246
1378123695947254
1378123696070815
1378123696071297
1378123696071872
1378123696072013
1378123696073165
1378123696097783
1378123696097812
1378123696098212
1378123696098226
1378123696098232
1378123696098262
1378123696098359
1378123696098446
1378123696098822
1378123696098838
1378123696098844
1378123696098891
1378123696099048
1378123696099301
1378123696099441
1378123696099452
1378123696337045
1378123696338035
1378123696343336
1378123696343377
1378123696343391
1378123696343685
1378123696343766
1378123696343833
1378123696343847
1378123696343935
1378123696344007
1378123696344094
1378123696344194
1378123696345052
1378123696345156
1378123696345168
1378123696345304
1378123696345311
1378123696345505
1378123696345517
1378123696345614
1378123696345622
1378123696345754
1378123696345764
1378123696346537
1378123696346560
1378123696346662
1378123696346685
1378123696346805
1378123696346819
1378123696347156
1378123696347172
1378123696347420
1378123696347436
1378123696347542
1378123696347552
1378123696347671
1378123696347684
1378123696347781
1378123696347798
1378123696348099
1378123696348115
1378123696348216
1378123696348223
1378123696348358
1378123696348369
1378123696348777
1378123696348799
1378123696348914
1378123696348943
1378123696359342
1378123696359453
1378123696359860
1378123696359867
1378123696359875
1378123696360021
1378123696360238
1378123696360696
1378123696360716
1378123696360777
1378123696360800
1378123696361410
1378123696361508
1378123696361662
1378123696361806
1378123696361818
1378123696362039
1378123696362046
1378123696362711
1378123696362730
1378123696362914
1378123696362923
1378123696363077
1378123696363082
1378123696363277
1378123696363286
1378123696363362
1378123696363423
1378123696363511
1378123696363539
1378123696364275
1378123696364291
1378123696364416
1378123696364421
1378123696364566
1378123696364710
1378123696364811
1378123696473272
1378123696473299
1378123696473404
1378123696473412
1378123696473532
1378123696473537
1378123696473680
1378123696602963
1378123696603803
1378123696603812
1378123696604034
1378123696604042
1378123696604141
1378123696604149
1378123696605059
1378123696605798
1378123696644789
1378123696653883
1378123696653908
1378123696654014
1378123696654024
1378123696654206
1378123696654218
1378123696654336
1378123696654347
1378123696654561
1378123696654574
1378123696654906
1378123696654921
1378123696867434
1378123696869724
1378123696869828
1378123696869960
1378123696870062
1378123696870070
1378123696870260
1378123696870268
1378123696906436
1378123696906867
1378123696944853
1378123697132042
1378123697132064
1378123697132453
1378123697132462
1378123697132467
1378123697132646
1378123697132654
1378123697132741
1378123697132749
1378123697132846
1378123697132851
1378123697133306
1378123697133315
1378123697133466
1378123697133474
1378123697169878
1378123697170692
1378123697170798
1378123697171102
1378123697171118
1378123697171228
1378123697171243
1378123697431482
1378123706272559
1378123706273244
1378123706273542
1378123706562489
1378123706562804
1378123706563167
1378123706607328
1378123706607360
1378123706607427
1378123706607444
1378123706607577
1378123706607692
1378123706607790
1378123706859051
1378123706859496
1378123706859587
1378123706859597
1378123706859879
1378123706948066
1378123706948092
1378123706949298
1378123706949308
1378123706949409
1378123706949425
1378123706949572
1378123707152914
1378123707152950
1378123707153051
1378123707153062
1378123707153254
1378123707153264
1378123707153387
1378123707153400
1378123707443566
1378123707443599
1378123707443795
1378123707443808
1378123707443905
1378123707443915
1378123707444061
1378123707444075
1378123707444161
1378123707444179
1378123707444513
1378123707444528
1378123707445189
1378123707445204
1378123707445214
1378123707445223
1378123707445243
1378123707445314
1378123707732141
1378123707732178
1378123707732377
1378123707732389
1378123707732488
1378123707732498
1378123707732887
1378123707732902
1378123707733393
1378123707733407
1378123707734009
1378123707734023
1378123707734032
1378123707734064
1378123707734102
1378123707734544
1378123707734559
1378123707734565
1378123707734570
1378123707734863
1378123707734873
1378123707734877
1378123716149013
1378123716149774
1378123716150079
1378123716439263
1378123716439576
1378123716439688
1378123716439793
1378123716439899
1378123716441053
1378123716441087
1378123716441185
1378123716441864
1378123716441895
1378123716442003
1378123716729982
1378123716730440
1378123716730976
1378123716730998
1378123716731007
1378123716732611
1378123716732729
1378123716732755
1378123716761661
1378123716761683
1378123716762405
1378123717021062
1378123717021099
1378123717021288
1378123717021305
1378123717021429
1378123717045342
1378123717045965
1378123717085378
1378123717326405
1378123717326813
1378123717327129
1378123717358513
1378123717359483
1378123717359586
1378123717361202
1378123717361329
1378123717361337
1378123717363020
1378123717564348
1378123717565171
1378123717565185
1378123717565397
1378123717565409
1378123717565505
1378123717565518
1378123717565729
1378123717565744
1378123717616784
1378123717617258
1378123717653524
1378123717917644
1378123717917668
1378123717917948
1378123717917956
1378123717987244
1378123717987624
1378123717987935
1378123718324624
1378123718324649
1378123718324732
1378123718324756
1378123718324891
1378123718324896
1378123718325023
1378123718325027
1378123718325484
1378123718325806
1378123718660002
1378123718660027
1378123718663373
1378123718663382
1378123718663531
1378123718663537
1378123718663750
1378123718663760
1378123718663857
1378123718663864
1378123718664002
1378123718664010
1378123718664107
1378123718664113
1378123718999401
1378123718999421
1378123718999619
1378123718999629
1378123718999727
1378123718999732
1378123718999860
1378123721659034
1378123721659562
1378123721659884
1378123721995418
1378123721995445
1378123721995520
1378123721995547
1378123721995695
1378123721995785
1378123731006037
1378123731006526
1378123731006850
1378123731357832
1378123731357858
1378123731358279
1378123731358289
1378123731358294
1378123731358556
1378123731704396
1378123734345577
1378123734346348
1378123734346585
1378123734686180
1378123734686204
1378123734687491
1378123734687501
1378123734687637
1378123734687852
1378123734688335
1378123734690847
1378123734691017
1378123734980147
1378123734980181
1378123734980267
1378123734980278
1378123734980377
1378123734980384
1378123734980637
1378123734980650
1378123734981039
1378123734981057
1378123734981155
1378123734981167
1378123734981304
1378123734983547
1378123734983563
1378123734983813
1378123734983829
1378123734984029
1378123734984075
1378123734984518
1378123734984529
1378123734985412
1378123734985423
1378123734985768
1378123734985780
1378123735029569
1378123735032868
1378123735032881
1378123735032980
1378123735032988
1378123735033135
1378123735033142
1378123735033240
1378123735033247
1378123735190643
1378123735190668
1378123735273830
1378123735273843
1378123735273974
1378123735273979
1378123735274297
1378123735274307
1378123735274790
1378123735274799
1378123735274952
1378123735297025
1378123735376875
1378123735376895
1378123735377133
1378123735377139
1378123735377259
1378123735377265
1378123735377402
1378123735377410
1378123735587334
1378123735587359
1378123735587707
1378123735587716
1378123735587932
1378123735587937
1378123735588162
1378123735588172
1378123735588728
1378123735588738
1378123735588745
1378123735588752
1378123735588766
1378123735588978
1378123735877680
1378123735877713
1378123735877958
1378123735877973
1378123735878052
1378123735878070
1378123735878315
1378123735878329
1378123735878426
1378123735878437
1378123735878534
1378123735878547
1378123735878786
1378123735878800
1378123735879002
1378123735879014
1378123735879096
1378123735879111
1378123735879553
1378123735879562
1378123735879697
1378123735879705
1378123735879813
1378123735879818
1378123735880112
1378123735880123
1378123736167873
1378123736167906
1378123736169476
1378123736169491
1378123736169611
1378123736265310
1378123736281214
1378123736555829
1378123736555875
1378123736556134
1378123736556151
1378123736557224
1378123736557240
1378123736557544
1378123736557560
1378123736557570
1378123736557582
1378123736557591
1378123736844477
1378123736844512
1378123736845344
1378123736845360
1378123736845464
1378123736845474
1378123736845606
1378123736845618
1378123736845755
1378123737510369
1378123737570081
1378123737570111
1378123737570201
1378123737570212
1378123737570426
1378123737570440
1378123737570538
1378123737570551
1378123737570743
1378123737570758
1378123737570812
1378123737570831
1378123737792759
1378123737793474
1378123737793677
1378123737858604
1378123737858623
1378123737858958
1378123737858967
1378123737859165
1378123737859173
1378123737859178
1378123737859225
1378123737859351
1378123737859483
1378123737859580
1378123737859587
1378123737860178
1378123737860187
1378123737860612
1378123737860621
1378123737860626
1378123737860630
1378123737860654
1378123737860842
1378123737898575
1378123738069888
1378123738070585
1378123738070788
1378123738186537
1378123738187296
1378123738187400
1378123738187624
1378123738187761
1378123738349720
1378123738350315
1378123738367814
1378123738367932
1378123738370374
1378123738377087
1378123738643090
1378123738644186
1378123738644216
1378123738644703
1378123738644717
1378123738672619
1378123738672641
1378123738672984
1378123738672994
1378123738674138
1378123738674146
1378123738674392
1378123738674400
1378123738675329
1378123738675339
1378123738675461
1378123738675466
1378123738675608
1378123738678912
1378123738678987
1378123738679119
1378123738679217
1378123738962610
1378123738962646
1378123738962811
1378123738962821
1378123738962924
1378123738962934
1378123738964238
1378123738964253
1378123738964411
1378123738964420
1378123738964692
1378123738964706
1378123738980975
1378123738980990
1378123748175962
1378123748176847
1378123748216408
1378123748514504
1378123748514923
1378123748515040
1378123748705613
1378123748808258
1378123748808285
1378123748808405
1378123748808419
1378123748808759
1378123748808775
1378123748809166
1378123748809180
1378123748809326
1378123748809331
1378123748809827
1378123748809836
1378123748809979
1378123748809985
1378123748810126
1378123748810135
1378123748812919
1378123748813791
1378123748813800
1378123748813938
1378123748813944
1378123748814102
1378123748814110
1378123749100037
1378123749100067
1378123749100166
1378123749100179
1378123749100308
1378123749100318
1378123749100542
1378123749100555
1378123749100637
1378123749100655
1378123749101053
1378123749101067
1378123749101195
1378123749101204
1378123749112147
1378123749112168
1378123749112363
1378123749112373
1378123749112472
1378123749112489
1378123749156222
1378123749734552
1378123749735111
1378123749735315
1378123750018304
1378123750018774
1378123750284750
1378123750330367
1378123750330917
1378123750837731
1378123751079496
1378123751080290
1378123751080903
1378123751327318
1378123751327935
1378123751327955
1378123751328188
1378123751328204
1378123751328442
1378123751328456
1378123751569813
1378123751569843
1378123751570312
1378123751570328
1378123751570679
1378123751570696
1378123751570900
1378123751570914
1378123751571010
1378123751571022
1378123751571162
1378123751571175
1378123751571499
1378123751571514
1378123751571611
1378123752212549
1378123752493217
1378123752493590
1378123752777501
1378123752811594
1378123753055347
1378123753103345
1378123753103374
1378123753103637
1378123753103645
1378123753103792
1378123753103938
1378123753104089
1378123753104098
1378123753229544
1378123753345576
1378123753345599
1378123753345913
1378123753345923
1378123753346097
1378123756528893
1378123756529673
1378123756529881
1378123756831220
1378123756831250
1378123756831350
1378123756831361
1378123756831458
1378123756831561
1378123756831571
1378123757131425
1378123757131445
1378123757131526
1378123757131549
1378123757131795
1378123757131812
1378123757131900
1378123757131919
1378123757132104
1378123757132118
1378123757132214
1378123757132228
1378123757132351
1378123757132360
1378123757132705
1378123757132719
1378123757132864
1378123757132872
1378123757181227
1378123757181240
1378123757181375
1378123757181380
1378123757181600
1378123757181609
1378123757433480
1378123757433494
1378123757433702
1378123757433716
1378123757433814
1378123757433827
1378123757433950
1378123765826187
1378123765827044
1378123765827164
1378123765827476
1378123765828380
1378123765828479
1378123766128351
1378123766128387
1378123766128892
1378123766129509
1378123766168450
1378123766431911
1378123766431935
1378123766431942
1378123766432154
1378123766432162
1378123766475207
1378123766475779
1378123766475989
1378123766732561
1378123766732584
1378123766732672
1378123766732688
1378123766732935
1378123766732943
1378123766733040
1378123766733048
1378123766733207
1378123766733215
1378123766733464
1378123766733473
1378123766733613
1378123766733618
1378123766733715
1378123766733720
1378123766734460
1378123766734470
1378123766734475
1378123766775390
1378123766776006
1378123766776214
1378123766783975
1378123766784942
1378123766785046
1378123766785191
1378123766785293
1378123766785302
1378123766785438
1378123766785446
1378123766785544
1378123766785549
1378123766785797
1378123766785806
1378123766785941
1378123766785949
1378123766786289
1378123766786298
1378123766786398
1378123766786423
1378123766786548
1378123766786554
1378123766786674
1378123766786681
1378123766787333
1378123766787342
1378123766787478
1378123766787484
1378123766787630
1378123767034924
1378123767034959
1378123767035168
1378123767035184
1378123767035390
1378123767035403
1378123767035520
1378123767035533
1378123767035813
1378123767035827
1378123767035925
1378123767035938
1378123767036082
1378123767036094
1378123767036219
1378123767036232
1378123767036330
1378123767036335
1378123767036490
1378123767036498
1378123767036593
1378123767036599
1378123767036719
1378123767036755
1378123767036846
1378123767036873
1378123767037467
1378123767037476
1378123767037617
1378123767076140
1378123767077058
1378123767077639
1378123767077830
1378123767077848
1378123767077981
1378123767078134
1378123767078139
1378123767378261
1378123767378285
1378123767378376
1378123767378381
1378123767378507
1378123767378519
1378123767378619
1378123767378642
1378123767378778
1378123767378783
1378123767379078
1378123767379088
1378123767379854
1378123767379862
1378123767380172
1378123767380180
1378123767380335
1378123767380425
1378123767380523
1378123767426161
1378123767426185
1378123767426373
1378123767426385
1378123767426473
1378123767426497
1378123767426655
1378123767426665
1378123767426839
1378123767426847
1378123767679946
1378123767679980
1378123767680189
1378123767680202
1378123767680300
1378123767680312
1378123767680442
1378123767680455
1378123767680561
1378123767680571
1378123767680758
1378123767680770
1378123767680867
1378123767680885
1378123767681024
1378123767681037
1378123767681441
1378123767681455
1378123767681605
1378123767681611
1378123767846794
1378123767953499
1378123768156514
1378123768157348
1378123768157376
1378123768157707
1378123768157724
1378123768157822
1378123768157833
1378123768157984
1378123768157996
1378123768158225
1378123768158241
1378123768158356
1378123768158367
1378123768158464
1378123768158475
1378123768158992
1378123768159012
1378123768159101
1378123768159181
1378123768159261
1378123768159285
1378123768159412
1378123768159417
1378123768159515
1378123768159520
1378123768160023
1378123768160036
1378123768160135
1378123768160143
1378123768160296
1378123768160303
1378123768160440
1378123768160447
1378123768160595
1378123768160601
1378123768160732
1378123768160738
1378123768160881
1378123768255250
1378123768255279
1378123768255491
1378123768255501
1378123768255601
1378123768255606
1378123768255854
1378123768255864
1378123768255990
1378123768255996
1378123768256121
1378123768256197
1378123768256434
1378123768256443
1378123768256580
1378123768256585
1378123768256681
1378123768256687
1378123768257225
1378123768257235
1378123768257360
1378123768257365
1378123768257513
1378123768257520
1378123768257778
1378123768257786
1378123768257920
1378123768257939
1378123772500477
1378123772834296
1378123772938792
1378123773133690
1378123773133722
1378123773133911
1378123773133920
1378123773134112
1378123773134166
1378123773134256
1378123773134273
1378123773134552
1378123773134924
1378123773134941
1378123773135026
1378123773135270
1378123773135581
1378123773135723
1378123773135733
1378123773135878
1378123773135983
1378123773136080
1378123773136520
1378123773136667
1378123773136763
1378123773136895
1378123773136903
1378123773137046
1378123773137324
1378123773137341
1378123773137426
1378123773251012
1378123773252464
1378123773252575
1378123773252717
1378123773252841
1378123773252971
1378123773253071
1378123773253081
1378123773253323
1378123773253331
1378123773253464
1378123773253472
1378123773253716
1378123773253727
1378123773253972
1378123773253983
1378123773254229
1378123773254240
1378123773254382
1378123773254388
1378123773254619
1378123773254628
1378123773254921
1378123773254932
1378123773255031
1378123773255060
1378123773255192
1378123773255196
1378123773255294
1378123773255315
1378123773255445
1378123773255453
1378123773255551
1378123773255557
1378123773255697
1378123773255836
1378123773256304
1378123773256450
1378123773256460
1378123773433019
1378123773433043
1378123773433226
1378123773433232
1378123773433522
1378123773433531
1378123773433629
1378123773433637
1378123773433790
1378123773433797
1378123773434271
1378123773434279
1378123773434437
1378123773434444
1378123773434543
1378123773434550
1378123773435083
1378123773435092
1378123773435342
1378123773435350
1378123773435447
1378123773435455
1378123773435838
1378123773435848
1378123773436093
1378123773436102
1378123773436223
1378123773436227
1378123773436652
1378123773436662
1378123773436791
1378123773436796
1378123773437038
1378123773437048
1378123773437157
1378123773437161
1378123773437394
1378123773437403
1378123773437533
1378123773437539
1378123773437758
1378123773437768
1378123773437989
1378123773437998
1378123773438096
1378123773438104
1378123773438252
1378123773438259
1378123773438423
1378123773438432
1378123773438512
1378123773438530
1378123773438661
1378123773438669
1378123773438787
1378123773438794
1378123773439215
1378123773439225
1378123773439373
1378123773439379
1378123773439518
1378123773439804
1378123780723048
1378123780723735
1378123780996812
1378123781004037
1378123781011803
1378123781012102
1378123781097283
1378123781097529
1378123781098679
1378123781099185
