1378104691099957
1378104694443160
1378104694443472
1378104694790601
1378104694790625
1378104694790714
1378104694790721
1378104694790856
1378104694790947
1378104694791417
1378104695135930
1378104695135961
1378104695136186
1378104695136200
1378104695136299
1378104695136310
1378104695136537
1378104695136552
1378104695136675
1378104695136685
1378104695136783
1378104695136793
1378104695137066
1378104695137081
1378104695137202
1378104695137216
1378104695137313
1378104695137320
1378104695138127
1378104695138138
1378104695138143
1378104695138191
1378104695138274
1378104695481429
1378104695481460
1378104695481683
1378104695481696
1378104695481796
1378104695481809
1378104695482372
1378104695482389
1378104695482399
1378104695482416
1378104695482485
1378104695482511
1378104695482634
1378104695482647
1378104695482777
1378104696471556
1378104696754746
1378104696755086
1378104697039601
1378104697040481
1378104697040586
1378104697040848
1378104697040955
1378104697040965
1378104697041099
1378104697041104
1378104697041339
1378104697041352
1378104697041477
1378104697041486
1378104697041583
1378104697041592
1378104697041999
1378104697042015
1378104697042116
1378104697042147
1378104697042244
1378104697042252
1378104697042490
1378104697042498
1378104697042733
1378104697042745
1378104697043205
1378104697043223
1378104697043324
1378104697043331
1378104697043468
1378104697043473
1378104697043623
1378104697043631
1378104697043758
1378104697043766
1378104697043884
1378104697043897
1378104697044015
1378104697044023
1378104697044120
1378104697044126
1378104697044775
1378104697044787
1378104697044961
1378104697044970
1378104697045110
1378104697045156
1378104697045314
1378104697045326
1378104697045397
1378104697045418
1378104697045549
1378104697045554
1378104697425505
1378104697769154
1378104697769447
1378104698114068
1378104698114091
1378104698114278
1378104698114288
1378104698114525
1378104698114535
1378104698114663
1378104698114670
1378104698459652
1378104698459674
1378104698459894
1378104698459903
1378104698460333
1378104698460342
1378104698460347
1378104698460398
1378104698460586
1378104698460593
1378104698460789
1378104698460794
1378104698460916
1378104698460924
1378104698461021
1378104698461027
1378104698461564
1378104698461574
1378104698461699
1378104698461706
1378104698461804
1378104698461812
1378104698795952
1378104698795975
1378104698796198
1378104698796204
1378104698796300
1378104698796327
1378104698796454
1378104698796461
1378104698796572
1378104698796645
1378104698796771
1378104698796780
1378104698797932
1378104698797941
1378104698798424
1378104698798436
1378104698798443
1378104698798447
1378104698798571
1378104698798610
1378104698798692
1378104698798718
1378104698798795
1378104698798801
1378104698798898
1378104698798904
1378104698799197
1378104698799204
1378104698799320
1378104698799463
1378104698799469
1378104698799567
1378104698799572
1378104698800088
1378104698800097
1378104698800216
1378104698800224
1378104698800326
1378104698800330
1378104698800511
1378104698800519
1378104698800617
1378104698800625
1378104698800751
1378104698800756
1378104698800867
1378104698800888
1378104698801008
1378104698801015
1378104698801883
1378104698801892
1378104699128791
1378104699128813
1378104699129053
1378104699129062
1378104699129159
1378104699129181
1378104699129308
1378104699129315
1378104699129425
1378104699129548
1378104699129624
1378104699129720
1378104699129864
1378104699129964
1378104699130451
1378104699130554
1378104699130562
1378104699130741
1378104699130746
1378104699131174
1378104699131183
1378104699131280
1378104699131288
1378104699131420
1378104699131427
1378104699131811
1378104699131820
1378104699131944
1378104699131950
1378104699132556
1378104699132565
1378104699132800
1378104699132809
1378104699132909
1378104699132925
1378104699133226
1378104699133235
1378104699133594
1378104699133603
1378104699133839
1378104699133848
1378104699133966
1378104699133974
1378104699134071
1378104699134077
1378104699134481
1378104699134492
1378104699134774
1378104699719905
1378104700028748
1378104700029635
1378104700029917
1378104700338191
1378104700338511
1378104700340345
1378104700340355
1378104700340487
1378104700340493
1378104700340892
1378104700340902
1378104700340907
1378104700647306
1378104700648761
1378104700648898
1378104700648908
1378104700649129
1378104700649136
1378104700707445
1378104700745442
1378104701027323
1378104701027625
1378104701028032
1378104701028142
1378104701028694
1378104701040048
1378104701044802
1378104701044927
1378104701044938
1378104701045194
1378104701045202
1378104701045330
1378104701292984
1378104701293457
1378104701310770
1378104701310804
1378104701311624
1378104701311649
1378104701311991
1378104701312006
1378104701312112
1378104701312122
1378104701312495
1378104701312511
1378104701313022
1378104701313040
1378104701313145
1378104701313163
1378104701313282
1378104701313293
1378104701313391
1378104701313417
1378104701313540
1378104701313550
1378104701313649
1378104701313671
1378104701313795
1378104701313810
1378104701314163
1378104701314178
1378104701337836
1378104701337871
1378104701337959
1378104701337972
1378104701338071
1378104701338078
1378104701338320
1378104701338337
1378104701338441
1378104701338452
1378104701338792
1378104701338807
1378104701338953
1378104701339052
1378104701339152
1378104701339457
1378104701339599
1378104701339613
1378104701339718
1378104701339727
1378104701339872
1378104701339972
1378104701340072
1378104701340460
1378104701340564
1378104701558179
1378104701558931
1378104701559035
1378104701559418
1378104701559434
1378104701559521
1378104701648079
1378104701648089
1378104701648188
1378104701648219
1378104701648317
1378104701648323
1378104701648593
1378104701822456
1378104702067646
1378104702067671
1378104702067772
1378104702067786
1378104702067908
1378104702067919
1378104702068055
1378104704617733
1378104704618540
1378104704658370
1378104704927823
1378104704927850
1378104704928101
1378104704928110
1378104704996671
1378104704997018
1378104704997381
1378104705332368
1378104705332682
1378104705332991
1378104705333652
1378104705333670
1378104705333961
1378104705333971
1378104705334190
1378104705334336
1378104705334437
1378104705672940
1378104705672975
1378104705673074
1378104705673085
1378104705673352
1378104705673366
1378104705674451
1378104705674465
1378104705674758
1378104705674774
1378104705674783
1378104705674914
1378104706013844
1378104706013866
1378104706013966
1378104706013979
1378104706014240
1378104706014255
1378104708660786
1378104708661325
1378104708699262
1378104708963177
1378104708963525
1378104708993353
1378104708993384
1378104708993395
1378104708993481
1378104708993584
1378104708993774
1378104708993918
1378104709228111
1378104709228894
1378104709228910
1378104709229288
1378104709229303
1378104709229313
1378104709229410
1378104709229424
1378104709320909
1378104709321356
1378104709359417
1378104709492404
1378104709641690
1378104709642040
1378104709642357
1378104709652945
1378104709652967
1378104709653066
1378104709653072
1378104709653190
1378104709653229
1378104709653326
1378104709653331
1378104709925049
1378104709925880
1378104709925982
1378104709926105
1378104709926203
1378104709926210
1378104709926419
1378104709926429
1378104709926566
1378104709980138
1378104709980602
1378104709991168
1378104709991202
1378104710320185
1378104710320205
1378104710320412
1378104710320421
1378104710320561
1378104710358508
1378104710358912
1378104710359238
1378104710701646
1378104710701982
1378104710702459
1378104711010854
1378104711011195
1378104711011517
1378104711045944
1378104711045965
1378104711046049
1378104711046066
1378104711046211
1378104711046247
1378104711046393
1378104711320222
1378104711320814
1378104711359860
1378104711386765
1378104711386774
1378104711387096
1378104711387106
1378104711387111
1378104711387326
1378104711631974
1378104711632010
1378104711632110
1378104711632121
1378104711632292
1378104711632306
1378104711632403
1378104711632414
1378104711667674
1378104711668254
1378104711707922
1378104711940670
1378104711940695
1378104711940911
1378104711940922
1378104711941021
1378104711941070
1378104711941168
1378104711941174
1378104711941273
1378104711941291
1378104711941540
1378104711941549
1378104711941645
1378104711941667
1378104711941803
1378104711941808
1378104711942206
1378104711942218
1378104711942354
1378104711942362
1378104711942459
1378104711942466
1378104711942628
1378104711942635
1378104711979872
1378104711979894
1378104711980125
1378104711980134
1378104711980267
1378104711980277
1378104712249637
1378104712249663
1378104712249770
1378104712249776
1378104712250045
1378104712250056
1378104712250438
1378104712250448
1378104712250812
1378104712250820
1378104712250952
1378104712250962
1378104712251278
1378104712251287
1378104712251439
1378104712251444
1378104712251548
1378104712251561
1378104712251691
1378104712251698
1378104712252031
1378104712252039
1378104713697514
1378104713697535
1378104713697724
1378104713697729
1378104713697873
1378104714319179
1378104714319214
1378104721017330
1378104721018035
1378104721018361
1378104721326563
1378104721326891
1378104721327083
1378104721327199
1378104721327305
1378104721328255
1378104721328268
1378104721328603
1378104721328618
1378104721329215
1378104721329231
1378104721637298
1378104721637326
1378104721637587
1378104721637597
1378104721638436
1378104721638872
1378104721639432
1378104721639460
1378104721639470
1378104721640723
1378104721640844
1378104721640852
1378104721641094
1378104721641103
1378104721641199
1378104721641207
1378104721641346
1378104721641351
1378104721641817
1378104721641827
1378104721641833
1378104721641837
1378104721741686
1378104721741712
1378104721741895
1378104721741904
1378104721742052
1378104721743972
1378104721744112
1378104721752451
1378104721752595
1378104721951206
1378104721951241
1378104721951460
1378104721951466
1378104721951716
1378104721951725
1378104721951824
1378104721951832
1378104721952080
1378104721952089
1378104721952221
1378104721952230
1378104721952720
1378104721952729
1378104721952827
1378104721952900
1378104721952998
1378104721953002
1378104721953100
1378104721953129
1378104721953261
1378104721953268
1378104721953806
1378104721953814
1378104721953961
1378104721953965
1378104721954100
1378104721970560
1378104721970580
1378104721970794
1378104721970803
1378104721970947
1378104722547486
1378104722547520
1378104722547721
1378104722547733
1378104722547834
1378104722547844
1378104722547970
1378104722547982
1378104722548082
1378104722548092
1378104722548291
1378104722548306
1378104722548405
1378104722548503
1378104722548514
1378104722857441
1378104722857474
1378104722858304
1378104722858321
1378104722858330
1378104722858429
1378104722858445
1378104722858581
1378104722880902
1378104723191949
1378104723191974
1378104723192061
1378104723192067
1378104723192217
1378104723192222
1378104723192362
1378104723192369
1378104723192575
1378104723192583
1378104723192652
1378104723192759
1378104723192764
1378104723192910
1378104723192921
1378104723193055
1378104723193062
1378104723193268
1378104723193274
1378104723193334
1378104723193449
1378104723193704
1378104723193855
1378104723193999
1378104723194144
1378104723194280
1378104723195135
1378104723195279
1378104723195390
1378104723501077
1378104723501112
1378104723501318
1378104723501331
1378104723501428
1378104723501439
1378104723501588
1378104723501603
1378104723501910
1378104723501927
1378104723501937
1378104723596961
1378104723612058
1378104723903861
1378104723903902
1378104723904097
1378104723904114
1378104723904252
1378104723904352
1378104723904372
1378104723904523
1378104723904542
1378104723904975
1378104723904998
1378104723905097
1378104723905109
1378104723919560
1378104723919605
1378104723942762
1378104724215014
1378104724215039
1378104724215047
1378104724215378
1378104724215384
1378104724216011
1378104724216023
1378104724216029
1378104733947820
1378104734801856
1378104734802466
1378104734802674
1378104735525779
1378104735526738
1378104735527286
1378104735836063
1378104735981475
1378104736256415
1378104736257102
1378104736257303
1378104736528754
1378104736529122
1378104736544116
1378104736544136
1378104736544329
1378104736553187
1378104736861537
1378104736861949
1378104737173483
1378104737173508
1378104737173614
1378104737173620
1378104737173824
1378104737173886
1378104737173985
1378104737482786
1378104737482819
1378104737483029
1378104737483047
1378104737483147
1378104737483159
1378104737483401
1378104737483420
1378104737483518
1378104737483527
1378104737484909
1378104737484926
1378104737484931
1378104737484970
1378104737485178
1378104737792103
1378104737792143
1378104738492270
1378104738493151
1378104738493168
1378104738493309
1378104738493319
1378104738493441
1378104738493937
1378104739358163
1378104739358572
1378104739816722
1378104739818222
1378104739818264
1378104739818443
1378104739818456
1378104740076913
1378104740077342
1378104740114334
1378104740338742
1378104740338849
1378104740338876
1378104740339004
1378104740339010
1378104740339107
1378104740339113
1378104740598092
1378104740598104
1378104740601838
1378104740601848
1378104740773418
1378104741349103
1378104741349125
1378104741349648
1378104741349662
1378104741349788
1378104741350082
1378104741350097
1378104741350107
1378104741350236
1378104741350823
1378104741350838
1378104741350955
1378104741350969
1378104741351258
1378104741351552
1378104741351566
1378104741351656
1378104741351665
1378104741351808
1378104741352645
1378104741352653
1378104741352757
1378104741352770
1378104741352913
1378104741353022
1378104741353094
1378104741353415
1378104741353423
1378104741353522
1378104741353696
1378104741541494
1378104741542301
1378104741542531
1378104744947652
1378104745009951
1378104745010305
1378104745476718
1378104745997806
1378104746817745
1378104746818131
1378104749270628
1378104749270754
1378104749270855
1378104749271068
1378104749310530
1378104756457792
1378104756458645
1378104756458660
1378104756458759
1378104756458772
1378104756458903
1378104756458914
1378104757096400
1378104757096433
1378104757096518
1378104757096528
1378104757096629
1378104757096642
1378104757096871
1378104757096884
1378104757096974
1378104757096992
1378104757097130
1378104757097146
1378104757674694
1378104757674728
1378104757868394
1378104758696419
1378104758985901
1378104758986241
1378104759275476
1378104763205681
1378104763239091
1378104763239296
1378104763239808
1378104763549129
1378104763549586
1378104763587966
1378104763860105
1378104763860129
1378104763860299
1378104763860303
1378104763860496
1378104763860505
1378104763860597
1378104763860615
1378104763894921
1378104763897860
1378104763898145
1378104764168472
1378104764168494
1378104764208162
1378104764208171
1378104764208270
1378104764208278
1378104764208424
1378104764246559
1378104764247254
1378104764247444
1378104764584255
1378104764584269
1378104764584367
1378104764584380
1378104764584518
1378104764584679
1378104764584693
1378104764919872
1378104764919897
1378104764920117
1378104764920131
1378104764920233
1378104764920243
1378104764920341
1378104764920351
1378104764920493
1378104764920504
1378104764920739
1378104764920754
1378104764920851
1378104764920864
1378104764921004
1378104764921015
1378104764921477
1378104764921486
1378104764921620
1378104764921628
1378104764921783
1378104764921791
1378104764921909
1378104764921917
1378104765250260
1378104765250285
1378104765250486
1378104765250500
1378104765250624
1378104765250638
1378104765250761
1378104767589951
1378104767590811
1378104767591185
1378104767934088
1378104767934119
1378104768281248
1378104768410642
1378104768623373
1378104768623428
1378104768623466
1378104768623536
1378104768623636
1378104768623648
1378104768623829
1378104768623843
1378104768623969
1378104768623978
1378104768624263
1378104768624280
1378104768624377
1378104768624388
1378104768624531
1378104768624544
1378104768624861
1378104768625173
1378104768625184
1378104768625312
1378104768625317
1378104768625463
1378104768625560
1378104768625639
1378104768626255
1378104768626271
1378104768626372
1378104768626380
1378104768626530
1378104768626535
1378104768626634
1378104768626639
1378104768626792
1378104768626800
1378104768626921
1378104768626928
1378104768627034
1378104768627039
1378104768674244
1378104768674784
1378104768939712
1378104768940505
1378104768940611
1378104768940759
1378104768940892
1378104768940902
1378104768941001
1378104768941008
1378104768963836
1378104768963858
1378104768964091
1378104768964099
1378104768964198
1378104768964205
1378104768964461
1378104768964469
1378104768964566
1378104768964575
1378104768964709
1378104768964714
1378104768964860
1378104768964868
1378104768965001
1378104768965007
1378104768965149
1378104768965181
1378104769204670
1378104769204694
1378104769205111
1378104769205123
1378104769205128
1378104769205319
1378104769205327
1378104769205331
1378104769205555
1378104769205560
1378104769205689
1378104769205698
1378104769205795
1378104769205801
1378104769206508
1378104769206525
1378104773264910
1378104773587967
1378104773588439
1378104773913171
1378104773913194
1378104773913405
1378104773913414
1378104773913512
1378104773913794
1378104773913811
1378104773913900
1378104773914132
1378104773914142
1378104773914280
1378104773914363
1378104773914782
1378104773914977
1378104773915121
1378104773915130
1378104773915284
1378104773915292
1378104773915911
1378104773915921
1378104773916143
1378104773916153
1378104773916272
1378104773916327
1378104773916413
1378104773916437
1378104773916568
1378104773916577
1378104773916675
1378104773916682
1378104774236587
1378104774236605
1378104774236710
1378104774236716
1378104774236961
1378104774236966
1378104774237066
1378104774237070
1378104774237210
1378104774237218
1378104774237318
1378104774237324
1378104774237573
1378104774237603
1378104774237725
1378104774237733
1378104774238367
1378104774238377
1378104774238510
1378104774238519
1378104774238918
1378104774238927
1378104778265354
1378104778265567
1378104778529668
1378104778530131
1378104778795129
1378104778795953
1378104778796048
1378104778796350
1378104778796369
1378104778796511
1378104778796528
1378104778862198
1378104778862217
1378104778862227
1378104778862418
1378104778862433
1378104778862572
1378104778862976
1378104778862991
1378104778863171
1378104778863187
1378104778863197
1378104778863468
1378104778863482
1378104778863643
1378104778863651
1378104778863757
1378104778863833
1378104778864370
1378104778864379
1378104778864508
1378104778864513
1378104778864632
1378104778864638
1378104778864783
1378104779040523
1378104779061146
1378104779061172
1378104779061566
1378104779061582
1378104779061587
1378104779061830
1378104779061898
1378104779062186
1378104779062198
1378104779062820
1378104779062835
1378104779062841
1378104779062848
1378104779062873
1378104779062940
1378104779063062
1378104779075375
1378104779326761
