1378008351860928
1378008351942165
1378008351942572
1378008352025225
1378008352025256
1378008352025366
1378008352025372
1378008352025573
1378008352025606
1378008352026329
1378008352071191
1378008352082298
1378008352082967
1378008352094864
1378008352094894
1378008352094906
1378008352095228
1378008352095369
1378008352134522
1378008352134956
1378008352157343
1378008352157384
1378008352198861
1378008352199618
1378008352199789
1378008352242515
1378008352242777
1378008352243139
1378008352243968
1378008352243993
1378008352244239
1378008352244249
1378008352244574
1378008352244589
1378008352247575
1378008352248215
1378008352249098
1378008352249121
1378008352249132
1378008352249311
1378008352249405
1378008352249579
1378008352249651
1378008352249728
1378008352249827
1378008352253707
1378008352253807
1378008352254115
1378008352260366
1378008352260401
1378008352264114
1378008352264422
1378008352270321
1378008352270357
1378008352270368
1378008352270491
1378008352270615
1378008352270741
1378008352270825
1378008352270831
1378008352275010
1378008352275021
1378008352275256
1378008352275264
1378008352275366
1378008352275371
1378008352275606
1378008352275615
1378008352275746
1378008352275751
1378008352275849
1378008352275856
1378008352276092
1378008352276100
1378008352276287
1378008352276295
1378008352276392
1378008352276399
1378008352276881
1378008352276986
1378008352276996
1378008352277184
1378008352277193
1378008352277296
1378008352277305
1378008352277355
1378008352280097
1378008352280119
1378008352280219
1378008352280224
1378008352280347
1378008352280355
1378008352280518
1378008352280526
1378008352280910
1378008352280919
1378008352281286
1378008352281295
1378008352281524
1378008352281532
1378008352282043
1378008352282052
1378008352282279
1378008352282287
1378008352282428
1378008352282436
1378008352282533
1378008352282539
1378008352282774
1378008352282783
1378008352282884
1378008352282890
1378008352283022
1378008352283031
1378008352283162
1378008352283169
1378008352283318
1378008352283326
1378008352283423
1378008352283430
1378008352283555
1378008352283563
1378008352283661
1378008352283668
1378008352283949
1378008352283957
1378008352284077
1378008352284084
1378008352284182
1378008352284190
1378008352284323
1378008352284330
1378008352284504
1378008352284513
1378008352284865
1378008352285330
1378008352285348
1378008352285356
1378008352285458
1378008352285557
1378008352285684
1378008352285782
1378008352285791
1378008352285909
1378008352285914
1378008352286088
1378008352286095
1378008352286750
1378008352286758
1378008352286869
1378008352286884
1378008352287053
1378008352287061
1378008352287159
1378008352287194
1378008352287293
1378008352287298
1378008352287427
1378008352287435
1378008352287640
1378008352287646
1378008352287799
1378008352287807
1378008352288743
1378008352288753
1378008352288875
1378008352288880
1378008352289168
1378008352289177
1378008352289309
1378008352289315
1378008352289518
1378008352289527
1378008352289635
1378008352289639
1378008352289812
1378008352289819
1378008352289945
1378008352289950
1378008352292145
1378008352292155
1378008352292274
1378008352292282
1378008352292384
1378008352292407
1378008352292530
1378008352292537
1378008352292661
1378008352292669
1378008352292767
1378008352292772
1378008352292903
1378008352292908
1378008352293006
1378008352293011
1378008352293147
1378008352293155
1378008352293357
1378008352293365
1378008352293463
1378008352293470
1378008352293711
1378008352293720
1378008352293958
1378008352293966
1378008352294585
1378008352294594
1378008352294833
1378008352294843
1378008352295083
1378008352295093
1378008352295324
1378008352295333
1378008352295473
1378008352295478
1378008352295577
1378008352295583
1378008352296292
1378008352296301
1378008352296439
1378008352296534
1378008352296685
1378008352296690
1378008352296773
1378008352296845
1378008352296927
1378008352296952
1378008352297029
1378008352297185
1378008352297190
1378008352297288
1378008352297293
1378008352297482
1378008352297490
1378008352297584
1378008352297590
1378008352297869
1378008352297877
1378008352298425
1378008352298433
1378008352298533
1378008352298541
1378008352298730
1378008352298734
1378008352298834
1378008352298839
1378008352299358
1378008352299367
1378008352299487
1378008352299492
1378008352299727
1378008352299735
1378008352299853
1378008352299862
1378008352299959
1378008352299965
1378008352300104
1378008352300110
1378008352300242
1378008352300247
1378008352300345
1378008352300416
1378008352300493
1378008352300523
1378008352300998
1378008352301007
1378008352301235
1378008352301243
1378008352301479
1378008352301487
1378008352301611
1378008352301617
1378008352301715
1378008352301723
1378008352301861
1378008352301868
1378008352302017
1378008352302024
1378008352302124
1378008352302130
1378008352302270
1378008352302287
1378008352302419
1378008352302425
1378008352302648
1378008352302653
1378008352302787
1378008352302791
1378008352302947
1378008352302953
1378008352303074
1378008352303082
1378008352303178
1378008352303186
1378008352303324
1378008352303329
1378008352303473
1378008352303478
1378008352303575
1378008352303594
1378008352303719
1378008352303726
1378008352303839
1378008352303883
1378008352303983
1378008352304012
1378008352304793
1378008352304802
1378008352308701
1378008352308709
1378008352308806
1378008352308814
1378008352308945
1378008352308952
1378008352309050
1378008352309054
1378008352309271
1378008352315388
1378008352333897
1378008352334136
1378008352353428
1378008352353567
1378008352353808
1378008352353916
1378008352372187
1378008352372437
1378008352372546
1378008352372733
1378008352372793
1378008352372989
1378008352373096
1378008352373117
1378008352482989
1378008352501927
1378008352507577
1378008352513608
1378008352513625
1378008352513631
1378008352513727
1378008352513829
1378008352513962
1378008352514029
1378008352514100
1378008352514233
1378008352514240
1378008352517465
1378008352520669
1378008352520682
1378008352520875
1378008352521015
1378008352521146
1378008352521155
1378008352521255
1378008352521262
1378008352521463
1378008352521469
1378008352612101
1378008352612818
1378008352619046
1378008352619060
1378008352619067
1378008352619383
1378008352619511
1378008352658515
1378008352659868
1378008352664829
1378008352664852
1378008352664863
1378008352664949
1378008352665024
1378008352665220
1378008352665287
1378008352665304
1378008352668910
1378008352668919
1378008352669160
1378008352669169
1378008352669450
1378008352669458
1378008352669696
1378008352669712
1378008352670077
1378008352670085
1378008352670581
1378008352670591
1378008352670712
1378008352670721
1378008352670821
1378008352670827
1378008352670964
1378008352670971
1378008352671121
1378008352671130
1378008352671250
1378008352671256
1378008352671618
1378008352671626
1378008352673669
1378008352673678
1378008352673874
1378008352673884
1378008352674845
1378008352674870
1378008352675007
1378008352747698
1378008352748540
1378008352749237
1378008352749257
1378008352749266
1378008352749355
1378008352749504
1378008352749806
1378008352749960
1378008352790525
1378008352791258
1378008352803553
1378008352803565
1378008352844714
1378008352845484
1378008352864828
1378008352864839
1378008352864936
1378008352865203
1378008352865291
1378008352882993
1378008352883105
1378008352883357
1378008352883462
1378008352883712
1378008352883849
1378008352883950
1378008352884201
1378008352884344
1378008352884447
1378008352884968
1378008352884977
1378008352886318
1378008352886707
1378008352890177
1378008352893891
1378008352894142
1378008352899594
1378008352901564
1378008352901593
1378008352901907
1378008352902046
1378008352902446
1378008352902559
1378008352902714
1378008352903114
1378008352903486
1378008352904040
1378008352904233
1378008352904337
1378008352904473
1378008352904577
1378008352904723
1378008352905081
1378008352905197
1378008352905341
1378008352906112
1378008352906794
1378008352907100
1378008352907115
1378008352907188
1378008352907436
1378008352907523
1378008352911214
1378008352911649
1378008352918602
1378008352920317
1378008352920432
1378008352920669
1378008352920800
1378008352920914
1378008352921037
1378008352921220
1378008352921351
1378008352922184
1378008352922441
1378008352922545
1378008352922668
1378008352922774
1378008352922914
1378008352923023
1378008352923265
1378008352923515
1378008352923647
1378008352923897
1378008352924141
1378008352924256
1378008352924496
1378008352924635
1378008352925002
1378008352925133
1378008352925259
1378008352925385
1378008352925633
1378008352925738
1378008352925881
1378008352926127
1378008352926233
1378008352926370
1378008352926476
1378008352926623
1378008352926756
1378008352926873
1378008352927026
1378008352927134
1378008352927269
1378008352927382
1378008352927634
1378008352927773
1378008352927880
1378008352928036
1378008352928161
1378008352928276
1378008352928404
1378008352940981
1378008352941226
1378008352941334
1378008352941499
1378008352941605
1378008352941749
1378008352942002
1378008352942008
1378008352947228
1378008352947472
1378008352947578
1378008352947719
1378008352947848
1378008352948097
1378008352948199
1378008352948670
1378008352948825
1378008352948927
1378008352949076
1378008352949641
1378008352949775
1378008352949882
1378008352950039
1378008352966529
1378008352966637
1378008352966785
1378008352967026
1378008352967127
1378008352967369
1378008352967511
1378008352967752
1378008352967903
1378008352968135
1378008352968241
1378008352968487
1378008352968737
1378008352969109
1378008352969243
1378008352969484
1378008352969614
1378008352969742
1378008352969900
1378008352970041
1378008352970153
1378008352970287
1378008352970416
1378008352970545
1378008352970677
1378008352970875
1378008352971033
1378008352985868
1378008352986126
1378008352986233
1378008352986373
1378008352986485
1378008352986619
1378008352986732
1378008352987111
1378008352987239
1378008352987365
1378008352987763
1378008352987898
1378008352988065
1378008352988172
1378008352988329
1378008352988643
1378008352988862
1378008352989190
1378008352989294
1378008352989450
1378008352989574
1378008352989840
1378008352989945
1378008352990094
1378008352990287
1378008353013122
1378008353013230
1378008353013399
1378008353013495
1378008353013514
1378008353017343
1378008353017354
1378008353018920
1378008353018929
1378008353019054
1378008353019058
1378008353019182
1378008353019191
1378008353019293
1378008353019313
1378008353080268
1378008353080297
1378008353080496
1378008353080505
1378008353080604
1378008353080718
1378008353080819
1378008353080828
1378008353081067
1378008353081345
1378008353081483
1378008353081494
1378008353081915
1378008353082149
1378008353082294
1378008353082306
1378008353082453
1378008353082555
1378008353082653
1378008353084942
1378008353085064
1378008353085132
1378008353085232
1378008353085912
1378008353086030
1378008353086038
1378008353086165
1378008353086171
1378008353086277
1378008353086282
1378008353086452
1378008353086461
1378008353147082
1378008353147102
1378008353150768
1378008353150781
1378008353150922
1378008353151007
1378008353151109
1378008353151117
1378008353151251
1378008353151351
1378008353151451
1378008353151458
1378008353151602
1378008353151715
1378008353151835
1378008366207484
1378008366207847
1378008366208423
1378008396208143
1378008441014030
1378008441014069
1378008441018203
1378008441018340
1378008441018583
1378008441019231
1378008441032347
1378008441032856
1378008441033087
1378008441108544
