1378106758186795
1378106758509013
1378106758509595
1378106758833254
1378106758833456
1378106759155511
1378106759155751
1378106759155860
1378106759155989
1378106759156314
1378106759156424
1378106759157123
1378106759478493
1378106759478807
1378106759479046
1378106759479184
1378106759479455
1378106759479835
1378106759480091
1378106759480282
1378106759480393
1378106759480530
1378106759480675
1378106759926199
1378106760212010
1378106760212429
1378106760496092
1378106760497106
1378106760497223
1378106760497235
1378106760497480
1378106760497586
1378106760497610
1378106760497717
1378106760497986
1378106760498095
1378106760498122
1378106760498227
1378106760498769
1378106760499020
1378106760499128
1378106760499335
1378106760499579
1378106760499974
1378106760500092
1378106760500232
1378106760500399
1378106760500537
1378106760500644
1378106760500671
1378106760500775
1378106760500881
1378106760501057
1378106760501162
1378106760501991
1378106760502148
1378106760502304
1378106760502415
1378106761862892
1378106762184879
1378106762185282
1378106762509309
1378106762509410
1378106762509453
1378106762509594
1378106762509672
1378106762509773
1378106762831832
1378106762832061
1378106762832170
1378106762832420
1378106762832528
1378106762832796
1378106762832935
1378106762833303
1378106762833472
1378106762833579
1378106762833602
1378106762833709
1378106762834176
1378106763155867
1378106763156180
1378106763156287
1378106763156314
1378106763156441
1378106763156644
1378106763156806
1378106763157795
1378106763158043
1378106763158291
1378106763158405
1378106763158435
1378106763158545
1378106763158653
1378106763158759
1378106763158920
1378106763159026
1378106763159296
1378106763159549
1378106763159655
1378106763159666
1378106763159964
1378106763160049
1378106763160097
1378106763160199
1378106763160382
1378106763160678
1378106763160933
1378106763162859
1378106763477495
1378106763477741
1378106763477848
1378106763478098
1378106763478382
1378106763478568
1378106763479125
1378106763479243
1378106763479268
1378106763479951
1378106763480293
1378106763480564
1378106763480682
1378106763481556
1378106763481930
1378106763482229
1378106763482314
1378106763482344
1378106763482451
1378106763482560
1378106763482687
1378106763482764
1378106769721127
1378106770039714
1378106770040357
1378106770040585
1378106770361739
1378106770361882
1378106770361894
1378106770362024
1378106770362591
1378106770362696
1378106770362705
1378106770685002
1378106770685112
1378106770685151
1378106770685336
1378106770686057
1378106770745217
1378106770746242
1378106770746495
1378106771029341
1378106771031565
1378106771031824
1378106771249942
1378106771250064
1378106771250074
1378106771250218
1378106771287623
1378106771318173
1378106771319145
1378106771319299
1378106771319537
1378106771319662
1378106771320545
1378106771320817
1378106771352550
1378106771352626
1378106771352694
1378106771352805
1378106771352938
1378106771603089
1378106771603937
1378106771608380
1378106771608420
1378106771609147
1378106771609395
1378106771609507
1378106771609773
1378106771610151
1378106771610264
1378106771610711
1378106771610902
1378106771611030
1378106771611181
1378106771611288
1378106771611328
1378106771611460
1378106771672234
1378106771672337
1378106771672382
1378106771672492
1378106771672588
1378106771672603
1378106771672743
1378106771672750
1378106771673000
1378106771673138
1378106771888425
1378106771889431
1378106771889621
1378106771889818
1378106771889924
1378106771890030
1378106771930645
1378106771931722
1378106771968749
1378106772292079
1378106772292731
1378106772292981
1378106772362032
1378106772362262
1378106772362403
1378106772611543
1378106772612391
1378106772612645
1378106772618072
1378106772618232
1378106772618256
1378106772618372
1378106772618517
1378106772932288
1378106772933011
1378106772933110
1378106772941112
1378106772941184
1378106772941241
1378106772941289
1378106772941706
1378106772941855
1378106773263041
1378106773263932
1378106773300626
1378106773583870
1378106773584097
1378106773584213
1378106773619527
1378106773620442
1378106773620758
1378106773939037
1378106773939740
1378106773939934
1378106773940168
1378106773940186
1378106774261476
1378106774261604
1378106774261651
1378106774262192
1378106774262986
1378106774263245
1378106774585765
1378106774586503
1378106774586821
1378106774587363
1378106774587483
1378106774587796
1378106774587977
1378106774910233
1378106774910530
1378106774910683
1378106774910792
1378106774910927
1378106774911434
1378106775237891
1378106775238040
1378106776254818
1378106776254883
1378106776254988
1378106776255082
1378106776255104
1378106776573288
1378106776573517
1378106776573628
1378106776573757
1378106776573862
1378106776574139
1378106776574247
1378106776574410
1378106776574826
1378106776574985
1378106776575118
1378106776575266
1378106776892911
1378106776893252
1378106776893361
1378106776893655
1378106776893766
1378106776893906
1378106776894262
1378106776894373
1378106776894391
1378106776894518
1378106776894682
1378106776895144
1378106777906285
1378106777907369
1378106777944271
1378106778230210
1378106778230277
1378106778230403
1378106778230546
1378106778267559
1378106778268375
1378106778268640
1378106778594901
1378106778595099
1378106778918378
1378106781588564
1378106781589504
1378106781589769
1378106781859792
1378106781860600
1378106781899890
1378106781912771
1378106781912977
1378106781913114
1378106782131043
1378106782133958
1378106782134153
1378106782134171
1378106782169135
1378106782170384
1378106782170915
1378106782170949
1378106782400392
1378106782443801
1378106782445032
1378106782448201
1378106782448309
1378106782448325
1378106782490724
1378106782717510
1378106785484555
1378106785486099
1378106785486114
1378106785748178
1378106785749476
1378106785749678
1378106785749694
1378106785749774
1378106785749803
1378106785750072
1378106785750149
1378106785750183
1378106785807099
1378106785807254
1378106785807264
1378106785807390
1378106785807674
1378106785807803
1378106785807861
1378106785807965
1378106785808195
1378106785808331
1378106785808459
1378106785808568
1378106785809405
1378106785809504
1378106785809536
1378106785810022
1378106785811167
1378106785811752
1378106785811878
1378106785811892
1378106785811942
1378106785812013
1378106785812587
1378106785813539
1378106785813631
1378106785813681
1378106785813807
1378106785814042
1378106785814102
1378106785814148
1378106785814422
1378106785814502
1378106785814539
1378106786131807
1378106786135518
1378106786135658
1378106786135671
1378106786135780
1378106786137459
1378106786172480
1378106786492782
1378106786492955
1378106786492967
1378106786493077
1378106786493208
1378106786493291
1378106786493392
1378106786493644
1378106786493759
1378106786493955
1378106786494392
1378106786494510
1378106786494638
1378106786494741
1378106786494855
1378106786494966
1378106786494993
1378106786495584
1378106786495658
1378106786495707
1378106786495779
1378106786495819
1378106786495978
1378106786496119
1378106786496176
1378106786496278
1378106786705242
1378106786705389
1378106786705397
1378106786705502
1378106786812091
1378106786812385
1378106786812495
1378106786812602
1378106786812747
1378106786812997
1378106786911209
1378106786927822
1378106787231191
1378106787231325
1378106787231352
1378106787231493
1378106787231617
1378106787231630
1378106787231954
1378106787232044
1378106787232066
1378106787232172
1378106787232515
1378106787232766
1378106787248952
1378106787550899
1378106787551002
1378106787551047
1378106787551128
1378106787551154
1378106787551303
1378106787613663
1378106788294312
1378106788295209
1378106788295505
1378106788547473
1378106788548226
1378106788844387
1378106788910213
1378106788910955
1378106788911074
1378106788911282
1378106788911425
1378106792112760
1378106792113613
1378106792113891
1378106792384497
1378106792385565
1378106792385856
1378106792637728
1378106792638331
1378106792891685
1378106792931588
1378106793143402
1378106793144061
1378106793906159
1378106797521756
1378106797522474
1378106797522738
1378106797792774
1378106797793738
1378106798050152
1378106798067515
1378106798146891
1378106798391229
1378106798391356
1378106798676102
1378106798676869
1378106798714558
1378106798975477
1378106799036741
1378106799036912
1378106799036925
1378106799037043
1378106799037289
1378106799037397
1378106799037773
1378106799037863
1378106799037882
1378106799038143
1378106799038556
1378106799038784
1378106799038876
1378106799038898
1378106799039034
1378106799039196
1378106799039791
1378106799039942
1378106799039950
1378106799040087
1378106799285751
1378106799286515
1378106799313012
1378106799451517
1378106799590725
1378106799591251
1378106799728803
1378106799729450
1378106800007006
1378106800007855
1378106800007979
1378106800008074
1378106800008181
1378106800008365
1378106800284524
1378106800285202
1378106800595638
1378106800963850
1378106800964344
1378106801337365
1378106801672325
1378106801672519
1378106801682305
1378106801862777
1378106802003191
1378106802003392
1378106802003535
1378106802003869
1378106802004406
1378106802005217
1378106802005328
1378106802005521
1378106802005686
1378106802005792
1378106802005920
1378106802006888
1378106802007006
1378106802007135
1378106802007444
1378106802007557
1378106802007573
1378106802007767
1378106802008395
1378106802115260
1378106802115933
1378106802369879
1378106802369982
1378106802370028
1378106802370110
1378106802370130
1378106802370237
1378106802621143
1378106802621946
1378106802622185
1378106802622355
1378106802622459
1378106802622690
1378106803261487
1378106806827175
1378106806827700
1378106807390058
1378106808145041
1378106808146571
1378106808959751
1378106819635969
1378106819636776
1378106819637371
1378106819693437
1378106819693455
1378106820018298
1378106820018760
1378106820087424
1378106820347060
1378106820347183
1378106820347215
1378106820347350
1378106820349037
1378106820349158
1378106820669525
1378106823405502
1378106823410197
1378106826730918
1378106826731593
1378106826768268
1378106827037367
1378106827037969
1378106827038267
1378106827308076
1378106827308759
1378106827308875
1378106827309053
1378106827309168
1378106827362255
1378106827362976
1378106827363277
1378106827578362
1378106827578524
1378106827686380
1378106827687057
1378106827687353
1378106827687685
1378106827687778
1378106827687797
1378106827687985
1378106827688094
1378106828011479
1378106828012286
1378106828012337
1378106828012400
1378106828012584
1378106828012719
1378106828012791
1378106828336579
1378106828337338
1378106828337604
1378106828338149
1378106828338274
1378106828338485
1378106828338985
1378106828339092
1378106828663695
1378106828663937
1378106828664067
1378106828666622
1378106828704102
1378106829027832
1378106829028449
1378106829028749
1378106829298621
1378106829299220
1378106829570010
1378106829571098
1378106829571241
1378106829571267
1378106829725742
1378106829732795
1378106829732947
1378106829732955
1378106829733161
1378106829733300
1378106829841712
1378106829841781
1378106829841835
1378106829841898
1378106829841936
1378106829842225
1378106829842581
1378106829892476
1378106830049731
1378106830049878
1378106830049889
1378106830050019
1378106830050264
1378106830050417
1378106830050797
1378106830050885
1378106830050907
1378106830051071
1378106830052670
1378106830052843
1378106830052949
1378106830053111
1378106830053249
1378106830053386
1378106830053875
1378106830112306
1378106830112649
1378106830209673
1378106830209818
1378106830209836
1378106830209945
1378106830210199
1378106830210311
1378106830210781
1378106830210866
1378106830210894
1378106830211512
1378106830211817
1378106830211926
1378106830212627
1378106831007122
1378106831007291
1378106831007317
1378106831007431
1378106831327216
1378106831327608
1378106831327798
1378106831657323
1378106831657461
1378106831657475
1378106831657699
1378106831657804
1378106831978533
1378106831978737
1378106831978844
1378106831978867
1378106831985984
1378106832349375
1378106832349452
1378106832349529
1378106832349709
1378106832670494
1378106832670581
1378106832670613
1378106832670718
1378106832670954
1378106832671060
1378106832671384
1378106832671489
1378106832671665
1378106832672109
1378106832672258
1378106832991306
1378106832991488
1378106832991509
1378106832991609
1378106832991629
1378106832991793
1378106832992307
1378106832992378
1378106832992420
1378106832992626
1378106832992898
1378106832993062
1378106832993194
1378106832993328
1378106832993462
1378106832994014
1378106832994171
1378106833050279
1378106833050384
1378106833050406
1378106833050537
1378106833050643
1378106833370130
1378106833370335
1378106833370441
1378106833370580
1378106833370687
1378106833370969
1378106833371090
1378106833371223
1378106833371646
1378106833371797
1378106833371811
1378106833372121
1378106833690945
1378106833691166
1378106833691323
1378106834710173
1378106834710345
1378106834844967
1378106834905843
1378106834981289
1378106834982222
1378106834982457
1378106834982575
1378106834982690
1378106834982818
1378106834983087
1378106834983198
1378106834983229
1378106834983334
1378106834983366
1378106834986816
1378106835253092
1378106835254326
1378106835254441
1378106835254572
1378106835254680
1378106835254789
1378106835254813
1378106835256597
1378106835256850
1378106835256960
1378106835256997
1378106836471726
1378106836471886
1378106836471905
1378106836472046
1378106836498138
1378106836498379
1378106836498525
1378106836508312
1378106836508648
1378106836511696
1378106836511903
1378106836512048
1378106836513486
1378106836513742
1378106836513888
1378106836514033
1378106837925733
1378106838199064
