1378139064341523
1378139064506864
1378139064507164
1378139064672346
1378139064710089
1378139064711071
1378139064880710
1378139064880991
1378139065051343
1378139065051364
1378139065054293
1378139065054318
1378139065054388
1378139065054456
1378139065054514
1378139065054571
1378139065069096
1378139065223869
1378139065223891
1378139065224098
1378139065224106
1378139065224213
1378139065224221
1378139065224334
1378139065224339
1378139065224459
1378139065224463
1378139065224859
1378139065224870
1378139065224979
1378139065224988
1378139065225142
1378139065225152
1378139065225475
1378139065225486
1378139065225641
1378139065225647
1378139065225774
1378139065225777
1378139065225904
1378139065225914
1378139065234431
1378139065234769
1378139065235103
1378139065394230
1378139065394248
1378139065394554
1378139065394563
1378139065394695
1378139065394698
1378139065395062
1378139065395070
1378139065395330
1378139065395339
1378139065395452
1378139065395459
1378139065395572
1378139065395576
1378139065395950
1378139065395959
1378139065396192
1378139065396201
1378139065396573
1378139065396581
1378139065396733
1378139065396738
1378139065396844
1378139065396848
1378139065397119
1378139065397129
1378139065397243
1378139065397250
1378139065397380
1378139065397387
1378139065397501
1378139065437839
1378139065438292
1378139065438559
1378139065604632
1378139065604652
1378139065605697
1378139065605878
1378139065771978
1378139065771997
1378139065772109
1378139065772115
1378139065772224
1378139065772232
1378139065772345
1378139065772350
1378139065773709
1378139065774395
1378139065774602
1378139065937243
1378139065937263
1378139065937480
1378139065937487
1378139065937747
1378139065937756
1378139065938075
1378139065938083
1378139065938249
1378139065938256
1378139065942645
1378139065981846
1378139065982243
1378139066154581
1378139066154605
1378139066154716
1378139066154725
1378139066154833
1378139066154840
1378139066154947
1378139066154951
1378139066325036
1378139066325057
1378139066325263
1378139066325272
1378139066325380
1378139066325388
1378139066325504
1378139066325510
1378139066325775
1378139066325784
1378139066325894
1378139066325902
1378139066326336
1378139066326345
1378139066326459
1378139066326467
1378139066326638
1378139066326644
1378139066326746
1378139066326753
1378139066327151
1378139066327159
1378139066327282
1378139066327286
1378139066494965
1378139066494983
1378139066495165
1378139066495174
1378139066495847
1378139066495856
1378139066496217
1378139066496226
1378139066496471
1378139066496480
1378139066496594
1378139066496602
1378139066496713
1378139066496720
1378139066496850
1378139066496854
1378139066496960
1378139066496963
1378139066497363
1378139066497372
1378139066497485
1378139066497493
1378139066497610
1378139066497615
1378139066497743
1378139066497747
1378139066497865
1378139066497873
1378139066498215
1378139066498223
1378139066498384
1378139066498389
1378139066498498
1378139066498501
1378139066498654
1378139066498662
1378139066498769
1378139066498775
1378139066498886
1378139066498893
1378139066664889
1378139066664910
1378139066665132
1378139066665136
1378139066665243
1378139066665251
1378139066665372
1378139066665376
1378139066665497
1378139066665501
1378139066665616
1378139066665624
1378139066667462
1378139066667471
1378139066667584
1378139066667591
1378139066667831
1378139066667839
1378139066667961
1378139066667965
1378139066668077
1378139066668080
1378139066668198
1378139066668204
1378139066668486
1378139066668495
1378139066668605
1378139066668613
1378139066668753
1378139066668757
1378139066669125
1378139066669134
1378139066669310
1378139066669318
1378139066770992
1378139066935586
1378139066936144
1378139066936359
1378139066940454
1378139066940715
1378139066946274
1378139066946287
1378139066950101
1378139066950384
1378139066958440
1378139066958458
1378139066967074
1378139067100718
1378139067101113
1378139067101948
1378139067273498
1378139067273851
1378139069715922
1378139069715944
1378139069716413
1378139069733584
1378139069897781
1378139069898391
1378139069898615
1378139070063381
1378139070064021
1378139070064174
1378139070064244
1378139070228699
1378139070228727
1378139070229538
1378139070266447
1378139070394399
1378139070394416
1378139070394582
1378139070433600
1378139070434000
1378139070434335
1378139070598538
1378139070598826
1378139070598975
1378139070599124
1378139070599270
1378139070599373
1378139070599713
1378139070599884
1378139070611567
1378139070764090
1378139070764990
1378139070765112
1378139070765229
1378139070765358
1378139070765366
1378139070765477
1378139070765486
1378139070765601
1378139070765606
1378139070765928
1378139070765937
1378139070766049
1378139070766057
1378139070766175
1378139070766182
1378139070766409
1378139070766693
1378139070766807
1378139070766856
1378139070766977
1378139070767033
1378139070767162
1378139070769942
1378139070770070
1378139070770144
1378139070770258
1378139070770325
1378139070770456
1378139070770464
1378139070770588
1378139070777240
1378139070777362
1378139070777457
1378139070777587
1378139070778106
1378139070778400
1378139070929560
1378139070929581
1378139070929717
1378139070943283
1378139070943426
1378139070943523
1378139070943644
1378139070981844
1378139070982341
1378139070982482
1378139070983034
1378139071167922
1378139071168240
1378139071342542
1378139071342561
1378139071342714
1378139071342722
1378139071342977
1378139071342989
1378139071343106
1378139071343110
1378139071516416
1378139071516437
1378139071516670
1378139071516675
1378139071516786
1378139071516794
1378139071516912
1378139071516917
1378139071517036
1378139071517041
1378139071517303
1378139071517311
1378139071517422
1378139071517430
1378139071517569
1378139071517574
1378139071517994
1378139071518004
1378139071518150
1378139071518155
1378139071518292
1378139071518299
1378139071518434
1378139071518441
1378139071690518
1378139071690535
1378139071690805
1378139071690815
1378139071691182
1378139071691190
1378139071691436
1378139071691444
1378139071691812
1378139071691821
1378139071691935
1378139071691943
1378139071692188
1378139071692196
1378139071692449
1378139071692458
1378139071692570
1378139071692578
1378139071692822
1378139071692831
1378139071692940
1378139071692947
1378139071693097
1378139071693101
1378139071693319
1378139071693327
1378139071693436
1378139071693444
1378139071693613
1378139071693617
1378139071693735
1378139071693738
1378139071693859
1378139071693862
1378139071693981
1378139071693985
1378139071694363
1378139071694372
1378139071864614
1378139071864632
1378139071864858
1378139071864867
1378139071864976
1378139071864985
1378139071865098
1378139071865103
1378139071865223
1378139071865228
1378139071865344
1378139071865349
1378139071867252
1378139071867261
1378139071867374
1378139071867382
1378139071867497
1378139071867501
1378139071867623
1378139071867631
1378139071867747
1378139071867751
1378139071867869
1378139071867876
1378139071867992
1378139071867997
1378139071868116
1378139071868120
1378139071868239
1378139071868243
1378139071868343
1378139071868398
1378139071868787
1378139071868795
1378139071868903
1378139071868911
1378139071869152
1378139071869157
1378139071869783
1378139071869792
1378139071870033
1378139071870042
1378139071870191
1378139071870196
1378139071870305
1378139071870313
1378139071870465
1378139071870470
1378139071870574
1378139071870582
1378139071870713
1378139071870717
1378139071870831
1378139071870836
1378139071870964
1378139071870971
1378139071871425
1378139071871433
1378139071871544
1378139071871552
1378139071871700
1378139071871707
1378139071871812
1378139071871820
1378139071871934
1378139071871942
1378139071872080
1378139071872087
1378139071872187
1378139071872246
1378139071872355
1378139071872360
1378139071872449
1378139071872616
1378139071872812
1378139072042326
1378139072042346
1378139072042580
1378139072042589
1378139072042698
1378139072042705
1378139072042825
1378139072042834
1378139072042947
1378139072042954
1378139072043203
1378139072043211
1378139072043330
1378139072043333
1378139072043579
1378139072043584
1378139072043702
1378139072043710
1378139072043958
1378139072043966
1378139072044331
1378139072044340
1378139072044512
1378139072044516
1378139072044622
1378139072044630
1378139072044740
1378139072044745
1378139072044899
1378139072044907
1378139072045122
1378139072045129
1378139072045245
1378139072045248
1378139072045491
1378139072045495
1378139072045611
1378139072045619
1378139072045734
1378139072045742
1378139072045996
1378139072046004
1378139072046499
1378139072046507
1378139072046744
1378139072046752
1378139072046868
1378139072046876
1378139072047248
1378139072047258
1378139072047507
1378139072047512
1378139072047627
1378139072047636
1378139072047881
1378139072047890
1378139072048008
1378139072048015
1378139072048119
1378139072048187
1378139072048244
1378139072048298
1378139072048426
1378139072048433
1378139072048557
1378139072048562
1378139072048704
1378139072048709
1378139072048805
1378139072048873
1378139072048934
1378139072048988
1378139072049103
1378139072049107
1378139072049215
1378139072049344
1378139072049352
1378139072049472
1378139072049481
1378139072050280
1378139072050289
1378139072050410
1378139072050418
1378139072050532
1378139072050538
1378139072050709
1378139072050717
1378139072234860
1378139072238404
1378139072278384
1378139072403913
1378139072442747
1378139072443140
1378139072443464
1378139072607112
1378139072607436
1378139072607564
1378139072607841
1378139072607968
1378139072770954
1378139072772534
1378139072772653
1378139072772783
1378139072772888
1378139072773035
1378139072773158
1378139072773166
1378139072773350
1378139072773353
1378139072773484
1378139072773488
1378139072774021
1378139072774030
1378139072774595
1378139072774872
1378139072774880
1378139072775039
1378139072775047
1378139072775165
1378139072775173
1378139072775836
1378139072775844
1378139072775989
1378139072775996
1378139072776125
1378139072776178
1378139072776293
1378139072776302
1378139072776416
1378139072776423
1378139072776596
1378139072776602
1378139072777509
1378139072777848
1378139072778596
1378139072817871
1378139072937281
1378139072937299
1378139072937412
1378139072937421
1378139072937646
1378139072937651
1378139072937768
1378139072937772
1378139072937956
1378139072937964
1378139072938070
1378139072938075
1378139072938186
1378139072938194
1378139072939377
1378139072939392
1378139072939503
1378139072939512
1378139072942650
1378139072943177
1378139072982343
1378139073028816
1378139073149854
1378139073150295
1378139073150585
1378139073204548
1378139073316748
1378139073317194
1378139073317488
1378139073318832
1378139073481542
1378139073482028
1378139073484299
1378139073484325
1378139073484338
1378139073484389
1378139073484503
1378139073484667
1378139073484718
1378139073484780
1378139073646903
1378139073646924
1378139073647081
1378139073647087
1378139073647266
1378139073647273
1378139073647401
1378139073647407
1378139073650481
1378139073650492
1378139073650605
1378139073650609
1378139073650848
1378139073650856
1378139073651109
1378139073651117
1378139073651228
1378139073651233
1378139073651486
1378139073651494
1378139073651641
1378139073651648
1378139073652054
1378139073652062
1378139073652177
1378139073652180
1378139073652331
1378139073652339
1378139073652447
1378139073652452
1378139073652587
1378139073652594
1378139073653198
1378139073653649
1378139073690336
1378139073707543
1378139073709322
1378139073709756
1378139073757421
1378139073757692
1378139073757699
1378139073811041
1378139073811066
1378139073811252
1378139073811257
1378139073811419
1378139073811424
1378139073811527
1378139073811533
1378139073811658
1378139073817230
1378139073817251
1378139073817359
1378139073817365
1378139073817478
1378139073817484
1378139073817605
1378139073817612
1378139073818328
1378139073818336
1378139073818565
1378139073818573
1378139073818816
1378139073818823
1378139073818941
1378139073818948
1378139073819194
1378139073819201
1378139073819319
1378139073819325
1378139073819568
1378139073819575
1378139073819697
1378139073819703
1378139073819816
1378139073819822
1378139073819969
1378139073819976
1378139073820079
1378139073820086
1378139073820382
1378139073820388
1378139073820505
1378139073820511
1378139073820628
1378139073820635
1378139073820784
1378139073820791
1378139073820901
1378139073820907
1378139073824956
1378139073824965
1378139073825125
1378139073825132
1378139073825237
1378139073825243
1378139073825397
1378139073825404
1378139073874675
1378139073874699
1378139073874964
1378139073875375
1378139073875897
1378139073875905
1378139073876067
1378139073876076
1378139073876251
1378139073876257
1378139073876721
1378139073876729
1378139073876855
1378139073877857
1378139073879179
1378139073879192
1378139073879199
1378139073879300
1378139073879427
1378139073879564
1378139073879576
1378139073879672
1378139073879678
1378139073983443
1378139073983465
1378139073983685
1378139073983695
1378139073983804
1378139073983812
1378139073983930
1378139073983937
1378139073984050
1378139073984057
1378139073984244
1378139073984252
1378139073985793
1378139073985810
1378139073985919
1378139073985927
1378139073986155
1378139073986165
1378139073986288
1378139073986291
1378139073986413
1378139073986416
1378139073986535
1378139073986540
1378139073986727
1378139073986737
1378139073986847
1378139073986856
1378139073987115
1378139073987124
1378139073987745
1378139073987754
1378139073987863
1378139073987871
1378139073987988
1378139073987999
1378139073988239
1378139073988247
1378139073988364
1378139073988372
1378139073988485
1378139073988493
1378139073988613
1378139073988622
1378139073988730
1378139073988738
1378139073988857
1378139073988865
1378139073988978
1378139073988987
1378139073989130
1378139073989138
1378139073989244
1378139073989251
1378139073989593
1378139073989602
1378139073993265
1378139073993275
1378139073993386
1378139073993394
1378139073993543
1378139073993551
1378139073993657
1378139073993665
1378139073993774
1378139074043418
1378139074043430
1378139074043586
1378139074043592
1378139074043864
1378139074043873
1378139074043984
1378139074043992
1378139074044545
1378139074045265
1378139074047060
1378139074047080
1378139074047091
1378139074047419
1378139074047440
1378139074047541
1378139074047701
1378139074047705
1378139074047811
1378139074047815
1378139074047931
1378139074047936
1378139074048177
1378139074048185
1378139074048524
1378139074048533
1378139074049099
1378139074049107
1378139074049535
1378139074049546
1378139074049692
1378139074049700
1378139074049821
1378139074049825
1378139074150250
1378139074150268
1378139074150468
1378139074150474
1378139074150588
1378139074208889
1378139074208905
1378139074208966
1378139074209021
1378139074209134
1378139074209140
1378139074209369
1378139074209378
1378139074209490
1378139074209499
1378139074209644
1378139074209652
1378139074209756
1378139074209764
1378139074210202
1378139074210210
1378139074215232
1378139074215241
1378139074215448
1378139074215456
1378139074216058
1378139074216067
1378139074216528
1378139074216539
1378139074216712
1378139074216722
1378139074216869
1378139074216879
1378139074217151
1378139074217161
1378139074217270
1378139074217276
1378139074217389
1378139074217435
1378139074217440
1378139074217566
1378139074217574
1378139074217695
1378139074217912
1378139074385940
1378139074386200
1378139074386383
1378139074557535
1378139074557553
1378139074557663
1378139074557669
1378139074557778
1378139074557786
1378139074557908
1378139074557918
1378139074558449
1378139074558616
1378139074558844
1378139074558990
1378139074559138
1378139074560146
1378139074724170
1378139074724191
1378139074724557
1378139074724569
1378139074724674
1378139074724683
1378139074724818
1378139074724822
1378139074724942
1378139074724946
1378139074725340
1378139074725352
1378139074725490
1378139074725571
1378139074725705
1378139074725716
1378139074726023
1378139074726823
1378139074726970
1378139074726975
1378139074727084
1378139074727093
1378139074727196
1378139074727687
1378139074727802
1378139074727857
1378139074727970
1378139074728039
1378139074728153
1378139074728203
1378139074728312
1378139074728320
1378139074728431
1378139074728439
1378139074728589
1378139074728596
1378139074728702
1378139074728710
1378139074728826
1378139074728834
1378139074729303
1378139074730364
1378139074730607
1378139074733232
1378139074733250
1378139074733368
1378139074733376
1378139074733496
1378139074733501
1378139074733747
1378139074733755
1378139074733866
1378139074733874
1378139074734128
1378139074734139
1378139074734253
1378139074734261
1378139074734778
1378139074734789
1378139074735023
1378139074735032
1378139074735271
1378139074735280
1378139074735392
1378139074735400
1378139074735776
1378139074735787
1378139074736038
1378139074736048
1378139074736160
1378139074736168
1378139074736417
1378139074736429
1378139074736668
1378139074736679
1378139074736790
1378139074736798
1378139074736916
1378139074736922
1378139074737037
1378139074737043
1378139074737440
1378139074737453
1378139074737615
1378139074737669
1378139074737679
1378139074737844
1378139074737856
1378139074738078
1378139074738088
1378139074738198
1378139074738206
1378139074738385
1378139074738394
1378139074738518
1378139074738528
1378139074738634
1378139074738642
1378139074738761
1378139074738769
1378139074738917
1378139074738927
1378139074739033
1378139074739040
1378139074739512
1378139074739522
1378139074739687
1378139074739697
1378139074739803
1378139074739810
1378139074739952
1378139074739961
1378139074740067
1378139074740075
1378139074740219
1378139074740229
1378139074740351
1378139074740360
1378139074740510
1378139074740519
1378139074740631
1378139074740638
1378139074740761
1378139074740769
1378139074740880
1378139074740888
1378139074741035
1378139074741044
1378139074741151
1378139074741159
1378139074741276
1378139074741283
1378139074790318
1378139074874121
1378139074896882
1378139074896900
1378139074897124
1378139074897128
1378139074897252
1378139074897255
1378139074897498
1378139074897507
1378139074897619
1378139074897627
1378139074897751
1378139074897758
1378139074897901
1378139074897909
1378139074898309
1378139074898318
1378139074898444
1378139074899659
1378139074899668
1378139074899835
1378139074899839
1378139074900048
1378139074900059
1378139074900164
1378139074900172
1378139074901186
1378139074914567
1378139074914587
1378139074914600
1378139074914696
1378139074914816
1378139074914922
1378139074915061
1378139074915176
1378139074915301
1378139074915424
1378139074915669
1378139074915825
1378139074915997
1378139074916087
1378139074916203
1378139074916217
1378139074916949
1378139074916964
1378139074917198
1378139074917208
1378139074917315
1378139074917323
1378139074917568
1378139074917578
1378139074917689
1378139074917696
1378139074917813
1378139074917819
1378139074917934
1378139074917939
1378139074918199
1378139074918213
1378139074918328
1378139074918338
1378139074918448
1378139074918460
1378139074918699
1378139074918710
1378139074918823
1378139074918831
1378139074918947
1378139074918952
1378139074919070
1378139074919076
1378139074919190
1378139074919196
1378139074919319
1378139074919324
1378139074919438
1378139074919444
1378139074919563
1378139074919569
1378139074919687
1378139074919692
1378139074919838
1378139074919846
1378139074919952
1378139074919957
1378139074920073
1378139074920079
1378139074920226
1378139074920233
1378139074920342
1378139074920352
1378139074920466
1378139074920474
1378139074920595
1378139074920605
1378139074920717
1378139074920726
1378139074920871
1378139074920879
1378139074920986
1378139074920994
1378139075068443
1378139075068464
1378139075068683
1378139075068692
1378139075068802
1378139075068809
1378139075068923
1378139075068930
1378139075069046
1378139075069052
1378139075069270
1378139075069279
1378139075069387
1378139075069395
1378139075069531
1378139075069539
1378139075069652
1378139075071145
1378139075071266
1378139075071274
1378139075071391
1378139075071399
1378139075071515
1378139075071518
1378139075079745
1378139075080369
1378139075089346
1378139075089378
1378139075089391
1378139075089485
1378139075089602
1378139075089724
1378139075089779
1378139075089833
1378139075089888
1378139075089940
1378139075090053
1378139075093124
1378139075093134
1378139075093367
1378139075093372
1378139075093492
1378139075093496
1378139075093597
1378139075093657
1378139075093760
1378139075093764
1378139075093996
1378139075094001
1378139075094120
1378139075094125
1378139075094499
1378139075094507
1378139075094622
1378139075094627
1378139075094741
1378139075094747
1378139075094895
1378139075094901
1378139075095233
1378139075095239
1378139075095398
1378139075095403
1378139075095505
1378139075095509
1378139075095626
1378139075095630
1378139075095773
1378139075095778
1378139075095891
1378139075240364
1378139075240381
1378139075240487
1378139075240492
1378139075240718
1378139075240723
1378139075240835
1378139075240840
1378139075240962
1378139075240966
1378139075241083
1378139075241087
1378139075241375
1378139075241380
1378139075241536
1378139075241541
1378139075241661
1378139075241665
1378139075242136
1378139075242140
1378139075242310
1378139075242314
1378139075242430
1378139075242434
1378139075244993
1378139075253726
1378139075254308
1378139075294249
1378139075409951
1378139075409973
1378139075410180
1378139075410185
1378139075448245
1378139075485857
1378139075486355
1378139075486500
1378139075504578
1378139075505328
1378139075505338
1378139075506806
1378139075545846
1378139075651530
1378139075651545
1378139075651653
1378139075651659
1378139075651778
1378139075651782
1378139075651885
1378139075651889
1378139075671801
1378139075671811
1378139075672054
1378139075672347
1378139075672458
1378139075672463
1378139075672580
1378139075672586
1378139075672955
1378139075672961
1378139075672965
1378139075673372
1378139075673482
1378139075673554
1378139075673677
1378139075673682
1378139075673802
1378139075673804
1378139075674255
1378139075674259
1378139075674366
1378139075674369
1378139075674554
1378139075674558
1378139075674666
1378139075674670
1378139075674859
1378139075674863
1378139075674976
1378139075674981
1378139075675696
1378139075675701
1378139075675891
1378139075675896
1378139075676104
1378139075676107
1378139075676316
1378139075714241
1378139075793847
1378139075815892
1378139075815901
1378139075816008
1378139075816013
1378139075816256
1378139075816260
1378139075816515
1378139075816520
1378139075816639
1378139075816645
1378139075816892
1378139075816897
1378139075817067
1378139075817071
1378139075817497
1378139075817502
1378139075817620
1378139075817624
1378139075817780
1378139075817784
1378139075817891
1378139075817894
1378139075818039
1378139075818043
1378139075838841
1378139075838848
1378139075838964
1378139075838966
1378139075839081
1378139075839084
1378139075839313
1378139075839317
1378139075839436
1378139075839441
1378139075839712
1378139075839716
1378139075839971
1378139075839975
1378139075840096
1378139075840457
1378139075840566
1378139075840706
1378139075840838
1378139075840842
1378139075841213
1378139075841218
1378139075841469
1378139075841474
1378139075841592
1378139075841597
1378139075841714
1378139075841718
1378139075841970
1378139075841974
1378139075842091
1378139075842096
1378139075842216
1378139075842220
1378139075842369
1378139075842373
1378139075842476
1378139075842479
1378139075842628
1378139075842633
1378139075842746
1378139075842750
1378139075842866
1378139075842870
1378139075843486
1378139075843490
1378139075843652
1378139075843656
1378139075843766
1378139075843770
1378139075843888
1378139075843892
1378139075844015
1378139075844133
1378139075844244
1378139075879393
1378139075879505
1378139075879576
1378139075879707
1378139075879811
1378139075879924
1378139075958295
1378139075959654
1378139075959662
1378139075962406
1378139075980958
1378139075980980
1378139075981041
1378139075981094
1378139075981321
1378139075981326
1378139075981437
1378139075981442
1378139075981699
1378139075981704
1378139075982002
1378139075982006
1378139075982156
1378139075982161
1378139075982281
1378139075982285
1378139075982609
1378139076125184
1378139076125205
1378139076125526
1378139076125530
1378139076125735
1378139076125740
1378139076126141
1378139076126145
1378139076126294
1378139076126362
1378139076126419
1378139076126587
1378139076126876
1378139076126880
1378139076127043
1378139076127048
1378139076127150
1378139076127154
1378139076127285
1378139076127773
1378139076127778
1378139076127911
1378139076127916
1378139076128023
1378139076128027
1378139076128185
1378139076128189
1378139076128544
1378139076129374
1378139076166216
1378139076296011
1378139076296028
1378139076296087
1378139076296152
1378139076296260
1378139076296265
1378139076296368
1378139076296373
1378139076337122
1378139076338244
1378139076338253
1378139076338452
1378139076345149
1378139076345256
1378139076346324
1378139076358566
1378139076461464
1378139076504151
1378139076504169
1378139076504299
1378139076504574
1378139076504672
1378139076504678
1378139076504799
1378139076505909
1378139076506038
1378139076506045
1378139076506152
1378139076506155
1378139076506298
1378139076506396
1378139076506503
1378139076506779
1378139076506837
1378139076506898
1378139076507002
1378139076507008
1378139076507110
1378139076507113
1378139076507216
1378139076507219
1378139076507445
1378139076507704
1378139076509039
1378139076509558
1378139076509565
1378139076509837
1378139076509844
1378139076509961
1378139076513337
1378139076513395
1378139076513464
1378139076517039
1378139076517826
1378139076554200
1378139076696015
1378139076733842
1378139076734270
1378139076734408
1378139076908311
1378139076908738
1378139076908883
1378139076913837
1378139077077568
1378139077078110
1378139077083305
1378139077083315
1378139077083323
1378139077083612
1378139077083737
1378139077247376
1378139077247403
1378139077247570
1378139077247575
1378139077247696
1378139077248170
1378139077248613
1378139077286193
1378139077413913
1378139077413937
1378139077414067
1378139077453853
1378139077454296
1378139077454455
1378139077619000
1378139077619406
1378139077619552
1378139077624495
1378139077686589
1378139077788006
1378139077788500
1378139077800416
1378139077800444
1378139077963830
1378139077963854
1378139077963987
1378139077972918
1378139077973488
1378139078010163
1378139078146582
1378139078146601
1378139078146731
1378139078185691
1378139078186135
1378139078186563
1378139078352761
1378139078353139
1378139078353306
1378139078353447
1378139078353592
1378139078355402
1378139078355418
1378139078394130
1378139078518687
1378139078518706
1378139078519404
1378139078520581
1378139078520724
1378139078520802
1378139078520914
1378139078521150
1378139078521274
1378139078521282
1378139078521416
1378139078521543
1378139078521672
1378139078522109
1378139078522223
1378139078522274
1378139078522398
1378139078524509
1378139078524655
1378139078524728
1378139078524848
1378139078524852
1378139078524963
1378139078528628
1378139078528743
1378139078528873
1378139078528987
1378139078529126
1378139078529249
1378139078529258
1378139078529502
1378139078529511
1378139078529626
1378139078529634
1378139078530034
1378139078530044
1378139078530195
1378139078530278
1378139078530393
1378139078530758
1378139078530872
1378139078530930
1378139078531042
1378139078531052
1378139078531194
1378139078531202
1378139078531318
1378139078531326
1378139078531443
1378139078531451
1378139078531923
1378139078531933
1378139078533456
1378139078533465
1378139078533570
1378139078558398
1378139078560270
1378139078560511
1378139078725371
1378139078725384
1378139078733113
1378139078733627
1378139078733769
1378139078898441
1378139078898843
1378139078899021
1378139078916854
1378139078917225
1378139078923493
1378139078923504
1378139078936177
1378139078936301
1378139078936304
1378139078936436
1378139078936542
1378139078954263
1378139078954553
1378139078954675
1378139078954927
1378139078955045
1378139078955343
1378139078955500
1378139078955607
1378139078956210
1378139078956386
1378139078956522
1378139078956526
1378139079070362
1378139079096254
1378139079096820
1378139079134092
1378139079151848
1378139079152242
1378139079171104
1378139079171121
1378139079171220
1378139079171454
1378139079171508
1378139079189391
1378139079189517
1378139079189744
1378139079189857
1378139079189980
1378139079190098
1378139079190220
1378139079190337
1378139079270461
1378139079270473
1378139079270630
1378139079270634
1378139079270844
1378139079270849
1378139079270956
1378139079270961
1378139079315832
1378139079316997
1378139079317005
1378139079317558
1378139079319737
1378139079443318
1378139079443333
1378139079443636
1378139079443641
1378139079444013
1378139079444017
1378139079444265
1378139079444270
1378139079444396
1378139079444401
1378139079444773
1378139079444778
1378139079444921
1378139079444925
1378139079445033
1378139079445037
1378139079445295
1378139079445299
1378139079445462
1378139079445466
1378139079445569
1378139079445573
1378139079445726
1378139079445731
1378139079469357
1378139079469372
1378139079469537
1378139079469543
1378139079482917
1378139079485106
1378139079487610
1378139079487616
1378139079487853
1378139079487857
1378139079488103
1378139079488108
1378139079488236
1378139079488240
1378139079488493
1378139079488497
1378139079488616
1378139079488620
1378139079488872
1378139079488877
1378139079488991
1378139079488995
1378139079489168
1378139079489172
1378139079489342
1378139079489347
1378139079489748
1378139079489817
1378139079489954
1378139079489993
1378139079492111
1378139079492122
1378139079492226
1378139079492333
1378139079492455
1378139079492875
1378139079492982
1378139079493374
1378139079493481
1378139079493620
1378139079493729
1378139079493873
1378139079493981
1378139079494031
1378139079494136
1378139079494141
1378139079494258
1378139079494261
1378139079494515
1378139079494519
1378139079494639
1378139079494643
1378139079495024
1378139079495028
1378139079495153
1378139079495157
1378139079495314
1378139079495318
1378139079495424
1378139079495428
1378139079495581
1378139079495586
1378139079495697
1378139079495701
1378139079495834
1378139079495838
1378139079496578
1378139079496583
1378139079496761
1378139079496766
1378139079496890
1378139079496894
1378139079497011
1378139079497015
1378139079497136
1378139079497140
1378139079497285
1378139079497289
1378139079497434
1378139079497438
1378139079614246
1378139079614261
1378139079614320
1378139079614382
1378139079614488
1378139079614493
1378139079614611
1378139079614616
1378139079616315
1378139079616321
1378139079616529
1378139079616533
1378139079617047
1378139079617052
1378139079617419
1378139079617425
1378139079617830
1378139079617835
1378139079617951
1378139079617954
1378139079618329
1378139079618334
1378139079618452
1378139079618456
1378139079618573
1378139079618577
1378139079618725
1378139079618729
1378139079618983
1378139079618987
1378139079619118
1378139079619122
1378139079619257
1378139079619261
1378139079619418
1378139079619423
1378139079619543
1378139079656784
1378139079656907
1378139079657117
1378139079657226
1378139079657231
1378139079657337
1378139079660568
1378139079660687
1378139079660694
1378139079660846
1378139079660848
1378139079660951
1378139079660953
1378139079661335
1378139079661342
1378139079661465
1378139079661467
1378139079661577
1378139079661944
1378139079662070
1378139079662295
1378139079662300
1378139079662373
1378139079662478
1378139079662484
1378139079662555
1378139079662891
1378139079667911
1378139079668856
1378139079669443
1378139079669452
1378139079669551
1378139079669558
1378139079669563
1378139079669760
1378139079669815
1378139079670040
1378139079670202
1378139079670312
1378139079672160
1378139079672275
1378139079672280
1378139079672398
1378139079672404
1378139079672529
1378139079672531
1378139079672647
1378139079672651
1378139079672770
1378139079672773
1378139079672896
1378139079672902
1378139079673013
1378139079673018
1378139079673124
1378139079673181
1378139079673286
1378139079673290
1378139079673401
1378139079673405
1378139079673693
1378139079673699
1378139079673868
1378139079673873
1378139079673993
1378139079675389
1378139079675506
1378139079675511
1378139079675630
1378139079675636
1378139079675758
1378139079675761
1378139079679505
1378139079679521
1378139079679631
1378139079679637
1378139079679879
1378139079679883
1378139079680007
1378139079759135
1378139079759154
1378139079759429
1378139079759434
1378139079759552
1378139079759556
1378139079759675
1378139079759679
1378139079759797
1378139079759802
1378139079760030
1378139079760034
1378139079761281
1378139079761293
1378139079828133
1378139079828151
1378139079828347
1378139079828351
1378139079828466
1378139079828668
1378139079828673
1378139079828842
1378139079828847
1378139079828961
1378139079829564
1378139079829570
1378139079830102
1378139079830107
1378139079830217
1378139079830221
1378139079830396
1378139079830400
1378139079830517
1378139079830568
1378139079830652
1378139079839417
1378139079840333
1378139079852072
1378139079852097
1378139079905357
1378139079905378
1378139079906607
1378139079906615
1378139079907277
1378139079907286
1378139079908583
1378139079908594
1378139079926054
1378139079926073
1378139079926455
1378139079926464
1378139079926718
1378139079926726
1378139079953035
1378139079953052
1378139079953214
1378139079953223
1378139079957836
1378139079957847
1378139080015661
1378139080019597
1378139080020122
1378139080050051
1378139080050079
1378139080050091
1378139080089619
1378139080188491
1378139080188507
1378139080188740
1378139080188746
1378139080213877
1378139080214400
1378139080214838
1378139080214977
1378139080215012
1378139080234235
1378139080234263
1378139080234783
1378139080379190
1378139080379213
1378139080379432
1378139080379437
1378139080379959
1378139080380143
1378139080385109
1378139080385138
1378139080385209
1378139080385264
1378139080385455
1378139080385466
1378139080385584
1378139080386396
1378139080386517
1378139080390976
1378139080391101
1378139080391110
1378139080391351
1378139080391354
1378139080391468
1378139080391479
1378139080391705
1378139080391714
1378139080391755
1378139080391824
1378139080392120
1378139080392128
1378139080392374
1378139080392382
1378139080392628
1378139080392636
1378139080392813
1378139080392821
1378139080392975
1378139080392980
1378139080393103
1378139080393109
1378139080393259
1378139080393268
1378139080393374
1378139080393382
1378139080393916
1378139080393925
1378139080394039
1378139080394047
1378139080394185
1378139080394191
1378139080397876
1378139080399397
1378139080400404
1378139080400474
1378139080400527
1378139080400644
1378139080400772
1378139080400822
1378139080409362
1378139080409384
1378139080566057
1378139080566080
1378139080567573
1378139080567581
1378139080567922
1378139080567931
1378139080568045
1378139080568053
1378139080568424
1378139080568433
1378139080568553
1378139080568560
1378139080568674
1378139080568682
1378139080568958
1378139080568966
1378139080569078
1378139080569085
1378139080569201
1378139080569208
1378139080569324
1378139080569331
1378139080569475
1378139080569479
1378139080569636
1378139080570555
1378139080610034
1378139080739795
1378139080739813
1378139080740037
1378139080740045
1378139080779421
1378139080779892
1378139080780192
1378139080950203
1378139080950222
1378139080950465
1378139080950474
1378139080950989
1378139080951297
1378139080969037
1378139080969363
1378139080987757
1378139080987790
1378139081133366
1378139081169854
1378139081170750
1378139081170983
1378139081183148
1378139081183962
1378139081183970
1378139081184171
1378139081225677
1378139081350154
1378139081350173
1378139081350319
1378139081353022
1378139081354262
1378139081354271
1378139081354383
1378139081354391
1378139081354627
1378139081354638
1378139081354751
1378139081354758
1378139081354878
1378139081354885
1378139081354998
1378139081355001
1378139081355233
1378139081355242
1378139081355393
1378139081355396
1378139081355914
1378139081355923
1378139081356040
1378139081356049
1378139081356204
1378139081356207
1378139081360868
1378139081360879
1378139081360987
1378139081360994
1378139081361114
1378139081361118
1378139081361228
1378139081361233
1378139081361355
1378139081361361
1378139081361477
1378139081361486
1378139081361605
1378139081361672
1378139081361741
1378139081361745
1378139081361866
1378139081361871
1378139081361982
1378139081362082
1378139081362215
1378139081362272
1378139081362378
1378139081362502
1378139081362620
1378139081362685
1378139081362800
1378139081362804
1378139081363020
1378139081364855
1378139081364867
1378139081365168
1378139081402014
1378139081523508
1378139081523528
1378139081523668
1378139081531043
1378139081531064
1378139081531173
1378139081531181
1378139081531398
1378139081531408
1378139081531520
1378139081531525
1378139081531642
1378139081531649
1378139081531766
1378139081531779
1378139081531996
1378139081531999
1378139081532125
1378139081532128
1378139081532268
1378139081532277
1378139081535102
1378139081535111
1378139081535218
1378139081535227
1378139081535349
1378139081535356
1378139081535474
1378139081535482
1378139081535855
1378139081535865
1378139081536478
1378139081536485
1378139081536647
1378139081536654
1378139081537082
1378139081537091
1378139081537220
1378139081537376
1378139081539808
1378139081539821
1378139081539929
1378139081539936
1378139081540133
1378139081540140
1378139081540269
1378139081540627
1378139081540741
1378139081540972
1378139081541094
1378139081541105
1378139081541233
1378139081577896
1378139081640066
1378139081689498
1378139081696260
1378139081696281
1378139081696502
1378139081696509
1378139081696754
1378139081696761
1378139081696877
1378139081696884
1378139081697121
1378139081697128
1378139081697243
1378139081697250
1378139081697389
1378139081697396
1378139081697755
1378139081697763
1378139081697911
1378139081697918
1378139081698042
1378139081749295
1378139081749317
1378139081749481
1378139081750381
1378139081750391
1378139081750530
1378139081750536
1378139081750654
1378139081753562
1378139081753572
1378139081753762
1378139081753770
1378139081753891
1378139081754001
1378139081754085
1378139081754146
1378139081754212
1378139081754639
1378139081754652
1378139081755089
1378139081755101
1378139081759406
1378139081759424
1378139081759731
1378139081807577
1378139081808550
1378139081808716
1378139081808810
1378139081808869
1378139081809384
1378139081845865
1378139081845875
1378139081857634
1378139081858262
1378139081860219
1378139081871870
1378139081889865
1378139081974521
1378139081974544
1378139081975492
1378139081975502
1378139081975651
1378139081975655
1378139081978503
1378139081978514
1378139081978633
1378139081979003
1378139081979011
1378139081979322
1378139081979330
1378139081979443
1378139081980771
1378139081980782
1378139081981009
1378139081981018
1378139081981150
1378139081983319
1378139081983330
1378139081983566
1378139081983574
1378139081984481
1378139081984492
1378139081984602
1378139081984608
1378139081984741
1378139081984863
1378139081984870
1378139081984894
1378139081984990
1378139081984995
1378139081985115
1378139082041526
1378139082042668
1378139082042949
1378139082043123
1378139082082002
1378139082209307
1378139082209326
1378139082209504
1378139082209510
1378139082209626
1378139082213868
1378139082213980
1378139082214082
1378139082214207
1378139082214321
1378139082214429
1378139082214479
1378139082214586
1378139082217400
1378139082217551
1378139082217637
1378139082217747
1378139082218461
1378139082218579
1378139082218672
1378139082218787
1378139082218792
1378139082218894
1378139082257834
1378139082258548
1378139082258553
1378139082261149
1378139082426913
1378139082430332
1378139082430345
1378139082430608
1378139082430617
1378139082431785
1378139082431796
1378139082432566
1378139082432580
1378139082432695
1378139082432704
1378139082433004
1378139082433016
1378139082433196
1378139082433205
1378139082433691
1378139082433702
1378139082433883
1378139082433897
1378139082434391
1378139082434404
1378139082434543
1378139082434551
1378139082434687
1378139082434691
1378139082434800
1378139082434808
1378139082434922
1378139082434929
1378139082435061
1378139082435067
1378139082435520
1378139082435530
1378139082444906
1378139082590572
1378139082590916
1378139082591064
1378139082591217
1378139082591528
1378139082601468
1378139082602239
1378139082641875
1378139082681971
1378139082688093
1378139082688215
1378139082688272
1378139082688385
1378139082688454
1378139082688581
1378139082688590
1378139082693510
1378139082693521
1378139082693753
1378139082693762
1378139082694018
1378139082694026
1378139082694132
1378139082694140
1378139082694302
1378139082694310
1378139082694415
1378139082694423
1378139082694804
1378139082694812
1378139082694929
1378139082694937
1378139082695093
1378139082695100
1378139082737980
1378139082756136
1378139082756264
1378139082756314
1378139082756424
1378139082756655
1378139082756778
1378139082757128
1378139082757254
1378139082757262
1378139082757271
1378139082757385
1378139082757498
1378139082797855
1378139082850783
1378139082851693
1378139082851701
1378139082851875
1378139082889971
1378139083016473
1378139083023230
1378139083023244
1378139083024400
1378139083061598
1378139083062121
1378139083062452
1378139083062626
1378139083068377
1378139083209423
1378139083235014
1378139083235164
1378139083236036
1378139083236066
1378139083273932
1378139083322263
1378139083322500
1378139083322707
1378139083346631
1378139083346858
1378139083347058
1378139083347154
1378139083371810
1378139083371840
1378139083372915
1378139083402936
1378139083403068
1378139083403119
1378139083403226
1378139083403306
1378139083403435
1378139083403442
1378139083418196
1378139083418620
1378139083457943
1378139083468002
1378139083510992
1378139083512594
1378139083512605
1378139083512840
1378139083512848
1378139083513035
1378139083513042
1378139083513280
1378139083513288
1378139083513520
1378139083513528
1378139083513663
1378139083513670
1378139083513789
1378139083513849
1378139083513957
1378139083514312
1378139083514445
1378139083514495
1378139083514629
1378139083518843
1378139083518857
1378139083518965
1378139083518973
1378139083519208
1378139083519216
1378139083519334
1378139083519342
1378139083519456
1378139083519464
1378139083519578
1378139083519585
1378139083519800
1378139083519808
1378139083569349
1378139083569367
1378139083569586
1378139083569593
1378139083569707
1378139083569711
1378139083569827
1378139083569835
1378139083569967
1378139083569975
1378139083570207
1378139083570216
1378139083570327
1378139083570335
1378139083570480
1378139083570487
1378139083570875
1378139083570884
1378139083625370
1378139083626257
1378139083665948
1378139083689409
1378139083689535
1378139083689541
1378139083689741
1378139083689746
1378139083690039
1378139083690047
1378139083690099
1378139083690155
1378139083690163
1378139083690544
1378139083690654
1378139083690705
1378139083690815
1378139083690821
1378139083691246
1378139083691253
1378139083691410
1378139083691416
1378139083691543
1378139083691549
1378139083691688
1378139083691694
1378139083691809
1378139083691815
1378139083794409
1378139083794428
1378139083794582
1378139083794587
1378139083794815
1378139083794824
1378139083794937
1378139083794941
1378139083811295
1378139083832518
1378139083833036
1378139083835438
1378139083835453
1378139083860202
1378139083860242
1378139083860917
1378139083861037
1378139083861044
1378139083861159
1378139083861166
1378139083861288
1378139083861291
1378139083861407
1378139083861416
1378139083861525
1378139083861530
1378139083861652
1378139083861657
1378139083861916
1378139083861925
1378139083862176
1378139083862186
1378139083862545
1378139083862553
1378139083862799
1378139083862807
1378139083862918
1378139083862926
1378139083863080
1378139083863084
1378139083863290
1378139083863299
1378139083863444
1378139083863448
1378139083863552
1378139083863560
1378139083863674
1378139083863682
1378139083863795
1378139083863803
1378139083863954
1378139083863963
1378139083864068
1378139083864075
1378139083962370
1378139083962390
1378139083962611
1378139083962620
1378139083962727
1378139083962734
1378139083962982
1378139083962991
1378139083963106
1378139083963114
1378139083963226
1378139083963234
1378139083963455
1378139083963463
1378139083963619
1378139083963627
1378139083963732
1378139083963740
1378139083964225
1378139083964234
1378139083964388
1378139083964395
1378139083964500
1378139083964508
1378139083998648
1378139083998670
1378139083998872
1378139083998879
1378139084005843
1378139084006383
1378139084031987
1378139084032017
1378139084032027
1378139084032121
1378139084032229
1378139084032332
1378139084032439
1378139084032493
1378139084032596
1378139084032601
1378139084032722
1378139084032727
1378139084032841
1378139084032847
1378139084033151
1378139084033156
1378139084033293
1378139084033298
1378139084033406
1378139084033411
1378139084034095
1378139084034100
1378139084034261
1378139084034266
1378139084034412
1378139084034417
1378139084130503
1378139084130524
1378139084130757
1378139084130760
1378139084130895
1378139084177610
1378139084177626
1378139084177845
1378139084177854
1378139084200128
1378139084200691
1378139084237919
1378139084241876
1378139084242420
1378139084247249
1378139084247280
1378139084247522
1378139084247525
1378139084247646
1378139084368965
1378139084368984
1378139084369095
1378139084369102
1378139084369211
1378139084369223
1378139084369289
1378139084369341
1378139084536283
1378139084536305
1378139084536620
1378139084536627
1378139084536788
1378139084536792
1378139084537038
1378139084537047
1378139084537198
1378139094640792
1378139094642192
1378139094642204
1378139094642976
1378139153778206
1378139153778679
1378139153782252
1378139153793179
1378139153795981
1378139153796473
1378139153798380
1378139153824728
1378139153826346
1378139153847563
