1378191709506357
1378191709522253
1378191709522540
1378191709897293
1378191709897392
1378191709897461
1378191709897536
1378191709897586
1378191709898532
1378191709928281
1378191709932319
1378191709932781
1378191709938324
1378191709938382
1378191709939605
1378191709939711
1378191709939756
1378191709939850
1378191709939868
1378191709943214
1378191709979555
1378191709980921
1378191710018112
1378191710021918
1378191710022544
1378191710028104
1378191710028150
1378191710028208
1378191710028273
1378191710028474
1378191710028514
1378191710028575
1378191710032320
1378191710032434
1378191710033267
1378191710060837
1378191710060885
1378191710061090
1378191710064963
1378191710065900
1378191710070216
1378191710070263
1378191710070387
1378191710107558
1378191710108794
1378191710129647
1378191710129683
1378191710129896
1378191710130031
1378191710157806
1378191710157939
1378191710159022
1378191710162844
1378191710164236
1378191710168644
1378191710169167
1378191710169327
1378191710207565
1378191710208141
1378191710246455
1378191710254010
1378191710432313
1378191710432907
1378191710612741
1378191710613244
1378191710613359
1378191710647434
1378191710647957
1378191710666203
1378191710666940
1378191710667248
1378191710667385
1378191710668054
1378191710687488
1378191710687515
1378191710687777
1378191710687832
1378191710687981
1378191710688126
1378191710688292
1378191710688396
1378191710688527
1378191710688847
1378191710707138
1378191710707378
1378191710707487
1378191710707623
1378191710707737
1378191710707991
1378191710708102
1378191710708261
1378191710708632
1378191710708721
1378191710708873
1378191710708990
1378191710709331
1378191710726281
1378191710726568
1378191710726720
1378191710752154
1378191710770591
1378191710860297
1378191710864435
1378191710864480
1378191710865169
1378191710865516
1378191710868927
1378191710869141
1378191710869728
1378191710907570
1378191710909337
1378191710909363
1378191710909670
1378191710913680
1378191710914637
1378191710914788
1378191710915322
1378191710915504
1378191710916463
1378191710919441
1378191710919500
1378191710919655
1378191710919669
1378191710919903
1378191710920134
1378191710920226
1378191710920247
1378191710920636
1378191710921313
1378191710921906
1378191710922017
1378191710928416
1378191710928535
1378191710928902
1378191710929164
1378191710929276
1378191710929637
1378191710929736
1378191710930135
1378191710930288
1378191710930444
1378191710932525
1378191710934163
1378191710934693
1378191710934805
1378191710934933
1378191710935043
1378191710935267
1378191710935401
1378191710935443
1378191710935548
1378191710935751
1378191710935906
1378191710936002
1378191710936110
1378191710936130
1378191710940763
1378191710940875
1378191710940900
1378191710941006
1378191710941023
1378191710941127
1378191710941147
1378191710941251
1378191710941269
1378191710941373
1378191710941393
1378191710942150
1378191710942346
1378191710946000
1378191710946247
1378191710946355
1378191710946383
1378191710946491
1378191710946605
1378191710946878
1378191710947130
1378191710947316
1378191710947920
1378191710948096
1378191710948211
1378191710948889
1378191710949005
1378191710949117
1378191710949291
1378191710949409
1378191710951684
1378191710955603
1378191710956526
1378191710961236
1378191710961421
1378191710961438
1378191710961581
1378191710965298
1378191710965416
1378191710984770
1378191710984851
1378191710984922
1378191710985057
1378191710985199
1378191710985346
1378191710985621
1378191710985733
1378191711000348
1378191711000570
1378191711000684
1378191711018929
1378191711037241
1378191711037336
1378191711043472
1378191711044057
1378191711049290
1378191711053609
1378191711058891
1378191711293744
1378191711298409
1378191711330004
1378191711335123
1378191711335184
1378191711354216
1378191711354451
1378191711354566
1378191711354674
1378191711354798
1378191711355059
1378191711355168
1378191711355306
1378191711355730
1378191711372963
1378191711373195
1378191711373325
1378191711373560
1378191711373669
1378191711373802
1378191711374069
1378191711374241
1378191711374344
1378191711374904
1378191711375085
1378191711375194
1378191711375306
1378191711375513
1378191711375652
1378191711376250
1378191711376354
1378191711379768
1378191711383678
1378191711384387
1378191711389105
1378191711389283
1378191711389297
1378191711393195
1378191711393370
1378191711399398
1378191711403914
1378191711475313
1378191711493738
1378191711500980
1378191711505928
1378191711506021
1378191711525485
1378191711525710
1378191711525854
1378191711552406
1378191711571133
1378191711572457
1378191711591856
1378191711592086
1378191711592191
1378191711592330
1378191711592437
1378191711592612
1378191711592725
1378191711592852
1378191711611345
1378191711611575
1378191711611689
1378191711611802
1378191711611924
1378191711612152
1378191711612286
1378191723902687
1378191723903429
1378191741335522
1378191741508185
1378191753902321
1378191753902696
1378191798788711
1378191798788780
1378191798792670
1378191798806827
1378191798806976
1378191798810439
1378191798810800
1378191798967300
