1377903178821684
1377903178847954
1377903178848279
1377903178877225
1377903178914576
1377903178915037
1377903178964597
1377903178988727
1377903178989371
1377903179017961
1377903179017998
1377903179018320
1377903179054514
1377903179056734
1377903179066616
1377903179066646
1377903223127078
1377903223127359
1377903273770331
1377903273793473
1377903273793830
1377903273818425
1377903273818463
1377903273818519
1377903273818699
1377903273818714
1377903273818787
1377903273818984
1377903273841842
1377903273842071
1377903273842091
1377903273842210
1377903273842221
1377903273842327
1377903273842378
1377903273842449
1377903273842494
1377903273842721
1377903273842730
1377903273842841
1377903273842963
1377903273842975
1377903273865654
1377903273865686
1377903273865956
1377903273865975
1377903273866229
1377903273866236
1377903273866359
1377903273866373
1377903273866499
1377903273866590
1377903273866896
1377903273866908
1377903273867038
1377903273867057
1377903273895990
1377903273920271
1377903273920302
1377903273920563
1377903273920576
1377903273920673
1377903273920883
1377903273949515
1377903273949679
1377903273986559
1377903273987159
1377903273992279
1377903273992323
1377903273992339
1377903273992379
1377903273992511
1377903273992640
1377903273992771
1377903273992791
1377903273996524
1377903273996555
1377903273996755
1377903273996771
1377903273997139
1377903273997158
1377903273997273
1377903273997285
1377903273997791
1377903273997822
1377903273998163
1377903273998183
1377903273998526
1377903273998839
1377903273998960
1377903273998984
1377903273999036
1377903273999102
1377903273999125
1377903273999273
1377903273999323
1377903273999396
1377903273999504
1377903273999624
1377903273999784
1377903274001723
1377903274001761
1377903274001841
1377903274001971
1377903274001982
1377903274002097
1377903274002106
1377903274002957
1377903274002982
1377903274003261
1377903274003286
1377903274003449
1377903274003459
1377903274003574
1377903274003586
1377903274003830
1377903274003855
1377903274003939
1377903274004020
1377903274004414
1377903274004424
1377903274005251
1377903274005262
1377903274005394
1377903274005402
1377903274005733
1377903274005749
1377903274005864
1377903274005873
1377903274006924
1377903274009754
1377903274009786
1377903274009798
1377903274010097
1377903274010178
1377903274010240
1377903274010354
1377903274010632
1377903274014534
1377903274014547
1377903274014554
1377903274014562
1377903274014569
1377903274014585
1377903274014594
1377903274014818
1377903274014825
1377903274014858
1377903274015050
1377903274015232
1377903274015512
1377903274015932
1377903274016028
1377903274016262
1377903274016290
1377903274016395
1377903274016915
1377903274017315
1377903274017406
1377903274022239
1377903274022252
1377903274022364
1377903274022434
1377903274022504
1377903274022512
1377903274022603
1377903274022610
1377903274026526
1377903274026559
1377903274026766
1377903274026772
1377903274026893
1377903274026902
1377903274027010
1377903274027122
1377903274027403
1377903274027410
1377903274027508
1377903274027531
1377903274027653
1377903274027662
1377903274028176
1377903274028202
1377903274028347
1377903274028355
1377903274028487
1377903274028616
1377903274028798
1377903274029838
1377903274031239
1377903274031259
1377903274031270
1377903274031608
1377903274031898
1377903274032158
1377903274032412
1377903274032792
1377903274032921
1377903274032946
1377903274033313
1377903274033322
1377903274034961
1377903274034981
1377903274035131
1377903274035138
1377903274035262
1377903274035270
1377903274035378
1377903274035511
1377903274035644
1377903274039844
1377903274039984
1377903274039994
1377903274040108
1377903274040236
1377903274040245
1377903274041325
1377903274044257
1377903274044288
1377903274044303
1377903274044601
1377903274044739
1377903274044751
1377903274044870
1377903274044879
1377903274045138
1377903274045150
1377903274045259
1377903274045280
1377903274045403
1377903274045415
1377903274045933
1377903274045946
1377903274046189
1377903274046201
1377903274046386
1377903274046398
1377903274046514
1377903274046526
1377903274047231
1377903274047243
1377903274047589
1377903274047601
1377903274047722
1377903274047750
1377903274047854
1377903274047868
1377903274047982
1377903274047993
1377903274049397
1377903274049409
1377903274049613
1377903274049625
1377903274049743
1377903274049754
1377903274049984
1377903274049996
1377903274050194
1377903274050205
1377903274050320
1377903274050332
1377903274050862
1377903274050876
1377903274051110
1377903274051122
1377903274051563
1377903274051574
1377903274051811
1377903274051823
1377903274052073
1377903274052084
1377903274052186
1377903274052206
1377903274052316
1377903274052327
1377903274052443
1377903274052454
1377903274052696
1377903274052708
1377903274052811
1377903274052830
1377903274052938
1377903274052950
1377903274053195
1377903274053207
1377903274053462
1377903274053474
1377903274053571
1377903274053590
1377903274053696
1377903274053710
1377903274053830
1377903274053842
1377903274054084
1377903274054096
1377903274054283
1377903274054295
1377903274054473
1377903274054486
1377903274054556
1377903274054620
1377903274054697
1377903274054726
1377903274054852
1377903274054863
1377903274055010
1377903274055021
1377903274055126
1377903274055148
1377903274055249
1377903274055277
1377903274055380
1377903274055390
1377903274055918
1377903274055931
1377903274056053
1377903274056072
1377903274056182
1377903274056192
1377903274056309
1377903274056319
1377903274057053
1377903274057065
1377903274057297
1377903274057309
1377903274057427
1377903274057439
1377903274058357
1377903274058369
1377903274058547
1377903274058559
1377903274058663
1377903274058683
1377903274058790
1377903274058802
1377903274058918
1377903274058930
1377903274059105
1377903274059117
1377903274059227
1377903274059239
1377903274059497
1377903274059509
1377903274059748
1377903274059760
1377903274059880
1377903274059891
1377903274060014
1377903274060026
1377903274060135
1377903274060147
1377903274060258
1377903274060269
1377903274060388
1377903274060400
1377903274060894
1377903274060906
1377903274061140
1377903274061152
1377903274061271
1377903274061282
1377903274061403
1377903274061414
1377903274061649
1377903274061662
1377903274061782
1377903274061793
1377903274061909
1377903274061921
1377903274062042
1377903274062054
1377903274062651
1377903274062664
1377903274062774
1377903274062793
1377903274062903
1377903274062915
1377903274063036
1377903274063049
1377903274063128
1377903274063190
1377903274063202
1377903274063317
1377903274063332
1377903274063453
1377903274063472
1377903274063581
1377903274063600
1377903274063710
1377903274063721
1377903274063840
1377903274063851
1377903274064084
1377903274064095
1377903274064216
1377903274064228
1377903274064343
1377903274064355
1377903274064474
1377903274064485
1377903274065993
1377903274066005
1377903274066131
1377903274066142
1377903274066264
1377903274066275
1377903274066391
1377903274066417
1377903274066521
1377903274066532
1377903274066648
1377903274066659
1377903274066779
1377903274066790
1377903274066911
1377903274066924
1377903274067069
1377903274067104
1377903274067216
1377903274067291
1377903274067418
1377903274068206
1377903274068367
1377903274110520
1377903274112093
1377903274141029
