1377983364875096
1377983364892494
1377983364892808
1377983365081583
1377983365081611
1377983365082072
1377983365082084
1377983365082415
1377983365082425
1377983365099770
1377983365105443
1377983365122197
1377983365123033
1377983365143224
1377983365143253
1377983365143264
1377983365143413
1377983365143525
1377983365143608
1377983365143703
1377983365143721
1377983365161220
1377983365161238
1377983365161462
1377983365161469
1377983365161600
1377983365161605
1377983365161702
1377983365161709
1377983365161948
1377983365161957
1377983365162086
1377983365162094
1377983365162249
1377983365162826
1377983365163101
1377983365163111
1377983365163119
1377983365163286
1377983365163387
1377983365163484
1377983365163582
1377983365163766
1377983365163900
1377983365163907
1377983365164004
1377983365164012
1377983365179314
1377983365179336
1377983365179440
1377983365179446
1377983365179709
1377983365179718
1377983365182277
1377983365182286
1377983365182890
1377983365204061
1377983365204086
1377983365204190
1377983365204196
1377983365204385
1377983365204393
1377983365204491
1377983365204497
1377983365205306
1377983365205315
1377983365205635
1377983365205643
1377983365205790
1377983365206043
1377983365206169
1377983365206176
1377983365206311
1377983365206316
1377983365206448
1377983365221955
1377983365222071
1377983365222209
1377983365222347
1377983365222357
1377983365222455
1377983365222462
1377983365222701
1377983365222709
1377983365222835
1377983365222841
1377983365223800
1377983365223820
1377983365223920
1377983365223926
1377983365224195
1377983365224203
1377983365224300
1377983365224308
1377983365224411
1377983365224419
1377983365224544
1377983365224552
1377983365236336
1377983365240711
1377983365240732
1377983365240900
1377983365240909
1377983365241795
1377983365241809
1377983365241910
1377983365241918
1377983365242201
1377983365242211
1377983365242315
1377983365242319
1377983365242456
1377983365242466
1377983365242698
1377983365242706
1377983365244194
1377983365244203
1377983365244323
1377983365244330
1377983365244542
1377983365244550
1377983365244646
1377983365244654
1377983365245095
1377983365245105
1377983365245204
1377983365245208
1377983365245507
1377983365245516
1377983365245743
1377983365245751
1377983365246031
1377983365246040
1377983365246137
1377983365246145
1377983365246381
1377983365246389
1377983365246487
1377983365246514
1377983365246615
1377983365246630
1377983365246750
1377983365246756
1377983365246976
1377983365246984
1377983365247071
1377983365247079
1377983365254630
1377983365254640
1377983365254741
1377983365254746
1377983365254980
1377983365254989
1377983365255107
1377983365255114
1377983365255227
1377983365255231
1377983365255364
1377983365255374
1377983365255533
1377983365255541
1377983365255670
1377983365260451
1377983365260569
1377983365260690
1377983365260762
1377983365260841
1377983365260940
1377983365260949
1377983365261184
1377983365261193
1377983365261312
1377983365261320
1377983365263175
1377983365263185
1377983365263284
1377983365263292
1377983365263527
1377983365263536
1377983365263635
1377983365263643
1377983365263777
1377983365263784
1377983365263916
1377983365263924
1377983365264074
1377983365264081
1377983365264313
1377983365264321
1377983365264618
1377983365264627
1377983365264725
1377983365264729
1377983365264913
1377983365264922
1377983365265322
1377983365265334
1377983365265435
1377983365265444
1377983365265717
1377983365265727
1377983365265968
1377983365265979
1377983365266078
1377983365266096
1377983365266218
1377983365266226
1377983365266323
1377983365266330
1377983365266760
1377983365266774
1377983365266874
1377983365266881
1377983365267013
1377983365267021
1377983365267118
1377983365267124
1377983365267275
1377983365267281
1377983365267336
1377983365267396
1377983365267401
1377983365267534
1377983365267544
1377983365267673
1377983365267679
1377983365267822
1377983365267844
1377983365267967
1377983365267974
1377983365268071
1377983365268077
1377983365278668
1377983365278689
1377983365278926
1377983365278933
1377983365279031
1377983365279052
1377983365279177
1377983365279182
1377983365279279
1377983365279285
1377983365279472
1377983365279476
1377983365279601
1377983365279607
1377983365282704
1377983365282713
1377983365282812
1377983365282820
1377983365283058
1377983365283064
1377983365283192
1377983365283201
1377983365283298
1377983365283303
1377983365283442
1377983365283506
1377983365283741
1377983365283750
1377983365283993
1377983365284001
1377983365284490
1377983365284499
1377983365284601
1377983365284616
1377983365284850
1377983365284858
1377983365285094
1377983365285105
1377983365285241
1377983365285245
1377983365285588
1377983365285596
1377983365285702
1377983365285715
1377983365285948
1377983365285954
1377983365286087
1377983365286092
1377983365286370
1377983365286378
1377983365286478
1377983365286500
1377983365286621
1377983365286626
1377983365286887
1377983365286896
1377983365287169
1377983365287177
1377983365287413
1377983365287422
1377983365287519
1377983365287527
1377983365287661
1377983365287668
1377983365287799
1377983365287804
1377983365287970
1377983365287976
1377983365288583
1377983365288591
1377983365288791
1377983365288799
1377983365288898
1377983365288905
1377983365289033
1377983365289041
1377983365289174
1377983365289179
1377983365289334
1377983365289341
1377983365289438
1377983365289444
1377983365289578
1377983365289599
1377983365289741
1377983365289747
1377983365289961
1377983365685470
1377983365706815
1377983365706831
1377983365706838
1377983365726946
1377983365727070
1377983365727850
1377983365728290
1377983365728300
1377983365728308
1377983365728619
1377983365728706
1377983365728715
1377983365728813
1377983365728821
1377983365729141
1377983365729149
1377983365729250
1377983365729267
1377983365729882
1377983365729890
1377983365730033
1377983365746917
1377983365746993
1377983365747116
1377983365747189
1377983365747313
1377983365747404
1377983365747422
1377983365748061
1377983365748069
1377983365748440
1377983365748448
1377983365748675
1377983365748683
1377983365748812
1377983365748817
1377983365748915
1377983365748921
1377983365749058
1377983365749065
1377983365749197
1377983365749203
1377983365749297
1377983365749317
1377983365749446
1377983365749451
1377983365749587
1377983365749593
1377983365749878
1377983365750594
1377983365764699
1377983365764710
1377983365764718
1377983365765023
1377983365765160
1377983365767159
1377983365767260
1377983365767389
1377983365767463
1377983365767583
1377983365767680
1377983365767954
1377983365768055
1377983365768064
1377983365768321
1377983365768329
1377983365768453
1377983365768459
1377983365768782
1377983365768790
1377983365768894
1377983365768898
1377983365769033
1377983365769039
1377983365769160
1377983365810555
1377983365811658
1377983365832932
1377983365832950
1377983365832957
1377983365833047
1377983365833149
1377983365833337
1377983365833439
1377983365833465
1377983365833589
1377983365833594
1377983365833691
1377983365833698
1377983365834003
1377983365834011
1377983365834140
1377983365834147
1377983365834244
1377983365834252
1377983365834795
1377983365834804
1377983365834981
1377983365851524
1377983365851625
1377983365851747
1377983365851848
1377983365851855
1377983365852053
1377983365852061
1377983365852721
1377983365852728
1377983365852829
1377983365852836
1377983365853144
1377983365853150
1377983365872509
1377983365872520
1377983365872616
1377983365872644
1377983365872900
1377983365872909
1377983365872986
1377983365872993
1377983365890800
1377983365890809
1377983365890950
1377983366017685
1377983366019157
1377983366019515
1377983366037154
1377983366037655
1377983366076033
1377983366093475
1377983366094080
1377983366112503
1377983366112529
1377983366112613
1377983366112875
1377983366112958
1377983366130109
1377983366130329
1377983366130472
1377983366170560
1377983366171295
1377983366208078
1377983366227567
1377983366310124
1377983366310631
1377983366352947
1377983366353407
1377983366449786
1377983366450336
1377983366466471
1377983366554162
1377983366554506
1377983366641487
1377983366641509
1377983366641617
1377983366641623
1377983366641816
1377983366641830
1377983366730369
1377983366730392
1377983366730811
1377983366730820
1377983366731475
1377983366731484
1377983366731613
1377983366731619
1377983366732081
1377983366732091
1377983366732222
1377983366732229
1377983366821707
1377983366821732
1377983366821838
1377983366821844
1377983366822033
1377983366822037
1377983366822140
1377983366822144
1377983366822428
1377983366822438
1377983366822936
1377983366822944
1377983366823077
1377983366823082
1377983366823188
1377983366823193
1377983366823502
1377983366823511
1377983366823643
1377983366823650
1377983366823747
1377983366823755
1377983366823898
1377983366823905
1377983366913568
1377983366913597
1377983366929840
1377983366969814
1377983366970187
1377983367013261
1377983367018436
1377983367058368
1377983367058755
1377983367100017
1377983367114498
1377983367154430
1377983367154720
1377983367155022
1377983367194560
1377983367194863
1377983367195166
1377983367195609
1377983367195618
1377983367195715
1377983367195723
1377983367196015
1377983367196024
1377983367235708
1377983367235718
1377983367235972
1377983367235980
1377983367236142
1377983367236150
1377983367236492
1377983367236500
1377983367236640
1377983367236664
1377983367236671
1377983367276296
1377983367276766
1377983367276775
1377983367276989
1377983367276997
1377983367277099
1377983367277104
1377983367277244
1377983367277252
1377983367277349
1377983367277357
1377983367277739
1377983367277747
1377983367278766
1377983367278774
1377983367278909
1377983367278916
1377983367279072
1377983367279079
1377983367317051
1377983367317934
1377983367318914
1377983367318947
1377983367319293
1377983367319313
1377983367319500
1377983367319516
1377983367319618
1377983367319632
1377983367319878
1377983367319895
1377983367320022
1377983367320033
1377983367322385
1377983367359118
1377983367359135
1377983367359258
1377983367359265
1377983367359511
1377983367359520
1377983367362343
1377983367363090
1377983367400100
1377983367400115
1377983367400126
1377983367400464
1377983367400550
1377983367400590
1377983367400689
1377983367400697
1377983367400755
1377983367400805
1377983367400903
1377983367400907
1377983367403513
1377983367443047
1377983367443720
1377983367451610
1377983367455300
1377983367466774
1377983367467991
1377983367473142
1377983394234376
1377983394235678
1377983394276256
1377983454047144
1377983454050887
1377983454064375
