1378120247541381
1378120247640431
1378120247641099
1378120247741328
1378120247741347
1378120247741525
1378120247761107
1378120247863020
1378120247863568
1378120247863816
1378120247883557
1378120247884305
1378120247906938
1378120247906966
1378120247924520
1378120247924853
1378120247943483
1378120247943512
1378120247943704
1378120247943836
1378120247966503
1378120247966616
1378120248029434
1378120248029880
1378120248066725
1378120248116333
1378120248165814
1378120248166725
1378120248206695
1378120248224179
1378120248224756
1378120248262693
1378120248263503
1378120248266683
1378120248266815
1378120248266823
1378120248267068
1378120248267076
1378120248279929
1378120248280640
1378120248318170
1378120248318199
1378120248335169
1378120248335753
1378120248366189
1378120248366203
1378120248366214
1378120248366292
1378120248366389
1378120248366645
1378120248366658
1378120248366743
1378120248366842
1378120248366849
1378120248366976
1378120248366980
1378120248381065
1378120248420066
1378120248421001
1378120248441075
1378120248441102
1378120248441183
1378120248441506
1378120248441556
1378120248459256
1378120248459379
1378120248459512
1378120248459771
1378120248459876
1378120248460029
1378120248460154
1378120248460575
1378120248460780
1378120248460932
1378120248464411
1378120248465041
1378120248465858
1378120248465877
1378120248465885
1378120248466241
1378120248466340
1378120248466414
1378120248466514
1378120248466578
1378120248466677
1378120248466968
1378120248467115
1378120248467122
1378120248467242
1378120248477765
1378120248478001
1378120248478098
1378120248478491
1378120248478867
1378120248478971
1378120248479125
1378120248479486
1378120248479588
1378120248480524
1378120248480661
1378120248480761
1378120248481144
1378120248481248
1378120248481385
1378120248481488
1378120248481621
1378120248487322
1378120248496221
1378120248496322
1378120248496327
1378120248496521
1378120248496634
1378120248496789
1378120248496920
1378120248497441
1378120248497912
1378120248497965
1378120248498106
1378120248498224
1378120248498399
1378120248498531
1378120248498641
1378120248499587
1378120248499689
1378120248499962
1378120248500062
1378120248500200
1378120248500318
1378120248500458
1378120248500567
1378120248500683
1378120248501428
1378120248502740
1378120248502756
1378120248502762
1378120248502767
1378120248502772
1378120248502791
1378120248502797
1378120248502803
1378120248503082
1378120248503090
1378120248503186
1378120248514673
1378120248514790
1378120248514897
1378120248515165
1378120248515268
1378120248515443
1378120248515569
1378120248515835
1378120248516013
1378120248516124
1378120248516365
1378120248517492
1378120248517735
1378120248517840
1378120248517974
1378120248518134
1378120248518292
1378120248518403
1378120248518540
1378120248518664
1378120248518801
1378120248518898
1378120248519020
1378120248520630
1378120248520867
1378120248520986
1378120248521240
1378120248521350
1378120248521608
1378120248521714
1378120248521864
1378120248522174
1378120248522279
1378120248522432
1378120248522595
1378120248522602
1378120248535929
1378120248591060
1378120248596070
1378120248696500
1378120248696762
1378120248797399
1378120261869602
1378120336700358
1378120336700389
1378120336717705
1378120336718194
1378120336718426
1378120336718901
1378120336719431
1378120336723733
1378120336723838
