1377917778663178
1377917778675995
1377917778676917
1377917778690345
1377917778690445
1377917778690585
1377917778763143
1377917778941302
1377917778941634
1377917779122455
1377917779122969
1377917779123075
1377917779142452
1377917779158941
1377917779159820
1377917779205117
1377917779206353
1377917779232735
1377917779233645
1377917779345799
1377917779345819
1377917779346028
1377917779346032
1377917779346149
1377917779348360
1377917779348505
1377917779348514
1377917779348731
1377917779348738
1377917779368797
1377917779369982
1377917779381467
1377917779382670
1377917779394455
1377917779394485
1377917779406315
1377917779407069
1377917779412113
1377917779413560
1377917779425002
1377917779425030
1377917779450716
1377917779450730
1377917779462337
1377917779463176
1377917779475488
1377917779476281
1377917779480494
1377917779481137
1377917779493844
1377917779493853
1377917779498001
1377917779498571
1377917779502727
1377917779503689
1377917779507892
1377917779507914
1377917779509391
1377917779509776
1377917779509788
1377917779509796
1377917779509882
1377917779510014
1377917779510040
1377917779510252
1377917779510263
1377917779510976
1377917779511490
1377917779511499
1377917779511506
1377917779516068
1377917779516185
1377917779516198
1377917779516377
1377917779519078
1377917779519226
1377917779521283
1377917779522251
1377917779523474
1377917779523593
1377917779523692
1377917779523786
1377917779524743
1377917779527867
1377917779528186
1377917779532961
1377917779536943
1377917779537404
1377917779539118
1377917779540416
1377917779540430
1377917779540439
1377917779542475
1377917779542501
1377917779542621
1377917779542954
1377917779552682
1377917779552850
1377917779553052
1377917779553068
1377917779553278
1377917779553285
1377917779555222
1377917779555239
1377917779555375
1377917779556032
1377917779563090
1377917779563781
1377917779563891
1377917779564269
1377917779576530
1377917779576544
1377917779576554
1377917779576759
1377917779576897
1377917779577532
1377917779581431
1377917779581455
1377917779581579
1377917779581586
1377917779581784
1377917779582504
1377917779582612
1377917779582723
1377917779582819
1377917779583212
1377917779583317
1377917779583611
1377917779583713
1377917779584716
1377917779584828
1377917779587830
1377917779587961
1377917779587969
1377917779588213
1377917779588222
1377917779588353
1377917779588357
1377917779588724
1377917779588735
1377917779588831
1377917779588837
1377917779589001
1377917779589008
1377917779589117
1377917779589172
1377917779589496
1377917779589505
1377917779589603
1377917779589619
1377917779589739
1377917779589743
1377917779589894
1377917779589901
1377917779589998
1377917779590005
1377917779593460
1377917779593486
1377917779593591
1377917779593598
1377917779593800
1377917779593807
1377917779594641
1377917779594657
1377917779594887
1377917779594896
1377917779595135
1377917779595146
1377917779595243
1377917779595250
1377917779595504
1377917779595514
1377917779595611
1377917779595617
1377917779596012
1377917779596023
1377917779596120
1377917779596126
1377917779596253
1377917779596257
1377917779596385
1377917779596392
1377917779596764
1377917779596774
1377917779596919
1377917779596926
1377917779597022
1377917779597029
1377917779597152
1377917779597156
1377917779597315
1377917779597322
1377917779597571
1377917779597578
1377917779597674
1377917779597681
1377917779597825
1377917779597831
1377917779598039
1377917779598048
1377917779598147
1377917779598151
1377917779598285
1377917779598890
1377917779599016
1377917779599024
1377917779599443
1377917779599452
1377917779599549
1377917779599555
1377917779599691
1377917779600166
1377917779600290
1377917779600299
1377917779600539
1377917779600548
1377917779600682
1377917779600687
1377917779601266
1377917779601600
1377917779601613
1377917779601621
1377917779601714
1377917779601813
1377917779601906
1377917779602004
1377917779602092
1377917779602216
1377917779602223
1377917779602341
1377917779602364
1377917779602459
1377917779602463
1377917779602795
1377917779602803
1377917779603024
1377917779603031
1377917779603436
1377917779603443
1377917779603539
1377917779603546
1377917779603798
1377917779603806
1377917779603928
1377917779603932
1377917779604315
1377917779604323
1377917779604421
1377917779604428
1377917779604575
1377917779604582
1377917779604679
1377917779604685
1377917779604846
1377917779604852
1377917779604952
1377917779604955
1377917779605079
1377917779605126
1377917779605852
1377917779605859
1377917779606101
1377917779606108
1377917779606208
1377917779606212
1377917779606381
1377917779606385
1377917779606540
1377917779606546
1377917779606666
1377917779606673
1377917779606770
1377917779606776
1377917779606893
1377917779606910
1377917779607033
1377917779607061
1377917779607159
1377917779607163
1377917779607348
1377917779607352
1377917779607446
1377917779607453
1377917779607576
1377917779608305
1377917779608409
1377917779608801
1377917779608905
1377917779608914
1377917779609187
1377917779609196
1377917779609272
1377917779609321
1377917779609418
1377917779609440
1377917779609537
1377917779609565
1377917779609664
1377917779609668
1377917779609776
1377917779609824
1377917779609923
1377917779609927
1377917779610041
1377917779610068
1377917779610165
1377917779610168
1377917779610287
1377917779610320
1377917779610420
1377917779610424
1377917779610824
1377917779610831
1377917779610950
1377917779610957
1377917779611054
1377917779611060
1377917779611333
1377917779611341
1377917779611518
1377917779611526
1377917779611762
1377917779611769
1377917779611865
1377917779611871
1377917779612126
1377917779612257
1377917779612265
1377917779612362
1377917779612370
1377917779612637
1377917779612645
1377917779612742
1377917779612749
1377917779613009
1377917779613016
1377917779613139
1377917779613143
1377917779613360
1377917779613369
1377917779613462
1377917779613489
1377917779613585
1377917779613593
1377917779613719
1377917779613776
1377917779613966
1377917779614260
1377917779614379
1377917779614451
1377917779614566
1377917779614654
1377917779614712
1377917779614808
1377917779614914
1377917779615040
1377917779615199
1377917779615320
1377917779615449
1377917779615566
1377917779615615
1377917779615722
1377917779615829
1377917779615970
1377917779616007
1377917779616162
1377917779616292
1377917779616447
1377917779616533
1377917779616680
1377917779616798
1377917779616955
1377917779617018
1377917779617090
1377917779617256
1377917779617390
1377917779617523
1377917779617529
1377917779617767
1377917779617898
1377917779618057
1377917779618913
1377917779619050
1377917779619190
1377917779619249
1377917779619353
1377917779619394
1377917779619491
1377917779619498
1377917779619597
1377917779619605
1377917779620153
1377917779620172
1377917779620273
1377917779620279
1377917779620406
1377917779620414
1377917779620534
1377917779620542
1377917779620639
1377917779620648
1377917779620791
1377917779620800
1377917779621104
1377917779621116
1377917779621246
1377917779621254
1377917779621350
1377917779621358
1377917779621506
1377917779621517
1377917779622007
1377917779622022
1377917779622254
1377917779622265
1377917779622362
1377917779622369
1377917779622625
1377917779622634
1377917779622877
1377917779622889
1377917779622986
1377917779622994
1377917779623127
1377917779623135
1377917779623379
1377917779623390
1377917779623488
1377917779623495
1377917779623735
1377917779623746
1377917779623845
1377917779623853
1377917779623978
1377917779623985
1377917779624083
1377917779624099
1377917779624227
1377917779624236
1377917779624333
1377917779624339
1377917779624621
1377917779624633
1377917779624731
1377917779624738
1377917779624865
1377917779624873
1377917779625122
1377917779625134
1377917779625232
1377917779625239
1377917779625382
1377917779625467
1377917779625568
1377917779625753
1377917779625857
1377917779625865
1377917779625925
1377917779626146
1377917779626161
1377917779626250
1377917779626281
1377917779626379
1377917779626401
1377917779626497
1377917779626504
1377917779626762
1377917779626774
1377917779626870
1377917779626878
1377917779627143
1377917779627156
1377917779627254
1377917779627261
1377917779627523
1377917779627535
1377917779627633
1377917779627668
1377917779627765
1377917779627773
1377917779628022
1377917779628034
1377917779628133
1377917779628141
1377917779628404
1377917779628416
1377917779628516
1377917779628523
1377917779628649
1377917779628657
1377917779628907
1377917779628918
1377917779629016
1377917779629023
1377917779629164
1377917779629172
1377917779629268
1377917779629276
1377917779629532
1377917779629544
1377917779629640
1377917779629648
1377917779629783
1377917779629791
1377917779630038
1377917779630048
1377917779630144
1377917779630151
1377917779630418
1377917779630430
1377917779630527
1377917779630535
1377917779630661
1377917779630669
1377917779630929
1377917779630941
1377917779631039
1377917779631046
1377917779631173
1377917779631181
1377917779631431
1377917779631444
1377917779631542
1377917779631571
1377917779631669
1377917779631676
1377917779631801
1377917779631810
1377917779631906
1377917779631913
1377917779632182
1377917779632193
1377917779632290
1377917779632297
1377917779632424
1377917779632433
1377917779632567
1377917779632575
1377917779632672
1377917779632679
1377917779632813
1377917779632823
1377917779633064
1377917779633076
1377917779633173
1377917779633180
1377917779633314
1377917779633321
1377917779633419
1377917779633431
1377917779633583
1377917779633595
1377917779633693
1377917779633704
1377917779633835
1377917779633855
1377917779633955
1377917779633967
1377917779634068
1377917779634080
1377917779634236
1377917779634248
1377917779634346
1377917779634357
1377917779634484
1377917779634497
1377917779634594
1377917779634606
1377917779634735
1377917779634747
1377917779634875
1377917779634887
1377917779634985
1377917779634997
1377917779635121
1377917779635134
1377917779635253
1377917779635265
1377917779635383
1377917779635395
1377917779635493
1377917779635505
1377917779635669
1377917779635681
1377917779635780
1377917779635792
1377917779636273
1377917779636290
1377917779636390
1377917779636402
1377917779636501
1377917779636512
1377917779636671
1377917779636684
1377917779636776
1377917779636795
1377917779636901
1377917779636913
1377917779637035
1377917779637048
1377917779637145
1377917779637156
1377917779637311
1377917779637323
1377917779637422
1377917779637433
1377917779637581
1377917779637594
1377917779637693
1377917779637704
1377917779637898
1377917779637911
1377917779638031
1377917779639483
1377917779639637
1377917779640246
1377917779640382
1377917779640564
1377917779640669
1377917779640800
1377917779640930
1377917779652421
1377917779666921
1377917779666941
1377917779667045
1377917779667053
1377917779667273
1377917779667277
1377917779667374
1377917779709299
1377917779740464
1377917779998441
1377917780010277
1377917780011050
1377917780026144
1377917780026184
1377917780026198
1377917780026376
1377917780026487
1377917780064085
1377917780072384
1377917780073227
1377917780073404
1377917780077988
1377917780078024
1377917780078039
1377917780078273
1377917780078412
1377917780081080
1377917780083840
1377917780083874
1377917780084062
1377917780124831
1377917780124980
1377917780128555
1377917780132747
1377917780133194
1377917780138417
1377917780144187
1377917780148132
1377917780148531
1377917780153345
1377917780158023
1377917780163148
1377917780163174
1377917780168526
1377917780168547
1377917780168554
1377917780171685
1377917780171805
1377917780175792
1377917780175927
1377917780176036
1377917780176134
1377917780176275
1377917780176399
1377917780176407
1377917780176519
1377917780176645
1377917780176809
1377917780176977
1377917780180801
1377917780187907
1377917780197626
1377917780197748
1377917780197823
1377917780197920
1377917780198008
1377917780198109
1377917780198115
1377917780198309
1377917780216012
1377917780216114
1377917780216801
1377917780222067
1377917780222097
1377917780222172
1377917780222202
1377917780222412
1377917780222419
1377917780222675
1377917780222684
1377917780222795
1377917780222821
1377917780222921
1377917780222925
1377917780223020
1377917780223025
1377917780223180
1377917780223188
1377917780223285
1377917780223290
1377917780223634
1377917780223641
1377917780227635
1377917780227653
1377917780227738
1377917780227759
1377917780227968
1377917780228106
1377917780228112
1377917780228382
1377917780228390
1377917780228488
1377917780228494
1377917780228649
1377917780228776
1377917780228911
1377917780228915
1377917780229237
1377917780229246
1377917780229343
1377917780229350
1377917780229457
1377917780229542
1377917780229546
1377917780232914
1377917780232932
1377917780233159
1377917780233165
1377917780233271
1377917780233401
1377917780233516
1377917780233775
1377917780233896
1377917780234567
1377917780234577
1377917780234580
1377917780234585
1377917780234664
1377917780234728
1377917780234905
1377917780234920
1377917780235019
1377917780235048
1377917780235143
1377917780235148
1377917780235289
1377917780235422
1377917780235453
1377917780235715
1377917780235723
1377917780235870
1377917780235876
1377917780235972
1377917780276064
1377917780279729
1377917780293309
1377917780293333
1377917780293536
1377917780293543
1377917780409387
1377917780413399
1377917780430280
1377917780617200
1377917780617600
1377917780806076
1377917780806649
1377917780806752
1377917780812105
1377917780812429
1377917780812909
1377917780813158
1377917780817573
1377917780817591
1377917780817780
1377917780817788
1377917780823105
1377917780829588
1377917780830735
1377917780830861
1377917780833163
1377917780835908
1377917780835935
1377917780836173
1377917780836179
1377917780836398
1377917780836406
1377917780836503
1377917780836510
1377917780836715
1377917780836723
1377917780836820
1377917780836848
1377917780836974
1377917780836979
1377917780849124
1377917780865034
1377917780865157
1377917780875151
1377917780876503
1377917780876530
1377917780893050
1377917780912399
1377917780915984
1377917780916606
1377917780920015
1377917780920047
1377917780925110
1377917780925148
1377917780925162
1377917780929747
1377917780929793
1377917780929873
1377917780934830
1377917780941474
1377917780941510
1377917781031331
1377917781031937
1377917781111903
1377917781112697
1377917781115284
1377917781118371
1377917781122464
1377917781122610
1377917781122806
1377917781129167
1377917781129198
1377917781133565
1377917781133583
1377917781136339
1377917781136363
1377917781136534
1377917781136542
1377917781137632
1377917781162122
1377917781162247
1377917781200049
1377917781206558
1377917781206578
1377917781206748
1377917781208690
1377917781213348
1377917781213361
1377917781213542
1377917781213546
1377917781213683
1377917781252044
1377917781387149
1377917781387568
1377917781570778
1377917781571242
1377917781576676
1377917781581000
1377917781585196
1377917781585494
1377917781586318
1377917781624094
1377917781624719
1377917781627653
1377917781631602
1377917781631962
1377917781636784
1377917781641918
1377917781679257
1377917781686804
1377917781725159
1377917781870882
1377917781872221
1377917781872384
1377917781890954
1377917781927262
1377917781942161
1377917781942261
1377917781942399
1377917781942496
1377917781945573
1377917781981115
1377917782024503
1377917782126296
1377917782126632
1377917782126814
1377917782134980
1377917782147685
1377917782147718
1377917782230234
1377917782231315
1377917782231520
1377917782231905
1377917782246410
1377917782314337
1377917782314486
1377917782315693
1377917782318069
1377917782409989
1377917792937964
1377917792938211
1377917792974758
1377917792975263
1377917839226292
1377917839226470
1377917839228089
1377917839228593
1377917839672868
1377917840225648
1377917840225859
1377917841403459
1377917845895037
1377917852938895
1377917852939225
1377917852939548
1377917852939558
1377917852939780
1377917852940004
1377917852940303
1377917852940310
1377917852940593
1377917854592881
1377917854625656
1377917854629345
1377917854744619
1377917855088649
1377917867757031
1377917867757689
1377917867761858
1377917867761973
1377917867762129
1377917867762240
1377917867799597
1377917867848269
1377917867888042
1377917867935441
1377917867936781
1377917867945189
