1378101449811832
1378101449816623
1378101449817318
1378101449825594
1378101449825608
1378101449825871
1378101449825881
1378101449826004
1378101449883016
1378101449962545
1378101449963186
1378101450047546
1378101450048035
1378101450048147
1378101450080885
1378101450086728
1378101450087821
1378101450277128
1378101450277147
1378101450277364
1378101450277369
1378101450277519
1378101450277604
1378101450277715
1378101450277789
1378101450277929
1378101450278017
1378101450278165
1378101450278173
1378101450278269
1378101450278927
1378101450279025
1378101450282905
1378101450283005
1378101450283152
1378101450283283
1378101450283291
1378101450283389
1378101450283402
1378101450283627
1378101450283634
1378101450284994
1378101450302210
1378101450306559
1378101450307160
1378101450312109
1378101450312119
1378101450312127
1378101450349102
1378101450349877
1378101450353961
1378101450354589
1378101450358616
1378101450360063
1378101450396951
1378101450401020
1378101450401900
1378101450405980
1378101450406817
1378101450410970
1378101450411717
1378101450415686
1378101450445100
1378101450445212
1378101450450158
1378101450452202
1378101450452356
1378101450457301
1378101450457311
1378101450457450
1378101450457615
1378101450457737
1378101450458289
1378101450458429
1378101450458990
1378101450459148
1378101450459258
1378101450459398
1378101450459525
1378101450459653
1378101450460349
1378101450460455
1378101450460532
1378101450460666
1378101450460729
1378101450460855
1378101450460861
1378101450461001
1378101450461082
1378101450461178
1378101450463926
1378101450464265
1378101450465477
1378101450465623
1378101450470955
1378101450471098
1378101450471224
1378101450471324
1378101450471426
1378101450471523
1378101450471679
1378101450471778
1378101450471787
1378101450471986
1378101450471991
1378101450472087
1378101450472119
1378101450472244
1378101450472251
1378101450472589
1378101450472600
1378101450472723
1378101450472727
1378101450476288
1378101450476869
1378101450476888
1378101450476987
1378101450476994
1378101450477128
1378101450477132
1378101450477369
1378101450477380
1378101450477475
1378101450477481
1378101450477808
1378101450477818
1378101450477953
1378101450478688
1378101450478809
1378101450480333
1378101450482981
1378101450484108
1378101450484248
1378101450486197
1378101450486340
1378101450486448
1378101450486544
1378101450486706
1378101450486804
1378101450486812
1378101450487073
1378101450487080
1378101450487179
1378101450487183
1378101450487437
1378101450487444
1378101450487540
1378101450487572
1378101450487694
1378101450487700
1378101450487794
1378101450487801
1378101450487977
1378101450488140
1378101450488267
1378101450488275
1378101450491954
1378101450491962
1378101450492064
1378101450492068
1378101450492311
1378101450492319
1378101450492441
1378101450492449
1378101450492549
1378101450492567
1378101450492694
1378101450492701
1378101450492950
1378101450492957
1378101450493082
1378101450493089
1378101450493328
1378101450493334
1378101450493589
1378101450493597
1378101450493692
1378101450493699
1378101450493947
1378101450493954
1378101450494050
1378101450494057
1378101450494434
1378101450494442
1378101450494536
1378101450494558
1378101450494682
1378101450494689
1378101450494814
1378101450494821
1378101450494942
1378101450494949
1378101450495044
1378101450495065
1378101450495190
1378101450495198
1378101450496506
1378101450496514
1378101450498050
1378101450498057
1378101450498247
1378101450498254
1378101450498451
1378101450498460
1378101450498578
1378101450498585
1378101450498713
1378101450522428
1378101450527371
1378101450527391
1378101450527701
1378101450532541
1378101450532674
1378101450533515
1378101450533680
1378101450533794
1378101450533895
1378101450533996
1378101450534121
1378101450534247
1378101450534334
1378101450534372
1378101450534494
1378101450534501
1378101450534873
1378101450534883
1378101450535003
1378101450535011
1378101450535108
1378101450535115
1378101450535248
1378101450535252
1378101450535416
1378101450535916
1378101450536020
1378101450536048
1378101450536163
1378101450536180
1378101450536308
1378101450536315
1378101450536412
1378101450536416
1378101450536560
1378101450536567
1378101450536669
1378101450536710
1378101450536716
1378101450536973
1378101450536984
1378101450537083
1378101450537105
1378101450537235
1378101450537240
1378101450537335
1378101450537342
1378101450537518
1378101450537549
1378101450537647
1378101450537654
1378101450537787
1378101450537795
1378101450538691
1378101450539137
1378101450539259
1378101450539265
1378101450539421
1378101450540602
1378101450540742
1378101450540747
1378101450540944
1378101450541119
1378101450541217
1378101450541496
1378101450541595
1378101450541865
1378101450541962
1378101450542121
1378101450542242
1378101450542249
1378101450542507
1378101450542517
1378101450542623
1378101450542691
1378101450542754
1378101450542794
1378101450542878
1378101450542941
1378101450543138
1378101450543145
1378101450543240
1378101450543246
1378101450543377
1378101450543384
1378101450543479
1378101450543503
1378101450543629
1378101450543637
1378101450543763
1378101450543770
1378101450543887
1378101450543895
1378101450544118
1378101450544126
1378101450544304
1378101450544312
1378101450544407
1378101450544442
1378101450544568
1378101450544575
1378101450544662
1378101450544689
1378101450544849
1378101450544856
1378101450545565
1378101450549447
1378101450549739
1378101450555071
1378101450561540
1378101450566804
1378101450573066
1378101450580066
1378101450584147
1378101450585791
1378101450585944
1378101450589137
1378101450589935
1378101450590036
1378101450590172
1378101450590272
1378101450590280
1378101450590499
1378101450590506
1378101450590602
1378101450590609
1378101450591303
1378101450592036
1378101450592159
1378101450592167
1378101450592283
1378101450592290
1378101450592387
1378101450592405
1378101450592531
1378101450592572
1378101450592808
1378101450592815
1378101450592981
1378101450592987
1378101450593077
1378101450593111
1378101450593273
1378101450593278
1378101450593368
1378101450593433
1378101450593837
1378101450593845
1378101450594073
1378101450594173
1378101450594313
1378101450594321
1378101450594511
1378101450594514
1378101450595382
1378101450597311
1378101450602834
1378101450602996
1378101450607207
1378101450611252
1378101450611273
1378101450613588
1378101450613617
1378101450617576
1378101450617585
1378101450619093
1378101450619102
1378101450619830
1378101450619844
1378101450620110
1378101450620117
1378101450620374
1378101450620382
1378101450620535
1378101450620541
1378101450620778
1378101450620786
1378101450620883
1378101450620902
1378101450621051
1378101450621057
1378101450621286
1378101450621293
1378101450621388
1378101450621394
1378101450622425
1378101450624584
1378101450624716
1378101450625250
1378101450625353
1378101450625377
1378101450625499
1378101450625507
1378101450625604
1378101450625622
1378101450625787
1378101450625794
1378101450625895
1378101450626055
1378101450626257
1378101450626357
1378101450626385
1378101450626506
1378101450626514
1378101450626756
1378101450626763
1378101450627016
1378101450627025
1378101450627268
1378101450627276
1378101450627371
1378101450627402
1378101450627527
1378101450627533
1378101450627628
1378101450627634
1378101450627800
1378101450627806
1378101450627900
1378101450627906
1378101450628064
1378101450628070
1378101450628166
1378101450628200
1378101450628325
1378101450628332
1378101450628430
1378101450628445
1378101450628561
1378101450628564
1378101450628827
1378101450628837
1378101450630152
1378101450630162
1378101450630431
1378101450630440
1378101450630575
1378101450630579
1378101450630675
1378101450630682
1378101450631112
1378101450631120
1378101450631351
1378101450631360
1378101450631457
1378101450631464
1378101450631607
1378101450631613
1378101450631852
1378101450631861
1378101450632018
1378101450632022
1378101450632117
1378101450632124
1378101450632349
1378101450632356
1378101450632734
1378101450632744
1378101450632839
1378101450632846
1378101450633056
1378101450633062
1378101450633158
1378101450633164
1378101450633372
1378101450633378
1378101450633474
1378101450633499
1378101450633623
1378101450633630
1378101450633728
1378101450633734
1378101450633891
1378101450633898
1378101450634013
1378101450634223
1378101450634360
1378101450634369
1378101450634550
1378101450634554
1378101450635350
1378101450635358
1378101450635480
1378101450635483
1378101450635857
1378101450635865
1378101450636020
1378101450636023
1378101450636119
1378101450636125
1378101450636276
1378101450636282
1378101450636607
1378101450636616
1378101450636743
1378101450636748
1378101450636843
1378101450636850
1378101450637113
1378101450637122
1378101450637367
1378101450637375
1378101450637493
1378101450637500
1378101450637872
1378101450637881
1378101450638008
1378101450638014
1378101450638110
1378101450638115
1378101450638248
1378101450638255
1378101450638504
1378101450638511
1378101450638631
1378101450638696
1378101450638891
1378101450638898
1378101450638998
1378101450639035
1378101450639165
1378101450639169
1378101450639292
1378101450639426
1378101450639455
1378101450639585
1378101450639589
1378101450639700
1378101450639754
1378101450639834
1378101450639861
1378101450640015
1378101450640024
1378101450640112
1378101450640661
1378101450640789
1378101450640926
1378101450641046
1378101450641053
1378101450641157
1378101450641414
1378101450641499
1378101450641831
1378101450641839
1378101450641974
1378101450642099
1378101450642105
1378101450642232
1378101450642240
1378101450642355
1378101450642457
1378101450642600
1378101450642606
1378101450642833
1378101450642840
1378101450643031
1378101450643287
1378101450643363
1378101450643437
1378101450643464
1378101450643557
1378101450643671
1378101450643775
1378101450643975
1378101450644136
1378101450644234
1378101450644240
1378101450644409
1378101450644512
1378101450644558
1378101450644775
1378101450644780
1378101450645016
1378101450645038
1378101450645138
1378101450645142
1378101450645264
1378101450645318
1378101450645650
1378101450645657
1378101450645754
1378101450645760
1378101450646023
1378101450646031
1378101450646126
1378101450646133
1378101450646285
1378101450646293
1378101450646395
1378101450646403
1378101450646544
1378101450646551
1378101450646697
1378101450646703
1378101450647096
1378101450647103
1378101450647198
1378101450647205
1378101450647378
1378101450647384
1378101450647480
1378101450647487
1378101450647632
1378101450647639
1378101450647768
1378101450647775
1378101450647873
1378101450647890
1378101450648014
1378101450648022
1378101450648117
1378101450648124
1378101450648298
1378101450648305
1378101450648400
1378101450648407
1378101450648868
1378101450648875
1378101450649018
1378101450649026
1378101450649121
1378101450649141
1378101450649267
1378101450649274
1378101450649430
1378101450649437
1378101450649533
1378101450649539
1378101450649793
1378101450649800
1378101450649932
1378101450649938
1378101450650176
1378101450650184
1378101450650524
1378101450650531
1378101450650729
1378101450650736
1378101450650889
1378101450650896
1378101450650992
1378101450650999
1378101450651143
1378101450651151
1378101450651247
1378101450651271
1378101450651279
1378101450651418
1378101450651426
1378101450651588
1378101450651594
1378101450652085
1378101450652092
1378101450652330
1378101450652337
1378101450652436
1378101450652453
1378101450652702
1378101450652710
1378101450652838
1378101450652846
1378101450653203
1378101450653211
1378101450653333
1378101450653340
1378101450653436
1378101450653443
1378101450653709
1378101450653717
1378101450653812
1378101450653834
1378101450653962
1378101450653970
1378101450654065
1378101450654072
1378101450654213
1378101450654221
1378101450654470
1378101450654477
1378101450654573
1378101450654593
1378101450654719
1378101450654726
1378101450654978
1378101450654985
1378101450655081
1378101450655088
1378101450655230
1378101450655236
1378101450655470
1378101450655478
1378101450655575
1378101450655592
1378101450655719
1378101450655726
1378101450655821
1378101450655828
1378101450655978
1378101450655985
1378101450656356
1378101450656363
1378101450656461
1378101450656468
1378101450656737
1378101450656745
1378101450656840
1378101450656847
1378101450657107
1378101450657113
1378101450657209
1378101450657216
1378101450657484
1378101450657490
1378101450657586
1378101450657613
1378101450657736
1378101450657743
1378101450657839
1378101450657845
1378101450658110
1378101450658116
1378101450658213
1378101450658245
1378101450658368
1378101450658375
1378101450658524
1378101450658531
1378101450658627
1378101450658634
1378101450658795
1378101450658801
1378101450658896
1378101450658902
1378101450659052
1378101450659059
1378101450659180
1378101450659186
1378101450659284
1378101450659291
1378101450659446
1378101450659454
1378101450659550
1378101450659556
1378101450659691
1378101450659698
1378101450659823
1378101450659830
1378101450659954
1378101450659961
1378101450660057
1378101450660064
1378101450660208
1378101450660216
1378101450660312
1378101450660318
1378101450660467
1378101450660475
1378101450660706
1378101450660713
1378101450660884
1378101450660892
1378101450660988
1378101450660995
1378101450661118
1378101450661125
1378101450661266
1378101450661274
1378101450661370
1378101450661376
1378101450661541
1378101450661548
1378101450661644
1378101450661651
1378101450665474
1378101450974291
1378101450974951
1378101450979542
1378101450980416
1378101450980514
1378101450980780
1378101450980917
1378101450980925
1378101450981051
1378101450981057
1378101450981257
1378101450981263
1378101450981390
1378101450981396
1378101450981517
1378101450981524
1378101450981900
1378101450981908
1378101450982046
1378101450982053
1378101450982192
1378101450982287
1378101450982386
1378101450982393
1378101450982994
1378101450983003
1378101450983127
1378101450983134
1378101450983260
1378101450983268
1378101450983396
1378101450983403
1378101450983520
1378101450983527
1378101450983623
1378101450983629
1378101450986423
1378101450986430
1378101450986549
1378101450986557
1378101450986789
1378101450986796
1378101450986895
1378101450986911
1378101450987039
1378101450987046
1378101450987176
1378101450987183
1378101450987434
1378101450987442
1378101450987619
1378101450987626
1378101450987760
1378101451028049
1378101451029600
1378101451034508
1378101451035663
1378101451040184
1378101451040887
1378101451051747
1378101451052655
1378101451102804
1378101451108313
1378101451108689
1378101451108834
1378101451109070
1378101451109572
1378101451109720
1378101451114109
1378101451114901
1378101451115006
1378101451115164
1378101451115305
1378101451115313
1378101451115576
1378101451115583
1378101451115932
1378101451115941
1378101451116254
1378101451116264
1378101451116362
1378101451116380
1378101451116513
1378101451116517
1378101451116613
1378101451116618
1378101451116769
1378101451116776
1378101451116871
1378101451116877
1378101451117294
1378101451117305
1378101451117517
1378101451117527
1378101451121701
1378101451121716
1378101451121966
1378101451121973
1378101451122052
1378101451122072
1378101451122169
1378101451122198
1378101451122334
1378101451122340
1378101451122542
1378101451122546
1378101451122681
1378101451122812
1378101451122910
1378101451123323
1378101451123447
1378101451123582
1378101451123717
1378101451123724
1378101451123863
1378101451123870
1378101451124306
1378101451124314
1378101451124445
1378101451124449
1378101451124581
1378101451124587
1378101451124746
1378101451124750
1378101451124845
1378101451124872
1378101451125030
1378101451125037
1378101451125117
1378101451125134
1378101451126759
1378101451126766
1378101451126883
1378101451126886
1378101451127016
1378101451127023
1378101451127113
1378101451127149
1378101451127282
1378101451127289
1378101451128585
1378101451128853
1378101451128996
1378101451129095
1378101451129194
1378101451129200
1378101451129475
1378101451129482
1378101451129609
1378101451129616
1378101451129854
1378101451129861
1378101451130126
1378101451130134
1378101451130278
1378101451130285
1378101451130410
1378101451130418
1378101451130542
1378101451130549
1378101451130939
1378101451130946
1378101451131071
1378101451131078
1378101451134692
1378101451158261
1378101451158381
1378101451158525
1378101451158623
1378101451369432
1378101451376138
1378101451376169
1378101451430421
1378101451430601
1378101451447938
1378101451448314
1378101451486511
1378101451493239
1378101451571112
1378101451571777
1378101451654464
1378101451654970
1378101451655073
1378101451674067
1378101451675033
1378101451679740
1378101451684753
1378101451710700
1378101451710826
1378101451729517
1378101451729645
1378101451770135
1378101451784443
1378101451784477
1378101451789449
1378101451814280
1378101451816887
1378101451817069
1378101451822140
1378101451822168
1378101451822367
1378101451828017
1378101451828155
1378101451828799
1378101451828901
1378101451828960
1378101451829841
1378101451829866
1378101451830102
1378101451830109
1378101451830741
1378101451832452
1378101451832485
1378101451832687
1378101451832995
1378101451833048
1378101451833094
1378101451833191
1378101451833335
1378101451833757
1378101451833864
1378101451834015
1378101451845586
1378101451850358
1378101451850565
1378101451850695
1378101451888088
1378101451889028
1378101451911523
1378101451911571
1378101451911587
1378101451911712
1378101451911858
1378101451933936
1378101451934089
1378101451940635
1378101451953776
1378101451953813
1378101451955986
1378101451996054
1378101451997052
1378101452014212
1378101452014242
1378101452025896
1378101452025930
1378101452026452
1378101452043265
1378101452043297
1378101452044428
1378101452044559
1378101452045592
1378101452062373
1378101452100558
1378101464130073
1378101521378458
1378101521832859
1378101524130453
1378101524130914
1378101538948875
1378101538948896
1378101538949046
1378101538953171
1378101538996098
1378101539001152
