-148
100
-484
1556
1500
108
1500
108
1556
-148
1556
1556
1556
1556
1556
1556
564
100
-436
-148
100
-484
-148
1556
1500
108
1500
108
1556
100
-548
1556
-148
1556
1556
1556
1556
1556
1556
1556
676
100
-1236
1540
-148
1500
92
1500
92
1540
1540
1500
92
1540
1540
1412
996
-500
1540
-148
1500
92
1540
1540
1652
-532
1540
-148
724
100
-548
1300
-148
100
-1500
-1084
-148
1540
1540
1540
1540
1540
1540
1500
92
1572
1540
1540
-1348
1540
1444
-148
1500
92
1540
1540
1828
1540
1540
1572
1540
1540
1540
1540
1500
92
100
-564
1500
92
1540
1540
1540
1540
1540
1540
-148
1540
1540
1500
1500
132
1500
1580
1540
1540
1540
1540
1500
92
1540
1540
1540
1500
172
1540
1540
1540
1540
1540
1540
1540
1540
1540
1540
1540
1540
1540
1540
1540
1540
1540
1540
1540
1540
1540
1588
1540
1540
1540
-1500
-1356
1540
1500
92
1540
1500
1116
1540
-148
1500
92
1012
1500
1580
1540
1500
92
1540
1540
1540
1540
1540
1540
1540
1540
1540
1540
1620
1540
1540
1540
1540
1540
1540
1540
1540
1540
1540
1540
1540
1540
1540
1540
1652
1620
1540
1540
1540
1540
1540
1540
1540
1540
1540
1540
1500
92
1540
1540
1540
1540
1540
1540
1500
92
1540
1540
1540
1540
1540
1500
92
100
1500
1500
132
1812
-1500
-1100
1540
1540
1540
1540
1924
-564
1540
1540
596
-564
1540
1540
1540
1540
1540
1540
1540
1540
1540
1540
1540
1540
1540
1540
1540
1540
1540
1540
1540
1540
1500
92
1540
1540
1500
92
1540
1540
1500
1036
1540
1540
1540
1540
1540
1540
1540
1540
1540
1540
996
1500
1580
1540
1540
1540
1540
1540
1540
1500
92
1540
1540
1540
1540
1540
1540
1540
1540
1540
1540
1540
1500
92
1500
92
1540
1540
1500
1036
1540
1540
1500
92
1500
92
1500
92
1500
1500
180
-564
1540
-564
1500
108
1540
1540
1540
1540
1540
1540
1500
92
1500
92
1500
92
1500
1500
132
1540
1428
1500
1500
1500
172
1540
1540
756
-564
1540
-548
1500
92
1540
1540
1500
92
1500
92
1500
92
1500
92
1500
92
1500
92
1500
1500
1500
172
1540
788
-564
1540
1500
92
1500
92
1540
1540
1500
92
1500
92
1892
1012
-548
1540
-548
1012
1500
1500
132
1500
92
1540
1492
-548
1092
-548
1908
1284
1500
764
1500
716
1500
92
1500
220
-148
100
-468
1540
1540
1540
1540
1540
1540
1540
1540
1188
-500
-580
468
1556
1500
108
1556
1556
1500
108
836
-500
1236
-548
1540
756
-580
1540
1500
92
1540
1540
1540
1540
1540
1540
1540
1540
1540
1540
1204
1500
92
1500
1500
132
1500
92
1500
92
1500
92
1540
1540
1540
1540
1540
1500
92
1500
92
1500
92
1500
92
1500
92
1540
1540
1540
1500
92
1540
1540
1540
1540
1540
1540
1540
1540
1500
92
1540
1500
92
-100
1540
1540
1540
1540
1540
1540
1540
1540
1540
1540
1540
1540
1540
1540
1540
1540
1540
1540
1540
1500
92
1540
1540
1540
1540
1540
1540
1540
1540
1500
92
1500
92
1540
1540
1540
1500
92
1500
92
1540
-580
1540
1540
1540
1500
92
1540
1540
1540
1172
1500
92
1500
1580
1540
1540
1540
1540
1540
1540
1540
1540
1540
1540
1092
1500
92
1500
1580
1540
1500
92
1540
1540
1540
1540
1540
1540
1540
1540
1540
1540
1540
-100
1540
1540
1540
1540
1540
1540
1540
1540
1540
1540
1540
1540
1540
1540
1540
1540
1500
92
1540
1540
1540
1540
1540
1540
1540
1540
1540
1540
1500
92
1500
92
1540
1540
1540
1540
1500
92
1540
1540
1500
92
1540
1540
1540
1540
1540
1540
1540
1540
1540
1540
1540
1540
1540
1540
1500
92
1540
1540
1540
1540
1540
1540
1540
1540
1540
1540
1540
1540
1540
1540
-100
1540
1540
1540
1540
1540
1540
1500
92
1500
92
1540
1540
1540
1540
1540
1540
1540
1540
1540
1540
1540
1540
1540
1540
1540
1540
1540
1540
1540
1540
1500
204
-548
1972
-1300
1540
1500
92
1500
92
1540
1412
-148
100
-484
404
116
-148
100
-532
644
-1348
1540
1540
1540
1540
1540
1540
1540
1540
1540
1540
1540
1540
1508
1540
1540
1540
1540
1500
92
1540
1500
1500
1500
-100
4636
1500
1676
1500
92
1540
1540
1540
1540
1540
1540
1540
1540
1540
1540
1540
1540
1540
1540
1540
1540
1500
92
1540
1540
1540
1500
92
1500
92
1500
92
1540
1540
1540
1540
1540
852
-1348
1540
1540
1540
772
-148
100
-484
1556
1556
468
1500
108
1500
108
1500
108
1500
1612
1204
-148
100
-628
756
-692
820
-148
100
-1500
-380
1892
-116
-148
100
-532
1556
-628
-1500
-508
1892
-148
100
-468
1556
-148
1500
108
1500
108
1500
108
1556
1924
100
-1500
-572
628
-1028
1268
1500
1212
-148
100
-1500
-124
836
-580
-580
1540
1540
1540
1540
1540
1540
1540
1540
1540
1540
1540
996
1500
1580
1500
92
1540
1540
1540
1540
1540
1540
1540
1540
1540
1500
92
1540
1540
1540
1540
1540
724
1500
1580
1540
1540
1540
1540
1540
1540
1540
1540
1540
1540
1540
1500
92
1500
92
1540
1540
1540
1500
92
1500
92
1500
92
1500
1500
1500
1660
1500
92
1500
1500
-100
132
1500
1580
1540
1540
-100
1540
1540
1540
1540
1500
92
1540
1540
1540
1540
1540
1540
1500
92
1500
92
1540
1540
1540
1540
1252
1500
92
1500
1500
132
1540
1540
1540
1500
92
1540
1540
1500
92
1540
1540
1540
1540
1540
1540
1540
1540
1540
1540
1540
1540
1540
1540
1540
1540
1540
1540
1540
1540
1540
1500
92
1540
1540
1540
1540
1500
92
1540
1540
1540
1540
1540
1540
1540
1540
1540
1540
1500
92
1500
1500
1500
1500
7292
5844
7292
7292
7292
7292
1500
-100
2948
7292
7292
7292
4092
-1500
-140
-148
