-148
100
-452
1492
1492
1492
1492
1492
1492
-148
1492
1500
1500
1476
1492
1500
1484
100
-452
-148
1492
1500
1500
1476
1492
1500
1484
1500
1500
1476
1492
1500
1500
1476
100
-500
-148
388
1492
1492
1500
1500
1500
1500
1500
636
372
100
-500
1492
-148
1492
1332
500
100
-532
-148
500
100
-532
-148
100
-516
-148
500
692
100
-548
-148
660
100
-532
-148
596
100
-532
-116
-564
-148
500
1500
92
1500
444
1500
1500
612
100
-484
-148
100
-484
-148
388
628
388
1492
100
-484
-148
276
1500
380
1500
92
-484
-148
660
628
-484
-148
116
388
868
100
-532
-148
500
100
-500
-148
100
-532
-148
388
1500
1500
324
1108
1140
500
100
-452
1108
-148
404
1492
1492
100
-580
-148
1492
1500
1500
1476
468
164
-548
-148
1492
1500
1500
1476
1492
1500
1484
100
-452
-148
596
116
388
1492
1492
100
-2948
-388
-148
308
148
1492
1500
1500
1476
388
1108
1108
1500
1500
324
1108
436
100
-1500
-140
-148
148
1500
1500
884
1492
1500
1500
1476
1492
1500
1500
772
1108
1500
1500
324
1108
1500
1500
324
1108
1500
636
1500
92
-516
1492
-148
388
1500
1308
932
100
-484
388
-148
1396
1500
1484
1500
1484
388
436
100
-516
1492
-148
1492
1500
1484
1500
1484
1500
1484
388
756
1492
1364
100
-500
-148
388
1500
92
-500
-148
420
708
-548
-148
388
1492
-548
-148
100
-548
-116
-1044
1108
-980
1108
-548
1076
-148
388
1108
1500
1020
1108
1500
716
1500
388
324
388
1492
1492
1500
1500
1156
388
1500
396
100
-436
-148
420
1500
1500
660
1108
1500
316
1492
1492
1500
1500
1476
1500
92
-580
1492
-148
1492
868
1492
1500
748
1492
1492
1500
92
-708
-148
1396
372
100
-2948
-756
-148
148
388
1108
1108
1500
764
388
1108
1108
1500
716
1252
420
388
1108
1108
1500
1500
292
388
1108
1108
1500
220
420
100
-484
484
-148
100
-484
-1500
-148
1500
1500
1500
1500
1268
388
388
420
388
1108
1108
1500
732
1108
1500
124
388
1108
1108
1500
140
1108
1500
-580
1500
196
1236
-148
100
-2948
-1028
372
-148
1500
1500
1500
1500
1500
1500
1500
100
-564
1500
1500
1500
1500
1500
1500
1500
252
1500
1500
124
-1060
-468
372
1500
860
-1044
1500
1500
1500
1500
1500
1500
1500
220
1500
1052
1500
332
1500
1500
324
1500
572
-612
-548
372
1500
812
-596
1500
1500
1500
1500
1500
1500
932
-1044
1500
-148
1500
1500
1500
1500
1500
1500
1500
1500
1500
1500
1500
1500
1500
1500
100
-1044
1500
-148
1500
1340
1500
1500
404
1156
-1060
388
-148
1108
1500
876
1500
-1012
388
-148
1108
1500
1500
1500
556
420
1500
1500
172
-1012
1500
412
-1108
532
-148
100
-468
756
-148
100
-1028
1500
-148
1500
1108
-276
1500
756
-212
340
-596
676
