-148
100
-452
1500
92
1500
92
1500
732
-116
-148
100
-452
-148
404
1500
492
100
-468
-148
100
-484
-148
404
1500
92
1500
1500
132
452
1500
92
1500
1500
132
1500
92
1500
92
1500
92
1500
92
1500
92
1500
92
1500
92
1500
92
1500
700
100
-468
-148
1500
92
1500
92
1500
92
1500
92
1500
92
1500
92
1500
92
1500
92
1500
92
1500
92
404
340
-452
-436
-852
-148
1500
92
1476
420
532
100
-452
-148
468
1500
412
1500
1500
132
1500
92
452
516
100
-420
-148
404
1500
716
1500
1500
132
1500
92
1500
92
1500
92
1500
92
1500
92
1500
92
1500
92
1500
92
100
-1500
-1244
1172
-116
452
1500
92
1500
92
1500
92
1500
92
1500
92
1500
92
1500
92
1500
92
1500
92
1500
92
1500
92
1500
444
1500
92
724
1500
92
1500
92
1500
92
1500
92
1500
92
1500
92
1500
92
1500
92
1500
92
1500
92
1500
92
1500
92
1500
92
1500
92
1500
92
1500
92
1500
92
1500
444
1500
92
1500
92
1500
92
1500
92
1500
92
1396
1500
684
452
1500
92
1500
92
1500
92
1500
92
1500
124
1492
1500
92
1500
92
1500
92
1500
92
836
-516
-1108
404
244
404
1500
92
1500
92
1500
124
100
-1500
-924
-148
404
1500
1500
132
1500
1500
132
1500
92
1500
92
1500
92
100
-436
1500
92
1500
92
1500
92
1500
92
1500
92
1500
92
1500
92
1500
92
1500
92
1500
92
1500
92
1500
92
1500
92
1500
92
1500
92
1500
92
1500
92
1500
92
1500
92
1500
92
1500
92
1500
92
1500
1500
1500
1500
1500
1500
292
1500
92
1500
92
1500
1500
1500
1500
1500
1500
1500
1500
1500
1500
1284
468
1500
92
1500
1500
132
1500
92
1500
92
1500
92
1500
92
1500
92
1500
92
1500
92
1500
92
1500
92
1500
92
1500
444
756
1500
1500
516
1500
92
1500
92
1500
92
1500
92
1500
1500
1500
172
1500
828
1500
92
1500
1500
132
1500
92
1500
92
1500
92
1500
252
-148
100
-516
1500
92
1500
92
1500
92
1500
92
1500
92
1500
92
1500
92
308
-148
100
-276
1500
92
1500
492
-404
324
-148
1500
92
1500
92
1500
92
1500
92
1500
92
1500
92
1500
92
1500
92
1500
92
1500
92
1500
92
1500
92
1500
92
1500
1500
132
1500
92
1500
92
1500
92
1500
92
1500
1500
132
1500
1500
132
1500
92
1500
92
1500
92
1500
92
1500
92
1500
92
1500
92
1500
92
1500
92
1500
92
1500
92
1500
92
1500
92
1500
92
1500
92
1500
92
1500
92
1500
92
1500
92
1500
92
1500
92
1500
92
1500
92
1500
92
1500
92
1500
92
1500
92
1500
92
1500
92
100
-548
-260
1500
92
1500
92
1500
92
1500
92
1500
92
1500
92
1500
380
1500
92
1500
92
1500
92
1500
92
1500
92
1500
92
1500
92
1500
92
1500
92
-100
1500
92
1500
92
1500
92
1500
92
1500
92
1500
92
1500
92
1500
92
1500
92
1500
92
1500
92
1500
92
1500
92
1500
92
1500
92
1500
92
1500
92
1500
92
1500
92
1500
92
1500
92
1500
92
1500
92
1500
92
1500
92
1500
92
1500
92
1500
92
1500
92
1500
92
1500
92
1500
92
1500
1500
132
1500
92
1500
92
1500
92
1500
92
1500
92
1500
92
1500
92
1500
92
1500
92
1500
92
1500
92
1500
92
1500
92
1500
92
1500
92
1500
92
1500
92
1500
92
1500
92
1500
92
1500
92
1500
92
1500
92
1500
92
1500
92
1500
92
1500
92
1500
92
1500
92
1500
92
1500
92
1500
1500
132
1500
92
1500
92
-100
1500
92
1500
92
1500
92
1500
92
1500
92
1500
556
1500
92
1500
92
1500
92
1500
92
1500
92
1500
92
1500
92
1500
92
1500
92
1500
92
1500
92
708
1500
92
1500
92
1500
92
1500
92
1500
92
1500
92
1500
92
1500
92
1500
92
1500
92
1500
92
1500
92
1500
92
1500
92
1500
92
1500
92
1500
92
1500
92
1500
92
1500
92
1500
92
1500
92
1500
92
1500
92
1500
92
1332
-148
100
-628
1500
172
-420
340
-596
1108
-148
100
-948
-148
100
-436
1500
-148
1500
1500
1500
1500
1500
1500
1500
1500
1500
1500
540
100
-916
-964
-148
468
1500
492
-964
468
1500
588
1500
860
1500
92
-148
100
-900
1500
-148
92
1500
92
1500
92
1500
140
1500
1500
132
1500
1500
132
-916
1500
-148
92
1500
92
1500
1500
132
1500
1500
1500
172
1500
92
1500
92
1500
92
1500
92
1500
92
1500
92
1500
92
1500
92
1500
92
1500
92
1500
92
1500
92
1500
92
836
1500
1244
100
-948
1500
92
1252
-116
-500
