-148
100
-452
1500
1500
1076
1500
1500
1500
188
1500
1500
116
1500
1500
1500
1060
-148
100
-468
1500
-148
1500
1500
1500
1500
1500
1500
1500
1500
1500
1500
108
1500
1500
1500
-468
1500
-148
1500
1500
1500
1500
1500
1500
1500
1500
1500
1500
1500
1500
1500
1500
1396
1500
1500
1500
1500
100
-484
1500
-148
1500
1500
1500
1500
1428
1500
1500
1500
1500
100
-452
1500
-148
1500
1500
1500
1500
1500
1500
1500
980
1028
-484
452
-532
1500
-148
1500
1500
1500
1500
1500
1500
1500
1500
1500
1500
1500
1500
1500
1500
1500
1500
1500
1500
1500
1500
1500
1500
1500
1500
1500
1500
108
-628
1500
1500
1500
92
-148
100
-644
1500
-148
1500
1500
220
100
-484
1500
-148
1500
1500
1500
1500
1500
1500
1500
1500
1500
1500
1500
1500
1500
108
-484
1500
-148
1500
1500
1500
380
1500
1500
1500
948
1500
1500
1500
156
100
-484
1500
-148
1500
1468
100
-948
1500
1500
1500
1500
1500
1500
1500
1500
1500
1500
1500
1500
1500
1500
772
-148
1500
1500
1500
1500
1500
1500
1500
1500
1500
1500
1500
1500
1500
188
100
-1028
1500
1500
1500
1500
1500
1500
1500
1500
1500
1500
1500
1500
1500
1500
1500
1500
1500
1500
1500
1500
1500
1500
1500
1500
1500
1500
1500
1500
1500
1500
1500
1500
1500
1500
1500
1500
1500
1500
1500
1500
1500
1500
1500
1500
1500
1500
1500
1500
1500
1500
1500
1500
1500
1500
1500
1500
1500
1500
1500
-100
1500
1500
1500
1500
1500
1500
1500
1500
1500
1500
1500
1500
92
1500
1444
-148
100
-612
1500
1500
1500
1500
1500
1500
1500
1500
1500
1500
1500
1348
-148
100
-692
532
-148
100
-628
1500
1500
1500
1500
1500
1500
1500
1500
1500
788
-676
1500
-900
1500
1500
1500
1500
1500
1500
1500
1500
1500
1500
1500
1500
1500
1500
1500
1500
1500
1500
1500
1500
1500
1500
1500
1500
1500
1500
1500
1500
1500
1500
1500
1500
1500
1500
1500
1500
1500
1412
900
-676
1500
-148
1500
1500
1500
1500
1500
1500
1500
1500
1500
1500
1500
1500
1500
1500
1108
1500
92
1500
92
1500
92
292
-468
756
-420
-148
148
100
-740
708
-276
-132
1500
-116
788
-148
100
-212
340
-260
1060
-644
676
-292
340
-708
340
-148
100
-1500
-892
-148
1500
1500
1500
1500
1500
1500
1492
1500
1500
1500
1500
1500
1500
1500
1500
1500
1500
108
1500
1500
1500
1500
1500
1500
-484
1500
252
1500
-148
1500
1500
1500
1500
1500
1500
1500
1500
1500
1500
1500
1076
1500
1500
1500
1500
1500
1500
1500
108
-484
1500
-148
1500
1500
1500
1500
1500
1500
1500
1500
1500
1500
444
1500
1500
1500
1500
476
1500
1500
1500
1500
108
-484
1500
-148
1500
1500
1500
196
1500
1500
1500
1500
100
-484
1500
-148
1500
1500
1500
196
100
-484
1500
-148
1500
172
100
-484
1500
-148
1172
-484
1500
-148
1500
428
100
-484
1500
-148
1500
508
100
-4396
-764
-116
132
-148
116
116
116
180
-116
1500
1500
1500
1500
140
1500
1500
1500
1500
1500
1500
1500
1500
1252
1500
124
1500
1500
1500
1500
1500
1500
1500
1500
1500
1500
1500
252
1500
1156
1500
1500
1500
1500
1500
1500
1332
1500
1500
1500
1500
1500
1500
1500
1500
1500
1500
1500
1500
1500
1500
1500
1500
1500
1500
1140
1500
1500
468
1500
1500
116
1500
1500
1340
-484
1060
-148
1500
1500
1500
204
1500
1500
1500
1500
100
-484
1500
-148
1500
1500
412
1500
1500
1500
1500
100
-484
324
-148
1500
1500
1500
1500
100
-484
116
-148
1500
1500
1500
1500
1500
500
1500
1500
1244
100
-484
1500
-148
1500
1500
92
100
-484
1500
-148
1500
804
-484
1500
-148
1500
1500
332
100
-484
1500
-148
1500
1500
524
100
-948
116
-148
1444
100
-484
228
-564
