-148
100
-452
1012
1500
1500
1508
1508
1500
268
1508
1500
1500
1684
1500
964
-148
100
-468
1508
-148
1500
1508
1500
1508
1508
1508
1508
1500
1508
1508
1508
1508
1556
-468
1508
-148
1500
1508
1508
1508
1508
1508
1500
1508
1508
1508
1508
1508
1508
1508
1396
1500
1500
1500
1508
100
-484
1508
-148
1508
1508
1508
1508
1428
1500
1500
1500
1516
100
-452
1508
-148
1500
1508
1500
1508
1508
1508
1508
980
1028
-484
452
-532
1508
-148
1508
1508
1500
1508
1508
1508
1508
1508
1508
1508
1500
1500
1500
7292
4396
140
1500
108
1500
1516
1508
1508
-628
1508
1508
1540
-148
100
-644
1508
1500
1620
116
-148
1508
1508
1620
100
-948
1508
-148
1500
1508
1500
1508
1508
1508
1508
1508
1508
1508
1508
1508
1508
1508
100
-484
1508
-148
1500
1508
1500
1500
1508
1508
1508
1508
1508
1508
1508
1508
1508
1508
1508
1508
1508
1508
1636
1508
1508
1508
1508
1500
1508
996
1500
1500
1508
1500
380
-484
1508
-148
1500
1460
100
-484
1508
1508
916
-148
100
-1028
1508
1500
1508
1508
1508
1508
1508
1508
1508
1508
1508
1508
1508
1508
1508
1500
1508
1508
1508
1508
1508
1508
1508
1508
1508
1508
1508
1508
1508
1508
1508
1500
1508
1508
1508
1508
1508
1444
1500
1500
1500
1500
1500
1500
1508
1508
1508
1508
1508
1508
1508
1508
1508
1508
1508
1508
1508
1508
1508
1508
-100
1508
1508
1508
1508
1508
1508
1508
1508
1508
1508
1508
1500
1540
-148
100
-612
1508
1500
1500
1500
1500
1500
1500
1516
1508
1508
1508
1348
-148
100
-692
532
-148
100
-628
1508
1500
1508
1508
1508
1508
1508
1508
1508
788
-1220
1540
-468
1508
1500
1508
1508
1508
1508
1500
1508
1508
1508
1508
1508
1508
1508
1508
1108
-516
1508
1748
-916
1508
-148
1508
1500
1508
1508
1508
1508
1508
1508
804
100
-468
756
-148
100
-276
1508
-148
756
100
-628
-1500
-316
1508
-900
1500
2932
1500
1508
1508
1508
1508
1508
-100
1508
1508
1508
1508
1508
1508
1508
1508
1500
1500
1508
1508
1508
628
1500
1516
1508
1508
1508
1500
1700
1508
1508
1508
1508
1500
1508
1500
1508
1508
1508
1508
1500
1492
1500
1500
132
1500
1500
1500
4172
1500
-180
1140
-900
340
100
-148
1508
1500
1508
1508
100
-916
1508
-148
1500
1508
1500
476
1508
1500
1508
1500
1500
1500
972
1500
1500
116
1500
1684
-484
1508
-148
1500
1508
1500
204
100
-484
1508
-148
1500
1508
1500
252
100
-484
388
-148
1508
1500
1508
1500
100
-484
1508
-692
1500
1508
1500
1508
1508
1508
1500
1308
-148
676
100
-916
1508
-148
1500
1508
1508
1508
1508
1500
1508
1508
1508
1908
-148
324
100
-916
1508
-148
1508
1508
1508
1508
1508
1508
1508
1508
1508
1508
1508
1972
1508
1508
1556
-484
1508
-148
1500
1508
916
100
-484
1508
-148
1500
1508
900
100
-484
1508
-148
1500
1540
100
-484
1508
-148
772
100
-484
1508
-148
1284
100
-484
1508
-148
1124
100
-484
1508
-148
1876
100
-484
1508
-148
1956
100
-2948
-644
1508
-676
1500
1508
1500
1484
1508
1508
1508
1508
1508
1508
1508
1508
772
1500
1500
332
1500
1500
1500
1508
1508
1508
1508
1252
1500
1500
1980
1508
1508
1500
1508
1508
708
1500
1500
1508
724
1500
1516
1500
1508
100
1500
556
-500
932
-148
1508
1500
1500
1500
1068
100
1500
748
-1500
-316
-148
1508
1500
1508
1500
1508
1508
868
1500
1516
1508
1508
1508
1508
1508
1508
1508
1508
1508
868
1500
108
1500
1500
1516
1508
1508
1500
1500
1500
1500
-484
1508
1508
1652
1508
-148
1508
1500
1500
1508
1508
756
276
-484
564
116
-580
1508
1500
1508
1500
1500
1500
1508
1508
1508
1508
1508
1508
1508
1508
1508
1508
1508
1508
1508
1508
1284
-516
1508
1500
1500
1500
1508
1508
1508
1500
1508
1060
116
-148
100
-980
1508
1500
1348
-692
868
-548
1508
1508
1508
1508
1508
1500
1508
1508
1508
1500
1508
1508
1508
1508
1508
1508
1508
1508
1508
1508
1500
1508
1500
1508
1508
1508
1508
1508
1500
1508
1508
1500
1508
1508
1508
1508
1508
1508
1508
1508
1508
1508
1500
1508
1500
1500
1500
1500
1508
1508
1508
-100
1508
1508
1500
1508
1508
1500
1508
1508
1508
1508
1500
1508
1508
1500
1508
1508
1508
1508
1508
1508
1508
1508
1508
1508
1508
1500
1508
1508
1508
1508
1508
1500
1508
1508
1508
1508
1508
1500
1500
1500
1516
1508
1500
1508
1508
1508
1500
1508
1508
1508
1508
1500
1508
1844
116
-148
100
-516
1508
1500
1508
1508
1508
1508
1508
1508
1500
1508
1508
1508
1508
1508
964
116
-148
100
-852
100
-740
116
1508
1508
1508
644
1500
1180
1500
1036
-484
1508
1508
1508
1508
1508
1508
1508
1508
1508
1508
1508
1508
1508
1508
1500
1508
1500
1508
1508
1500
1508
1500
1500
612
1500
1500
1516
1500
1500
1500
1500
1500
1500
1500
1500
92
1508
1500
1500
1500
1500
1516
1508
1508
1508
1500
1500
1500
1516
1508
1500
1500
1500
1516
1508
-100
1508
1508
1508
1508
1500
1508
1508
1500
1508
1500
1500
1500
1500
1500
1500
1500
1500
1500
1500
1548
1500
1500
1500
1500
1500
1500
100
1500
1500
1500
1500
1500
1500
1500
1508
1500
1508
1500
1508
1508
1508
1508
1508
1508
1508
1508
1508
1508
1508
1508
1500
1500
1500
1500
1500
1500
1508
1508
1500
1500
1500
1500
1500
92
1500
1500
1500
1500
1500
1500
1500
1500
1500
1500
1500
1500
1500
1500
1500
1500
1500
1508
-100
1508
1508
1500
1500
1508
1500
1500
1516
1500
1500
1500
1500
1500
1500
1500
1508
1508
1500
1508
1508
1508
1508
1508
1508
1508
1508
1508
1500
1508
1508
1508
1500
1500
1500
1500
1508
1508
1508
1508
1500
1508
1508
1508
1508
1500
1500
1500
1500
1508
1508
1500
1508
1508
1508
1500
1508
1500
1500
1500
1500
1500
1500
1508
1508
1500
1500
1500
1500
1500
92
1500
1500
1500
1500
1500
412
-100
-596
-468
660
-788
564
-484
1508
1508
1508
1500
1508
1508
1508
1508
1508
1508
1508
1508
1508
1508
1508
1508
1500
1508
932
1508
1508
1508
1500
1500
1500
5900
1508
1508
1508
1500
1508
1716
116
-820
100
116
-612
644
628
-1316
420
-148
388
1500
1500
1124
1556
1556
1556
1556
100
-964
1556
1556
1556
1500
108
1500
108
1500
108
1500
1612
1556
1556
1556
1556
1500
1500
164
1500
108
1500
108
1500
108
1500
1612
1556
1556
1556
1556
1556
1500
108
1500
1612
1500
1500
1500
220
1500
108
1500
1500
1500
1500
1500
332
1500
1500
1500
1500
1500
332
436
1500
1500
164
1556
1556
1556
1556
1556
1556
1556
1556
1556
7292
156
1500
1500
7292
6460
4564
1500
1612
1500
-100
108
1500
1500
1556
1500
108
1556
1556
1556
1500
108
1556
1556
1556
1556
1500
108
1556
1500
108
1556
1556
1556
1556
1556
1556
1556
1556
1556
1556
1556
1556
1556
1556
1556
1556
1500
108
1500
108
1556
1556
1556
1500
108
1556
1500
108
1556
1556
1556
1500
108
1556
1556
1500
108
1556
1500
1500
1500
1500
1500
1500
1500
7292
7292
4012
2948
1500
220
1500
108
1500
-100
108
1500
1500
164
1500
1500
164
1556
1556
1556
1556
1500
108
1556
1556
1556
1556
1556
1556
1556
1500
108
1556
1556
1556
1556
1556
1556
1556
1500
108
1500
108
1500
108
1500
108
1500
108
1556
1556
1556
1556
1556
1556
1556
1556
1556
1500
108
1500
108
1500
108
1500
108
1500
108
1500
108
1500
108
1500
108
1500
108
1500
108
1500
108
1500
108
1500
108
1500
108
1556
1500
108
1500
108
1556
1556
1500
108
1556
1556
1556
1556
1556
1556
1556
1556
1556
1556
1556
1500
108
1556
1556
1556
1556
1500
108
1500
108
1500
108
1500
108
1500
108
1500
108
1500
108
1556
1500
108
1556
1556
1500
108
1556
1556
1556
1556
1556
1556
1500
108
1556
1556
1556
1500
108
1556
1556
1500
108
1556
1556
1500
108
1556
1556
1556
1500
108
1556
1556
1556
1556
1556
1500
108
1556
1556
1500
108
1500
1500
1500
1500
276
1500
108
1556
1556
1500
1612
1556
1556
1556
1500
108
1500
1500
1500
1500
1500
1500
1500
1500
1500
7292
7292
7292
1396
3060
-100
1500
108
1500
1500
164
1500
1500
1500
1500
1500
332
1500
1500
1500
220
1500
1500
1500
220
1500
1500
1500
220
1500
1500
1500
220
1500
108
1500
1612
1500
1500
164
1556
1500
1612
1556
1556
1556
1556
1556
1556
1556
1556
1556
1500
108
1556
1556
-100
1556
1500
108
1556
1556
1556
1500
108
1556
1556
1556
1556
1556
1556
1556
1556
1556
1556
1556
1556
1556
1556
1556
1556
1556
1556
1556
1556
1556
1556
1556
1556
1556
1556
1500
108
1556
1556
1556
1500
108
1500
108
1556
1556
1556
1500
108
1556
1556
1500
108
1500
108
1556
1556
1556
1500
108
1556
1556
1556
1556
1556
1556
1556
1556
1500
1500
1500
1500
1500
1500
7292
7292
7292
5844
7292
7292
7292
7292
-100
7292
7292
4916
1500
6124
1500
1500
1500
220
1500
1500
1500
1500
276
1500
1500
1500
1724
1500
1500
1500
220
1500
1500
1500
1500
1500
1500
388
1500
1500
1500
1500
276
1500
1500
1500
1500
1500
332
1500
1500
1500
1500
1500
1500
388
1500
1500
1500
1500
276
1500
1500
1500
1500
1500
332
1500
1500
1500
220
1500
1500
1500
1500
-100
1500
332
1500
1500
1500
1500
1500
332
1500
1500
1500
1500
1500
1500
388
1500
1500
1500
1500
276
1500
1500
164
1500
1500
1500
1500
276
1500
1500
1500
1500
1500
1500
388
1500
1500
164
1500
1500
1500
1500
1500
332
1500
1500
164
1500
1500
1500
1500
1500
1500
1500
1500
1500
1500
1500
1500
1500
1500
7292
2620
1500
1500
1500
1500
1500
1500
1500
1500
1500
7292
5348
1500
1500
1500
1500
276
1500
1500
-100
164
1500
1500
164
1500
108
1500
1500
164
1500
1500
1500
220
1500
108
1500
1500
1500
1500
276
1556
1500
1500
1500
220
1500
108
1500
1500
1500
1500
-100
1500
332
1500
1500
1500
1724
1556
1500
1500
1668
1556
1500
1500
164
1556
1500
1500
1500
220
1500
108
1500
1500
1668
1500
108
1500
1612
1556
1500
1612
1556
1500
108
1500
108
1500
1500
1500
1500
276
1500
1500
1500
1500
1500
1500
1500
444
1500
1500
1500
1500
276
1556
1556
1556
1556
1556
1500
1500
1500
220
1556
1500
1500
1500
1500
1500
1500
1500
444
1500
1500
1500
1500
1500
332
1500
108
-100
1556
1500
108
1500
108
1556
1556
1556
1556
1556
1556
1556
1556
1556
1556
1556
1556
1556
1556
1556
1500
1500
164
1556
1500
108
1500
1612
1500
1500
164
1556
1500
1500
1500
220
1556
1500
1500
1500
1500
1500
332
1500
1500
1500
1500
1500
1500
388
1500
1500
1500
1500
1500
332
1500
1500
1500
1500
1500
332
1500
1500
1500
1500
1500
332
1500
108
1500
1500
1500
1500
276
1556
1500
1500
1500
1500
1500
332
1500
1500
1500
1500
1500
1500
1500
1500
500
1500
1500
1500
1500
1500
1500
1500
444
-100
1556
1500
1500
1500
1500
1500
332
1500
1500
1500
1500
1500
1500
1500
444
1500
1500
1500
1500
276
1500
1500
164
1500
1500
1500
1500
276
1500
1500
164
1556
1556
1556
1556
1500
108
1556
1556
1556
1556
1556
1556
1556
1556
1556
1556
1556
1556
1556
1556
1500
108
1556
1556
1556
1556
1556
1556
1500
108
1556
1556
1556
1500
108
-100
1556
1556
1556
1556
1556
1556
1556
1556
1500
108
1500
108
1556
1556
1556
1500
1500
164
1500
108
1500
1500
1500
1500
276
1556
1500
1500
164
1500
1500
164
1500
1500
1500
1500
276
1556
1500
1500
1500
1500
276
1556
1500
108
1556
1500
108
1500
108
1556
1556
1556
1500
108
1556
1556
1556
1556
1556
1556
1556
1556
1556
1556
1556
1556
1556
1556
1556
1556
1556
1500
108
1556
1556
1500
108
1500
108
1500
1612
1556
1556
1500
108
1556
1500
-100
1500
164
1556
1500
1500
164
1556
1500
1500
1500
1500
276
1500
108
1500
1500
1500
220
1500
108
1500
1500
1500
220
1500
108
1500
1500
1500
1500
1500
1500
1500
444
1500
1500
1500
1500
1500
1500
1500
444
1500
1500
1500
1500
276
1500
1500
1500
1500
276
1500
1500
164
1500
1500
164
1500
1500
164
1500
1612
1500
1612
1500
108
1500
1500
164
1500
108
1500
1500
1500
1500
1500
332
1500
1500
1500
1500
1500
332
1500
108
1500
1500
1500
1500
276
1500
108
1500
-100
108
1500
108
1500
1612
1556
1500
108
1556
1556
1556
1556
1556
1556
1556
1556
1500
108
1500
108
1500
108
1500
108
1500
1612
1556
1556
1556
1556
1556
1500
108
1500
1500
164
1500
1500
1500
220
1500
108
1500
1500
1500
1500
1500
1500
1500
1500
1500
556
1500
1500
1500
1500
1500
332
1500
1500
1500
220
1500
1500
1500
1500
1500
1500
1500
444
1500
1500
1500
1500
276
1500
1500
1500
220
1556
1500
1500
164
1556
1500
1500
-100
1500
220
1500
108
1500
1500
1500
220
1556
1500
1500
1500
1500
276
1500
108
1500
1500
164
1500
1500
164
1500
1500
1668
1500
108
1500
1500
1500
220
1556
1500
1500
1500
220
1500
1612
1500
1500
1500
220
1556
1500
1500
1500
220
1556
1500
1500
1500
1500
1500
332
1500
1500
1500
220
1556
1500
1500
1500
1500
276
1556
1500
108
1556
1556
1500
108
1556
1556
1556
1556
1500
1500
1500
1500
1500
1500
1500
1500
1500
1500
1500
1500
1500
1500
1500
7292
7292
7292
7292
7292
7292
7292
7292
124
1500
1500
-100
1500
6236
1500
108
1500
108
1500
1612
1556
1500
108
1500
108
1500
1500
1500
220
1556
1500
108
1500
1612
1300
-100
-148
100
-1500
-876
116
1028
-484
1508
1508
1500
1508
1508
1508
1508
1500
1500
1508
1500
1500
356
-692
