-148
100
-484
1500
108
1500
108
1500
108
1500
108
-148
1500
108
1500
108
1500
108
1500
108
1500
108
1500
108
1500
108
1500
108
1500
108
1500
108
100
-500
-148
1500
108
1500
108
1500
108
1500
108
1500
108
1500
108
1500
108
1500
108
1500
108
1500
108
1500
108
1500
108
1500
108
1500
476
388
1500
92
1500
1500
180
-484
-148
1500
92
1500
92
1500
92
1500
92
1500
92
1500
92
1500
92
1500
92
1500
92
1500
92
100
-468
404
-148
1500
92
1500
92
1500
92
1500
92
1500
92
1500
92
1500
92
1500
92
1500
92
1500
92
1500
92
1500
92
1500
92
1500
92
1500
92
1500
92
1500
444
1500
92
1500
92
1500
92
1500
92
1500
92
1500
92
1500
92
1268
1500
1500
132
1500
92
-484
-148
1500
92
1500
92
1500
92
1500
92
1500
92
1500
92
1140
1500
92
1500
92
1500
92
100
-468
-148
1500
92
1500
92
1500
124
100
-500
-148
404
1500
92
1500
1500
132
100
-516
1500
-148
396
100
-580
1500
-148
92
1500
92
1500
1500
132
1500
332
-516
1500
-148
92
1500
1500
132
1500
92
1500
92
1500
140
996
-516
1500
-148
92
1500
92
1500
1500
132
1500
92
724
1500
540
-516
-1500
-956
1500
92
-148
1500
92
1500
92
1500
492
1500
92
1500
92
1500
92
1500
92
100
-580
1500
-148
92
1500
92
1500
1500
1500
172
1500
1500
1500
124
1500
1500
196
1500
92
1500
92
1500
92
1012
1500
140
1500
92
1500
1500
132
-580
1500
-148
476
1500
92
1500
1500
132
1500
92
1500
92
1220
-580
1500
-148
92
1500
92
1500
1500
132
1500
92
1500
92
708
100
-580
388
-148
1500
92
452
1500
252
1500
444
1500
1500
132
1500
92
1500
92
1500
92
1500
92
1500
92
1500
92
1500
92
1500
92
1500
92
1500
92
1500
92
1500
92
628
100
-484
-1500
-716
1500
-1108
92
1500
92
1500
1500
100
1500
92
1500
92
1500
92
-580
1500
92
1500
92
1500
92
676
-580
1500
92
1500
92
1108
1500
-580
92
1500
1500
132
1500
92
1380
-580
1500
92
1500
92
1500
92
1500
92
1500
92
1500
92
1500
92
1500
332
-580
1500
92
1500
92
1124
1500
92
-580
1500
92
1500
92
1500
92
1500
92
1500
92
1500
92
1500
92
948
1500
1004
-580
1500
-580
92
1500
92
1500
1500
132
1500
92
1500
92
1500
92
1332
1500
332
1500
1500
1500
1500
-1108
1500
-148
92
1500
92
1500
1500
132
1500
300
1500
92
1500
92
1500
92
1500
92
1500
92
1500
92
1348
1500
92
1500
1500
132
1500
92
1500
92
1500
300
1500
92
1500
92
1500
92
1500
540
1500
92
1500
92
1500
92
1500
92
1500
92
1500
204
1500
92
1500
92
1500
92
1500
92
1492
1500
1500
132
1500
92
1500
92
1500
92
1500
92
1500
92
1500
92
1500
92
1500
92
1500
92
1500
92
1500
92
1500
92
1060
1500
1500
1500
1500
1500
1500
1500
1500
1500
1500
1500
1500
1500
1500
1500
1500
1500
1500
1500
1500
92
100
-2948
-788
1500
92
1500
92
1500
92
1500
92
1500
92
1500
92
1500
92
1500
204
1500
92
1500
92
-580
1500
92
1500
92
1500
92
1500
92
1500
92
1500
92
1500
92
1092
1500
92
1500
1500
132
1500
524
-580
1500
92
1500
92
1156
1500
1500
1500
172
1500
876
-580
1500
92
-1108
1500
1500
132
1500
92
1500
444
-580
1500
92
1500
92
1500
92
1500
92
1500
92
1500
188
1500
92
1500
92
1500
92
-580
1500
92
1460
1500
92
1500
92
1500
1500
132
1500
92
1500
348
1500
92
1500
92
1500
92
1500
92
1500
92
1476
1500
1500
132
1500
92
1500
92
1500
92
1500
92
1500
92
1500
92
1500
92
1500
92
1500
316
1500
92
1500
92
1500
92
1500
92
1500
1500
92
676
-148
100
-532
1500
-148
92
1500
92
1500
1500
132
1500
92
1500
92
1500
140
1500
92
1500
92
1500
92
-516
1500
92
1500
92
1500
92
1500
92
1500
92
1500
92
1500
92
1500
92
1500
92
1500
92
1500
92
1500
92
1500
92
1500
92
1500
92
1500
92
1500
92
1500
92
1500
92
1500
92
1500
92
1500
92
1500
92
1500
92
1500
92
1500
92
1500
92
1500
92
1500
92
1500
92
1500
92
1500
92
1500
92
1500
92
1500
92
1500
92
1500
92
1500
92
1500
92
1500
92
1500
92
1500
92
1500
92
1500
92
1500
92
1500
92
1500
92
1500
92
1500
92
1500
92
1500
92
1500
92
1500
92
1500
92
1500
92
1500
92
1500
92
1500
92
1500
92
1500
92
1500
92
1500
92
1500
92
1500
92
1500
92
1500
92
1500
92
1500
92
1500
92
1500
92
1500
92
-100
1500
92
1500
92
1500
92
1500
92
1500
92
1500
92
1500
92
1500
92
1500
92
1500
92
1500
92
1500
92
1500
92
1500
92
1500
92
1500
92
1500
92
1500
92
1500
92
1500
92
1500
92
1500
92
1500
92
1500
92
1500
92
1500
92
1500
92
1500
92
1500
92
1500
92
1500
92
1500
92
1500
92
1500
92
1500
92
1500
92
1500
92
1500
92
1500
92
1500
92
1500
92
1500
92
1500
92
1500
92
1500
92
1500
92
1500
92
1500
92
1500
92
1500
92
1500
92
1500
92
1500
92
1500
92
1500
1500
1500
1500
1500
1500
1500
1500
1500
1500
1500
1500
1500
1500
1500
1500
1500
1500
1500
1500
1500
1500
1500
1500
1500
1500
1500
1500
1500
1500
1500
1500
1500
1500
1500
1500
1500
1500
1500
1500
1500
1500
1500
284
1500
-100
1500
1500
172
1500
1500
1500
1500
1500
1500
1500
1500
1500
1500
1500
556
1500
1500
1500
1500
612
212
1500
940
-100
1500
92
1500
92
1500
92
1500
92
1500
92
1500
92
1500
92
1500
92
1500
92
1500
92
1500
92
1500
92
1500
92
1500
92
1500
92
1500
92
1500
92
1500
92
1500
92
1500
92
1500
92
1500
1500
1500
172
1500
92
1500
92
1500
92
1500
92
1500
92
1500
92
1500
92
1500
92
1500
92
1500
92
1500
92
1500
92
1500
92
1500
92
1500
92
1500
92
1500
92
1500
92
1500
92
1500
92
1500
92
1500
1500
1500
1500
1500
1500
1500
1500
1500
1500
100
1500
1500
1500
1500
180
1500
92
1500
92
1500
92
1500
92
1500
92
1500
92
1500
92
1500
92
1500
92
-100
1500
92
1500
92
1500
92
1500
92
1500
92
1500
92
1500
92
1500
92
1500
92
1500
92
1500
1500
132
1500
1500
132
1500
92
1500
92
1500
92
1500
92
1500
92
1500
92
1500
92
1500
92
1500
92
1500
92
1500
92
1500
92
1500
92
1500
92
1500
92
1500
92
1500
92
1500
92
1500
92
1500
92
1500
92
1500
92
1500
92
1500
92
1500
92
1500
92
1500
92
1500
92
1500
92
1500
92
1500
92
1500
92
1500
92
1500
92
1500
92
1500
92
1500
92
1500
92
1500
92
1500
92
1500
92
1500
92
1500
92
1500
92
1500
92
1500
92
1500
92
1500
92
1500
92
1500
92
1500
92
1500
92
1500
92
1500
92
1500
92
-100
1500
92
1500
92
1500
92
1500
92
1500
92
1500
92
1500
92
1500
92
1500
92
1500
92
1500
92
1500
92
1500
92
1500
92
1500
92
1500
92
1500
92
1500
92
1500
92
1500
92
836
-116
-692
