-148
100
-452
1500
108
1500
108
1500
108
1500
108
-148
1500
108
1500
108
1500
108
1500
108
1500
108
1500
108
1500
108
1500
108
1500
108
1500
108
100
-468
-148
1500
108
1500
108
1500
108
1500
108
1500
108
1500
108
1500
108
1500
108
1500
108
1500
108
1500
108
1500
108
1500
108
1476
1500
428
1500
92
1500
140
-468
-148
1500
92
1500
92
1500
92
1500
92
1500
92
1500
92
1500
92
1500
92
1500
92
1500
92
100
-452
404
-148
1500
92
1500
92
1500
92
1500
92
1500
92
1500
92
1500
92
1500
92
1500
92
1500
92
1500
92
1500
92
1500
92
1500
92
1500
92
1500
92
1500
92
452
1500
1500
468
1500
92
1500
92
1500
92
1500
92
1500
140
1500
92
1500
92
1500
-452
924
-148
1500
92
1500
92
1500
92
1500
92
1500
92
1500
92
804
1500
1500
468
1500
92
100
-452
-148
1500
92
1500
92
1500
124
100
-484
-148
404
1500
92
1500
92
1500
92
100
-484
1500
-148
396
1500
540
-564
1500
-148
92
1500
1500
132
1500
492
1500
92
1500
92
1500
92
1500
92
100
-500
1500
-148
460
1500
1500
132
1500
92
1500
92
100
-500
852
-148
100
1500
1500
1500
132
-1500
-1308
-148
1500
92
1012
1500
140
1500
1500
132
1500
1500
1500
172
-564
1500
92
1500
-148
92
1500
1052
1500
1500
132
1500
92
1500
92
1500
228
1500
1500
132
1500
92
1500
140
-564
1500
-148
92
1500
1036
1500
1500
132
1500
92
1500
140
-564
484
-148
1500
92
1500
92
1500
92
1500
92
100
-564
1500
-148
92
1500
940
1500
1500
132
1500
92
1500
92
436
1500
492
1500
1500
132
1500
1500
1500
1500
1500
1500
292
1500
-2948
-644
428
1500
252
1500
460
1500
92
1500
92
1500
1500
132
1500
92
1500
92
1500
92
660
1500
92
-564
1500
1500
132
1500
92
1500
92
1500
92
1500
92
1500
92
1500
92
1500
92
772
1500
1500
132
1500
92
1500
1500
132
1500
1500
132
1500
604
1500
-564
1500
132
1500
92
1500
92
-564
1500
92
1500
92
1500
92
788
1500
1500
404
-564
1500
-1076
92
1500
92
1500
1500
1500
172
820
-564
1500
1500
1500
1500
1500
92
1500
92
1500
92
1500
92
1500
92
1500
316
1500
92
-564
1500
92
1500
92
1500
92
1500
92
1500
780
1500
1500
132
1500
92
1500
1500
164
1500
92
-564
1500
92
1500
92
1500
1500
1500
1500
276
1500
1500
1500
-564
1500
-1076
92
1500
92
1500
1500
1500
540
1500
92
1500
92
1500
92
1500
92
1500
-564
268
1500
-564
1500
132
1500
92
1500
316
-564
1500
92
1500
92
1500
92
1500
92
1500
92
1500
236
-564
1500
92
1500
1500
92
1500
1500
92
1284
1500
1500
-564
1500
1500
1500
1500
1500
1500
1500
92
1500
92
1500
92
1500
92
1500
1148
1500
92
1500
92
1500
-564
236
1500
1500
132
1500
92
1500
1436
-564
1500
-564
92
1500
1500
132
1500
92
1500
92
1060
1500
1500
132
-564
1500
92
1500
92
1076
-564
1500
92
1500
92
1500
92
1500
92
1500
172
-564
1500
92
1500
92
1500
92
1500
92
1500
1036
1500
1500
132
1500
92
1500
92
1500
924
1500
92
1500
92
1500
92
1500
92
1500
92
1092
1500
1500
132
1500
1500
132
1500
108
1500
1500
1500
1500
1500
1500
1500
1500
1500
1500
92
1500
92
1500
92
1500
92
1500
92
1500
92
1500
956
1500
92
1500
92
1500
92
1500
92
1500
92
676
-148
1500
92
1500
92
1500
92
1500
92
1500
92
1500
92
1500
92
1500
92
1500
92
1500
92
1500
92
1500
92
1500
92
1500
92
932
100
-500
