-148
100
-452
1556
1500
108
1500
108
1556
-148
1556
1556
1556
1556
1556
1500
108
1556
1556
1556
1556
1556
1556
100
-468
1556
-148
1500
108
1556
1500
108
1556
1556
1556
1556
1556
1556
1556
1556
548
388
1540
1500
92
1540
100
-468
-148
404
1500
92
1500
1580
1540
1540
1540
1540
1500
92
1540
1540
1540
1540
1540
100
-452
-148
1540
1540
1540
1540
1540
1540
1540
884
1500
92
1500
92
1500
92
1500
92
1500
92
1500
92
1500
1580
1540
1540
1500
92
1500
92
1540
1892
100
-452
388
-148
1540
1540
1540
388
1500
1500
132
1540
100
-452
1540
-148
1540
1540
1500
1500
1500
924
1540
1500
92
1572
404
1540
1540
1500
92
100
-484
-148
100
-484
1844
-148
100
-500
1540
-148
1500
92
1540
1500
92
1636
-500
1540
-148
1500
92
1540
1500
92
1540
1500
92
1540
996
1500
92
1500
92
1500
492
1500
540
-1500
-796
-148
100
-564
1540
-148
1540
1540
1500
92
1540
1540
1540
1540
1540
1316
1500
92
1500
716
1500
1580
1540
1588
-564
1540
-148
1500
92
1300
1500
1500
132
1540
1540
100
-564
1828
-148
1540
1500
92
3044
-564
836
-148
1540
1500
92
1540
1540
100
-1500
-140
-148
692
1500
92
1500
92
1500
1580
1540
1220
1500
1580
1540
1540
1540
820
1500
1500
132
1540
1540
1540
1620
100
-2948
-644
1540
1540
1500
92
1500
92
1540
1620
-564
1540
1540
1540
1500
92
1500
92
1540
1540
1540
1500
92
1540
1500
92
1540
1540
884
2948
1500
108
1540
1316
1500
1500
1500
172
1500
1500
372
-1076
1540
-1076
1500
92
1540
1500
92
1500
684
-564
1540
1540
1540
1540
1540
1540
724
1500
1516
1508
1508
-564
1540
1540
1500
92
1540
1540
1500
492
-564
1876
1364
1500
1580
1500
1388
1500
92
1500
92
1500
1580
1892
388
-564
1908
-564
1540
1540
1500
92
1500
92
1780
1500
92
1500
92
1500
92
-564
1500
92
1540
1540
1540
1500
92
1500
92
1540
1540
1500
92
1540
1540
1540
804
-564
1540
1540
1540
1748
-564
1540
1500
92
1540
1540
2788
1500
92
1500
1500
132
1500
92
1500
924
-564
1508
-564
1508
1508
1508
1500
1508
1500
1508
1508
1508
1540
1540
1540
1540
1796
-564
1540
1540
1540
1540
1764
-564
1540
1540
1540
2004
-564
1540
1540
1540
1540
1540
1540
1540
1540
884
-564
1540
1540
1540
1540
1500
92
1204
-564
1540
1540
1540
1500
92
1540
1636
-564
1540
1540
1540
1540
1876
-564
1540
1500
92
1508
1508
1508
1540
1540
1540
1540
740
1500
1516
1508
1508
1508
1508
1540
1540
1540
1540
1540
1540
1540
884
1500
1500
1500
172
1500
796
1500
1500
1500
1500
212
1540
1268
1500
92
1500
1580
1540
1540
1012
1500
92
1500
1500
132
1500
1500
852
1540
1500
92
1540
1540
1540
1500
92
1540
1500
92
1540
1540
1540
1540
1540
1540
932
-148
100
-500
1540
660
-148
100
-516
1540
-148
1500
92
1540
1540
1540
1540
1500
92
1500
92
1540
1540
1540
1540
1540
1588
-500
1540
1540
1540
1540
1540
1540
1540
1540
1540
1540
1540
1540
1500
92
1540
1540
1540
1540
1540
1540
1540
1540
1540
1540
1540
1540
1540
1540
1540
1540
1540
1540
1540
1540
1500
92
1540
1540
1540
1540
1540
1540
1540
1540
1540
1540
1540
1540
1540
980
1500
92
1500
92
1500
92
1500
1580
1540
1540
1540
1540
1540
1540
1500
92
1540
1500
92
1540
1540
1540
1540
1540
1540
1540
1540
1540
596
-116
-500
