-148
100
-468
436
1500
92
-148
1500
92
1500
92
1500
92
1500
92
100
-484
-148
1500
92
1500
92
1500
92
1500
92
1500
92
1500
92
1500
92
1500
92
1500
92
1500
92
1500
92
1500
92
1500
92
1500
92
1500
92
1500
92
1500
92
1500
92
100
-484
-148
1500
92
1500
92
1500
92
1500
92
1500
92
1500
92
1500
92
1500
92
1500
92
1500
92
1500
92
1500
92
1500
92
1500
92
1500
92
1500
92
1500
92
580
1500
92
1500
92
1500
92
1500
92
100
-500
-148
1500
92
1500
92
1500
92
1500
100
-500
1500
-148
92
1500
92
1500
668
100
-500
516
-148
1500
92
1500
92
100
-500
-148
1500
92
1500
92
1500
92
1500
92
1500
92
1500
92
1500
92
1500
92
1500
92
1500
92
900
1500
92
1500
92
1500
140
100
-500
-148
100
-500
-148
1500
92
1500
92
1500
92
1500
140
1500
92
580
-1500
-1036
-148
1500
100
-500
-148
1500
92
1500
92
1500
92
1500
92
1500
92
1500
92
1500
92
1500
92
1500
92
1500
92
1500
92
1500
92
1500
92
1500
428
1300
1500
92
1500
92
788
1500
92
1500
92
1500
92
1500
92
1500
92
1500
92
1500
92
1500
92
1500
92
1500
92
1500
92
1500
92
1500
92
1500
92
1500
92
1500
140
1500
92
1500
92
1500
92
1500
92
1500
92
916
100
-532
-148
100
-532
-148
852
100
-500
1500
-148
92
1500
92
100
-500
-148
1500
92
1500
92
1172
1500
1500
132
1500
316
852
132
-500
-148
100
-484
468
-148
1500
92
1500
92
1028
468
1500
92
1500
92
1028
100
-500
-148
1268
100
-500
-148
100
-500
-148
1500
92
1500
204
1500
124
1500
476
-500
-148
100
-500
-148
100
-500
-148
1500
92
1500
92
612
1500
92
1500
268
100
-468
-852
404
1500
92
1500
92
484
1500
92
1500
92
1500
92
100
-532
-148
1500
92
1500
92
1500
92
1500
92
1500
92
1500
92
1500
92
100
-532
-148
1500
92
1500
92
1500
92
1236
1500
92
1500
92
1500
92
1500
92
100
-532
-148
1500
140
1500
92
1500
92
1500
92
1500
92
1500
92
1500
92
1332
100
-532
-180
116
1500
92
1500
92
1500
92
1500
92
1500
92
1500
92
676
1500
92
1500
92
1500
92
1500
92
1500
92
1500
92
1500
92
1500
92
1500
92
1500
92
1500
92
1500
92
1500
92
1500
92
1500
92
1500
92
1500
92
1500
92
1500
92
1500
92
1500
92
1500
92
1500
92
1500
92
1500
92
1500
92
1500
92
1500
92
1500
92
1500
92
1500
92
1500
92
1500
92
1140
-148
100
212
-148
100
-676
-148
1500
92
1500
348
1500
92
612
1500
92
1500
92
1500
92
1140
1500
156
1500
92
1500
92
724
180
-116
388
532
100
-500
-148
724
1500
92
724
100
-500
-148
1500
92
1220
100
-500
-148
1500
92
948
-500
-148
1500
92
1500
604
100
-500
-148
100
-500
-148
1500
92
1044
100
-500
1500
-148
92
1396
1500
92
580
100
-500
-148
1500
92
1500
92
1188
100
-500
-148
1500
92
1364
-500
-148
100
-500
-148
1500
92
1500
444
1500
92
1500
92
1500
140
-500
-148
1500
92
1500
92
1500
92
1500
492
1500
92
1500
92
1500
92
100
-500
-148
1500
92
868
100
-500
-148
1500
92
1500
92
1500
92
100
-500
1500
-148
92
1500
92
1500
92
1500
92
1500
92
1500
1500
92
1500
92
1500
140
-500
1500
-148
380
1500
92
1092
1500
92
1500
92
1500
92
100
-500
-148
1500
92
1500
92
1500
92
1500
92
1500
92
1500
92
1500
92
1500
140
1500
92
-500
-148
116
100
-804
-148
1500
92
1500
92
1500
92
1500
92
1500
92
1500
92
932
1500
92
1500
92
1500
1500
132
1500
92
1500
92
1500
92
100
-804
228
-148
1500
92
1500
92
1500
92
1500
92
1500
92
1500
92
1500
92
1500
92
1500
1500
92
644
292
100
-660
-148
900
