-148
100
-452
1500
92
1500
92
-148
1500
92
1500
92
1500
92
1500
92
100
-452
-148
1500
92
1500
92
1500
92
1500
92
1500
92
1500
92
100
-436
-148
1500
92
1500
92
1500
92
1500
92
1500
92
1500
92
1500
92
1500
92
1500
92
1500
92
1500
92
1500
92
1500
92
1500
92
1500
92
1500
92
1500
92
1500
140
-500
1500
92
1500
92
1500
92
1500
92
1500
92
1500
92
1500
92
1500
92
1500
92
1500
1500
132
1500
92
1500
92
1500
92
1500
92
1500
92
1500
92
1500
332
-116
1500
1500
132
1500
92
1500
92
1500
92
1500
92
1500
92
1500
1500
1500
140
1500
1500
132
1500
828
-116
1500
92
1500
92
1500
92
1500
92
1500
92
1500
92
1500
92
1500
92
1500
92
1500
92
1500
92
1500
92
1500
92
1500
92
1500
92
1500
92
1500
92
1500
92
1500
92
1500
92
1500
92
1500
92
1500
92
1500
92
1500
92
1500
92
1500
92
1500
92
1500
92
1500
92
1500
92
1500
92
1500
92
1500
92
1500
92
660
1500
92
1500
92
1500
92
1500
92
1500
92
1500
92
1500
92
1500
92
1500
92
1500
92
1500
92
1500
92
1500
92
1500
92
1500
92
1500
92
1500
92
1500
92
1500
92
1500
92
1500
92
1500
92
1500
92
1500
92
1500
1500
132
1500
92
1500
92
1500
92
1380
-116
-148
100
-580
-148
100
-500
-148
580
1500
92
1500
92
1500
92
100
-500
-148
1500
92
1500
92
1500
92
1500
92
1500
92
1500
92
1500
92
1500
92
1500
92
100
-500
-148
1500
92
1500
92
1500
92
1500
92
1500
92
1284
1500
92
1500
92
1500
1500
132
1500
92
1500
92
1500
92
1500
92
1500
92
100
-500
-148
1500
92
1500
92
1500
92
1500
92
1500
92
1500
92
1500
92
1500
92
1500
92
1500
220
1500
92
1500
92
1500
92
1500
92
1500
92
1500
92
1500
92
1500
92
1500
140
-500
-148
1500
92
1500
92
1500
92
1500
92
1500
92
1500
92
1500
92
1500
92
1500
92
1500
92
100
-500
-148
1500
92
1500
92
1500
92
1500
492
1500
92
1500
92
1500
92
1500
92
1500
92
1500
92
1500
92
1500
92
1500
92
1500
92
1500
92
1500
92
1500
92
1500
92
1500
92
1500
92
1500
92
1500
92
1500
92
1500
92
1500
92
1500
92
1500
92
100
-500
1500
-212
92
1500
92
1500
124
1500
92
1500
1500
132
1500
92
1500
92
1500
92
1500
92
1500
92
1500
92
1500
92
1500
92
1500
92
1500
92
1500
556
1500
92
1500
1500
132
1500
92
1500
92
1500
92
1500
92
1500
92
1500
92
1500
92
1500
92
1500
92
1500
92
1500
92
1500
92
1500
92
1500
92
1500
1500
92
1500
92
1500
92
1500
92
1500
92
1500
92
100
-484
1500
-148
92
1500
1500
132
1500
92
1500
92
1500
92
1500
92
1500
92
1500
92
1500
92
1500
92
1500
92
1500
92
1500
92
1500
92
1500
92
1500
92
1500
92
1500
92
372
1500
92
1500
1500
180
1500
92
1500
92
-484
1500
-148
92
1500
1500
132
1500
92
1500
92
1500
92
1500
92
1500
92
1500
92
1500
92
1500
92
1500
92
1500
92
1500
92
1500
92
1500
92
1500
92
1500
92
1500
92
1500
92
1500
92
1500
92
1500
92
1500
92
1500
92
1500
92
1500
92
1500
92
1500
284
1460
1500
460
-484
1500
-148
92
1500
92
1500
1500
132
1500
92
1500
92
1500
92
1500
92
1500
92
1500
92
1500
92
1500
92
1500
92
1500
92
1500
92
1500
92
1500
92
1500
92
1500
92
1500
92
1500
92
1500
92
1500
92
1500
92
868
1500
252
372
1500
92
100
-484
-148
1500
140
372
1500
92
100
-484
-148
1500
348
100
-4396
-508
-148
372
1500
92
372
1500
92
1460
372
1500
92
1500
396
372
372
1500
92
1500
92
1500
220
1500
92
1500
92
1500
268
500
-100
1500
92
1268
1500
412
1500
1500
132
1500
92
1500
92
1500
92
1500
92
1500
92
1500
92
1500
92
1500
92
1500
92
1500
92
1500
540
1500
92
1500
524
1500
396
100
-2948
-1044
804
1500
684
1500
636
1500
524
1500
844
-468
1500
92
1500
92
1500
92
1500
92
1500
92
1500
92
1500
92
1500
92
1500
220
1500
92
1236
-468
1500
92
-484
1220
-468
1500
92
1364
-468
1500
940
1500
92
1268
-148
1500
92
1500
92
1188
1500
92
1500
1164
1500
92
1500
92
1500
748
1500
92
1500
540
1500
1500
132
1500
92
1500
396
1500
92
1500
92
1500
92
-100
1500
92
1500
92
1500
92
1500
92
1500
92
1500
92
1500
92
1500
92
1500
92
772
100
-452
-1500
-764
-148
516
1500
1500
164
1500
92
1500
92
1500
92
1500
92
1500
92
1500
92
1500
92
1500
92
1500
92
1500
92
1500
92
1500
92
1500
92
1500
92
1500
92
1500
92
1500
220
1500
92
1500
92
1500
92
1500
92
1500
92
1500
92
1500
92
1500
92
1500
92
1500
92
1500
92
1348
1500
1500
132
1500
92
1500
92
1500
92
1500
92
1500
92
1500
92
1500
92
1500
396
100
-612
-148
1500
92
1500
92
836
1500
1500
132
1500
92
1500
92
1500
92
1500
92
1500
92
1500
92
1500
92
1500
92
1500
92
100
-708
-148
580
1500
1500
164
1500
92
1500
92
1500
92
1500
92
1500
92
1500
92
1500
92
1284
660
-756
-1500
-148
100
-1284
-116
-564
1500
-500
204
-516
-1500
-924
1500
92
1460
-148
1500
500
1500
92
1500
1500
132
1500
92
1500
92
1500
92
308
1500
124
-484
308
-148
372
1500
92
100
-484
-148
1500
1500
100
1500
556
372
1364
-1500
-908
-148
900
308
100
-484
-148
420
116
100
-484
-148
100
-484
-148
436
100
-804
436
-148
1500
428
100
-548
-148
100
-596
724
-500
-740
404
372
1500
92
372
1500
92
1500
92
100
-852
420
1500
92
1500
92
1500
92
1500
92
1500
1500
132
1188
-148
100
-1108
-148
1500
92
1500
92
1500
92
1500
988
1500
1500
364
100
-852
-148
100
-1076
788
-1092
1500
1500
1500
820
1300
-116
-1364
-148
1500
108
100
-852
-1348
1500
1500
1500
1500
1500
1500
1500
1500
1500
1500
1500
124
1500
1500
1500
1500
1500
1500
1500
1500
748
468
1500
92
532
-116
-548
-148
116
372
1500
92
116
100
-852
1500
92
1500
92
1500
92
1500
92
1500
508
-116
-516
-148
1500
92
1500
92
1500
92
1500
92
1500
1500
132
372
1500
92
1500
92
100
-852
1500
92
1500
92
1500
92
1500
92
1500
92
1500
1500
132
1500
92
1500
92
1500
332
1500
1500
100
1500
1500
132
1500
1500
132
1500
92
1500
92
900
-116
-468
-1028
1500
92
1500
92
1500
108
372
1500
1500
100
-1316
372
1500
92
-148
708
1500
92
1500
92
1500
92
1500
92
484
100
-1348
-500
1500
92
1500
92
1500
92
1500
92
1500
92
1500
92
628
1500
908
1500
1132
-116
-1500
-236
-148
1500
92
1500
92
1500
1500
1500
1500
212
1500
92
1500
92
1500
92
1500
92
1500
92
1500
1500
1500
172
1500
92
100
-868
1500
92
1364
836
-468
-884
-148
116
1500
92
1500
92
1500
92
1500
92
1500
92
1500
92
1500
92
1500
92
1500
92
1500
92
1500
92
1500
92
100
-724
1092
532
-100
1500
92
1500
92
-116
-148
100
-1076
-148
100
-884
1500
92
1500
92
-148
1500
92
1500
492
1500
92
1500
220
100
-1204
116
-148
100
-1044
-148
1108
1500
92
1252
100
-1172
116
-148
1500
92
1500
92
100
-884
-148
1500
92
1500
92
1500
92
1500
1500
292
100
-1156
1348
-116
-148
564
100
-836
-148
100
-1092
180
-148
1500
844
100
-548
1500
-148
92
1412
372
1500
92
612
100
-884
-148
100
-580
804
1140
-116
-484
-148
372
1500
220
100
-884
-484
372
1500
508
500
-116
-116
-596
116
-468
-580
1500
92
1500
92
1500
92
1500
92
1500
92
1500
92
1500
92
1500
92
1500
92
1500
92
1500
92
1268
100
-916
-148
980
1108
100
-468
-148
1500
92
1500
92
1500
284
1500
92
1500
92
1500
92
100
-484
1500
-1412
92
1500
92
1500
92
1500
92
1500
1500
132
1500
92
1500
92
1500
92
1500
92
1500
92
1500
92
1500
428
1500
92
1500
92
1500
92
1500
92
1500
92
1500
92
1500
92
1500
92
1316
1500
1500
132
1500
92
1500
92
1500
92
1500
92
100
-788
1500
-884
92
1500
1500
132
1500
1500
132
1500
92
1500
92
1500
92
1500
92
948
-468
1500
92
1500
92
1500
92
1500
92
1500
92
1500
92
1500
92
1500
92
1500
92
1500
92
1500
300
-468
564
1500
92
1500
1052
-500
1500
92
1500
92
1500
92
1500
556
-468
1500
92
1500
92
1500
92
1500
92
1500
92
1500
92
1500
92
1500
92
1500
92
1500
92
1500
92
1500
92
1500
92
1500
92
1500
92
1500
92
1500
92
1500
92
1500
92
1500
92
1500
92
1500
92
1500
92
1500
444
-484
1500
92
1500
92
1500
1500
932
-484
1500
92
1500
92
1500
92
1500
1500
132
1500
92
1500
92
1500
92
1500
92
500
-484
1500
92
1500
92
1500
92
740
-468
1500
92
1500
92
1500
92
1500
92
1500
92
1500
92
1500
92
1500
92
1500
92
1500
92
1500
92
1500
92
1500
92
1500
92
1500
92
1500
92
1500
92
1500
92
1500
92
1500
92
1500
1500
1500
1500
1500
1500
1500
332
1500
1500
132
-100
1500
92
1500
92
1500
92
1500
92
1500
92
1500
92
1500
92
1500
92
1500
92
1500
1500
132
1500
92
1500
92
1500
92
1500
1500
1500
1500
1500
1500
1500
1500
372
1500
92
1500
92
1500
92
1500
92
1500
764
-468
1500
92
1500
92
1500
92
1500
1500
324
1500
92
1500
1500
132
1500
1500
132
1500
92
1500
92
1500
92
1500
1500
132
1500
92
1500
92
1500
1500
132
1500
92
1500
92
1500
92
1500
92
1500
92
1500
92
1500
92
1500
92
1500
92
1500
92
1500
92
1500
92
1500
92
1500
92
1500
92
1500
92
1500
92
1500
92
1500
92
1500
92
1500
92
1500
92
1500
92
1500
92
1500
92
1500
92
1500
92
1500
92
1500
92
1500
92
1500
92
1500
92
1500
92
1500
92
1500
92
1500
92
1500
92
1500
92
1500
620
1500
92
1500
92
1500
92
1500
92
1500
92
1500
92
1500
92
1500
92
1500
92
1500
92
1500
92
1500
92
1500
92
1500
92
1500
92
-100
1500
92
1500
92
1500
92
1500
92
1500
92
1500
92
1500
124
1500
92
1500
92
1500
92
1500
1500
132
1500
92
1500
92
1500
1500
132
1500
92
1500
92
1500
92
1500
92
1500
92
1500
92
1500
92
1500
508
1500
92
1500
92
1500
92
1500
1500
132
1500
92
1500
92
1500
92
1500
92
1500
92
1500
92
1500
92
1500
92
1500
92
1500
92
1500
92
-100
1500
92
1500
92
1500
92
1500
92
1500
92
1500
92
1500
140
1500
92
1500
92
820
-116
-148
100
-484
372
1500
92
356
308
-116
-148
100
-484
372
1500
828
-116
-148
100
-484
372
1500
492
-116
-660
