116
-148
100
-452
1500
108
1500
108
1500
108
1500
108
-148
1500
108
1500
108
1500
108
1500
108
1500
108
1500
108
1500
108
1500
108
1500
108
1500
108
1500
108
1500
108
100
-436
1500
-148
108
1500
108
1500
252
1500
108
1500
108
1500
108
100
-820
-148
1500
108
1476
372
100
-820
-148
372
100
-852
-148
100
-484
1500
-148
92
1500
92
1500
1500
180
-500
1500
92
1500
92
1500
92
-148
1500
92
1500
92
1500
92
1500
92
1500
92
1500
92
1500
92
1500
92
1500
92
1500
92
1500
92
1500
92
1500
92
1500
588
1220
-500
1332
-148
100
-500
1500
-148
92
1500
92
1500
1500
500
1500
92
1500
92
1500
92
-500
1500
92
1500
92
-148
1500
92
1500
92
1500
92
1500
92
1500
92
1500
92
1500
92
1500
92
1500
92
1500
92
1500
92
1500
92
1500
92
1500
636
-500
1500
-148
92
1500
92
1500
92
1500
92
1500
140
-484
1500
92
1500
92
1500
252
-148
916
1500
140
-564
1500
92
1500
92
1500
92
1500
92
1500
92
1500
92
1500
572
1500
92
1500
92
1500
92
-148
1500
92
1500
92
1500
92
1500
92
1500
92
1500
92
1500
92
1500
92
1500
92
1500
92
1500
92
1500
140
-516
1500
92
1500
380
548
-724
1500
92
1500
92
1500
92
1500
92
1500
92
1500
92
1500
92
1500
92
1500
92
1500
92
1500
92
868
1500
92
1500
92
1500
92
1500
92
1500
92
1500
92
1500
92
1500
92
1500
92
1500
92
1500
92
1500
92
1500
92
1500
92
1500
92
1500
92
1500
92
1500
92
1500
92
1500
92
1500
92
1500
92
1500
92
1500
300
-852
-1364
1140
420
-548
-1500
-1292
-1500
-108
1500
-148
92
1500
1500
132
1500
92
1500
92
1500
92
1500
92
1500
92
1500
92
1500
92
1500
92
964
1500
1500
132
1500
92
1500
92
1500
92
1500
92
1500
92
1500
92
1500
92
1500
92
1500
92
1500
92
1500
508
1500
92
1500
156
1500
92
1500
92
1500
92
1500
1500
132
1500
92
1500
92
1500
92
1500
92
1500
92
1500
92
1500
716
1500
92
1500
1500
92
1500
92
1500
1500
260
1500
92
1500
92
1500
1052
1500
92
1500
92
1500
92
1500
92
1284
1500
1500
132
1500
92
1500
92
1500
124
372
228
-116
-2948
-1268
-148
116
116
1500
92
1500
92
1500
92
1500
92
1500
172
-116
1500
92
1500
92
1500
1500
1500
92
1500
92
1500
1500
132
-516
1500
92
1500
412
-148
500
1500
1500
212
1500
92
1500
92
-532
1500
-148
92
1500
92
1500
1500
132
1500
92
1500
92
1500
92
1500
92
1500
92
1500
92
1500
92
1500
92
1500
92
1500
92
1500
92
1500
92
1500
92
1500
92
1500
92
1500
140
1500
92
1500
92
1500
1500
132
-516
1500
-148
92
1500
92
1500
1500
132
1500
92
1500
92
1500
92
1500
92
1500
92
1500
92
1500
92
1500
92
1500
92
1500
92
1500
92
1500
92
1500
92
1500
92
1500
92
1500
92
1500
92
1500
92
1500
92
1500
92
1500
92
1500
92
1500
92
1500
1500
1500
1500
1500
1500
1500
1500
1500
1500
1500
1500
1500
1500
1500
1500
1500
572
1500
1500
1500
140
-516
1500
-148
92
1500
92
1500
716
1500
1500
132
1500
92
1500
92
1500
92
1500
92
1500
92
1500
92
1500
92
1500
92
1156
1500
1500
132
1500
92
1500
140
-516
1500
-148
92
1500
92
1500
1500
132
1500
92
1500
92
1500
92
1500
92
1500
92
948
1500
92
1500
1500
132
1500
140
-516
1500
-148
92
1500
1500
1500
1500
92
1500
140
-500
1500
-148
92
1500
1500
132
1500
92
1500
92
1444
1300
724
100
-852
-148
100
-500
1500
-148
92
1500
92
1500
1500
132
1500
92
1500
92
1500
92
1500
92
1500
92
1500
92
1500
524
-516
1500
-148
92
1500
92
1500
1372
420
-564
1500
-148
92
1500
92
1500
796
100
-532
1500
-148
92
1500
812
100
-532
1500
-148
92
1500
92
1364
-532
1500
-148
92
1500
92
1500
1500
132
1500
92
1500
140
948
-532
1500
-148
92
1500
92
1500
1500
132
1500
92
1500
92
1500
1020
-516
1500
-148
92
1500
92
1500
1500
132
372
100
-532
-1500
-1500
-980
-1364
-1500
-988
1500
-644
92
1500
1500
132
1500
92
1500
92
1500
92
1500
92
1500
92
1500
92
1500
92
1500
92
1500
92
1380
1500
1500
132
1500
140
1500
92
1500
92
1500
92
1500
92
1500
92
1500
92
1500
92
1284
1500
1500
132
1500
92
548
1500
1500
132
1500
92
1500
92
1500
92
1188
1500
1500
132
1300
1500
1500
116
1500
92
1500
92
1500
92
1500
92
1500
92
116
116
372
164
-948
100
-516
1500
-148
92
1500
620
100
-500
1092
-148
100
-436
372
-148
1500
156
1500
92
1500
92
516
1428
1500
1500
132
116
1500
92
1428
1500
1500
100
1500
1500
1500
1500
92
1172
1500
1500
132
1500
620
1500
92
1500
92
1500
92
1500
92
1300
1500
1500
132
1500
1500
1500
92
1500
1500
132
1500
92
1500
92
1500
92
1500
1500
1500
92
1500
1500
1500
1500
1500
1500
1500
92
1500
92
1500
1500
100
1500
1500
100
1500
92
1500
92
1492
1500
1500
708
1500
1500
1500
1500
1500
540
1500
92
1500
92
1500
92
1500
92
1500
92
1500
92
1500
92
1500
92
1500
92
1500
92
1500
92
1348
100
-708
-148
1500
108
1500
108
1500
108
1500
108
100
-1500
-396
116
-148
1500
92
1500
1500
1268
1500
92
1500
1356
1500
92
-468
1500
92
628
-148
1500
92
836
1500
156
1500
204
-548
948
-148
100
-484
1500
-148
92
1500
204
-532
1236
-148
100
-548
804
-148
100
-1028
1500
-148
92
1500
92
1500
396
1092
-484
-1500
-508
1500
-612
92
1500
428
1500
92
1500
860
1500
780
1500
1500
132
1500
140
-484
1500
-148
92
1500
1052
1500
316
1500
-500
92
1500
-964
92
1500
92
1500
1500
132
1500
92
1500
92
1500
92
1500
92
1500
92
1500
156
-148
1236
1500
588
1500
204
116
116
100
-596
1220
-148
100
-644
-148
100
-756
900
-148
708
100
-596
-276
116
100
-692
756
-836
1236
724
100
-516
-212
820
-516
1500
92
1500
92
1500
92
1500
92
1500
92
1156
-148
100
-564
116
-1140
116
868
1500
92
1172
692
100
-852
-180
116
100
-500
452
-948
372
1500
508
-180
116
116
-660
100
1500
-676
92
1500
92
1500
220
-564
1500
-148
92
1500
92
1500
1500
132
1500
92
1500
92
1500
92
1500
92
1500
92
1500
92
1500
92
1500
92
1500
140
1500
92
1500
92
-564
1500
92
1500
92
1500
92
1500
92
1500
588
-148
1500
92
1500
92
1500
92
1500
92
1500
92
1500
92
1500
92
1500
92
1500
92
1500
92
1500
92
1500
92
1500
92
1500
92
1500
92
1500
92
1500
92
1500
92
1500
92
1500
92
1500
92
1500
92
1500
92
1500
140
1500
508
-548
1500
-148
92
1500
92
1500
1500
132
1500
1500
132
1500
92
1500
92
1500
92
1500
92
1500
92
1500
92
1500
92
1500
92
1500
140
1500
92
1500
92
1500
92
1500
92
1500
92
1500
92
1500
92
1500
92
1500
92
1500
92
1500
92
1500
92
1500
92
1500
92
-100
1500
92
1500
92
1500
92
1500
92
1500
92
1500
92
1500
92
1500
92
1500
92
1500
92
1500
92
1500
92
1500
92
1500
92
1500
92
1500
92
1500
92
1500
92
1500
92
1500
92
1500
92
1500
92
1500
92
1500
92
1500
92
1500
92
1500
92
1500
92
1500
92
1500
92
1500
92
1500
92
1500
92
1500
92
1500
92
1500
92
1500
92
1500
92
1500
92
1500
92
1500
92
1500
92
1500
92
1500
92
1500
92
1500
92
1500
92
1500
92
1500
92
1500
92
1500
92
1500
92
1500
92
1500
92
1500
92
1500
92
1500
92
1500
92
1500
92
612
1500
92
1500
92
1500
92
1500
1500
132
1500
92
1500
92
1500
92
1500
92
1500
92
1500
92
1500
92
1500
92
1500
92
-100
1500
92
1500
92
1500
92
1500
92
1500
92
1500
92
1500
92
1500
92
1500
92
1500
92
1500
92
1500
92
1500
92
1500
92
1500
92
1500
92
1500
92
1500
92
1500
92
1500
92
1500
92
1500
92
1500
92
1500
92
1500
92
1500
92
1500
92
116
116
100
-100
-948
100
-772
1500
-148
604
372
100
-852
-148
100
-580
-2948
-324
-148
1500
92
1364
180
1500
92
1500
1500
1500
1500
1500
1500
1500
1500
1500
1500
548
1500
-116
92
116
1500
1500
100
1500
1500
132
1500
92
1500
92
1500
92
1500
92
1500
92
1500
92
1500
92
1500
92
1500
92
1500
92
1500
92
1500
92
1500
92
1500
92
1500
92
1500
92
1500
92
1500
92
1500
92
1500
92
1500
92
1500
140
1500
92
1500
92
1500
92
180
-772
1500
92
-148
1500
92
1500
92
1500
92
1500
92
1500
92
1500
92
1500
92
1500
92
1500
92
692
1500
92
1500
92
1500
92
1500
1500
132
1500
92
-100
1500
92
1500
92
1500
92
1500
92
1500
92
1500
92
1500
92
1500
92
1500
92
1500
92
1500
92
1500
92
1500
92
1500
92
1500
92
1500
92
1500
92
1500
92
1500
92
1500
92
1500
92
1500
92
1500
92
1500
92
1500
92
1500
92
1500
364
1500
92
1500
92
1268
1500
636
1500
1500
132
1500
92
1500
92
1500
92
1500
92
1500
92
1500
92
1500
412
1500
92
1500
92
1500
92
1500
92
1500
92
1500
92
1500
92
1500
92
1500
92
1500
92
1500
92
116
1500
92
1500
92
1500
92
1500
92
1500
92
1500
92
1500
92
1500
92
1500
1500
1500
1500
1500
108
100
-852
-148
100
-564
1500
-148
316
420
-564
-116
1500
1500
132
1500
92
1500
92
1500
92
1500
92
1500
92
1500
92
1500
92
1500
92
1500
92
1140
-148
100
-532
-148
100
-804
1500
92
1500
92
1500
92
1500
92
1500
92
1500
92
1500
92
1500
92
1500
92
1500
92
1500
92
1500
92
1500
92
1500
92
1500
92
1500
92
1500
92
1500
92
1500
92
1500
92
1500
92
1500
92
1500
92
1500
92
1500
92
1500
92
1500
92
1500
92
1076
1460
-148
996
164
-2948
-516
116
-148
180
116
-116
116
1500
92
1500
1500
132
1500
92
1500
92
1500
1500
388
1412
596
116
372
484
-964
100
-836
980
-148
372
100
-868
-148
372
100
-868
-148
100
-628
372
-148
484
100
-868
-148
372
100
-5844
-196
-148
116
180
-116
180
-116
308
-180
964
-820
644
-148
500
932
-116
372
-660
372
1500
1500
772
1500
92
1500
92
1500
92
1500
92
1500
92
1500
92
1500
92
1500
92
1500
92
1500
92
1500
92
1500
92
1500
92
1500
92
1500
92
1500
92
1500
92
1500
92
1500
92
1500
92
1500
92
1500
92
1500
92
1500
92
1500
92
1500
92
1300
116
100
-964
-148
1500
108
1500
108
1500
108
1500
108
1156
1500
108
1500
108
1500
108
1500
108
1500
108
1500
108
1500
108
1500
108
1500
108
1500
108
1500
108
1500
156
-644
-148
100
-484
420
-148
916
1500
156
1500
108
-804
1500
-148
524
1500
92
1500
92
1500
92
1500
92
1500
92
1500
92
1500
1500
132
1500
92
1500
92
1500
92
1500
92
1500
92
1500
92
1500
92
1500
92
1500
92
1500
92
1500
92
1500
92
1500
92
1500
92
1500
92
1500
92
1500
92
1500
92
1500
92
1500
92
1500
92
1028
564
-692
708
-180
100
-532
660
-148
116
100
-788
-148
100
-484
1500
-148
92
1500
1500
1500
132
1500
92
1044
708
-436
1500
-148
108
1500
1500
1500
172
100
-676
1500
-148
108
1500
476
884
-468
-1500
-1372
-1500
-220
852
-740
1500
92
1500
92
1500
92
1500
92
1500
156
1500
92
1500
156
1396
1500
1500
132
1500
92
1500
92
1500
1044
1500
1420
1500
92
1500
1500
196
1500
284
1500
1500
132
1500
92
1500
92
1500
92
1500
92
1500
92
1396
1500
92
1500
156
1500
92
1500
92
1500
1500
100
1500
1500
132
1500
92
1500
92
1500
92
1500
92
868
1500
1500
132
1500
92
1500
156
1500
92
1500
156
1500
92
1500
92
1500
92
1500
92
1500
92
1500
92
1500
92
1500
92
1500
92
980
372
116
116
116
180
-116
100
-596
116
-148
100
596
-612
100
-500
1348
-148
884
228
-116
516
-596
100
-500
996
-148
1500
492
-500
724
-148
100
-500
1364
-148
100
-500
804
-148
100
-500
1500
-148
380
100
-500
-148
100
-500
916
-148
100
-500
996
-148
1252
-500
932
-148
100
-500
1500
-148
100
-500
-148
100
-500
1492
-148
100
-500
1500
-148
92
1500
796
-1076
-1500
-908
-2948
116
-836
468
-148
1396
1500
156
964
1500
1500
1476
1500
1148
1364
1500
1500
1028
1188
-756
1500
-148
92
1500
1500
564
660
388
-2948
-804
-500
1500
-148
92
1500
92
1500
1036
1500
1500
1500
124
1500
92
1500
1500
212
1500
116
1428
164
100
-1172
-148
100
-1500
-92
-1412
116
-148
100
1500
-548
92
1500
92
1500
428
1500
332
1500
428
1500
-148
476
100
-484
1500
108
1500
108
1500
1500
212
116
1500
108
1500
108
1500
108
1500
108
-532
1500
108
1500
108
1500
108
1500
108
1500
108
1500
108
1500
108
1500
108
-548
1156
-548
1500
108
1500
108
1252
-740
1412
-148
1300
164
-356
100
-516
1500
-628
92
1500
92
1500
1500
132
1500
92
1500
92
1500
92
1500
92
1500
92
1500
92
1500
92
1500
92
1500
92
1500
92
1500
92
1500
92
1500
92
1500
92
1500
92
1500
92
1252
1500
1500
220
100
-1500
-796
116
116
1500
-148
316
-212
836
-148
100
-1500
-332
676
324
-148
116
100
-500
1500
-180
108
1500
1500
164
1500
108
116
1500
108
1500
92
100
-596
1500
-148
108
1500
108
1500
1500
164
1500
108
1500
172
1500
108
1500
108
1500
1500
1500
220
1500
108
1500
108
1500
108
1500
108
1500
108
548
-468
100
1500
108
1500
972
-1500
-92
-148
1500
108
1500
108
1500
1500
1500
1244
-260
116
1500
108
1500
604
1500
204
916
1500
1500
148
1500
1500
1500
1500
1500
1500
404
116
-212
116
100
-628
116
-148
452
1220
868
-1204
1500
-404
236
-740
324
1500
1500
1500
1500
1500
1500
1500
1500
1500
1500
1500
1500
1500
1500
1500
1500
1500
1500
1500
1500
1500
844
116
-1076
804
1044
-580
548
1500
108
1500
1500
164
1500
108
1500
108
628
100
-1500
-268
-1500
-476
-564
-1500
-140
180
-116
116
868
1500
284
1500
236
1500
1500
804
1500
92
1300
-148
452
1500
92
1500
92
1500
92
1500
1500
132
1500
556
-148
100
-148
116
116
100
-148
100
-148
100
-148
100
-148
100
-452
-1500
-1500
-724
852
1500
508
1500
92
1500
92
1500
92
1500
1500
132
1500
92
1500
92
1500
92
1500
92
1500
284
1500
92
1500
92
1500
412
868
1500
1500
132
1500
92
1500
92
1500
92
1500
92
1500
92
1500
92
1500
92
1500
92
1500
844
1500
92
1500
92
1500
92
1500
92
1500
92
1500
92
1500
92
1500
92
1500
92
1500
92
1500
92
1500
92
1500
92
1500
92
1500
92
1500
92
1500
92
1500
92
1500
92
1500
92
1500
92
1500
92
1500
92
1500
92
1500
92
1500
92
1500
92
1500
92
1500
92
1500
92
1500
92
1500
92
1500
92
1500
92
1500
92
884
484
-116
116
-148
100
-260
1500
1140
-212
324
-772
836
116
-724
116
116
1500
1500
1500
1500
1500
1500
1500
1500
1500
108
-148
100
-1108
1500
-628
1500
1500
1500
1500
1500
948
1500
92
1500
140
1500
92
1500
1500
1500
1500
1500
172
-276
1500
92
1500
492
-404
324
116
-644
1500
92
1500
92
1500
92
1500
92
1500
92
1500
92
1500
348
100
-644
804
-116
116
-148
100
-532
628
-548
612
-148
100
-772
612
116
-148
100
-260
1500
92
612
-148
116
100
-948
-148
116
116
100
-1172
-148
100
-628
452
-244
1220
1500
1180
-148
500
-692
1500
140
1500
92
1500
796
100
-276
580
-692
484
-692
788
-340
116
452
-1500
-492
100
-964
1500
92
1500
92
836
1500
1500
132
1500
92
1500
92
1500
92
1500
92
1500
92
1500
92
1500
92
1500
92
1500
92
1500
92
1500
92
1500
92
1500
92
1500
92
1500
92
1500
92
1500
92
1500
92
1500
92
1500
92
1500
92
1500
92
1500
92
1500
92
1500
92
1204
116
692
-868
692
