-148
100
-468
1500
92
1500
92
1500
268
-116
-148
100
-484
1500
-148
108
1500
108
1500
1500
164
692
100
-484
516
-148
100
-596
852
-1076
100
-468
1500
-148
108
1500
108
1500
1500
1500
220
1500
1500
1156
1500
108
1500
108
1476
1500
668
-484
1500
-148
108
1500
108
1500
1500
164
1500
108
1500
108
1500
108
1500
108
1500
108
1500
156
1500
108
-516
1500
108
1500
-148
108
1500
108
1500
108
1500
108
1500
108
1500
108
1500
108
1500
1500
164
1500
108
1500
108
1500
108
1500
108
1500
108
1500
108
1500
108
1500
108
1500
108
1500
108
1500
156
1500
108
1500
108
-516
1500
108
1500
-148
108
1500
108
1500
1500
164
1500
108
1500
108
1500
108
1500
108
1500
108
1500
108
1500
108
1500
108
1500
108
1500
108
1500
108
1500
108
1500
108
1500
108
1500
108
1500
108
1500
108
1500
108
1500
108
1044
1500
108
1500
1500
1500
1500
1500
1500
1500
1500
1500
1500
1500
1500
1500
1500
-468
1500
892
1500
-148
108
1500
108
1500
108
1500
1500
164
1500
108
1500
108
1500
108
1500
108
1500
108
1500
108
1500
108
1500
108
1500
108
1500
108
1500
108
1500
108
1500
108
1500
108
1500
108
1500
108
1500
108
1500
108
1500
108
1500
108
1500
108
1500
108
1500
108
1500
108
1500
108
1500
108
1500
1500
164
1500
108
612
1500
108
1500
1292
1500
108
1500
1500
164
1500
108
1500
108
1500
108
1500
108
1500
108
1500
108
1500
108
1500
108
1500
108
1500
108
1500
108
1500
108
1500
108
1500
108
1500
108
1500
108
1500
108
1500
108
1500
108
1500
108
1500
108
1500
108
1500
108
1500
108
1500
108
1500
108
1500
108
1500
108
1500
108
-100
1500
108
1500
108
1500
108
1500
108
1500
108
1500
108
1500
108
1500
108
1500
108
1500
108
1500
108
1500
108
1500
108
1500
108
1500
108
1500
108
1500
108
1500
108
1500
108
1500
108
1500
108
1500
108
1500
108
1500
108
1500
108
1476
100
-996
-148
1500
108
1500
108
1500
108
1500
108
1500
108
1500
108
1500
108
1500
108
1500
108
1500
108
1500
108
1500
1500
164
1500
108
1500
108
868
100
-468
1500
92
1500
92
1500
92
1500
1500
1500
1500
1500
1500
1500
1500
1500
1500
1500
564
1500
92
1500
476
-980
468
-148
100
-2948
-548
-148
1500
108
1500
108
1500
108
1500
108
1500
204
900
1500
1500
1500
1500
132
-580
1500
108
1500
-148
332
1500
1500
164
1500
108
1500
108
1500
108
1500
108
1500
108
1500
108
1500
108
1500
108
1500
108
1500
108
1500
108
1500
108
1500
108
1500
108
1500
108
1500
108
916
100
-756
-148
100
-676
564
-148
1500
588
1500
1500
436
100
-740
1500
-148
1500
1500
1500
1500
1500
1500
1500
1500
1500
1500
1500
1500
1500
108
-836
1500
1500
1500
1500
1500
1500
1500
1500
1500
1500
1500
1500
1500
1500
156
1500
1500
1500
1500
1500
1500
1500
-148
1500
1500
1500
1500
1500
1500
1500
1500
1500
1500
1500
1500
1500
108
1500
1500
-708
1500
1500
-148
1500
1500
1500
1500
1500
1500
1500
1500
1500
1500
1500
1500
1500
1500
1500
1500
1500
1500
1500
1500
1500
1500
1500
1500
1500
100
-788
612
-148
1500
1500
1500
1500
1500
1500
1500
1500
-100
1500
1500
108
1500
1500
1500
1500
292
-724
1500
1500
1500
1500
1500
1500
1500
1500
1500
1500
1500
1500
1500
1500
1500
1500
1500
324
1500
1500
1500
1500
1500
1500
1500
1500
1500
1500
1500
1500
1500
1500
1500
1500
1500
1500
1500
1500
1500
1500
1500
1500
1500
1500
1500
1500
1500
1500
1500
1500
1500
1500
1500
1500
1500
1500
1500
-100
1500
1500
1500
1500
1500
1500
1500
1500
1300
1500
876
1500
92
1500
92
1500
92
1500
92
1500
1500
132
1500
92
1500
92
1500
92
1500
92
1500
92
1500
92
1500
92
1500
92
1500
92
1500
92
1500
92
1500
92
1500
92
1500
92
1500
92
1500
92
1500
92
1500
92
1500
92
1500
92
1500
92
1500
92
1204
-116
-436
