-148
100
-260
1508
580
-212
340
-612
820
1500
1500
1500
1508
1428
1500
1500
1516
1508
1508
1508
1508
1508
1508
1508
1508
772
-148
100
-260
1508
-148
1140
100
-148
100
-148
100
-148
100
-148
100
-212
324
-148
100
-148
100
-148
100
-148
100
-148
100
-148
100
-644
-1500
-252
1508
-1076
1500
1500
1508
1188
1500
796
1500
620
1500
620
1500
620
1500
796
1500
620
1500
1148
1500
588
1500
540
-724
644
-212
324
-212
340
-612
1508
-916
1508
1348
1500
1516
1508
1508
1796
-212
324
1500
572
-212
-1500
-444
324
1500
812
1500
1500
1500
1612
1508
868
-212
324
-612
-1500
-540
1508
1500
1508
1508
1508
1500
1508
1508
1508
-212
324
1500
1500
1500
1500
1036
1500
1516
1508
724
1500
1516
1268
-644
-1500
-380
1508
1500
1500
1188
1500
1500
340
1476
-212
1508
-644
1500
1508
1508
1028
1500
1500
1044
1500
1516
1204
1500
1500
340
1428
-644
-1500
-380
1508
-1236
1500
1684
-644
1508
1500
1700
1508
1508
1444
1500
-644
1500
1508
1332
-644
1508
-660
1508
1508
2036
1508
1508
948
-644
1508
-644
644
1500
1500
364
1500
1500
756
564
564
-548
452
1108
-468
