-148
100
-484
1500
92
1444
1500
1388
-148
100
-500
708
-148
1500
92
1500
92
1500
92
1444
1500
1388
1500
1388
1500
1500
1332
1444
1500
1500
-484
1500
92
1500
92
-148
1500
92
1500
92
1500
92
1500
92
1500
92
1500
92
1500
92
100
-484
1500
-148
92
1500
1500
132
1500
92
1500
92
1500
92
1500
92
1500
92
1500
92
1500
92
1500
92
692
1500
92
1500
1500
132
1500
92
1500
92
1500
92
1500
92
1500
92
1500
92
1348
1500
1500
804
1500
92
1500
92
1500
92
1500
92
1500
92
1500
92
1500
92
1500
92
1500
92
1500
92
1500
92
100
-644
1500
92
1500
92
1500
92
1500
92
1500
92
1500
92
1500
92
1500
92
1500
92
1500
92
1500
92
932
1500
1404
1500
780
1500
92
1500
92
1500
92
1500
92
1500
92
1500
92
1500
92
1500
92
1500
92
1500
1500
132
1500
92
1500
92
1500
92
1500
92
1500
92
1500
92
1500
92
1500
92
1500
92
1500
92
1500
92
1500
92
1500
92
1500
92
1500
92
1500
92
1500
92
1500
92
1500
92
1500
92
1500
92
1500
92
1500
92
1500
92
1500
92
1500
92
1500
92
1500
92
1500
92
1500
92
1500
92
1500
92
1500
92
1500
92
1500
92
1500
92
1500
92
1500
92
1500
92
1500
92
1500
92
1500
92
1500
92
-100
1500
92
1500
92
1500
92
1444
1500
1500
1500
316
1500
1388
1500
1388
1500
1500
1332
-1012
1500
-628
92
1500
460
1500
828
1428
-516
-1500
-476
676
-148
692
1500
172
1500
1100
1500
844
-516
1444
-148
1444
1500
1500
1332
1444
1500
1500
1332
1444
1500
972
-500
1500
-148
108
1500
108
1500
1500
164
1500
108
1500
108
1500
108
1500
108
1500
108
1500
108
1500
108
1500
156
1500
108
-484
1500
108
1500
-148
108
1500
108
1500
1500
164
1500
108
1500
108
1500
108
1500
108
1500
108
1500
108
1500
108
1500
108
1500
108
1500
108
1500
108
1500
108
1500
108
1500
108
1500
108
1500
108
1500
108
1500
108
1500
108
1500
108
1500
108
1500
108
1500
108
1500
108
1500
108
1500
108
1500
108
1500
108
1500
108
1500
156
-500
1500
-148
108
1500
108
1500
108
1500
1500
164
1500
108
1500
108
1500
108
1500
108
1500
108
1500
108
1500
108
1500
108
1500
108
1500
108
1500
108
1500
108
1500
108
1500
108
1500
108
1500
108
1500
108
1500
108
1500
108
1500
108
1500
108
-100
1500
108
1500
108
1500
108
1500
108
1500
108
1500
108
1500
108
1500
108
1500
108
1500
108
1500
108
1500
108
1500
108
1500
108
1500
108
1500
108
1500
156
1500
108
1500
108
1500
108
1500
108
1500
108
-516
1500
-148
108
1500
108
1500
1500
164
1500
204
1500
156
1500
108
1500
108
1500
108
1500
108
1500
108
1500
108
1500
108
1500
108
1500
156
1500
108
-516
1500
-148
108
1500
108
1500
620
1500
1500
132
1500
108
1500
108
1500
108
1500
108
1500
108
1500
108
1500
108
1500
108
1500
108
1500
108
1500
108
1500
108
1500
108
1500
108
1500
108
1500
108
1500
108
1500
108
1500
108
1500
108
1500
108
1500
108
1500
108
1500
156
-516
1500
-148
92
1500
92
1500
1500
132
1500
92
1500
92
1500
92
1500
92
1500
92
1500
92
596
1500
92
1500
1500
132
1500
108
1500
108
1500
108
1500
108
1500
108
1500
108
1500
108
1500
108
1500
108
1500
108
1500
108
1500
108
1500
108
1500
108
1500
108
1500
108
1500
108
1500
108
1500
108
1500
108
1500
108
1500
108
1500
108
1500
108
1500
108
1500
108
-100
1500
108
1500
108
1500
108
1500
108
1500
108
1500
92
1500
92
1500
92
108
1500
1500
164
1500
108
1500
108
1500
108
1500
108
1500
108
1500
108
1500
108
1500
108
1500
108
1500
108
1500
108
1500
108
1500
108
1500
108
1500
428
1500
92
1500
92
1500
92
1500
92
1500
92
1500
92
1500
92
1500
92
1500
1500
100
1500
92
1500
1500
1500
92
1500
92
1500
92
1500
92
1500
92
1500
92
1500
92
1500
92
1500
92
1500
92
1500
92
1500
92
1500
92
1500
92
1500
92
1500
92
532
1500
92
1500
92
1500
1388
1500
140
1500
1500
1332
1444
1500
1500
1332
1444
1500
1388
100
-548
596
-148
1500
92
692
1500
1500
772
-548
1444
-148
1444
1500
1388
1500
1388
1500
1500
1332
1444
1500
1500
676
1500
92
100
-532
1500
-148
92
1500
92
1500
92
1500
1500
132
1500
92
1500
92
1500
92
1500
92
1500
92
1500
92
1500
92
1500
92
1500
92
1500
140
-532
1140
-148
100
-516
-1500
-588
-1500
612
-628
1500
92
1500
92
1500
92
532
1500
1372
1500
92
1500
92
1500
1356
1500
220
1500
1500
724
1500
92
1500
92
-532
1500
92
1500
-148
92
1500
92
1500
1500
132
1500
92
1500
556
1500
92
1500
92
1300
1500
92
1500
92
1500
1500
132
1500
92
1500
92
1500
92
1500
92
1500
92
1500
92
596
1500
92
1500
1340
1500
1500
196
1500
92
1500
92
1500
92
1500
92
1500
92
788
1500
92
1500
92
1500
92
1500
1500
132
1500
92
1500
92
1500
92
1500
92
1500
92
1252
1500
1500
676
1500
92
1500
92
1500
92
1460
1500
140
1500
92
1500
92
-532
1500
1500
1500
132
-1028
1500
92
1500
92
1500
92
1500
92
1500
92
1500
92
1500
92
1500
92
1500
92
1500
92
580
1500
92
1500
92
1500
92
1500
92
1500
92
1500
92
1500
92
1500
1500
132
1500
92
1500
92
1500
92
1500
92
1500
92
1500
92
1500
92
1500
92
1500
92
1500
92
1500
92
1500
92
1500
92
1500
92
1500
92
1500
92
1500
92
1500
92
1500
92
1500
92
1500
396
-532
660
1500
1500
1500
92
1500
92
1500
92
1500
92
1500
92
1500
92
1500
92
1500
92
1500
92
1500
92
548
1500
1500
132
1500
-532
596
1500
92
1500
92
1500
1484
1500
1436
1500
1292
1500
1484
1500
1500
1332
1444
1500
1500
1332
1444
1500
-100
1484
1500
92
1500
92
1500
1500
132
1500
92
1500
92
1500
92
1500
92
1500
92
1500
92
1500
92
596
1500
92
1500
1500
132
1500
92
1500
92
1500
92
1500
92
1500
92
1500
92
1500
92
1500
556
596
1500
-532
1500
132
1500
92
1500
92
1500
92
1500
92
1500
92
1500
92
1500
92
1500
92
1500
92
1500
92
1500
92
1500
92
1500
188
-532
1500
92
1500
92
1500
92
1500
92
1500
92
1500
92
1500
92
1500
92
1500
92
1500
92
1500
92
548
1500
1500
132
1300
1500
1500
1500
92
1500
92
1500
92
-532
1500
92
1500
92
1500
92
1500
92
1500
92
1500
92
1500
92
1500
92
1500
92
1500
92
1500
92
1500
92
1500
92
1500
92
1500
92
596
1500
92
1500
92
1500
1500
132
1500
92
1500
92
1500
92
1500
92
1500
92
1500
92
1500
92
548
1500
1500
132
1500
92
1500
92
788
-532
1500
92
1500
92
1500
92
1500
92
1500
92
1500
92
1500
92
1500
92
1500
92
1500
92
1500
92
1500
92
1500
92
1500
92
1348
-532
1500
604
1500
92
1500
92
1500
92
-100
1500
92
1500
92
1500
92
1500
92
1500
92
1500
92
1500
92
548
1500
92
1500
492
-532
596
1500
92
1500
1500
132
1500
92
1500
92
-100
1500
92
1500
92
1500
92
1500
92
1500
92
1500
92
548
1500
92
1500
1340
1500
1500
964
-532
596
-532
1500
92
1500
92
1500
92
1500
92
1500
92
1500
92
1500
92
1500
92
1500
92
1500
92
1500
92
548
1500
1500
132
1500
92
1500
92
1028
-532
532
1500
92
1500
92
1500
92
1500
1500
132
1500
92
1500
92
1500
92
1500
92
1500
92
1500
556
1500
92
1500
92
1500
332
-532
1500
92
1500
92
1500
92
1500
92
1500
92
1500
92
1500
92
1500
92
1500
92
1500
92
1500
92
548
1500
1500
132
1500
92
1500
92
1500
92
1044
1500
1500
92
1500
92
1500
92
1500
92
1500
92
1500
92
1500
92
1500
92
1500
92
1500
92
1500
556
1500
92
580
1500
92
1500
92
1500
1500
132
1500
92
1500
92
1500
92
1500
92
1500
92
1500
92
1500
92
548
1500
1500
132
1300
1500
524
-532
1500
92
-100
1500
92
1500
92
1500
92
1500
92
1500
92
1500
92
1500
92
1500
92
1500
92
1500
92
548
1500
1500
132
1300
1500
1196
1500
-532
92
1500
1500
132
1500
92
1500
92
1500
92
1500
92
1500
92
1500
92
1500
92
548
1500
636
1500
1500
132
1500
92
1500
92
1500
92
1500
92
1500
92
1500
92
1500
92
1500
92
1500
92
548
1500
92
1500
1068
1500
1500
-532
580
-532
1500
92
1500
92
1500
92
1500
92
1500
92
1500
92
1500
92
1500
92
1500
92
1500
92
1500
92
548
1500
1500
132
1300
1500
604
1500
1500
132
1500
140
1500
92
-532
1500
92
1500
92
1500
92
1500
92
1500
92
1500
92
1500
92
-548
548
1500
1500
132
-100
1476
1500
-532
1500
132
1500
92
1500
92
1500
92
1500
92
1500
92
1500
92
1500
92
1500
92
1500
92
548
1500
1500
132
1500
92
1500
92
836
1500
1500
132
-532
1500
428
580
-148
1500
92
1500
92
1500
92
1500
92
1500
92
1500
92
1500
92
1500
92
1500
92
1500
92
1500
556
1500
92
1500
204
1444
1500
508
1500
636
1500
92
1500
1500
132
1500
92
1500
92
1500
92
1500
92
1500
92
1500
92
1500
92
548
1500
1500
132
1500
92
1500
92
1500
92
1364
1500
1500
132
1500
92
1500
92
1500
92
1500
92
1500
92
1500
92
1500
92
1500
92
1500
92
548
1500
1500
132
1300
1500
1500
92
1500
92
1500
1500
132
1500
92
1500
92
1500
92
1500
92
1500
1500
1500
668
1500
92
1500
92
1300
1500
284
1500
1500
1500
1500
1500
1500
1156
1500
1388
1500
1500
1204
-516
612
1500
1500
132
1500
92
1500
92
1500
92
1500
92
1500
92
1500
92
1500
92
1500
92
1500
92
1500
92
1500
92
1500
92
1500
92
1500
92
1500
92
1500
92
1500
92
1500
92
1500
92
1500
92
1012
1500
92
1500
1500
420
804
-148
100
-484
1500
92
1500
92
1500
92
1500
92
1500
92
1500
92
1500
92
1500
92
676
1500
700
-148
100
-820
-148
100
-740
964
-820
1500
556
-116
-148
900
100
-500
-148
100
-932
740
116
1500
572
-148
100
-1500
-1052
-148
484
1500
92
1500
1500
132
1500
92
1500
140
1500
108
1500
108
-1396
1500
-148
108
1500
108
1500
1500
164
1500
108
1500
108
1500
108
1500
108
1500
108
1500
92
1500
92
1500
92
996
1500
108
1500
108
1500
108
1500
108
1500
108
1012
-516
1500
-148
108
1500
108
1500
108
1500
108
1500
108
1500
108
1500
508
1500
1500
724
1500
1244
1500
-676
492
1500
92
1500
92
1500
1500
132
1500
92
1500
92
1500
92
1500
92
1500
92
1500
92
644
1500
1500
132
1500
92
1500
92
404
1500
92
1500
92
1500
92
1500
1500
132
1500
92
1500
156
1500
92
612
1108
100
-500
-148
100
-1156
244
-148
1500
92
1500
268
100
-676
-148
100
-468
1500
-212
108
1500
108
1500
1500
164
100
-484
1500
-148
108
1500
1500
164
1500
108
1500
108
1500
108
1500
108
1500
108
500
1500
1500
164
1500
108
1500
108
1500
108
1500
108
1252
180
-116
500
1500
140
1500
860
1500
140
-564
116
116
-148
100
-804
100
-1188
1500
-148
92
1500
924
1500
92
1500
92
1500
92
1500
92
1500
92
1500
92
1500
92
1500
92
1500
92
1500
92
1500
92
1500
92
1500
92
1500
92
1500
92
1500
92
1500
92
1500
92
1500
92
1500
92
1500
92
1500
92
1500
92
1500
92
1500
92
1500
92
1500
268
1500
92
1204
1500
460
-1500
-124
-148
100
-708
1500
-148
108
1500
748
1500
92
356
100
-468
-148
1500
108
1500
108
1500
108
100
-468
-708
-116
-148
836
676
-340
-804
100
-708
1500
-148
92
1500
604
1500
92
1500
1500
1492
1500
380
-708
1492
-148
1364
164
1500
-804
92
1500
1404
1500
140
1500
508
-708
1492
-148
1500
172
100
-708
-148
100
-708
-148
340
1500
1228
100
-708
-148
340
1500
1100
100
-708
-148
100
-708
-148
100
1500
1324
-1492
-148
116
116
1500
92
1500
92
1500
92
1500
92
1500
92
1500
92
1500
92
1500
92
1500
92
1500
92
932
340
1500
92
1332
100
-532
340
-148
1500
92
884
612
100
-804
-148
100
-468
1500
-372
1500
1500
1500
116
100
-1492
116
-148
116
116
116
1500
172
1500
1500
1500
1500
1500
1500
1500
564
100
-468
580
-148
884
1500
108
1500
-468
1500
-1500
-1116
340
1500
92
1500
1500
132
1500
92
1500
1500
1500
1500
1500
156
1500
92
1500
92
1500
92
1500
92
1500
92
1500
92
1500
92
1500
92
1500
92
1500
92
1500
92
1500
92
468
1500
92
1500
1500
132
1500
92
1500
92
1500
92
1500
92
1500
92
1500
92
1500
92
1500
92
1500
92
1500
92
1500
92
1500
92
1500
92
1500
92
1500
92
1500
92
1500
92
1500
92
1500
92
1500
92
1500
92
868
116
-148
100
-356
1500
1140
100
-148
100
-596
-548
-148
-212
324
740
756
100
-1492
1500
188
1500
1500
-116
1500
1500
1500
1500
1500
1500
1500
1500
1500
1500
1500
1500
1500
1500
1500
1500
1500
1500
836
116
100
-148
100
-1108
1500
-148
92
1500
92
1500
92
1500
92
1500
92
1500
92
1500
316
100
-148
436
532
100
-468
-340
1500
92
1500
492
-404
324
-148
100
-580
1500
-260
92
1500
92
1500
92
1500
1500
132
1500
92
1500
348
1500
1140
-212
324
-580
1500
1500
1500
1500
1500
1500
1500
1500
1500
1500
540
1500
1500
1500
1500
1500
1500
948
-116
-148
100
-468
-148
100
-596
1500
-148
108
1500
108
1500
1500
164
1500
92
1500
108
1500
108
1500
108
1500
108
1500
108
1500
108
1500
108
1500
108
1500
108
1500
108
1500
108
1500
108
1500
108
1500
108
1500
108
916
100
-260
116
116
1500
-212
92
724
-820
-148
596
1500
92
1500
92
1500
140
-1028
116
116
116
1500
92
1500
92
1500
92
1500
92
1500
92
1500
92
1500
92
1500
92
1500
92
1500
92
596
-148
1500
92
1500
92
1500
92
1500
92
1500
92
1500
92
1500
92
1500
92
1500
92
1500
92
1500
92
1500
92
1500
92
1500
92
1500
92
1500
92
1500
92
1500
92
1500
92
1500
92
1500
140
-756
1500
-148
92
1500
92
1500
1500
132
1500
92
1500
92
1500
92
1500
92
1500
92
1500
92
612
1500
92
1500
92
1500
1500
132
900
116
100
-660
-148
100
-564
1500
452
1500
492
-276
340
-916
516
516
-148
116
100
-708
1500
92
1444
1500
1500
-116
-308
-116
