-148
100
-468
484
-148
100
-468
1500
92
1500
92
-148
100
-596
1500
-148
92
1500
92
1500
1500
132
100
-596
1500
-148
92
1500
1500
132
1500
92
1444
1500
140
-596
1500
92
-148
1500
92
1500
92
1500
1500
1500
1500
260
1500
92
1500
92
1500
-148
92
1500
812
-580
1500
-148
92
1500
92
1500
92
1500
92
1500
92
1500
92
1500
1500
132
1500
92
1500
92
1500
92
1500
92
1500
92
1500
92
1500
92
1500
92
1500
92
1500
92
1500
92
1500
92
1500
108
1500
92
1500
92
1500
92
1500
92
100
-708
-148
1500
92
1500
92
1500
92
1500
92
1500
92
1500
92
100
-532
-148
724
1500
92
1500
92
100
-468
-1500
-380
1500
92
1500
92
1500
92
1500
92
1500
92
1500
92
1500
92
1500
92
1500
92
980
-148
1500
92
1500
140
1500
924
1500
92
1500
1404
1500
92
1500
92
1500
92
1500
92
1300
100
-772
564
564
-116
-660
580
-148
1500
92
1500
428
100
-820
-1500
-1116
1500
-212
92
1500
92
1500
124
1500
220
1500
140
-692
1500
92
1492
-148
1284
1500
1148
996
-708
-148
1500
1500
92
1500
92
1500
92
900
1500
92
724
100
-756
-1332
-1500
-636
-756
1500
1500
132
1500
172
740
-1332
1500
92
1500
956
788
1492
1492
1500
1500
132
1500
316
1500
92
1500
92
1500
92
1364
1500
92
1500
92
1500
92
1460
1500
92
1500
92
1500
92
676
436
516
-116
-660
-1500
-508
644
-788
868
1500
1500
132
1500
92
1500
92
1500
92
1500
92
1500
428
596
1500
92
1500
92
1500
92
1500
348
100
-756
436
724
-116
-724
1500
-692
92
1500
1500
132
1500
92
1500
92
1284
-692
-1500
-524
1500
-692
92
1500
92
1500
1500
132
1500
92
1500
92
1500
92
1500
92
1500
316
-692
1500
92
1500
92
1500
92
1500
92
1500
92
1500
92
1500
92
1500
92
1500
92
1500
92
1500
92
1500
92
1500
92
1500
92
1500
92
1500
92
1500
92
1500
92
1500
92
1500
92
1500
92
1500
92
1500
92
1500
92
1500
92
1500
92
1500
92
916
-692
1500
1500
-692
1500
92
1500
92
1500
92
1500
92
1500
92
1500
92
1500
92
1500
92
1044
-708
1500
92
1500
92
820
1500
1500
132
-676
1500
92
1500
92
1500
92
1500
92
1500
92
1500
92
1500
92
1500
92
1500
92
1500
92
1300
1500
92
1500
1500
132
1500
92
1500
92
1500
92
1500
92
1500
92
1500
92
1500
1500
92
676
-676
1500
-692
92
1500
1500
1380
820
-676
1500
-692
396
1500
-676
92
1500
1036
-660
1500
92
1500
92
1500
92
1500
92
980
-692
1236
-148
1076
1500
140
1500
956
-724
740
-148
100
-676
692
-148
100
-1500
-1068
-148
948
1500
92
1500
92
1500
1500
132
1500
332
1500
92
1500
92
1500
188
100
-1500
-1196
1500
92
1500
92
1500
92
788
-692
996
-692
1500
92
1092
-692
1500
92
1500
92
1500
524
-692
868
-836
900
1500
92
1500
92
1500
1500
132
1500
92
1500
268
612
-148
436
1236
1500
92
1500
92
1500
92
1500
300
1500
92
1500
92
1500
92
1500
92
1500
92
1500
92
1500
92
1500
92
1500
92
1500
92
1500
92
1500
92
916
1500
92
1500
92
1500
188
1500
92
1500
92
1500
92
1500
396
100
-868
-724
1500
-148
92
1500
92
1500
1500
132
1500
92
1500
92
1500
92
1500
92
1500
92
1500
92
1500
92
1500
92
1500
92
1500
92
1500
92
1500
92
1500
92
1500
92
1500
92
1500
92
1500
92
1500
92
1500
92
1500
92
1500
92
1500
92
1500
92
1428
100
-4396
-204
1500
92
1500
92
1500
92
1500
92
1428
-644
1300
-644
1500
92
1500
92
1500
92
1500
92
1500
332
-644
1124
1500
-628
1500
132
1500
92
1500
92
1188
-644
1500
92
1500
92
1500
92
1500
92
1500
92
1500
92
1500
92
1476
-628
1500
92
1500
92
1500
220
-644
1500
92
1500
92
980
-676
1500
92
1500
92
212
-676
1500
92
1500
92
1500
92
1500
92
884
-676
1500
92
1500
92
1500
92
1500
92
980
1500
92
1500
1500
-676
932
1500
92
1500
92
1500
92
-116
-676
1500
92
1460
-676
1500
92
1500
92
1252
-692
1500
92
1500
92
1028
1500
-692
1036
1500
92
-660
1204
-692
1500
92
1500
92
564
-692
852
1500
556
1500
92
1500
284
1500
204
1500
92
-148
1220
868
100
-804
-148
100
-628
-116
692
-116
-148
1500
92
1500
92
1500
92
1500
92
1500
92
1500
92
100
-820
-148
1500
92
1500
92
1500
92
1500
92
1500
92
1500
92
772
132
-820
-148
1500
92
1500
92
1500
92
1500
92
1500
92
1500
92
1500
92
1500
92
1500
92
1500
92
1500
92
100
-820
-148
900
1500
1500
164
1500
92
1500
92
1500
92
1500
92
1500
92
1500
92
1500
92
1500
92
1500
92
1500
92
1500
92
1500
92
1500
92
1500
92
1500
92
1500
92
1500
220
900
100
-820
-148
1500
140
100
-820
-116
-180
-116
148
-212
100
-916
724
-148
788
100
-692
-180
116
660
-116
-724
-1500
-572
1500
-1380
92
1500
1036
-708
1500
92
1500
156
-724
1500
92
1500
92
772
-708
1500
92
1500
92
1500
92
1500
92
1500
92
1500
92
1500
92
1500
92
1500
92
1500
252
-708
1500
92
1284
-708
1500
92
1500
300
-724
1500
92
1500
92
1492
-708
1500
92
1500
332
-708
1500
92
1500
-708
1500
92
1500
92
772
-708
1500
92
1500
588
-100
-724
1500
92
1500
92
1108
-724
1500
92
1500
92
660
-708
1500
92
1500
460
-724
1500
92
1500
92
708
-724
1492
1500
476
1500
428
1500
92
1348
1500
92
1500
92
1396
1500
92
1204
1500
92
1500
92
1044
-100
-708
1476
-116
