-148
100
-484
1500
92
1500
92
1500
92
1500
92
1500
124
-148
100
-500
1500
-148
92
1500
92
1500
92
1500
1500
132
1500
92
1500
92
1500
92
1500
140
-484
1500
-148
92
1500
1500
1500
172
1500
92
1500
1500
1500
132
1500
92
1500
92
1500
92
1500
92
1500
92
1500
92
1500
92
1500
92
1500
92
1500
92
1500
92
1500
140
1500
92
1500
92
1500
92
1500
1500
1500
172
-500
1500
92
1500
92
1500
92
1500
92
1500
92
1500
92
-148
1500
92
1500
92
1500
92
1500
92
1500
92
1500
92
1500
92
1500
524
1500
92
1500
92
1500
92
1500
92
1500
92
1500
92
1500
92
1500
92
1500
92
1500
92
1500
92
1500
92
1500
92
1500
92
1500
92
1500
92
1500
92
1500
140
1500
92
1500
92
1500
1500
132
-484
1500
92
628
-148
1500
92
1500
92
1500
92
-100
1500
92
1500
92
1500
92
100
-500
1500
-148
92
1500
92
1500
92
1500
1500
1188
1500
92
1500
92
1500
92
1500
140
-500
1500
-148
92
1500
860
1500
92
1500
524
1500
1500
180
1500
92
-516
1500
-148
92
1500
1500
1156
-516
1500
-148
92
1500
92
1500
92
1500
140
1500
92
1500
92
1500
92
-484
1500
-148
92
1500
92
1500
1500
564
-724
1500
92
1500
92
1500
92
1500
92
1500
92
1500
92
1500
92
1500
92
1500
92
1500
92
1500
92
1500
92
1500
92
1396
1500
1500
132
1500
92
1500
92
1500
92
1500
92
1500
92
1500
92
1500
92
1500
92
1500
92
1500
92
1500
92
1500
92
1500
92
1500
92
1500
92
1500
92
1500
92
1500
92
756
1500
92
1500
92
1500
1500
132
1500
92
1500
92
1500
92
1500
92
1500
92
1500
92
1500
-644
1500
92
1364
-148
100
-564
324
-772
692
-148
100
-948
1500
-148
1500
1500
1500
1500
92
1500
92
1500
92
1500
92
1500
92
1500
92
1500
92
1500
92
1500
92
1500
92
1500
92
932
1500
92
1500
92
1500
140
-1500
-1324
-148
1500
1500
1500
1500
1500
1500
1500
564
1500
972
1500
1500
132
1500
92
1500
92
1500
92
1500
92
1500
92
1500
92
1500
92
1500
92
1500
92
1500
92
1500
172
100
-532
644
-148
1500
92
1500
92
1500
92
1500
92
1500
92
1500
268
916
1500
124
1500
92
1500
92
1500
1500
132
1500
1500
132
1500
-548
92
1500
92
-148
1500
92
1076
1500
1500
180
-548
1500
-148
92
1500
92
1500
92
1500
1500
132
1500
172
-548
1500
-148
92
1500
92
1500
92
1500
140
1500
92
1500
-548
92
1500
1500
132
-148
1500
92
1500
92
1500
92
1500
92
1500
92
1500
92
1500
92
1500
172
1500
92
1500
140
1500
92
1500
92
-548
-1500
1500
-1084
92
1500
92
1500
92
-148
1500
92
1500
92
1500
92
1500
92
1500
92
1500
92
1500
92
1500
92
1500
92
1500
492
1108
-1500
-748
1500
92
1500
92
1500
92
1500
92
1500
92
1500
92
1500
92
1500
92
1500
92
1500
92
1500
92
932
1500
92
1500
1500
132
1500
92
1500
92
1500
92
1500
172
1500
92
1500
364
1500
92
1500
92
1500
92
-532
1500
92
1500
92
1500
92
1500
92
1500
1500
132
1500
92
1500
92
1500
92
1500
92
1500
92
932
1500
1500
132
1188
1500
732
1500
1500
132
1500
92
1500
92
468
1500
1500
132
1500
92
1500
92
1500
92
612
1500
92
1500
92
1500
92
1500
92
1500
1500
132
1500
92
1500
92
1500
92
1500
92
1500
92
1500
92
1500
92
1500
92
1500
92
1500
92
1500
92
1500
92
1500
92
1500
92
1500
92
1500
92
1500
92
932
1500
1500
132
1044
-852
1500
92
1500
92
1500
92
1500
92
1500
92
1500
92
1500
92
1500
92
1500
92
1500
220
1500
92
1500
92
1500
92
1500
92
1500
92
1500
92
1500
92
1500
92
1500
92
1500
92
1500
316
1500
92
1500
92
1500
92
1500
92
1500
92
1500
92
1500
92
1396
1500
1500
132
1500
92
1500
92
1500
92
1500
92
1500
92
1500
92
1500
92
1500
92
1412
900
-148
100
-644
516
-676
436
-148
100
-516
1500
108
1500
108
1500
108
1500
108
1500
108
1500
108
1500
108
1500
108
1500
108
1500
108
1500
108
1500
108
1500
108
1500
108
1500
108
1500
108
1268
-148
100
-756
1500
-148
92
756
-484
1500
-148
92
1500
92
1500
684
100
-468
1500
-804
92
1500
92
1500
364
-148
756
100
-580
292
-148
100
-532
788
-692
596
-580
1236
-580
740
-148
100
-500
756
-708
852
-580
948
-148
100
-548
1028
