-148
100
-484
1500
92
1500
92
1500
92
1500
92
1500
124
-148
100
-500
1500
-148
92
1500
1500
132
1500
92
1500
140
1500
92
1500
92
1500
1500
132
-484
1500
-148
92
1500
92
1500
1500
132
1500
92
1500
92
1500
92
1500
92
1500
92
1500
92
1500
92
1500
92
1500
92
1500
92
1500
1500
92
1396
1500
92
1500
1500
132
1500
140
1500
92
1500
92
-500
1500
92
1500
92
-148
1500
92
1500
92
1500
92
1500
92
1500
92
1500
92
1500
92
1500
92
1500
92
1500
92
1500
92
1500
92
1500
92
1500
92
1500
92
548
1500
92
1500
1500
132
1500
92
1500
92
1500
92
1500
92
1500
92
1500
92
1500
92
1500
92
1500
92
1500
92
1500
140
1500
92
1500
92
1500
1500
132
-484
1500
92
1500
92
1500
92
-148
1500
92
1500
92
628
1500
92
1500
1500
132
1500
92
1500
92
1500
92
-100
100
-500
1500
-148
92
1500
1500
132
1220
1500
860
1500
92
1500
140
1500
92
-500
1500
92
1500
92
-148
1500
92
100
-724
1500
-148
92
1500
92
1500
524
1500
92
1500
92
1500
92
1500
1244
-516
1500
-148
92
1500
716
-516
1500
-148
92
1500
92
1500
92
1500
140
1500
-484
92
1500
92
1500
92
1500
92
1500
92
1500
1500
508
1500
92
1500
92
1500
92
1500
92
1500
92
1500
92
1500
92
1500
1500
132
1500
92
1500
92
1500
92
-644
1500
92
1396
1500
92
1500
92
1500
1500
132
1500
92
1500
92
1500
92
1500
92
1500
92
1500
92
1500
92
1500
92
1500
92
1500
92
1500
92
1500
92
1500
92
1500
92
1500
92
1500
92
1500
92
1500
92
1500
92
1500
92
1500
92
1500
92
1500
92
1500
92
1500
92
1500
92
1500
1500
1084
-148
100
-564
324
-772
756
-148
100
-1444
1500
-148
1500
1500
1500
1500
92
1500
92
1500
92
1500
92
1500
92
1500
92
1500
92
1500
92
1500
92
1500
92
1500
92
1500
92
1500
92
1500
92
1500
92
932
1500
92
1500
284
-500
-1500
-876
1500
-148
1500
1500
1500
1500
1500
1500
564
1500
92
1500
972
1500
92
1500
92
1500
92
1500
92
1500
92
1500
1500
132
100
-532
1500
-148
92
1500
92
1500
1500
132
1500
92
1500
92
1500
92
1500
92
1500
92
1500
92
1500
92
932
1500
1500
132
1500
92
1500
92
1500
92
1500
364
644
1500
1500
308
1500
92
1500
92
1500
92
1500
172
1500
92
1500
92
1500
92
1500
92
916
1500
92
1500
92
1500
92
1500
92
1500
1500
92
1500
92
1500
1020
-548
1500
-148
92
1500
92
100
-548
1500
-148
92
1500
1500
132
1500
92
1500
92
1500
172
-548
1500
-148
92
1500
92
1500
92
1500
1500
132
1500
92
1500
140
-548
1500
-148
92
1500
92
1500
92
1500
1500
132
1500
92
1500
92
1500
92
1500
92
1500
92
1500
140
1500
92
1500
92
-2948
-1076
1500
92
1500
92
1500
1500
132
1500
1500
404
1500
92
1500
92
1500
92
1500
92
1500
92
1500
92
1500
92
708
-532
1060
1500
92
1500
92
1500
92
1500
1500
132
1500
92
1500
92
1500
92
1500
92
1500
92
1500
92
1500
92
1500
92
1500
172
1500
92
1500
92
1500
92
1500
92
1500
92
1500
92
692
1500
1500
132
1500
220
1500
92
1500
92
1500
92
1500
92
1500
92
612
1500
1500
132
1500
172
1500
92
1500
92
1500
92
1500
92
1500
92
1500
92
1500
92
1500
92
1500
92
1500
92
1500
92
932
1500
1500
132
1188
1500
1500
132
1044
1500
92
1500
92
1500
92
1500
92
1500
1500
132
1500
92
1500
92
1500
92
1500
92
1500
92
1500
92
1500
92
1500
92
1500
92
1500
92
1500
92
1500
92
1500
92
1500
92
1500
92
1500
92
1500
92
1500
316
1500
92
1500
92
1500
92
1500
92
1500
92
1500
92
1500
92
1500
92
1500
92
1500
92
1500
92
1500
92
1500
92
1500
92
1500
92
1500
92
1500
92
1500
92
1500
92
1500
92
1500
92
1500
92
1500
92
1500
92
1188
-148
100
-756
932
-148
100
-852
900
-148
100
-516
1500
-148
108
1500
1500
164
1500
108
1500
108
1500
108
1500
108
1500
108
1500
108
1500
108
1500
108
1500
108
1500
108
1500
108
1500
108
1500
108
1316
-644
516
-148
100
-676
436
-148
100
-756
1500
-148
92
756
-484
-148
100
-1220
1500
92
1500
92
1500
364
1500
92
1500
92
1500
92
692
-148
100
-580
292
-148
100
-532
788
-692
596
-580
756
1236
-580
740
-180
100
-500
756
-708
116
-580
948
852
116
-148
100
-548
996
-116
