-148
100
-468
1500
92
1500
92
1500
92
1500
92
1500
92
1500
92
1500
92
1500
92
1500
92
1500
92
1500
92
1500
92
1500
92
1500
92
1500
92
1500
92
1500
92
1500
92
1500
92
1500
92
1500
92
1500
92
1500
92
1500
92
1500
92
1500
92
1500
92
1500
92
1500
92
1500
684
-148
100
-516
1500
-148
92
1500
92
1500
140
1500
1500
132
-468
1500
92
92
1500
1500
1500
172
1500
92
1500
92
1500
92
1500
92
1500
92
1500
92
1268
-500
516
-148
100
-500
516
1500
92
1500
92
1500
428
-148
100
-500
516
-148
100
-724
-148
100
-500
340
-148
100
-516
1500
-148
92
1500
316
100
-516
1500
-148
92
1500
92
1500
1500
132
1500
92
1500
268
-516
1500
-148
92
1500
92
1500
92
1500
92
1500
92
1500
92
1500
572
-516
1500
-148
92
1500
92
1500
92
1500
92
1500
1500
420
-516
1500
-148
92
1500
92
1500
1500
132
1500
380
-516
1500
-148
92
1500
988
100
-516
1500
-148
92
1500
92
1500
1500
132
1500
92
948
-516
1500
-148
92
1500
1500
132
1500
92
1500
268
100
-1500
-396
-1500
-460
-516
884
-148
1500
92
1500
92
1500
92
1172
1500
1500
132
1500
92
1500
92
1500
92
1500
92
1500
92
1500
92
1500
92
1500
92
1500
252
1500
92
1500
92
1500
92
1500
92
1500
92
1500
92
1500
92
1204
1500
92
1500
92
1500
1500
1140
1500
92
1500
92
1156
1500
1500
132
1500
92
1500
140
1500
92
1500
92
1500
92
1500
92
1500
92
-468
1500
92
1500
92
1500
92
1500
92
1500
92
1500
92
1500
92
-148
1500
92
1500
92
1500
92
1500
92
1500
1500
1500
172
1500
92
1500
92
1500
92
1500
92
1500
92
1500
92
1500
92
1500
1500
132
1500
92
1500
92
1500
92
1500
92
1500
1228
1156
1500
92
-516
1500
-148
92
1500
92
1500
1500
132
1500
92
1500
92
1500
92
1500
92
1500
92
1500
140
1500
92
1500
92
-516
1500
-148
92
1500
1500
132
1500
92
1500
92
1500
92
1500
92
1500
92
532
1500
1500
612
1500
92
1500
92
-516
1500
-148
92
1500
1500
100
1500
92
1500
92
1500
92
1500
140
-516
1500
-516
92
1500
92
1500
508
1500
92
1500
92
1500
92
1500
92
1500
1500
132
1500
92
1500
92
1500
92
1500
284
1500
92
1500
92
1500
92
820
-516
1500
92
-516
1500
92
1500
220
1156
-580
548
-580
532
-148
100
-548
692
-148
100
-1268
452
-580
1500
92
1500
92
1500
92
1500
92
1500
492
-148
100
-1044
1500
-148
140
388
100
-1476
-740
516
-580
1500
172
-580
644
-580
1500
92
1500
92
1500
92
548
772
1500
108
1044
-468
1236
-644
340
-148
100
-532
532
-692
100
-468
1500
-148
92
1500
92
1500
92
1500
92
1500
92
1500
108
100
-772
1092
-148
100
-500
308
-180
100
-548
1500
-148
92
1500
92
1500
188
1500
92
1500
92
1500
92
1500
92
1500
1500
132
1012
1500
92
1500
172
1500
92
1500
92
1500
92
1500
1500
132
1500
92
1500
92
1500
92
1500
92
1500
140
-1500
-124
1500
92
1500
588
452
1500
1052
-1044
-596
1060
-756
804
548
116
-148
100
-1332
1500
108
1044
-580
564
1500
1500
1156
-1172
116
-900
-148
1500
108
948
100
-900
-116
-916
-148
116
116
1500
92
1500
92
756
100
-900
1500
-148
428
100
1500
428
-1500
-636
-148
116
116
1500
140
1500
92
1500
92
1500
92
980
228
-116
836
-676
100
-468
1500
-148
92
1500
92
1500
124
1500
92
1500
1500
148
1500
92
1500
92
1500
108
1500
156
1500
108
1500
92
1500
92
-468
1500
-212
92
1500
172
1500
1500
132
1500
108
612
1500
108
1500
108
1500
1500
164
1500
108
1500
108
1500
1500
132
1500
92
1500
92
1500
92
1500
92
1500
92
1500
92
1500
92
1500
92
1500
92
1500
92
1500
92
1500
92
1500
124
100
-500
1500
-148
92
1500
92
1500
92
1500
92
1500
92
1500
1500
132
1500
92
1500
92
1500
92
1500
92
1500
92
1500
92
1500
92
1500
92
1500
92
1500
876
1500
92
1500
92
1500
1500
100
1500
92
1500
1500
100
1500
92
1500
684
916
-516
564
-148
116
100
-532
500
116
-212
100
-548
116
-148
1500
92
1500
92
1500
1500
132
1500
92
1500
92
1500
316
116
100
-260
-148
100
-756
116
-148
116
1500
92
1500
492
1500
108
1500
1500
164
1500
108
1500
108
1500
92
1500
92
612
100
-148
100
-1412
564
116
-644
1500
108
1500
108
1500
108
1500
108
1500
108
1500
108
1500
108
1500
108
1500
108
1500
108
1500
108
1500
108
1500
108
1500
108
1500
108
1500
108
1500
108
1500
108
916
500
1500
140
1500
92
820
1500
100
116
-660
1172
116
116
100
-532
1500
-148
108
1500
108
1500
1500
164
1500
108
1076
-148
100
-756
116
-148
180
100
-116
-1140
100
-980
1500
-148
92
1500
876
1500
1500
132
1500
92
1500
92
1500
92
1500
92
1500
92
1500
92
1500
92
1500
92
1500
92
1500
92
1500
92
1500
92
1500
92
1500
92
1500
92
1500
92
1500
1500
1500
172
1500
92
1500
92
1500
140
1500
92
1500
92
-756
1500
92
1204
1500
732
772
-276
-820
1500
108
1500
108
580
-660
324
340
1500
108
1500
108
1500
108
980
452
1220
820
-404
324
-1412
1500
92
1500
92
1500
92
1500
92
1500
92
1500
92
1500
348
-404
-548
548
1500
108
1500
1500
164
1500
108
1500
108
628
132
-564
692
1500
108
1500
108
1284
1500
828
-116
