-1779991459
-1779916747
-1779916270
-1779569052
-1779567887
-1779392484
-1779392228
-1779332399
-1779328154
-1779327457
-1779322312
-1779322256
-1779322137
-1779283676
-1779282973
-1779272149
-1779272113
-1779272042
-1779272006
-1779271793
-1779271754
-1779271691
-1779267947
-1779267816
-1779267794
-1779267683
-1779267677
-1779267532
-1779266592
-1779258150
-1779258130
-1779258032
-1779258022
-1779257810
-1779257747
-1779257704
-1779254119
-1779215683
-1779214950
-1779209900
-1779209856
-1779209654
-1779205884
-1779204212
-1779199971
-1779199950
-1779199509
-1779159671
-1779158833
-1779143981
-1779143936
-1779143750
-1779143582
-1779143424
-1779139629
-1779139421
-1779139310
-1779138898
-1779138445
-1779137833
-1779137825
-1779132535
-1779118575
-1779118470
-1779118398
-1779118326
-1779118263
-1779118190
-1779118159
-1779114406
-1779114158
-1779113906
-1779113801
-1779113530
-1779113417
-1779113212
-1779112827
-1779109304
-1779105847
-1779105605
-1779105495
-1779105389
-1779105240
-1779104847
-1779104737
-1779104470
-1779104147
-1779103980
-1779103803
-1779103667
-1779103659
-1779103505
-1779102819
-1779102639
-1779102506
-1779102411
-1779102261
-1779102151
-1779090630
-1779090041
-1779070281
-1779070187
-1779070018
-1779069880
-1779055508
-1779055269
-1779055161
-1779055030
-1779054921
-1779054639
-1779054531
-1779054363
-1779053856
-1779053610
-1779053368
-1779053231
-1779052713
-1779052597
-1779052457
-1779052307
-1779052180
-1779052073
-1779051929
-1779051810
-1779051704
-1779051697
-1779047994
-1779046800
-1779046629
-1779046519
-1779046385
-1779046279
-1779046143
-1779045977
-1779045872
-1779045739
-1779045633
-1779045478
-1779045370
-1779045263
-1779045125
-1779045000
-1779044959
-1779044854
-1779044747
-1779044727
-1779044624
-1779044602
-1779044500
-1779044479
-1779044005
-1779043893
-1779043766
-1779043699
-1779043618
-1779043596
-1779043503
-1779043397
-1779043325
-1779043247
-1779043224
-1779043136
-1779042972
-1779042294
-1779042181
-1779042161
-1779042055
-1779041052
-1779040943
-1779040777
-1779040665
-1779040499
-1779040391
-1779040283
-1779040129
-1779040001
-1779039886
-1779039650
-1779039542
-1779039531
-1779039397
-1779039291
-1779039183
-1779039150
-1779039013
-1779037608
-1779037361
-1779036516
-1779036296
-1779036183
-1779035934
-1779035748
-1779035643
-1779035633
-1779035495
-1779035386
-1779035248
-1779035127
-1779035018
-1779034877
-1779034473
-1779034305
-1779034198
-1779034089
-1779033914
-1779033804
-1779033632
-1778993117
-1778973724
-1778783624
-1778773149
-1778772144
-1778761590
-1778651385
-1778650111
-1778649859
-1778643930
-1778636510
-1778632718
-1778631760
-1778628591
-1778520241
-1778510312
-1778510001
-1778500008
-1778499231
-1778498549
-1778498328
-1778488966
-1778488630
-1778478918
-1778430199
-1778426149
-1778425862
-1778420635
-1778420519
-1778420509
-1778420258
-1778420148
-1778408250
-1778380980
-1778380686
-1778350470
-1765657384
-1765657048
