1084239107
1084479650
1084479939
1084721860
1084901235
1085126422
1085126765
1085428369
1085428393
1085428554
1085428559
1085454684
1085458876
1085460489
1085467973
1085468011
1085468029
1085468096
1085468197
1085468365
1085468456
1085468472
1085469824
1085470270
1085472441
1085472462
1085472474
1085472773
1085472911
1085472920
1085473023
1085473042
1085473190
1085476301
1085476403
1085476592
1085477182
1085477211
1085477474
1085478870
1085478899
1085479244
1085479259
1085479438
1085479451
1085479753
1085479766
1085479952
1085479965
1085480337
1085480345
1085480360
1085480463
1085480471
1085480632
1085480644
1085480866
1085480993
1085481723
1085481838
1085484137
1085484298
1085484841
1085488253
1085488287
1085489080
1085489103
1085490050
1085490068
1085490245
1085490256
1085490293
1085490618
1085490640
1085490741
1085490755
1085491116
1085491130
1085491255
1085491267
1085491722
1085491737
1085492127
1085492141
1085492775
1085492789
1085492924
1085492938
1085493072
1085498996
1085499113
1085499124
1085499359
1085499369
1085499514
1085499524
1085499657
1085499745
1085499751
1085499911
1085499926
1085499980
1085500019
1085500028
1085500379
1085500396
1085500525
1085540182
1085653928
1085653947
1085654170
1085654179
1085654409
1085654418
1085654650
1085654658
1085694874
1085695278
1085732080
1085880549
1085880573
1085880796
1085880805
1085881047
1085881055
1085881414
1085881423
1085881794
1085881803
1085881921
1085881929
1085882167
1085882176
1085882421
1085882429
1085882566
1085882570
1085882668
1085882674
1085882802
1085882810
1085882907
1085882913
1085883242
1085883252
1085883351
1085883359
1085883513
1085883520
1085883665
1085921465
1085951816
1085952434
1085952557
1085952671
1085952780
1085955862
1085956662
1085956695
1085956796
1085956802
1085957052
1085957060
1085957187
1085957192
1085957294
1085958026
1085958144
1085958177
1086148127
1086148839
1086173652
1086173679
1086173858
1086173864
1086354550
1086393425
1086393448
1086393607
1086393612
1086393826
1086393835
1086393935
1086393941
1086394350
1086395357
1086403211
1086403222
1086613431
1086613455
1086613677
1086613683
1086653424
1086653853
1086653965
1086654100
1086654353
1086654835
1086657148
1086657184
1086657397
1086657406
1086657549
1086657762
1086657886
1086658010
1086658090
1086658163
1086658267
1086658282
1086658473
1086658483
1086658580
1086658590
1086658653
1086659137
1086697468
1086698048
1086706317
1086706352
1086706364
1086706434
1086706600
1086745451
1086884884
1086884906
1086885041
1086898386
1086898752
1086898890
1086898976
1086899070
1086899234
1086902676
1086902801
1086902839
1086903046
1086903066
1086903073
1086905442
1086905478
1086908104
1086908123
1086908334
1086908346
1086908481
1086998300
1086998328
1086998537
1086998544
1086998692
1086998790
1086998855
1086998956
1086998962
1086999106
1086999425
1086999434
1087001187
1087001196
1087001441
1087001451
1087001592
1087001768
1087001773
1087002015
1087002026
1087002125
1087002227
1087002252
1087002370
1087092150
1087092358
1087092820
1087094713
1087110150
1087110325
1087112608
1087112630
1087113885
1087113909
1087114012
1087114019
1087114255
1087114264
1087114361
1087114367
1087114504
1087114510
1087114614
1087114636
1087114904
1087114914
1087115994
1087119148
1087134357
1087228230
1087228255
1087228461
1087228470
1087228665
1087229564
1087317995
1087318535
1087518947
1087557437
1087559478
1087560194
1087563545
1087563586
1087563761
1087563775
1087563911
1087567015
1087567133
1087567256
1087567396
1087567405
1087567502
1087567510
1087567748
1087567756
1087567901
1087571722
1087573892
1087574063
1087574687
1087574697
1087574798
1087574803
1087574952
1087574960
1087575092
1087575100
1087575248
1087575583
1087575592
1087575642
1087576141
1087576151
1087576249
1087576256
1087576401
1087576408
1087576564
1087576570
1087576678
1087576683
1087578014
1087578025
1087578266
1087578274
1087578522
1087578530
1087578633
1087578638
1087578772
1087578779
1087578877
1087578884
1087579025
1087579029
1087579121
1087579139
1087579267
1087579274
1087579371
1087579378
1087579515
1087579550
1087579640
1087579657
1087579744
1087579769
1087580262
1087580270
1087580388
1087580393
1087580632
1087580641
1087580775
1087580780
1087580940
1087580948
1087581187
1087581196
1087581436
1087581445
1087581728
1087581736
1087582345
1087582353
1087582613
1087582620
1087582764
1087582867
1087582988
1087583115
1087583214
1087583359
1087583431
1087583525
1087583661
1087583670
1087583766
1087583783
1087583910
1087583916
1087584052
1087584059
1087584200
1087584282
1087584358
1087584388
1087584490
1087584494
1087584515
1087585418
1087585429
1087585562
1087585566
1087585723
1087585728
1087585829
1087585845
1087585973
1087585980
1087586130
1087586135
1087586234
1087586242
1087586380
1087586387
1087586537
1087586543
1087586639
1087586662
1087586789
1087586797
1087586897
1087586903
1087587039
1087587046
1087587144
1087587148
1087587284
1087587310
1087587408
1087587415
1087587556
1087587563
1087587708
1087587808
1087587944
1087587949
1087588237
1087591231
1087591242
1087591250
1087591340
1087591441
1087591538
1087591678
1087591685
1087591874
1087591879
1087591982
1087591987
1087592267
1087592362
1087592371
1087592537
1087592548
1087592555
1087592620
1087592721
1087592866
1087592965
1087593102
1087593202
1087593394
1087593495
1087593591
1087593676
1087593772
1087593858
1087593966
1087594067
1087594074
1087594204
1087594212
1087594355
1087594662
1087594673
1087594817
1087595069
1087596717
1087596727
1087596870
1087596875
1087597002
1087597153
1087597267
1087597311
1087598171
1087598263
1087598390
1087598489
1087598498
1087598836
1087598845
1087598939
1087599042
1087599168
1087599172
1087599317
1087599423
1087599525
1087599541
1087599680
1087600393
1087600530
1087600538
1087600680
1087607658
1087611001
1087613167
1087617004
1087617015
1087617023
1087617299
1087617382
1087617406
1087617531
1087617539
1087617637
1087617642
1087617913
1087617919
1087618160
1087621260
1087621271
1087621277
1087625221
1087625232
1087625379
1087625667
1087627998
1087628012
1087628018
1087628207
1087628340
1087628500
1087628593
1087628629
1087628845
1087628852
1087628962
1087628966
1087629272
1087629281
1087629423
1087630938
1087631144
1087631156
1087631342
1087631350
1087631497
1087631502
1087631595
1087631651
1087631844
1087633607
1087633876
1087633888
1087634033
1087634063
1087634070
1087634296
1087634307
1087635824
1087639274
1087643788
1087644143
1087652759
1087652770
1087656821
1087657317
1087666235
1087666246
1087668949
1087668959
1087669089
1087708648
1087709496
1087709509
1087709740
1087712699
1087718412
1087902696
1087903327
1088096819
1088133465
1088133913
1088135728
1088152387
1088152400
1088152409
1088152496
1088152615
1088152787
1088152872
1088152888
1088153136
1088153145
1088153242
1088153250
1088153390
1088153395
1088153749
1088153758
1088153890
1088153897
1088153995
1088154002
1088157941
1088157950
1088158048
1088158056
1088158200
1088158208
1088158303
1088158311
1088159326
1088159335
1088159582
1088159590
1088159688
1088159697
1088159833
1088159840
1088159938
1088159945
1088160079
1088160086
1088160184
1088160200
1088160383
1088160390
1088160581
1088160590
1088160690
1088160694
1088161204
1088161213
1088161336
1088161344
1088162318
1088162327
1088162463
1088333162
1088334358
1088334370
1088337315
1088337660
1088337722
1088337775
1088337894
1088337900
1088338192
1088338201
1088338329
1088338334
1088338522
1088338675
1088338756
1088338807
1088338815
1088338912
1088338920
1088339385
1088339395
1088339515
1088339622
1088339723
1088339740
1088339768
1088339872
1088339877
1088340380
1088340391
1088340553
1088340561
1088340703
1088340717
1088340846
1088340851
1088340875
1088340964
1088340969
1088341145
1088341155
1088342199
1088342208
1088342310
1088342315
1088342484
1088342493
1088342618
1088342999
1088343008
1088343107
1088343930
1088343942
1088344543
1088344552
1088344653
1088344658
1088344810
1088344816
1088344902
1088344976
1088345105
1088345110
1088345222
1088345287
1088345361
1088345378
1088345601
1088345635
1088345894
1088346129
1088346233
1088346415
1088346547
1088346553
1088346644
1088346691
1088346855
1088346960
1088347206
1088347307
1088347386
1088348310
1088348321
1088348636
1088348774
1088348785
1088349899
1088349913
1088350626
1088350634
1088350880
1088350886
1088351256
1088351265
1088351377
1088351382
1088351545
1088351551
1088351724
1088351770
1088351876
1088352195
1088352222
1088352363
1088352415
1088352532
1088352697
1088352871
1088352881
1088353003
1088353009
1088353415
1088353516
1088353988
1088354158
1088356486
1088356496
1088356595
1088356603
1088356790
1088357116
1088357222
1088357262
1088357404
1088357411
1088357702
1088357711
1088357838
1088357844
1088357942
1088358177
1088358261
1088359670
1088359684
1088359827
1088363591
1088363723
1088438849
1088438875
1088439085
1088439094
1088511151
1088519582
1088684147
1088684714
1088858566
1088858576
1088858767
1088858773
1089031815
1089031829
1089031960
1089031968
1089032076
1089032082
1089032236
1089032243
1089044471
1089205007
1089205030
1089205242
1089205247
1089205453
1089205462
1089205561
1089205569
1089205807
1089205816
1089205921
1089205928
1089280067
1089280987
1089281198
1089378702
1089378725
1089378944
1089378950
1089379057
1089379062
1089379195
1089379203
1089379299
1089379305
1089379581
1089379589
1089379686
1089379693
1089379847
1089379855
1089380247
1089380256
1089380393
1089380399
1089380588
1089380597
1089380694
1089380702
1089381294
1089381303
1089381400
1089381408
1089509273
1089509679
1089509990
1089517308
1089553140
1089553268
1089553397
1089553495
1089553512
1089553640
1089553649
1089553747
1089553753
1089553998
1089554006
1089554128
1089554133
1089554232
1089554237
1089554519
1089554529
1089554771
1089554780
1089554878
1089554883
1089555169
1089555178
1089555279
1089555284
1089555411
1089555418
1089555515
1089555521
1089555667
1089555673
1089555989
1089555998
1089556126
1089556132
1089556252
1089556260
1089738725
1089777408
1089778221
1089816300
1090014920
1090053423
1090054115
1090054327
1090281341
1090282572
1090282807
1090283196
1090321468
1090461552
1090462379
1090500357
1090512347
1090642512
1090673958
1090674706
1090675095
1090675121
1090852749
1090853286
1092836957
1092838492
1092838676
1092845687
1092845728
1092845737
1092845819
1092845979
1092846305
1092849453
1092849489
1092849671
1092849682
1092849820
1092850120
1092856277
1092856308
1092862803
1092862822
1092862925
1092862931
1092863056
1092863091
1092863172
1092863206
1092863334
1092863340
1092863437
1092863441
1092863702
1092863710
1092863800
1092863826
1092863949
1092864043
1092864091
1092864221
1092864254
1092873119
1092873132
1092873140
1092873539
1092873668
1092873702
1092873834
1092873873
1092873928
1092873958
1092874061
1092874077
1092883827
1092883836
1092883844
1092884105
1092884250
1092884565
1092890603
1092890616
1092890852
1092890861
1092891197
1092893151
1092893163
1092893392
1092893402
1092893696
1092895806
1092895818
1092896057
1092896065
1092896335
1092909468
1092909481
1092909710
1092909718
1092909991
1092923963
1092923977
1092926007
1092926016
1092926397
1092932184
1092932214
1092932437
1092932445
1092932585
1092932837
1092946240
1092946254
1092946501
1092946506
1092946628
1092950900
1092950934
1092950946
1092951124
1092951230
1092954771
1092954895
1092956076
1092956177
1092956325
1092956464
1092956610
1092956747
1092956756
1092978348
1092978369
1092978552
1092978557
1092994500
1092994510
1092994650
1093831415
1093834311
