944038473
947324565
947324905
947617544
947621756
947914389
947914673
949083742
949089621
949090931
949091132
949529179
949529202
949530231
949558665
949559860
949560064
949563740
949563778
949563794
949592339
949592485
949592947
949593095
949601211
949601359
949605955
949606083
949606790
949606899
949608071
949608238
949624997
949699022
949699348
949699511
949700249
949701417
949701847
949702670
949702687
949702698
949702805
949702929
949703229
949703321
949703445
949703566
949703575
949703868
949703877
949704014
949706751
949706896
949706903
949707175
949707183
949707281
949707289
949707364
949708718
949708730
949708737
949708829
949708927
949709086
949709213
949709221
949709320
949709343
949709470
949709478
949709716
949709724
949709910
949709918
949710457
949710465
949710583
949710590
949710964
949710973
949711110
949711117
949712067
949712076
949712174
949712201
949712327
949712336
949712435
949712443
949713201
949713210
949713350
949713359
949713580
949713590
949713692
949713697
949713828
949713835
949713931
949713953
949714077
949714196
949714201
949714262
949714563
949714574
949714580
949714902
949714982
949714990
949715087
949715095
949715233
949715237
949715330
949715347
949715485
949715492
949715588
949715663
949715740
949715766
949716000
949716008
949716682
949716690
949716817
949716822
949716979
949716986
949717105
949717109
949717286
949717294
949717392
949717400
949717532
949717539
949717874
949717884
949718007
949718016
949718115
949718124
949719040
949719048
949719277
949719285
949719413
949719422
949719664
949719672
949719791
949719796
949719914
949719922
949720019
949720044
949720170
949720180
949720418
949720427
949720656
949720664
949720844
949720853
949721867
949724451
949724461
949724469
949724558
949724660
949724826
949724916
949724924
949724977
949725034
949725168
949725172
949725269
949725276
949725424
949725429
949725555
949725605
949725687
949725711
949725797
949725916
949725934
949726058
949726124
949726996
949727005
949727129
949727134
949727216
949727232
949727238
949727480
949727490
949727622
949727628
949727725
949727732
949727875
949727882
949728009
949728016
949728115
949728120
949728248
949728255
949728394
949728402
949728500
949728522
949728651
949728658
949728757
949728762
949728895
949728902
949729003
949729021
949729144
949729151
949729261
949729273
949731591
949731600
949732472
949732481
949733042
949777373
949778226
949778234
949851698
949851717
949851882
949925920
949925935
949926150
949926159
949926359
949926368
949926738
949926746
949927099
949927107
949927239
949927246
949927638
949927647
949927785
949935268
949935279
949935415
949935422
949935578
949935584
949937162
949937171
949937420
949937430
949937530
949937535
949937669
949937677
949937903
949937912
949938188
949938198
949938203
949938209
949938213
949939445
949939454
949939577
949939583
949939703
949939711
949939951
949939959
949940057
949940083
949940211
949940219
949940316
949940325
949940745
949940754
949940892
950193180
950193212
950194767
950194783
950194986
950195000
950196517
950196531
950196628
950196641
950196786
950196798
950196895
950196908
950198232
950198246
950198373
950198381
950198536
950198544
950198694
950198702
