1012148155
1012323875
1012324170
1012541845
1012541867
1012542044
1012542052
1012542131
1012542186
1012555493
1012717752
1012717775
1012717991
1012717998
1012718110
1012718118
1012718231
1012718235
1012718358
1012718363
1012718596
1012718604
1012725644
1012725947
1012726702
1012893962
1012893981
1012894212
1012894221
1012894456
1012894465
1012894583
1012894588
1012894805
1012894814
1012894923
1012894930
1012895225
1012895234
1012895347
1012895355
1012895515
1012895523
1012895655
1012898104
1012898220
1012934739
1012935180
1012935513
1013100492
1013101061
1013101284
1013131088
1013131104
1013131263
1013131272
1013131445
1013131451
1013268713
1013306741
1013307228
1013321969
1013321996
1013322007
1013322101
1013322274
1013322359
1013322421
1013322489
1013494806
1013495249
1013500796
1013500817
1013500830
1013501998
1013502119
1013502130
1013668781
1013674961
1013675075
1013675230
1013675341
1013675486
1013675600
1013675663
1013675783
1013675791
1013676157
1013676166
1013677172
1013677607
1013717041
1013848640
1013848659
1013848930
1013848939
1013849182
1013849190
1013849435
1013849444
1013849562
1013849567
1013850007
1013850016
1013850133
1013850141
1013850320
1013850329
1013855483
1013855599
1013894976
1013895417
1013895556
1013895686
1013933040
1013970840
1013979503
1013980474
1013980483
1014073170
1014116273
1014116679
1014153018
1014303128
1014303147
1014303329
1014303338
1014313099
1014313109
1014335380
1014335785
1014337141
1014338412
1014486164
1014486182
1014486432
1014486439
1014520914
1014521054
1014521129
1014521259
1014521499
1014521752
1014692532
1014692944
1014693216
1014700552
1014863669
1014864098
1014864743
1014864760
1015036542
1015036561
1015036718
1015036726
1015036910
1015036919
1015057298
1015058045
1015096863
1015207603
1015207619
1015207859
1015207862
1015207976
1015207979
1015208088
1015208091
1015208207
1015208213
1015208335
1015208343
1015254709
1015294737
1015295175
1015295457
1015379285
1015379301
1015379536
1015379543
1015379661
1015379664
1015379776
1015379778
1015379889
1015379895
1015380159
1015380167
1015380285
1015380293
1015380428
1015380434
1015380869
1015380878
1015381029
1015381038
1015381166
1015381172
1015381299
1015475407
1015475424
1015475571
1015475580
1015475767
1015475770
1015476252
1015476522
1015654505
1015657774
1015657892
1015657953
1015658064
1015658131
1015658246
1015694738
1015695143
1015695495
1015838512
1015838530
1015838546
1015838657
1015838743
1015838805
1015838862
1015838877
1015839988
1015879007
1015879504
1015879839
1016055273
1016055586
1016055872
1016057271
1016235492
1016235978
1016240167
1016240190
1016417783
1016417801
1016418040
1016418048
1016418850
1016456689
1016597516
1016597534
1016597684
1016597691
1016597846
1016597850
1016633271
1016633689
1016634045
1016774886
1016774904
1016775060
1016817155
1016817170
1016817278
1016817284
1016817397
1016817402
1016818485
1016818912
1016819192
1016995684
1016995703
1016995923
1016995932
1016996039
1016996047
1016996156
1016996164
1016996389
1016996397
1016999850
1017000199
1017000507
1017004233
1017004248
1017004401
1017004405
1017004613
1017004622
1017004732
1017004738
1017180656
1017186935
1017187063
1017187112
1017187234
1017187321
1017187435
1017187619
1017224598
1017370518
1017370535
1017410739
1017411150
1017411481
1017587224
1017587241
1017626738
1017627175
1017627462
1017808465
1017808799
1017809143
1017810940
1017810954
1017986629
1017987088
1017994825
1017994853
1017994870
1018034984
1018160885
1018161339
1018161648
1018164799
1018164816
1018164998
1018165003
1018329684
1018329707
1018329836
1018341869
1018341993
1018342390
1018380430
1018525621
1018525639
1018525792
1018525801
1018525950
1018525955
1018556567
1018557074
1018557383
1018558770
1018559063
1018570306
1018570358
1018570374
1018570381
1018570545
1018570634
1018570700
1018570704
1018571902
1018610987
1018611426
1018619854
1018619876
1018619885
1018658983
1018659396
1018659716
1018666136
1018666479
1018671648
1018671666
1018671672
1018671786
1018672082
1018691398
1018691453
1018691517
1018705675
1018705692
1018705801
1018705809
1018705917
1018705921
1018706032
1018706039
1018707125
1018707135
1018707256
1018707264
1018736808
1018736826
1018737033
1018737041
1018737098
1018737151
1018854113
1018855033
1018887654
1018887681
1018887692
1018887785
1018887955
1018888028
1018888140
1018888149
1018888256
1018888264
1018888402
1018888410
1018888625
1018888633
1018888802
1018888808
1018889828
1018889836
1018890412
1018890420
1018890540
1018890543
1018890691
1018890699
1018913547
1018913564
1018913674
1018913683
1018913828
1018913836
1018913953
1018913960
1018914207
1018914215
1018914327
1018914335
1019034658
1019034679
1019034839
1019034847
1019035020
1019035030
1019064648
1019065757
1019067726
1019067748
1019067760
1019067907
1019068022
1019068181
1019068305
1019068317
1019068571
1019068582
1019068918
1019068931
1019069087
1019069097
1019069881
1019069895
1019070055
1019070062
1019070256
1019070266
1019090561
1019090679
1019090689
1019090928
1019090937
1019091044
1019091053
1019091309
1019091318
1019091438
1019091446
1019091559
1019091566
1019091908
1019091917
1019092071
1019092080
1019092184
1019092192
1019092326
1019092752
1019092864
1019220738
1019220754
1019220876
1019220884
1019221001
1019244680
1019244699
1019244927
1019244934
1019245041
1019245052
1019246475
1019269130
1019269137
1019269142
1019420631
1019423729
1019423746
1019423903
1019423911
1019424089
1019424096
1019455704
1019456431
1019496284
1019599089
1019643176
1019643185
1019643434
1019643443
1019643643
1019643651
1019677724
1019678162
1019678499
1019828572
1019861184
1019861345
1019861446
1019861565
1019861797
1019862070
1020034593
1020034611
1020034740
1020074985
1020075439
1020075835
1020251984
1020252306
1020252593
1020262890
1020263173
1020266861
1020266876
1020266884
1020267034
1020267144
1020267202
1020267317
1020274253
1020274379
1020274531
1020274644
1020284815
1020284935
1020285176
1020285297
1020285415
1020285537
1020285779
1020285904
1020429681
1020438551
1020440119
1020440879
1020440894
1020457162
1020457191
1020457331
1020622185
1020632759
1020633145
1020672150
1020825339
1020825354
1020825488
1020825491
1020825667
1020825672
1020857262
1020857574
1020857785
1021016647
1021016665
1021044267
1021044388
1021044399
1021044507
1021044515
1021044632
1021044639
1021047712
1021048121
1021048433
1021222975
1021223568
1021223854
1021229288
1021239587
1021239712
1021239845
1021239969
1021399526
1021399548
1021399704
1021399710
1021399888
1021399898
1021406577
1021407350
1021444027
1021574232
1021591442
1021591571
1021591642
1021591753
1021591763
1021621185
1021621625
1021621773
1021621920
1021622213
1021622807
1021623788
1021632597
1021774277
1021774295
1021774404
1021774411
1021774603
1021800362
1021800380
1021800508
1021800517
1021800735
1021800742
1021800848
1021800853
1021805586
1021806063
1021843970
1021977964
1021977982
1021978297
1021978306
1021981531
1021981540
1021981708
1021981716
1021981954
1021981962
1021982073
1021982081
1021982321
1021982329
1021982450
1021989356
1021989468
1022027012
1022027480
1022027794
1022199353
1022199671
1022199952
1022204132
1022204148
1022204830
1022204840
1022204956
1022204961
1022205071
1022205076
1022375518
1022379823
1022379947
1022418985
1022419456
1022455911
1022606027
1022606045
1022642986
1022643393
1022643666
1022826127
1022862745
1022863182
1022863446
1023038240
1023038555
1023038709
1023038863
1023055555
1023055579
1023055706
1023094739
1023221415
1023221430
1023242236
1023242662
1023279802
1023429156
1023466736
1023467165
1023467472
1023650444
1023650463
1023650618
1023650622
1023650883
1023650891
1023690983
1023691388
1023691702
1023862385
1023862718
1023863019
1023882380
1023882398
1023882508
1023882515
1023882611
1023882674
1023882780
1023882785
1024034548
1024070743
1024071262
1024071873
1024071890
1024071901
1024072190
1024072305
1024072368
1024072482
1024072886
1024073009
1024110742
1024112310
1024112855
1024112866
1024116227
1024116255
1024117058
1024117069
1024118198
1024118214
1024118360
1024118364
1024118483
1024262552
1024288953
1024289450
1024327649
1024466431
1024516708
1024517360
1024517638
1024698362
1024698672
1024698978
1024707933
1024707948
1024880015
1024880467
1024882004
1024882030
1024882043
1024882177
1024882304
1024882391
1024882505
1025059321
1025059764
1025063078
1025063104
1025063118
1025063408
1025063568
1025063580
1025063861
1025063872
1025072162
1025072297
1025238515
1025238535
1025242793
1025243302
1025279540
1025424171
1025424190
1025462738
1025463179
1025463335
1025463523
1025503001
1025503556
1025639932
1025639950
1025640072
1025681858
1025682242
1025719468
1025860765
1025860782
1025907388
1025907797
1025908121
1026096225
1026096547
1026096823
1026097517
1026097531
1026097655
1026274322
1026275035
1026286653
1026286680
1026286691
1026453900
1026453916
1026465504
1026465986
1026466302
1026644806
1026645132
1026645420
1026646941
1026646958
1026821565
1026822278
1026826631
1026826654
1026826663
1026826758
1026826921
1026827008
1026827118
1026866729
1026867129
1026887676
1026887706
1026888389
1027005290
1027005307
1027005842
1027005851
1027005962
1027005970
1027006295
1027006304
1027006434
1027007319
1027079454
1027080002
1027119308
1027168459
1027169358
1027169474
1027271929
1027294221
1027294642
1027331265
1027471104
1027512917
1027513300
1027513552
1027689712
1027690033
1027690320
1027695973
1027865000
1027865453
1027867531
1027867559
1027867573
1028040861
1028064384
1028064896
1028103154
1028103849
1028138202
1028138330
1028263050
1028281666
1028282142
1028319125
1028459245
1028509526
1028509957
1028510297
1028687137
1028687451
1028687725
1028701200
1028861678
1028862117
1028865074
1028865101
1029040735
1029046744
1029047201
1029087020
1029229890
1029267132
1029267519
1029267847
1029441520
1029441770
1029441910
1029442035
1029478945
1029479000
1029479364
1029622391
1029662168
1029662645
1029698957
1029846139
1029889528
1029889917
1029890227
1030063620
1030063948
1030064233
1030081404
1030238418
1030249451
1030249926
1030286860
1030436335
1030474983
1030475410
1030475697
1030477454
1030477790
1030480480
1030480496
1030480504
1030480664
1030480786
1030480874
1030480985
1030480993
1030482430
1030482443
1030482557
1030482561
1030482710
1030482718
1030482826
1030482830
1030482945
1030482952
1030483173
1030483185
1030483691
1030483705
1030483864
1030483873
1030484025
1030484035
1030484529
1030484542
1030484778
1030484788
1030484900
1030484908
1030485161
1030485170
1030485390
1030485398
1030485569
1030485578
1030485696
1030485703
1030485819
1030485827
1030486284
1030486292
1030486449
1030486457
1030486563
1030486572
1030486720
1030486730
1030657746
1030694991
1030695576
1030734815
1030735511
1030879252
1030879276
1030879402
1030921752
1030922150
1030958774
1031108977
1031146987
1031147391
1031147799
1031320267
1031320579
1031320860
1031320979
1031495675
1031495693
1031495876
1031495884
1031495991
1031495997
1031504000
1031504466
1031542702
1031668437
1031668456
1031668564
1031668570
1031668682
1031668754
1031668829
1031668878
1031668944
1031668992
1031669234
1031669242
1031690016
1031726985
1031727453
1031727731
1031841363
1031841382
1031841630
1031841639
1031909700
1031912880
1031913299
1031913605
1032082935
1032083264
1032083548
1032099215
1032253779
1032265224
1032265738
1032302603
1032303386
1032448042
1032480147
1032480601
1032518581
1032657677
1032695277
1032695642
1032695953
1032873595
1032914733
1032915157
1032915482
1033094198
1033130989
1033131393
1033131710
1033307828
1033308162
1033308506
1033326340
1033485224
1033499814
1033500335
1033538444
1033548323
1033549184
1033549674
1033549687
1033560840
1033560966
1033599010
1033692106
1033731790
1033732517
1033770411
1033914917
1033960421
1033960794
1033961062
1034133010
1034133480
1034133856
1034151921
1034306008
1034324005
1034324502
1034362321
1034515896
1034515914
1034554794
1034556305
1034556485
1034556846
1034732975
1034732995
1034733116
1034746957
1034747361
1034786277
1034938442
1034938461
1034938651
1034978740
1034979173
1034979491
1035156166
1035156185
1035156319
1035198728
1035199131
1035199444
1035378663
1035378995
1035379328
1035391241
1035391258
1035559615
1035559633
1035570382
1035570914
1035610184
1035614689
1035614969
1035620842
1035620859
1035658990
1035763180
1035763198
1035763331
1035798036
1035798565
1035838138
1035975664
1036021518
1036021903
1036022230
1036199873
1036200447
1036200617
1036206207
1036377524
1036377984
1036378999
1036379019
1036555523
1036563596
1036564056
1036602051
1036602671
1036749585
1036774243
1036774678
1036814010
1036904835
1036905329
1036946907
1036947281
1036999287
1036999695
1037005578
1037010759
1037011119
1037017023
1037035674
1037048579
1037049102
1037059658
1037115938
1037126098
1037126398
1037137471
1037137599
1037137717
1037137837
1037147867
1037148108
1037148229
1037148347
1037148604
1037148732
1037217841
1037227874
1037228177
1037239206
1037239382
1037239591
1037239715
1037249815
1037249982
1037250096
1037250324
1037250447
1037250621
1037250734
1037251212
1037251376
1037251508
1037260677
1037260695
1037302810
1037313178
1037313555
1037313564
1037355906
1037370615
1037394820
1037394832
1037394841
1037434729
1037435138
1037436716
1037439739
1037439758
1037440069
1037440083
1037440191
1037440199
1037440500
1037440513
1037440882
1037440895
1037441008
1037441014
1037441128
1037441136
1037441455
1037441467
1037441624
1037441635
1037441748
1037441751
1037442009
1037442021
1037442142
1037442454
1037442578
1037442589
1037442743
1037442748
1037442884
1037442887
1037443557
1037443575
1037443703
1037443708
1037443862
1037443869
1037443988
1037446515
1037446636
1037446755
1037446886
1037457032
1037457228
1037457346
1037457354
1041651223
