-1335272312
-1335195394
-1335195042
-1335092646
-1335092623
-1335092515
-1335092509
-1335092413
-1335092350
-1335092283
-1335092234
-1335016059
-1335016036
-1335015926
-1335015920
-1335015676
-1335015668
-1335015561
-1335015555
-1335015179
-1335015169
-1335015054
-1335015049
-1335014932
-1335014927
-1335014593
-1335014584
-1335014427
-1335014419
-1335014313
-1335014305
-1335014148
-1335014145
-1335014039
-1335014036
-1334962248
-1334960493
-1334960315
-1334957273
-1334957260
-1334957252
-1334953201
-1334953085
-1334952927
-1334952815
-1334952765
-1334952655
-1334952174
-1334952035
-1334952027
-1334951909
-1334951901
-1334951276
-1334950412
-1334950400
-1334950393
-1334950288
-1334950174
-1334949971
-1334949861
-1334949335
-1334949190
-1334949182
-1334949060
-1334938864
-1334938729
-1334938723
-1334938329
-1334938322
-1334938206
-1334938197
-1334937697
-1334937514
-1334937475
-1334937434
-1334937362
-1334937299
-1334937234
-1334937173
-1334937160
-1334936999
-1334936992
-1334936980
-1334936870
-1334936861
-1334936635
-1334936623
-1334936101
-1334935936
-1334933787
-1334933664
-1334933652
-1334933480
-1334933473
-1334933346
-1334933338
-1334932918
-1334932124
-1334932110
-1334932099
-1334931829
-1334931683
-1334931605
-1334931487
-1334931476
-1334931368
-1334931360
-1334931042
-1334931031
-1334930894
-1334927309
-1334927194
-1334926838
-1334926426
-1334926418
-1334926413
-1334924880
-1334924755
-1334924749
-1334924428
-1334924422
-1334924304
-1334924298
-1334924184
-1334924178
-1334923968
-1334923962
-1334923807
-1334923801
-1334923326
-1334923320
-1334923190
-1334923184
-1334922532
-1334922525
-1334922160
-1334922154
-1334921907
-1334921901
-1334921655
-1334921649
-1334921400
-1334921394
-1334921268
-1334921263
-1334921154
-1334921148
-1334921019
-1334921013
-1334920757
-1334920752
-1334920627
-1334920621
-1334920507
-1334920501
-1334920247
-1334920241
-1334920123
-1334920117
-1334919848
-1334919842
-1334919727
-1334919722
-1334919549
-1334919543
-1334919014
-1334919007
-1334918768
-1334918761
-1334918610
-1334918604
-1334918479
-1334918473
-1334918343
-1334918337
-1334918223
-1334918217
-1334918103
-1334918097
-1334917924
-1334917918
-1334917669
-1334917662
-1334917543
-1334917537
-1334916776
-1334916769
-1334916528
-1334916522
-1334916405
-1334916399
-1334916243
-1334916237
-1334916096
-1334916090
-1334915983
-1334915977
-1334915861
-1334915855
-1334915699
-1334915693
-1334915500
-1334915494
-1334915322
-1334915316
-1334915199
-1334915193
-1334914554
-1334914547
-1334914382
-1334914376
-1334914243
-1334914237
-1334914132
-1334914126
-1334913978
-1334913971
-1334913856
-1334913850
-1334913724
-1334913718
-1334913609
-1334913603
-1334913484
-1334913478
-1334913361
-1334913356
-1334913237
-1334913231
-1334913079
-1334913073
-1334912938
-1334912932
-1334912822
-1334912817
-1334912697
-1334874874
-1334873860
-1334858918
-1334858886
-1334844410
-1334843874
-1334843642
-1334842287
-1334842013
-1334838642
-1334838620
-1334838612
-1334837314
-1334837200
-1334836905
-1334836009
-1334836001
-1334835997
-1334835601
-1334835494
-1334835245
-1334835138
-1334833688
-1334833571
-1334833184
-1334832809
-1334832803
-1334832799
-1334831311
-1334831181
-1334831175
-1334830731
-1334830725
-1334830442
-1334830438
-1334830116
-1334829835
-1334829827
-1334829823
-1334829713
-1334829607
-1334829518
-1334829463
-1334829407
-1334829189
-1334829184
-1334828905
-1334828901
-1334828788
-1334828783
-1334827571
-1334826147
-1334826034
-1334825802
-1334825692
-1334825637
-1334825529
-1334825489
-1334822508
-1334822493
-1334822386
-1334822379
-1334822183
-1334822177
-1334822061
-1334822055
-1334820470
-1334820463
-1334820349
-1334820344
-1334820226
-1334820222
-1334820103
-1334820099
-1334819933
-1334819929
-1334819777
-1334819772
-1334819658
-1334819286
-1334819283
-1334816058
-1334816052
-1334815879
-1334815873
-1334815548
-1334815543
-1334787236
-1334784394
-1334784373
-1334783487
-1334783480
-1334783353
-1334748717
-1334745134
-1334745117
-1334729236
-1334724496
-1334724474
-1334724366
-1334724361
-1334724251
-1334724249
-1334724136
-1334724130
-1334724008
-1334724003
-1334723884
-1334723880
-1334723741
-1334723737
-1334711058
-1334696565
-1334696202
-1334677862
-1334677838
-1334663588
-1334661418
-1334661410
-1334661222
-1334657417
-1334657406
-1334657300
-1334657298
-1334657185
-1334657180
-1334657064
-1334656969
-1334656845
-1334656547
-1334656415
-1334656040
-1334655909
-1334655905
-1334655789
-1334655786
-1334653915
-1334653905
-1334653743
-1334653739
-1334653590
-1334653585
-1334653382
-1334653378
-1334653242
-1334653115
-1334652986
-1334652820
-1334652816
-1334652776
-1334651753
-1334651746
-1334651742
-1334651633
-1334651528
-1334651437
-1334651383
-1334651331
-1334651194
-1334651135
-1334651030
-1334650980
-1334650869
-1334650864
-1334650730
-1334650728
-1334650619
-1334650615
-1334650475
-1334650411
-1334650295
-1334650291
-1334650167
-1334650164
-1334650047
-1334650042
-1334649896
-1334649804
-1334646257
-1334645753
-1334645733
-1334645656
-1334645615
-1334644330
-1334644323
-1334643600
-1334643154
-1334643027
-1334642919
-1334642811
-1334641702
-1334641594
-1334640903
-1334640798
-1334639656
-1334639550
-1334639320
-1334639187
-1334639182
-1334638956
-1334638952
-1334638499
-1334638494
-1334638375
-1334638371
-1334638209
-1334638205
-1334637878
-1334637874
-1334632925
-1334594893
-1334594429
-1334579627
-1334579609
-1334567761
-1334567512
-1334565353
-1334565334
-1334553807
-1334553380
-1334553220
-1334550862
-1334550854
-1334550186
-1334547734
-1334547623
-1334547249
-1334547144
-1334546372
-1334546265
-1334545195
-1334545074
-1334544980
-1334544850
-1334544752
-1334544643
-1334506897
-1334505672
-1334505661
-1334505476
-1334499593
-1334499554
-1334499532
-1334499433
-1334499372
-1334499205
-1334499154
-1334499039
-1334499034
-1334498738
-1334498524
-1334498401
-1334498259
-1334498139
-1334498121
-1334497703
-1334497696
-1334497691
-1334497520
-1334497404
-1334497348
-1334497223
-1334494461
-1334494340
-1334494193
-1334494134
-1334493921
-1334493915
-1334493871
-1334493812
-1334493401
-1334492641
-1334492629
-1334492624
-1334492333
-1334492224
-1334492152
-1334492044
-1334491972
-1334491864
-1334491636
-1334491530
-1334491479
-1334491371
-1334491367
-1334491120
-1334491116
-1334490958
-1334490953
-1334490083
-1334490078
-1334489936
-1334489931
-1334489274
-1334489269
-1334489164
-1334488676
-1334488526
-1334488415
-1334488337
-1334488286
-1334488234
-1334488129
-1334488124
-1334487528
-1334487350
-1334487230
-1334487052
-1334487046
-1334486931
-1334486546
-1334485921
-1334485911
-1334485796
-1334483105
-1334482991
-1334482927
-1334482807
-1334482721
-1334482611
-1334482561
-1334482452
-1334482162
-1334481796
-1334481786
-1334479530
-1334479520
-1334479413
-1334479408
-1334479226
-1334479221
-1334479097
-1334479092
-1334478683
-1334477174
-1334477166
-1334477161
-1334476988
-1334476878
-1334476825
-1334476717
-1334476664
-1334476560
-1334476555
-1334476437
-1334476433
-1334476313
-1334476309
-1334476191
-1334476187
-1334475948
-1334475944
-1334475827
-1334475823
-1334475698
-1334475694
-1334475551
-1334475546
-1334473098
-1334473087
-1334472855
-1334472848
-1334472600
-1334472594
-1334472478
-1334472473
-1334472349
-1334472343
-1334472229
-1334472223
-1334472078
-1334472072
-1334471969
-1334471966
-1334471847
-1334471842
-1334471721
-1334471716
-1334471586
-1334471480
-1334471364
-1334471359
-1334471233
-1334471229
-1334471115
-1334470850
-1334470831
-1334470415
-1334470404
-1334470398
-1334470294
-1334470188
-1334470083
-1334470028
-1334469966
-1334469864
-1334469859
-1334469741
-1334469736
-1334469580
-1334469574
-1334469454
-1334466360
-1334466234
-1334466230
-1334466074
-1334466070
-1334465920
-1334465915
-1334465359
-1334464669
-1334464662
-1334463633
-1334462544
-1334462532
-1334462425
-1334462422
-1334462238
-1334462232
-1334462121
-1334422904
-1334422134
-1334422127
-1334421944
-1334415758
-1334415240
-1334415233
-1334415180
-1334415088
-1334415035
-1334414976
-1334414872
-1334414868
-1334414767
-1334414716
-1334414612
-1334414608
-1334414490
-1334414486
-1334414359
-1334414355
-1334414219
-1334414215
-1334406022
-1331423980
-1331423239
-1331422802
-1331422628
-1331419959
-1331419936
-1331419044
-1331419027
-1331418913
-1331418903
-1331418797
-1331418781
-1331418643
-1331418636
-1331418405
-1331418396
-1331418290
-1331418285
-1331417889
-1331417880
-1331417772
-1331417764
-1331417648
-1331417643
-1331417333
-1331417324
-1331417214
-1331417206
-1331417093
-1331417087
-1331416967
-1331416962
-1331416830
-1331416826
-1331415810
-1331415795
-1331415583
-1331415576
-1331415350
-1331415343
-1331415091
-1331415082
-1331414841
-1331414832
-1331414674
-1331414668
-1331414563
-1331414557
-1331414409
-1331414405
-1331414283
-1331414163
-1331414046
-1331413929
-1331413813
-1331413762
-1331413644
-1331413636
-1331413513
-1331412480
-1331412364
-1331412233
-1331412120
-1331411479
-1331411353
-1331411344
-1331411229
-1331411221
-1331411106
-1331411100
-1331410758
-1331410750
-1331410639
-1331410630
-1331410395
-1331410387
-1331410272
-1331410264
-1331408279
-1331406994
-1331406658
-1331405004
-1331404994
-1331404805
-1331404447
-1331404433
-1331404385
-1331404320
-1331404201
-1331404024
-1331403890
-1331403764
-1331403758
-1331403661
-1331399301
-1331399273
-1331399065
-1331399053
-1331392734
-1331392711
-1331392169
-1331392159
-1331392013
-1331392008
-1331391901
-1331391897
-1331391777
-1331391773
-1331391655
-1331391651
-1331391381
-1331391256
-1331391206
-1331391118
-1331391010
-1331390946
-1331390829
-1331390826
-1331390757
-1331390704
-1331390576
-1331388581
-1331388558
-1331388554
-1331388549
-1331388545
-1331388539
-1331388534
-1331388224
-1331388215
-1331388205
-1331388200
-1331388196
-1331388192
-1331388188
-1331388183
-1331388178
-1331388174
-1331387678
-1331387671
-1331387667
-1331387664
-1331386105
-1331345045
-1331213161
-1331213144
-1331212863
-1331210637
-1331210627
-1331210273
-1331210265
-1331210151
-1331210143
-1331209295
-1331209286
-1331208973
-1331208964
-1331208850
-1331208842
-1331208725
-1331208717
-1331208536
-1331208528
-1331208098
-1331208089
-1331207972
-1331207964
-1331207009
-1331207000
-1331206766
-1331206757
-1331206585
-1331206582
-1331206477
-1331206469
-1331206243
-1331206235
-1331206126
-1331206118
-1331204946
-1331204938
-1331204650
-1331204641
-1331204404
-1331204396
-1331204211
-1331204204
-1331204199
-1331204192
-1331203921
-1331203913
-1331203803
-1331203795
-1331203655
-1331203647
-1331202519
-1331202508
-1331202272
-1331202263
-1331202153
-1331202144
-1331201900
-1331201892
-1331201785
-1331201776
-1331201654
-1331201646
-1331201534
-1331201525
-1331201312
-1331201303
-1331201154
-1331201147
-1331200259
-1331200250
-1331200014
-1331200006
-1331199752
-1331199744
-1331199510
-1331199502
-1331199386
-1331199379
-1331199081
-1331199072
-1331198963
-1331198955
-1331198832
-1331198824
-1331198274
-1331198266
-1331197856
-1331197848
-1331197727
-1331197719
-1331197426
-1331197418
-1331197166
-1331197158
-1331197044
-1331197036
-1331196918
-1331196909
-1331196734
-1331196726
-1331196476
-1331196468
-1331196218
-1331196210
-1331195892
-1331195884
-1331195491
-1331195483
-1331195283
-1331195275
-1331195170
-1331195163
-1331195123
-1331194809
-1331194797
-1331191441
-1331191432
-1331191316
-1331191308
-1331191178
-1331191169
-1331190857
-1331190849
-1331190696
-1331190688
-1331190583
-1331190575
-1331190001
-1331189992
-1331189743
-1331189736
-1331189429
-1331189421
-1331189310
-1331189302
-1331189030
-1331189021
-1331188903
-1331188896
-1331188631
-1331188622
-1331188507
-1331188500
-1331188272
-1331188263
-1331188041
-1331188033
-1331187928
-1331187920
-1331187425
-1331187416
-1331187216
-1331187207
-1331186863
-1331186856
-1331186740
-1331186732
-1331186549
-1331186541
-1331186274
-1331186266
-1331186060
-1331186053
-1331185947
-1331185939
-1331185695
-1331185686
-1331185517
-1331185509
-1331185178
-1331185170
-1331184929
-1331184920
-1331184337
-1331184330
-1331184218
-1331184210
-1331183960
-1331183952
-1331183847
-1331183839
-1331183717
-1331183709
-1331183538
-1331183531
-1331183425
-1331183418
-1331183114
-1331183105
-1331182610
-1331182597
-1331182367
-1331182356
-1331182082
-1331182074
-1331181965
-1331181956
-1331181836
-1331181827
-1331181609
-1331181600
-1331181359
-1331181350
-1331181102
-1331181093
-1331180921
-1331180913
-1331180806
-1331180798
-1331180495
-1331180487
-1331180103
-1331180092
-1331179982
-1331179976
-1331179515
-1331179505
-1331179391
-1331179383
-1331179136
-1331179127
-1331179009
-1331179001
-1331178888
-1331178879
-1331178738
-1331178730
-1331178565
-1331178556
-1331178452
-1331178444
-1331177867
-1331177859
-1331177623
-1331177616
-1331177381
-1331177373
-1331177223
-1331177215
-1331176872
-1331176865
-1331176749
-1331176741
-1331176624
-1331176615
-1331176502
-1331176494
-1331176262
-1331176253
-1331176132
-1331176124
-1331176003
-1331175996
-1331175644
-1331175636
-1331175525
-1331175518
-1331175064
-1331175055
-1331174944
-1331174935
-1331174526
-1331174518
-1331174282
-1331174274
-1331174024
-1331174016
-1331173895
-1331173887
-1331173531
-1331173524
-1331173399
-1331173391
-1331173284
-1331173277
-1331173011
-1331173002
-1331172883
-1331172875
-1331172726
-1331172718
-1331172512
-1331172504
-1331172305
-1331172297
-1331171909
-1331171901
-1331171520
-1331171512
-1331171262
-1331171253
-1331171014
-1331171006
-1331170891
-1331170883
-1331170770
-1331170762
-1331170442
-1331170434
-1331170319
-1331170312
-1331170195
-1331170188
-1331170076
-1331170068
-1331169811
-1331169802
-1331169693
-1331169685
-1331169561
-1331169553
-1331169275
-1331169267
-1331169147
-1331169139
-1331168569
-1331168561
-1331168299
-1331168291
-1331168118
-1331168110
-1331167872
-1331167864
-1331167753
-1331167745
-1331167622
-1331167613
-1331167388
-1331167379
-1331167261
-1331167253
-1331167140
-1331167131
-1331166930
-1331166926
-1331166708
-1331166701
-1331166588
-1331166515
-1331166489
-1331007047
-1331007026
-1331004973
-1331004958
-1331004749
-1331004740
-1331003354
-1331003347
-1331003192
-1331003188
-1331003006
-1331002998
-1331002887
-1331002878
-1331001558
-1331001550
-1331001433
-1330971462
-1330971334
-1330934941
-1328391678
-1328388568
-1328374539
-1328374340
-1328373327
-1328373313
-1328359016
-1328318747
-1328318404
-1328301229
-1328301200
-1328296624
-1328296252
-1328296074
-1328295906
-1328293263
-1328293247
-1328293238
-1328290099
-1328289982
-1328289973
-1328289813
-1328289805
-1328289691
-1328289684
-1328289568
-1328289498
-1328289436
-1328289382
-1328289311
-1328289262
-1328289192
-1328289188
-1328288901
-1328288892
-1328288782
-1328288774
-1328288657
-1328288650
-1328288538
-1328288530
-1328288412
-1328288405
-1328288290
-1328288283
-1328288166
-1328288161
-1328288011
-1328288007
-1328287889
-1328287886
-1328287780
-1328287775
-1328286278
-1328286073
-1328285945
-1328285937
-1328285808
-1328285800
-1328285695
-1328285692
-1328283287
-1328279274
-1328279161
-1328279028
-1328278902
-1328278896
-1328278753
-1328278632
-1328278367
-1328278357
-1328278250
-1328278244
-1328278179
-1328278141
-1328278085
-1328277676
-1328277660
-1328277651
-1328277510
-1328277332
-1328277225
-1328275754
-1328274003
-1328273889
-1328273703
-1328273567
-1328273556
-1328273263
-1328273253
-1328272852
-1328272842
-1328272733
-1328272726
-1328272609
-1328272602
-1328272091
-1328272081
-1328271844
-1328271833
-1328271723
-1328271715
-1328271471
-1328271459
-1328271352
-1328271344
-1328271093
-1328271080
-1328270959
-1328270951
-1328270798
-1328270787
-1328270666
-1328270658
-1328270541
-1328270533
-1328270421
-1328270413
-1328270294
-1328270286
-1328269957
-1328269946
-1328269824
-1328269815
-1328269696
-1328269691
-1328269572
-1328269565
-1328269449
-1328269441
-1328268935
-1328266137
-1328266013
-1328266007
-1328265894
-1328265759
-1328265633
-1328265545
-1328265425
-1328255258
-1328255141
-1328255074
-1328254955
-1328254951
-1328254682
-1328254674
-1328254554
-1328254503
-1328254358
-1328254271
-1328254131
-1328254123
-1328253973
-1328253965
-1328252284
-1328252275
-1328252093
-1328252085
-1328250461
-1328250452
-1328250209
-1328247605
-1328247588
-1328247376
-1328247368
-1328247314
-1328247260
-1328247019
-1328247009
-1328246862
-1328246798
-1328246684
-1328246480
-1328246368
-1328246218
-1328246088
-1328246079
-1328245631
-1328245622
-1328245386
-1328245378
-1328245273
-1328245266
-1328245011
-1328245003
-1328244873
-1328244866
-1328244128
-1328244119
-1328244002
-1328243945
-1328243833
-1328243781
-1328243672
-1328243666
-1328243536
-1328243528
-1328243377
-1328243371
-1328243249
-1328243243
-1328243124
-1328243121
-1328242995
-1328242992
-1328242824
-1328242816
-1328241610
-1328241601
-1328241435
-1328241431
-1328241312
-1328239042
-1328235119
-1328222988
-1328222956
-1328222844
-1328222726
-1328182888
-1328182590
-1328180983
-1328180968
-1328170731
-1328130893
-1328130501
-1325178363
-1325177751
-1325177616
-1325177394
-1325174708
-1325174684
-1325174622
-1325174562
-1325174454
-1325174450
-1325174203
-1325174191
-1325173789
-1325173559
-1325173385
-1325172449
-1325170054
-1325170038
-1325170028
-1325169686
-1325169568
-1325169556
-1325169402
-1325169394
-1325169297
-1325169233
-1325169114
-1325169110
-1325168999
-1325168995
-1325168880
-1325168875
-1325168285
-1325168270
-1325168161
-1325168153
-1325168043
-1325168035
-1325167920
-1325167912
-1325167656
-1325167644
-1325167477
-1325167413
-1325167344
-1325167138
-1325167016
-1325166882
-1325166772
-1325165753
-1325165607
-1325165504
-1325165383
-1325165337
-1325165224
-1325165174
-1325165058
-1325164967
-1325164849
-1325164838
-1325164653
-1325164646
-1325164516
-1325164401
-1325164242
-1325164101
-1325164093
-1325163838
-1325163830
-1325163783
-1325163723
-1325163664
-1325163607
-1325163498
-1325163490
-1325163314
-1325163304
-1325161600
-1325161581
-1325161473
-1325161465
-1325161340
-1325161332
-1325161219
-1325161212
-1325161060
-1325161057
-1325160948
-1325160943
-1325160819
-1325160816
-1325159959
-1325159948
-1325159742
-1325159733
-1325158828
-1325158815
-1325158704
-1325157800
-1325157352
-1325157337
-1325157333
-1325157283
-1325157171
-1325157166
-1325157055
-1325156988
-1325156881
-1325156876
-1325156819
-1325156768
-1325118910
-1325082252
-1325067752
-1325067362
-1325064474
-1325064456
-1325050878
-1325010898
-1325010416
-1325009372
-1325009173
-1325006347
-1325006322
-1325006311
-1325006163
-1325006041
-1325005994
-1325005878
-1325005801
-1325005679
-1325005615
-1325005404
-1325005278
-1325005165
-1325005156
-1325004971
-1325004342
-1325004228
-1325004103
-1325003998
-1325003405
-1325003289
-1325003215
-1325003096
-1325002929
-1325002800
-1325002791
-1325002031
-1325002022
-1325001842
-1325001837
-1325001707
-1325001703
-1325001583
-1325001580
-1325001459
-1325001455
-1325001191
-1325001019
-1325000887
-1325000806
-1325000735
-1325000600
-1325000466
-1324999270
-1324996711
-1324996690
-1324995689
-1324995678
-1324994641
-1324994629
-1324993777
-1324993658
-1324993534
-1324993288
-1324988688
-1324987928
-1324985693
-1324985670
-1324985661
-1324984390
-1324984272
-1324984264
-1324983966
-1324983958
-1324982901
-1324982893
-1324982777
-1324982770
-1324982653
-1324982647
-1324982547
-1324982491
-1324982339
-1324982254
-1324982172
-1324981997
-1324981744
-1324981633
-1324981556
-1324981441
-1324942913
-1324941107
-1324940892
-1324938949
-1324938399
-1324937825
-1324937805
-1324937628
-1324937452
-1324937341
-1324937157
-1324937045
-1324936969
-1324936835
-1324936756
-1324936521
-1324936400
-1324936395
-1324936389
-1324936272
-1324936261
-1324936020
-1324936008
-1324935635
-1324935626
-1324935506
-1324935406
-1324935343
-1324935230
-1324935221
-1324935034
-1324935016
-1324934908
-1324934903
-1324934783
-1324934340
-1324934224
-1324934070
-1324933917
-1324933773
-1324933638
-1324933577
-1324933184
-1324933037
-1324933027
-1324932901
-1324932841
-1324932727
-1324931823
-1324931708
-1324931626
-1324931486
-1324931413
-1324931296
-1324931167
-1324931097
-1324930985
-1324930976
-1324930846
-1324930842
-1324930719
-1324930662
-1324930551
-1324930546
-1324930434
-1324930363
-1324930232
-1324930092
-1324929948
-1324929942
-1324929776
-1324929769
-1324929651
-1324929645
-1324929530
-1324928455
-1324928272
-1324928265
-1324928142
-1324890897
-1324889891
-1324889311
-1324889130
-1324888814
-1324888638
-1324886449
-1324886423
-1324886313
-1324886309
-1324886084
-1324886076
-1324885964
-1324885959
-1324885456
-1324885445
-1324885335
-1324885327
-1324885213
-1324885208
-1324885112
-1324885084
-1324885079
-1324884712
-1324884699
-1324884587
-1324884579
-1324884462
-1324884456
-1324884208
-1324884200
-1324884087
-1324884081
-1324883828
-1324883816
-1324883706
-1324883700
-1324883582
-1324883575
-1324883332
-1324883319
-1324883208
-1324883199
-1324882993
-1324882988
-1324882875
-1324882870
-1324882499
-1324882486
-1324882374
-1324882366
-1324882122
-1324882114
-1324881996
-1324881988
-1324881874
-1324881868
-1324881608
-1324881603
-1324881497
-1324881489
-1324881373
-1324881366
-1324881233
-1324881226
-1324881112
-1324880741
-1324880629
-1324880482
-1324880343
-1324880333
-1324880226
-1324880218
-1324879989
-1324879981
-1324879861
-1324879857
-1324879724
-1324879717
-1324879480
-1324879476
-1324879356
-1324879347
-1324879230
-1324879225
-1324879112
-1324879034
-1324878834
-1324878830
-1324878726
-1324878667
-1324878509
-1324878505
-1324878253
-1324878248
-1324878134
-1324878130
-1324878022
-1324877801
-1324877749
-1324877636
-1324877631
-1324877386
-1324877381
-1324877147
-1324877139
-1324877002
-1324876995
-1324876886
-1324876881
-1324876768
-1324876670
-1324876607
-1324876497
-1324876493
-1324876400
-1324876218
-1324876117
-1324876009
-1324875884
-1324875759
-1324875696
-1324875505
-1324875500
-1324875337
-1324875330
-1324875223
-1324875215
-1324875098
-1324874967
-1324874895
-1324874773
-1324874551
-1324874543
-1324874423
-1324874419
-1324874302
-1324874223
-1324874064
-1324874059
-1324873962
-1324873840
-1324873723
-1324873658
-1324873548
-1324873541
-1324873374
-1324873226
-1324873219
-1324872981
-1324872977
-1324872865
-1324872803
-1324872694
-1324872687
-1324872603
-1324872481
-1324872338
-1324872286
-1324872175
-1324871641
-1324871523
-1324871515
-1324871381
-1324871373
-1324871255
-1324871249
-1324871119
-1324870998
-1324870883
-1324870831
-1324870724
-1324870721
-1324870604
-1324870453
-1324870318
-1324870314
-1324870195
-1324870037
-1324869888
-1324869883
-1324869632
-1324869628
-1324869509
-1324869385
-1324869363
-1324869285
-1324869211
-1324867538
-1324867396
-1324862421
-1324862399
-1324862182
-1324862177
-1324861895
-1324861888
-1324861562
-1324861553
-1324861065
-1324861057
-1324860942
-1324860938
-1324860824
-1324860819
-1324860589
-1324860582
-1324860469
-1324860467
-1324860211
-1324860203
-1324859960
-1324859953
-1324859834
-1324859830
-1324859711
-1324859610
-1324859504
-1324859448
-1324859340
-1324859182
-1324859058
-1324859052
-1324858800
-1324858794
-1324858682
-1324858677
-1324858642
-1324858551
-1324858546
-1324858335
-1324858327
-1324858086
-1324858078
-1324857915
-1324857908
-1324857676
-1324857669
-1324857428
-1324857422
-1324856921
-1324856913
-1324856680
-1324856674
-1324856548
-1324856543
-1324856408
-1324856402
-1324856292
-1324856287
-1324856120
-1324856115
-1324856006
-1324856002
-1324855558
-1324855550
-1324855434
-1324855429
-1324855310
-1324855305
-1324855188
-1324855182
-1324854924
-1324854918
-1324854802
-1324854798
-1324854680
-1324854675
-1324854546
-1324854541
-1324854422
-1324854417
-1324854014
-1324854007
-1324853823
-1324853818
-1324853715
-1324853711
-1324853594
-1324853589
-1324853320
-1324853314
-1324853194
-1324853190
-1324853073
-1324853069
-1324852943
-1324852938
-1324852704
-1324852697
-1324852576
-1324852572
-1324852326
-1324852320
-1324851274
-1324850846
-1324850838
-1324850724
-1324850722
-1324850568
-1324850563
-1324850437
-1324850432
-1324850322
-1324850318
-1324850214
-1324850210
-1324850076
-1324850072
-1324849923
-1324849919
-1324849789
-1324849690
-1324849583
-1324849533
-1324849482
-1324849427
-1324849422
-1324848759
-1324848753
-1324848637
-1324848633
-1324848483
-1324848479
-1324848373
-1324848369
-1324846419
-1324846415
-1324846276
-1324846272
-1324846171
-1324846169
-1324846044
-1324846039
-1324845924
-1324845920
-1324845806
-1324845801
-1324845670
-1324845666
-1324845554
-1324845552
-1324845434
-1324845429
-1324845163
-1324845158
-1324845006
-1324845002
-1324844885
-1324844086
-1324843980
-1324843838
-1324843716
-1324843711
-1324843466
-1324843462
-1324843344
-1324843339
-1324843088
-1324843083
-1324842968
-1324842963
-1324842666
-1324842662
-1324842522
-1324842518
-1324842428
-1324842378
-1324842373
-1324842220
-1324842215
-1324842095
-1324842045
-1324841939
-1324841935
-1324841822
-1324841820
-1324841700
-1324841695
-1324841582
-1324841579
-1324841448
-1324841443
-1324841035
-1324841027
-1324840913
-1324840911
-1324840786
-1324840784
-1324840626
-1324840621
-1324840506
-1324840503
-1324840388
-1324840333
-1324840222
-1324839996
-1324837186
-1324837161
-1324836993
-1324836929
-1324836826
-1324836821
-1324836592
-1324836588
-1324836474
-1324836470
-1324836352
-1324836347
-1324836024
-1324836017
-1324835763
-1324835759
-1324835646
-1324835641
-1324835272
-1324835267
-1324835123
-1324835119
-1324834999
-1324834947
-1324834806
-1324834713
-1324834598
-1324834592
-1324834087
-1324834082
-1324833966
-1324833962
-1324833837
-1324833832
-1324833722
-1324833718
-1324833583
-1324833579
-1324833336
-1324833332
-1324833196
-1324833192
-1324833073
-1324833069
-1324832956
-1324832560
-1324832453
-1324832402
-1324832295
-1324832290
-1324832159
-1324832155
-1324832047
-1324832044
-1324831889
-1324831885
-1324831782
-1324831778
-1324831647
-1324831642
-1324831534
-1324831530
-1324831369
-1324831365
-1324831255
-1324831251
-1324831126
-1324831122
-1324830427
-1324830422
-1324830292
-1324830288
-1324830167
-1324829963
-1324826152
-1324826137
-1324825656
-1324825651
-1324825648
-1324825645
-1324825608
-1324825601
-1324825599
-1324825595
-1324825558
-1324825403
-1324825398
-1324825392
-1324825297
-1324825175
-1324825171
-1324824759
-1324824705
-1324824549
-1324824499
-1324824494
-1324824330
-1324824324
-1324824222
-1324824218
-1324823858
-1324823853
-1324823718
-1324823714
-1324823595
-1324823591
-1324823471
-1324823308
-1324823202
-1324823151
-1324823046
-1324823041
-1324822496
-1324822491
-1324822378
-1324822371
-1324822369
-1324822192
-1324822187
-1324822085
-1324822082
-1324821942
-1324821937
-1324821767
-1324821763
-1324821657
-1324821653
-1324821508
-1324821504
-1324821392
-1324820994
-1324820888
-1324820837
-1324820727
-1324820723
-1324820588
-1324820584
-1324820481
-1324820477
-1324820285
-1324820281
-1324820110
-1324820106
-1324819895
-1324819312
-1324819306
-1324819141
-1324819136
-1324819031
-1324819025
-1324818915
-1324818912
-1324818787
-1324817078
-1324816983
-1324816878
-1324816871
-1324816733
-1324816729
-1324816493
-1324816372
-1324816237
-1324816116
-1324815983
-1324815978
-1324815740
-1324815733
-1324815490
-1324815483
-1324815299
-1324815167
-1324815055
-1324814986
-1324814653
-1324814648
-1324814534
-1324814529
-1324814284
-1324814279
-1324814145
-1324814141
-1324814020
-1324813967
-1324813862
-1324813812
-1324813705
-1324813479
-1324813373
-1324813323
-1324813218
-1324813213
-1324813017
-1324813013
-1324812907
-1324812903
-1324812771
-1324812672
-1324812597
-1324812564
-1324812514
-1324812405
-1324812327
-1324812222
-1324811953
-1324811847
-1324811112
-1324811003
-1324810930
-1324810825
-1324809732
-1324809625
-1324809574
-1324809467
-1324809314
-1324809197
-1324809193
-1324809074
-1324809071
-1324808945
-1324808940
-1324808566
-1324808561
-1324808434
-1324808430
-1324808185
-1324808181
-1324807941
-1324807937
-1324807811
-1324807807
-1324807609
-1324807604
-1324807492
-1324807487
-1324807241
-1324807237
-1324806992
-1324806988
-1324806870
-1324806866
-1324806746
-1324806741
-1324806597
-1324806593
-1324806471
-1324806419
-1324806310
-1324806185
-1324806058
-1324806053
-1324805714
-1324805709
-1324805559
-1324805555
-1324805444
-1324805440
-1324805325
-1324805321
-1324805170
-1324805165
-1324805062
-1324805058
-1324804942
-1324804938
-1324804792
-1324804788
-1324804674
-1324804326
-1324804219
-1324804140
-1324804027
-1324804022
-1324803887
-1324803802
-1324803694
-1324803681
-1324800415
-1324800403
-1324800397
-1324800148
-1324800044
-1324800040
-1324799923
-1324799920
-1324799811
-1324799808
-1324799504
-1324799500
-1324799386
-1324799384
-1324799244
-1324799238
-1324799125
-1324798923
-1324798917
-1324798675
-1324798670
-1324798491
-1324798486
-1324798332
-1324797998
-1324797876
-1324797872
-1324797759
-1324797756
-1324797588
-1324797583
-1324797481
-1324797477
-1324797078
-1324797073
-1324796955
-1324796951
-1324796831
-1324796827
-1324796711
-1324796707
-1324796571
-1324796567
-1324796425
-1324796421
-1324796293
-1324796114
-1324794777
-1324794771
-1324794655
-1324794653
-1324794412
-1324794408
-1324794262
-1324794258
-1324794155
-1324794152
-1324794031
-1324794026
-1324793825
-1324793820
-1324793017
-1324793012
-1324792767
-1324792763
-1324789437
-1324789420
-1324789305
-1324789299
-1324789188
-1324789185
-1324789055
-1324789053
-1324788421
-1324788415
-1324788295
-1324788291
-1324788174
-1324788170
-1324788039
-1324788035
-1324787902
-1324787898
-1324787777
-1324787719
-1324787602
-1324787597
-1324787482
-1324787479
-1324787343
-1324787338
-1324787234
-1324787229
-1324787104
-1324787099
-1324786985
-1324786982
-1324786861
-1324786857
-1324786737
-1324786733
-1324786616
-1324786612
-1324786494
-1324786489
-1324786369
-1324786365
-1324786229
-1324786225
-1324786121
-1324786117
-1324785974
-1324785970
-1324785855
-1324775267
-1324772551
-1324746125
-1324746116
-1324746109
-1324744183
-1324744173
-1324744170
-1324744167
-1324744135
-1324744131
-1324744128
-1324744125
-1324744085
-1324743925
-1324743920
-1324743915
-1324743404
-1324742628
-1324742622
-1324742618
-1324742455
-1324742330
-1324742225
-1324742109
-1324741827
-1324741721
-1324740705
-1324740592
-1324740501
-1324740396
-1324740263
-1324740159
-1324739540
-1324739436
-1324739250
-1324739139
-1324739033
-1324738926
-1324738305
-1324738198
-1324738009
-1324737902
-1324737825
-1324737460
-1324737152
-1324736856
-1324736625
-1324736187
-1324736181
-1324736062
-1324735846
-1324735634
-1324735502
-1324735413
-1324735308
-1324735122
-1324735014
-1324734280
-1324734174
-1324733978
-1324731481
-1324731268
-1324728688
-1324728682
-1324728439
-1324728434
-1324728260
-1324728256
-1324728149
-1324728145
-1324727957
-1324727952
-1324727810
-1324727805
-1324726672
-1324726668
-1324726423
-1324726419
-1324726180
-1324726175
-1324726043
-1324726039
-1324725926
-1324725921
-1324725792
-1324725787
-1324725678
-1324725674
-1324724508
-1324724498
-1324724265
-1324724259
-1324724016
-1324723798
-1324723674
-1324723307
-1324722143
-1324721649
-1324721518
-1324721513
-1324721398
-1324721395
-1324721279
-1324721275
-1324720923
-1324720918
-1324720544
-1324720540
-1324720408
-1324720404
-1324720236
-1324720050
-1324717641
-1324717632
-1324717396
-1324717391
-1324717150
-1324717146
-1324717021
-1324717017
-1324716878
-1324716873
-1324716762
-1324716758
-1324716644
-1324716640
-1324716425
-1324716421
-1324715195
-1324715190
-1324715022
-1324715017
-1324714772
-1324714768
-1324714648
-1324714644
-1324714464
-1324714460
-1324714350
-1324714346
-1324714090
-1324714086
-1324713906
-1324713901
-1324712820
-1324712815
-1324712695
-1324712691
-1324712547
-1324712543
-1324712436
-1324712432
-1324712390
-1324712222
-1324712216
-1324712095
-1324711910
-1324707260
-1324707249
-1324707011
-1324707006
-1324706767
-1324706763
-1324706636
-1324706631
-1324706479
-1324706475
-1324706365
-1324706361
-1324706245
-1324706241
-1324706023
-1324706019
-1324705840
-1324705835
-1324704858
-1324704852
-1324704616
-1324704611
-1324704359
-1324704355
-1324704238
-1324704234
-1324704048
-1324704044
-1324703933
-1324703929
-1324703775
-1324703770
-1324703539
-1324703534
-1324702579
-1324702573
-1324702459
-1324702457
-1324702183
-1324702178
-1324702064
-1324702060
-1324701935
-1324701930
-1324701710
-1324701705
-1324701522
-1324701517
-1324701182
-1324701178
-1324701054
-1324701049
-1324700392
-1324700387
-1324700253
-1324700249
-1324699867
-1324699862
-1324699610
-1324699606
-1324699488
-1324699483
-1324699255
-1324699250
-1324699085
-1324699081
-1324698972
-1324698969
-1324698716
-1324698711
-1324698578
-1324698572
-1324697745
-1324697740
-1324697619
-1324697615
-1324697374
-1324697369
-1324697119
-1324697114
-1324696999
-1324696994
-1324696766
-1324696761
-1324696654
-1324696649
-1324696377
-1324696372
-1324696254
-1324696250
-1324695812
-1324695807
-1324695689
-1324695685
-1324695277
-1324695272
-1324695040
-1324695035
-1324694902
-1324694898
-1324694535
-1324694531
-1324694077
-1324694071
-1324693955
-1324693951
-1324693699
-1324693695
-1324693577
-1324693573
-1324693440
-1324693435
-1324693223
-1324693218
-1324693098
-1324693094
-1324692952
-1324692947
-1324692683
-1324692482
-1324687054
-1324687038
-1324686813
-1324686808
-1324686692
-1324686690
-1324686553
-1324686549
-1324686441
-1324686439
-1324686188
-1324686183
-1324686066
-1324686061
-1324686006
-1324685955
-1324685953
-1324685695
-1324685689
-1324685517
-1324685513
-1324685411
-1324685407
-1324684431
-1324684427
-1324684263
-1324684258
-1324684153
-1324684149
-1324683900
-1324683896
-1324683771
-1324683767
-1324683525
-1324683521
-1324683386
-1324683381
-1324683256
-1324683252
-1324682858
-1324682853
-1324682674
-1324682670
-1324682562
-1324682558
-1324681854
-1324681849
-1324681718
-1324681713
-1324681331
-1324681326
-1324681194
-1324681189
-1324680744
-1324680740
-1324680613
-1324680609
-1324680496
-1324680491
-1324680371
-1324680367
-1324680149
-1324680145
-1324680025
-1324680021
-1324679872
-1324679865
-1324679763
-1324679758
-1324679043
-1324678702
-1324678456
-1324678328
-1324678208
-1324678081
-1324677961
-1324677426
-1324677417
-1324676841
-1324674289
-1324674282
-1324674048
-1324674044
-1324673801
-1324673797
-1324673678
-1324673673
-1324673427
-1324673422
-1324673288
-1324673284
-1324673180
-1324673177
-1324672963
-1324672959
-1324672786
-1324672782
-1324672676
-1324672672
-1324672288
-1324672284
-1324672164
-1324672011
-1324671904
-1324671327
-1324671193
-1324671189
-1324670812
-1324670807
-1324670367
-1324670358
-1324670245
-1324670240
-1324670112
-1324669961
-1324669626
-1324669496
-1324669375
-1324668787
-1324668497
-1324668045
-1324668038
-1324668034
-1324668033
-1324667788
-1324667700
-1324667647
-1324667543
-1324667239
-1324667146
-1324666357
-1324666159
-1324664588
-1324664582
-1324664338
-1324664333
-1324664096
-1324664092
-1324663962
-1324663957
-1324663717
-1324663712
-1324663587
-1324663582
-1324663473
-1324663469
-1324663234
-1324663229
-1324663058
-1324663053
-1324662947
-1324662943
-1324662888
-1324662259
-1324662254
-1324662134
-1324662074
-1324661966
-1324661595
-1324661482
-1324661101
-1324660959
-1324660476
-1324660351
-1324660224
-1324660105
-1324659856
-1324659736
-1324659607
-1324659283
-1324659276
-1324659274
-1324659126
-1324658968
-1324658888
-1324658820
-1324658744
-1324658516
-1324658465
-1324658362
-1324658358
-1324657626
-1324657621
-1324656991
-1324656987
-1324656862
-1324656858
-1324656656
-1324656652
-1324656489
-1324656485
-1324656264
-1324655445
-1324655439
-1324655190
-1324655186
-1324655031
-1324655027
-1324654892
-1324654888
-1324654772
-1324654768
-1324654653
-1324654650
-1324654523
-1324654520
-1324654046
-1324654036
-1324653929
-1324653925
-1324653811
-1324653640
-1324653511
-1324653385
-1324652253
-1324651009
-1324650888
-1324650882
-1324650747
-1324650744
-1324650636
-1324650634
-1324650507
-1324650503
-1324650388
-1324650386
-1324650176
-1324650172
-1324650057
-1324650053
-1324649936
-1324649931
-1324649805
-1324649800
-1324649688
-1324649684
-1324649559
-1324649556
-1324649443
-1324649439
-1324649305
-1324649301
-1324649175
-1324649170
-1324649051
-1324648686
-1324648580
-1324648502
-1324648385
-1324648380
-1324648231
-1324648229
-1324648088
-1324648084
-1324647981
-1324647978
-1324647730
-1324647726
-1324647611
-1324647607
-1324647420
-1324647415
-1324647304
-1324647300
-1324646664
-1324646659
-1324646393
-1324646387
-1324646384
-1324646380
-1324646344
-1324646339
-1324646240
-1324646183
-1324646068
-1324646066
-1324645960
-1324645726
-1324645669
-1324645193
-1324645179
-1324645173
-1324644917
-1324644701
-1324644579
-1324644406
-1324644274
-1324644147
-1324644027
-1324643900
-1324643391
-1324643316
-1324643206
-1324643069
-1324642993
-1324642935
-1324642884
-1324642809
-1324642697
-1324642613
-1324642557
-1324642506
-1324642451
-1324642400
-1324642242
-1324642238
-1324642135
-1324642131
-1324641971
-1324641967
-1324641797
-1324641792
-1324641150
-1324641146
-1324641028
-1324641024
-1324640759
-1324640755
-1324640517
-1324640513
-1324640259
-1324640255
-1324640015
-1324640011
-1324639405
-1324639400
-1324639281
-1324639277
-1324639156
-1324639052
-1324638944
-1324638908
-1324638893
-1324638791
-1324638634
-1324638629
-1324638524
-1324638520
-1324637941
-1324637937
-1324637818
-1324637814
-1324637667
-1324637662
-1324637560
-1324637556
-1324637410
-1324637406
-1324637271
-1324637202
-1324637085
-1324637081
-1324637019
-1324636953
-1324636949
-1324636774
-1324636769
-1324636227
-1324636222
-1324636055
-1324636051
-1324635943
-1324635939
-1324635757
-1324635753
-1324635633
-1324635629
-1324634332
-1324634327
-1324634208
-1324634204
-1324633962
-1324633958
-1324633840
-1324633836
-1324633703
-1324633698
-1324633497
-1324633492
-1324633378
-1324633374
-1324633247
-1324633243
-1324633129
-1324633125
-1324633004
-1324633000
-1324632885
-1324632881
-1324632785
-1324632756
-1324632752
-1324632230
-1324632211
-1324632101
-1324632097
-1324631972
-1324631800
-1324631677
-1324631556
-1324630798
-1324630678
-1324630528
-1324630409
-1324630262
-1324629728
-1324629717
-1324629713
-1324629710
-1324629708
-1324629678
-1324629580
-1324629158
-1324629154
-1324629033
-1324628894
-1324628890
-1324628768
-1324628700
-1324628669
-1324628606
-1324628496
-1324628491
-1324628363
-1324628280
-1324628029
-1324627578
-1324627572
-1324627397
-1324627393
-1324627286
-1324627282
-1324627137
-1324627132
-1324627017
-1324627013
-1324626828
-1324626823
-1324626025
-1324626021
-1324625909
-1324625905
-1324625733
-1324625578
-1324624290
-1324624285
-1324624281
-1324624016
-1324623911
-1324623906
-1324623789
-1324623785
-1324623674
-1324623671
-1324623343
-1324623338
-1324623217
-1324623213
-1324622977
-1324622972
-1324622589
-1324622584
-1324622467
-1324622462
-1324622217
-1324622213
-1324622095
-1324622091
-1324621717
-1324621712
-1324621595
-1324621591
-1324621465
-1324621460
-1324621219
-1324621214
-1324620963
-1324620958
-1324620833
-1324620829
-1324620714
-1324620710
-1324620406
-1324620401
-1324620268
-1324620263
-1324620021
-1324620017
-1324619882
-1324619877
-1324619774
-1324619771
-1324619607
-1324619602
-1324619498
-1324619495
-1324619375
-1324619371
-1324619253
-1324619249
-1324619104
-1324619100
-1324618688
-1324618684
-1324618505
-1324618501
-1324618386
-1324618382
-1324618263
-1324618258
-1324618112
-1324618108
-1324617991
-1324617853
-1324617746
-1324617695
-1324617557
-1324617552
-1324617449
-1324617445
-1324617328
-1324617111
-1324616628
-1324616406
-1324616284
-1324616161
-1324616015
-1324615896
-1324615743
-1324615459
-1324615453
-1324614916
-1324614910
-1324614654
-1324614650
-1324614622
-1324614502
-1324614498
-1324614394
-1324614389
-1324614245
-1324614241
-1324614132
-1324614130
-1324614026
-1324613500
-1324613393
-1324613255
-1324613130
-1324613126
-1324612997
-1324612993
-1324612885
-1324612883
-1324612752
-1324612748
-1324612636
-1324612632
-1324612083
-1324612077
-1324611960
-1324611956
-1324611754
-1324611749
-1324611580
-1324611575
-1324611473
-1324611471
-1324611318
-1324611314
-1324610719
-1324610712
-1324610600
-1324610597
-1324609881
-1324609871
-1324609479
-1324609474
-1324609087
-1324609082
-1324608958
-1324608954
-1324608846
-1324578007
-1324577885
-1324577797
-1324577673
-1324577668
-1324576184
-1324576178
-1324575939
-1324575935
-1324575756
-1324575751
-1324575645
-1324575640
-1324575385
-1324575380
-1324575252
-1324575247
-1324574033
-1324574027
-1324573770
-1324573766
-1324573653
-1324573510
-1324573377
-1324573373
-1324573259
-1324573256
-1324572877
-1324572873
-1324572665
-1324572660
-1324572658
-1324394615
-1324388631
-1324388611
-1324388387
-1324388382
-1324388266
-1324388261
-1324388143
-1324388140
-1324387999
-1324387994
-1324387624
-1324387619
-1324387471
-1324387467
-1323868159
-1323865214
-1323803103
-1323788353
-1323788065
-1323763493
-1323763471
-1323763311
-1323763302
-1323763053
-1323763041
-1323762931
-1323762922
-1323748869
-1323735272
-1323698443
-1323697056
-1323695128
-1323658886
-1323658601
-1323658388
-1323658221
-1323655136
-1323655107
-1323655095
-1323654786
-1323654637
-1323654422
-1323654301
-1323647896
-1323640206
-1323640175
-1323639808
-1323639800
-1323639635
-1323639629
-1323639496
-1323639490
-1323636233
-1323624542
-1323624518
-1323624409
-1323624403
-1323624177
-1323624171
-1323624058
-1323624052
-1323623935
-1323623929
-1323623805
-1323623800
-1323623688
-1323623682
-1323623515
-1320647442
-1320646518
-1320606847
-1320605375
-1320604780
-1320566891
-1320565872
-1320565699
-1320563437
-1320563426
-1320561699
-1320522880
-1320482878
-1320424782
-1320386888
-1320386191
-1320385981
-1320309531
-1320308827
-1320308584
-1320302102
-1320263110
-1320262647
-1320255027
-1320254840
-1320254048
-1320251100
-1320251073
-1320250957
-1320250948
-1320248949
-1320248822
-1320248711
-1320248590
-1320242494
-1320242105
-1320238506
-1320238479
-1320238469
-1320238376
-1320238197
-1320238130
-1320238020
-1320238012
-1320237901
-1320237893
-1320237776
-1320237769
-1320237478
-1320237470
-1320237290
-1320237284
-1320237150
-1320237146
-1320236367
-1320236358
-1320235912
-1320235904
-1320235601
-1320235480
-1320234789
-1320234619
-1320234475
-1320234367
-1320234250
-1320234127
-1320234009
-1320233858
-1320233854
-1320223778
-1320222435
-1320222422
-1320222315
-1320222307
-1320221059
-1320221048
-1320220938
-1320220930
-1320220317
-1320220309
-1320220193
-1320220185
-1320220072
-1320220067
-1320219950
-1320219945
-1320219820
-1320219817
-1320219698
-1320219695
-1320218934
-1320218928
-1320218813
-1320218640
-1320198953
-1320198832
-1320157131
-1320156291
-1320132185
-1320106846
-1320106816
-1320095176
-1320094464
-1320094284
-1320081930
-1320081905
-1320069309
-1320068977
-1320068843
-1320068723
-1320068585
-1320066925
-1320066916
-1320066913
-1320009994
-1320009975
-1320008146
-1320008124
-1320007943
-1320007935
-1320007002
-1320006989
-1320006761
-1320006748
-1320006435
-1319971999
-1319971887
-1319895894
-1319895681
-1319895525
-1319895385
-1319891185
-1319891176
-1319888426
-1319888418
-1319888271
-1319888265
-1319888162
-1319888156
-1319887863
-1319887857
-1319887739
-1319887734
-1319887617
-1319887612
-1319887479
-1319887473
-1319887371
-1319887366
-1319887241
-1319887236
-1319886790
-1319886785
-1319886669
-1319886664
-1319886547
-1319886541
-1319886399
-1319886394
-1319884278
-1319884272
-1319884155
-1319884150
-1319883999
-1319883993
-1319883266
-1319882830
-1319880222
-1319842972
-1319833228
-1319832972
-1319822588
-1319822579
-1319817238
-1319778909
-1319778555
-1319738888
-1319642391
-1319639535
-1319637311
-1319635070
-1319631835
-1319621087
-1319620955
-1319620940
-1319618572
-1319618544
-1319617967
-1319617952
-1319615694
-1319615676
-1319615421
-1319615413
-1319588036
-1319585277
-1319565941
-1319562981
-1319562959
-1319559270
-1319559255
-1319558976
-1319558968
-1319558837
-1319558831
-1319558582
-1319558576
-1319558452
-1319518895
-1319473802
-1319470498
-1319470471
-1319470463
-1319467266
-1319467116
-1317917674
-1317894170
-1317893816
-1317869955
-1317853132
-1317843874
-1317843574
-1317832529
-1317832505
-1317832326
-1317803951
-1317794499
-1317794194
-1317781702
-1317781689
-1317772270
-1317771827
-1317761115
-1317727435
-1317716859
-1317716554
-1317684710
-1317647142
-1317596224
-1317596195
-1317586833
-1317586414
-1317586230
-1317575063
-1317566582
-1317566562
-1317557016
-1317556639
-1317556460
-1317545494
-1317411805
-1317409412
-1317409394
-1317407422
-1317387410
-1317382902
-1317379996
-1317374752
-1317374721
-1317374521
-1317374397
-1317369205
-1317364821
-1317354431
-1317354231
-1317338634
-1317262489
-1317262481
-1317258016
-1317235309
-1317235287
-1317224139
-1317187288
-1317178105
-1317174146
-1317135147
-1317134678
-1317118405
-1317118380
-1317118370
-1317118245
-1317118134
-1317118039
-1317117916
-1317117910
-1317103178
-1317103153
-1317103090
-1317103036
-1317102793
-1317102789
-1317102659
-1317102656
-1317102545
-1317102536
-1317102423
-1317102418
-1317102168
-1317102160
-1317102006
-1317101996
-1317101881
-1317101876
-1317101400
-1317101391
-1317087447
-1317087431
-1317087200
-1317087191
-1317087079
-1317087071
-1317086881
-1317086877
-1317086747
-1317086743
-1317086627
-1317086622
-1317086360
-1317086351
-1317086143
-1317086136
-1317085871
-1317085864
-1317085703
-1317085699
-1317085563
-1317085559
-1317085436
-1317085432
-1317084898
-1317084889
-1317084760
-1317056964
-1317040556
-1317040542
-1317040532
-1317002884
-1317002402
-1316982990
-1316982971
-1316982834
-1316935499
-1316917649
-1316917632
-1316917622
-1316917368
-1316917243
-1316917154
-1316917033
-1316917025
-1316916908
-1316916900
-1316916786
-1316916781
-1316916591
-1316916585
-1316916457
-1316916452
-1316916331
-1316916326
-1316915908
-1316915896
-1316900718
-1316900705
-1316900409
-1316900222
-1316900105
-1316899920
-1316899780
-1316899770
-1316899661
-1316899654
-1316899244
-1316899235
-1316899129
-1316899122
-1316899004
-1316898999
-1316884341
-1316884318
-1316884099
-1316884090
-1316883983
-1316883978
-1316883861
-1316883856
-1316883734
-1316883728
-1316883458
-1316883449
-1316883281
-1316883275
-1316883061
-1316883054
-1316882696
-1316882684
-1316882521
-1316882516
-1316882386
-1316882383
-1316882266
-1316882263
-1316881739
-1316881724
-1316881614
-1316881605
-1316881449
-1316881446
-1316881325
-1316881321
-1316881201
-1316881197
-1316881040
-1316881027
-1316868039
-1316868026
-1316867918
-1316867911
-1316867675
-1316867667
-1316867554
-1316867545
-1316867427
-1316867423
-1316867301
-1316867296
-1316867077
-1316867068
-1316866935
-1316866929
-1316866543
-1316866534
-1316866302
-1316866294
-1316866172
-1316866168
-1316865800
-1316865791
-1316865675
-1316865667
-1316865555
-1316865551
-1316865293
-1316865288
-1316865176
-1316865168
-1316865047
-1316865043
-1316864932
-1316864854
-1316864661
-1316864656
-1316864546
-1316864467
-1316864406
-1316864352
-1316864279
-1316864163
-1316864085
-1316864023
-1316863969
-1316863896
-1316863771
-1316863691
-1316863630
-1316863575
-1316863510
-1316863391
-1316863268
-1316863207
-1316852418
-1316852407
-1316852299
-1316852291
-1316852094
-1316852088
-1316851984
-1316851975
-1316851857
-1316851847
-1316851740
-1316851508
-1316851458
-1316851345
-1316849537
-1316849408
-1316849399
-1316849166
-1316849159
-1316849043
-1316849034
-1316848920
-1316848912
-1316848797
-1316848674
-1316848663
-1316848546
-1316848430
-1316848303
-1316848229
-1316848167
-1316848112
-1316848040
-1316847934
-1316847809
-1316847690
-1316847515
-1316847340
-1316847258
-1316847128
-1316847012
-1316846766
-1316846640
-1316846502
-1316846376
-1316846369
-1316846246
-1316846123
-1316845739
-1316845639
-1316845624
-1316845525
-1316845449
-1316845338
-1316845209
-1316845097
-1316845032
-1316844923
-1316844915
-1316844807
-1316844706
-1316844569
-1316844413
-1316836889
-1316836878
-1316836707
-1316836703
-1316836580
-1316836572
-1316835583
-1316835573
-1316835411
-1316835403
-1316835131
-1316835122
-1316834738
-1316834729
-1316834617
-1316834609
-1316834393
-1316834386
-1316834270
-1316834266
-1316832282
-1316832272
-1316832031
-1316832020
-1316831791
-1316831780
-1316831663
-1316831653
-1316831551
-1316831490
-1316831379
-1316831371
-1316831294
-1316830959
-1316830951
-1316830539
-1316830530
-1316830394
-1316830386
-1316830269
-1316830257
-1316830082
-1316829898
-1316829847
-1316829735
-1316829731
-1316829475
-1316829466
-1316829309
-1316829301
-1316828984
-1316828975
