-344041165
-343955891
-343955493
-343798417
-343798395
-343798218
-343798209
-343720701
-343713397
-343713388
-343713160
-343713151
-343713029
-343671169
-343670746
-343618520
-343618479
-343618380
-343618367
-343618146
-343618132
-343618036
-343618030
-343567723
-343567707
-343567606
-343567596
-343567413
-343567406
-343567310
-343567304
-343567130
-343567107
-343567009
-343567002
-343566678
-343566669
-343566515
-343566509
-343514738
-343514715
-343514501
-343514494
-343514398
-343514392
-343514262
-343514204
-343514109
-343514102
-343513860
-343513853
-343513754
-343513726
-343513480
-343513470
-343513169
-343513159
-343513005
-343513000
-343512877
-343512870
-343512729
-343512722
-343512176
-343512166
-343512061
-343512057
-343460671
-343460657
-343460431
-343460424
-343363197
-343358801
-343358320
-343352161
-343352147
-343352139
-343315768
-343315154
-343309745
-343309719
-343309709
-343309507
-343309406
-343271770
-343271189
-343255200
-343255172
-343255161
-343255092
-343254993
-343254832
-343254790
-343254728
-343250483
-343250474
-343247362
-343247352
-343247233
-343245920
-343239993
-343239963
-343239955
-343239495
-343239366
-343199755
-343198992
-343192999
-343192988
-343192980
-343192816
-343192715
-343192598
-343192503
-343192495
-343188294
-343188286
-343188049
-343188041
-343187846
-343187839
-343187760
-343187739
-343187457
-343187449
-343187305
-343187301
-343186699
-343186675
-343186669
-343186549
-343186544
-343186267
-343186252
-343186247
-343186084
-343186074
-343185447
-343185441
-343185309
-343185305
-343183142
-343183134
-343182925
-343182918
-343182138
-343182131
-343181888
-343181880
-343181764
-343181758
-343181662
-343181656
-343181510
-343181503
-343181321
-343181314
-343180986
-343140538
-343139840
-343134058
-343134048
-343134040
-343133738
-343133637
-343091780
-343091296
-343075258
-343075248
-343034419
-343033931
-343018064
-343018055
-342979749
-342978700
-342978687
-342978533
-342972578
-342972564
-342972043
-342972032
-342971993
-342971898
-342971344
-342971334
-342971237
-342971222
-342970061
-342970053
-342969718
-342969710
-342969595
-342969588
-342969488
-342969484
-342968826
-342968818
-342968656
-342968648
-342968439
-342968432
-342968354
-342968300
-342968203
-342968186
-342968084
-342968062
-342967953
-342967938
-342967842
-342967837
-342967671
-342967664
-342967568
-342967563
-342967441
-342967396
-342967300
-342967294
-342966557
-342966543
-342966444
-342966437
-342962085
-342962074
-342961978
-342961970
-342961720
-342961712
-342961615
-342961607
-342961464
-342961456
-342961358
-342961351
-342960957
-342960949
-342960716
-342960709
-342960590
-342960583
-342960335
-342960327
-342960075
-342960067
-342959971
-342959964
-342959709
-342959701
-342959605
-342959599
-342959334
-342959327
-342959230
-342959223
-342958957
-342958949
-342958852
-342958845
-342958697
-342958689
-342958535
-342958528
-342958433
-342958426
-342958301
-342958294
-342958172
-342958165
-342958034
-342958027
-342957929
-342957922
-342957779
-342957771
-342957638
-342957631
-342957535
-342957528
-342957470
-342957382
-342957375
-342957278
-342957267
-342956856
-342956848
-342956691
-342956684
-342955554
-342955544
-342955413
-342955405
-342955260
-342955253
-342955156
-342955148
-342954849
-342954838
-342954336
-342954325
-342954219
-342954094
-342953975
-342952961
-342952946
-342952934
-342952928
-342952914
-342952810
-342952782
-342952692
-342952687
-342952521
-342952512
-342952450
-342952403
-342952299
-342952053
-342951978
-342951944
-342951867
-342951819
-342948796
-342948573
-342948564
-342948467
-342948459
-342948302
-342948294
-342948198
-342948190
-342948063
-342948056
-342947936
-342947928
-342947795
-342947787
-342947691
-342947684
-342947534
-342947527
-342943981
-342943972
-342943868
-342943861
-342943706
-342943699
-342943604
-342943597
-342943473
-342943466
-342943335
-342943309
-342943303
-342943208
-342943200
-342943043
-342943035
-342942908
-342942900
-342942783
-342939045
-342938921
-342938747
-342938626
-342938618
-342937522
-342928210
-342928184
-342927885
-342927715
-342927616
-342927356
-342927252
-342927090
-342926758
-342926520
-342926141
-342925180
-342925075
-342924900
-342924797
-342916996
-342916707
-342916698
-342915837
-342914616
-342914606
-342914295
-342914080
-342913843
-342913721
-342913283
-342913180
-342912821
-342912709
-342912215
-342906718
-342906699
-342904103
-342904002
-342903838
-342903713
-342903608
-342903402
-342893056
-342892959
-342892929
-342892824
-342892588
-342892470
-342892306
-342892169
-342891693
-342891544
-342891414
-342891188
-342882014
-342881990
-342881647
-342881546
-342879434
-342879314
-342879185
-342879080
-342877571
-342876459
-342876447
-342871289
-342871279
-342869578
-342869568
-342869322
-342869314
-342869217
-342869188
-342869092
-342869086
-342868881
-342868875
-342868778
-342868761
-342868635
-342868629
-342868396
-342868388
-342868291
-342868286
-342868128
-342868124
-342867997
-342867990
-342867721
-342867713
-342867244
-342867061
-342867055
-342866935
-342866927
-342866791
-342866649
-342866522
-342866380
-342866253
-342865257
-342865086
-342864929
-342864826
-342862705
-342862578
-342862573
-342862324
-342862315
-342862207
-342862079
-342861958
-342861834
-342861710
-342861019
-342861010
-342861006
-342861001
-342860959
-342860710
-342860581
-342860526
-342860515
-342860508
-342859908
-342859811
-342859731
-342859609
-342859604
-342859484
-342859446
-342859349
-342859345
-342858681
-342858674
-342857056
-342857049
-342856815
-342856807
-342856680
-342856306
-342854288
-342854277
-342854155
-342853007
-342852879
-342852874
-342852637
-342852632
-342852513
-342852464
-342852375
-342852355
-342852245
-342852072
-342851972
-342851965
-342851793
-342851784
-342851707
-342851645
-342851251
-342851242
-342851141
-342851089
-342850960
-342850950
-342850816
-342850810
-342850685
-342846428
-342846293
-342846282
-342845992
-342845983
-342845883
-342845858
-342845751
-342845706
-342845608
-342845604
-342845491
-342845397
-342845349
-342845312
-342845249
-342845086
-342845023
-342844939
-342844875
-342844839
-342844755
-342844647
-342844580
-342844500
-342844452
-342844349
-342844222
-342844201
-342844106
-342844075
-342843965
-342843848
-342843730
-342843672
-342843593
-342843558
-342843446
-342843231
-342843046
-342842529
-342842512
-342838461
-342838443
-342837281
-342837265
-342837165
-342837159
-342836969
-342836963
-342836824
-342836775
-342835736
-342835723
-342834414
-342825472
-342714957
-342702750
-342636860
-342629650
-342492238
-342480851
-342477684
-342462142
-342461390
-342445116
-342445076
-342415883
-342415761
-342415051
-342411196
-342411185
-342402844
-342402815
-342402709
-342402703
-342402477
-342402470
-342402372
-342402367
-342395778
-342394814
-342394504
-342391225
-342391199
-342391117
-342391086
-342390988
-342390984
-342390744
-342390735
-342390637
-342390629
-342390227
-342390218
-342390122
-342390115
-342389956
-342389949
-342389562
-342389554
-342389378
-342389371
-342389275
-342389268
-342389105
-342389099
-342379047
-342379025
-342378920
-342378913
-342378644
-342378636
-342378540
-342378533
-342378392
-342378384
-342378002
-342377995
-342377749
-342377741
-342377368
-342377360
-342377261
-342377245
-342376997
-342376990
-342376825
-342376817
-342376639
-342376631
-342376322
-342376315
-342376220
-342376213
-342376043
-342376036
-342375940
-342375934
-342375779
-342375771
-342375676
-342375648
-342375552
-342375517
-342375363
-342375356
-342375039
-342374918
-342311789
-342310556
-342271233
-342226903
-342226869
-342226746
-342221086
-342207971
-342207933
-342207850
-342207824
-342207615
-342207599
-342207501
-342207491
-342207232
-342207218
-342207117
-342207088
-342206988
-342206976
-342206597
-342206580
-342206481
-342206473
-342206339
-342206325
-342206227
-342206219
-342205972
-342205958
-342205860
-342205852
-342205726
-342205714
-342205560
-342205554
-342205431
-342193104
-342182753
-342182449
-342145855
-342145826
-342133757
-342133372
-342117944
-342117915
-342117553
-342084132
-342084017
-342079399
-342041369
-342037348
-342036991
-342035767
-341995739
-341992569
-341839396
-341799252
-341786879
-341774425
-341774399
-341774346
-341774291
-341774068
-341774060
-341773964
-341773958
-341773697
-341773675
-341773579
-341773574
-341773457
-341773453
-341773061
-341773051
-341772883
-341772879
-341772784
-341772780
-341772624
-341772616
-341772109
-341772095
-341771997
-341771990
-341771816
-341771808
-341757836
-341745882
-341745857
-341734629
-341733514
-341733502
-341733273
-341722862
-341722261
-341720839
-341720810
-341720800
-341720725
-341720550
-341720516
-341720485
-341720438
-341720416
-341720252
-341720155
-341720149
-341719980
-341719973
-341718492
-341718472
-341718333
-341710965
-341710841
-341710833
-341710585
-341710576
-341710480
-341710473
-341708895
-341708073
-341700778
-341700748
-341700737
-341700557
-341700431
-341700295
-341700198
-341696721
-341696552
-341696543
-341696318
-341696313
-341696207
-341696203
-341686538
-341686510
-341686373
-341615133
-341614239
-341577398
-341567223
-341566673
-341555404
-341555394
-341555386
-341555298
-341555185
-341555039
-341554991
-341554938
-341544932
-341544923
-341544699
-341544692
-341544597
-341543972
-341543328
-341530958
-341530947
-341530939
-341530794
-341530694
-341530572
-341530473
-341530465
-341527077
-341527068
-341526884
-341526876
-341518954
-341518946
-341518849
-341518820
-341518701
-341518697
-341518595
-341518573
-341518475
-341518459
-341518358
-341518354
-341518151
-341518145
-341518049
-341518020
-341517902
-341517871
-341517431
-341517422
-341517257
-341517251
-341517131
-341517123
-341515822
-341514978
-341506869
-341506840
-341506828
-341506484
-341506382
-341506206
-341506108
-341505947
-341505849
-341505568
-341505445
-341505438
-341505187
-341505179
-341504471
-341504464
-341504348
-341504340
-341504188
-341504180
-341504085
-341504078
-341503936
-341503915
-341503798
-341503791
-341503701
-341503651
-341503551
-341503547
-341503214
-341503206
-341503085
-341503081
-341502955
-341502947
-341502797
-341502790
-341502668
-341483250
-341483137
-341481365
-341481196
-341479275
-341472215
-341465839
-341465811
-341442061
-341441926
-341441338
-341440819
-341440296
-341436121
-341436090
-341431987
-341431358
-341430806
-341430537
-341430259
-341429971
-341425954
-341425450
-341425186
-341423302
-341422956
-341414411
-341414393
-341410171
-341371765
-341351952
-341315764
-341277403
-341266387
-341266128
-341242746
-341242715
-341232555
-341195766
-341195331
-341179037
-341179012
-341139766
-341139261
-341110990
-341110966
-341048777
-341048292
-341009406
-340996227
-340996119
-340996111
-340995865
-340995856
-340995749
-340995744
-340995547
-340995538
-340995439
-340995420
-340995323
-340995319
-340994955
-340994947
-340985248
-340984876
-340984193
-340984176
-340984168
-340983817
-340983769
-340983706
-340983408
-340983400
-340983303
-340983295
-340982912
-340982900
-340982742
-340982736
-340982641
-340982612
-340982512
-340982509
-340981691
-340981681
-340981471
-340981463
-340981335
-340943761
-340943287
-340918147
-340918106
-340893696
-340893340
-340868507
-340868476
-340844255
-340843898
-340818000
-340817982
-340793802
-340793495
-340768583
-340768570
-340758679
-340758387
-340747598
-340747574
-340707736
-340669415
-340654604
-340654356
-340653763
-340653750
-340615770
-340615384
-340609832
-340609807
-340560775
-340560424
-340521423
-340483753
-340483323
-340471686
-340471652
-340470936
-340431244
-340430757
-340413208
-340413181
-340375773
-340375449
-340358187
-340358162
-340319746
-340319386
-340302713
-340302680
-340263775
-340263454
-340262121
-340261707
-340246055
-340245954
-340245521
-340229211
-340229185
-340191774
-340191207
-340174404
-340174374
-340135770
-340135101
-340134801
-340117994
-340079270
-340078854
-340053011
-340052986
-340052571
-340015273
-340014962
-339985550
-339985510
-339947754
-339947127
-339930011
-339929978
-339891752
-339891086
-339873808
-339873794
-339835766
-339835155
-339834212
-339795231
-339794754
-330452526
