1071671336
1071934657
1071934939
1072212333
1072212355
1072212556
1072212565
1072475037
1072475054
1072863711
1072867924
1072868179
1072874531
1072874545
1072874881
1072999762
1072999790
1072999800
1073261286
1073261317
1073261326
1073261434
1073523263
1073523294
1073859402
1073862845
1073863115
1073869014
1073869030
1073869038
1073869133
1073869245
1073869334
1073869447
1073871563
1073871676
1073873301
1073873416
1073910024
1073910421
1073916077
1073916096
1073916105
1073954035
1073954410
1073959713
1073959737
1073959747
1073996063
1074448849
1075048760
1075049060
1075049350
1075649239
1075649532
1075650785
1075650803
1075650960
1075650968
1075651102
1075778073
1075778101
1076250021
1076250054
1076250199
1076250733
1076250750
1076251092
1076251110
1076251232
1076251363
1077890413
1077890442
1078154443
1078154472
1078154672
1078154685
1078424890
1078424918
1078425067
1078425081
1078425182
1078425193
1078689078
1078689106
1078689352
1078689368
1078689565
1078689581
1078689899
1078689916
1078957328
1078957358
1078957531
1078957546
1079052501
1079484292
1079484323
1079484962
1079484977
1079484986
1079484995
1079747730
1079747758
1079747960
1079747973
1080012451
1080012479
1080012641
1080012651
1080012748
1080012761
1080275575
1080275602
1080275719
1080275732
1080275839
1080275847
1080538809
1080538838
1080538933
1080538945
1080539055
1080539063
1080539199
1080539209
1080801946
1080801975
1080802069
1080802079
1080802190
1080802201
1080802315
1080802324
1081066534
1081066562
1081066659
1081066669
1081066778
1081066790
1081066954
1081066966
1081101749
1081101775
1081901332
1082650554
1082651095
1083253303
1083539361
1084227752
1084228061
1084729297
1085185520
1085199519
1085202826
1085203069
1085208631
1085208651
1085208661
1085246304
1085246703
1085286311
1085286667
1085331301
1085334638
1085334845
1085339735
1085339748
1085378282
1085378981
1085379570
1085382990
1085383284
1085384738
1085384749
1085384756
1085384915
1085385031
1085388122
1085388137
1085388232
1085388404
1085388410
1085388552
1085388786
1085394257
1085394274
1085394281
1085394385
1085394493
1085394662
1085394768
1085394928
1085395036
1085398147
1085398256
1085398573
1085398680
1085399584
1085399691
1085399830
1085399936
1085400093
1085400227
1085400232
1085400487
1085400491
1085400607
1085400611
1085400732
1085401005
1085401010
1085401014
1085401129
1085401236
1085401309
1085401410
1085401414
1085402696
1085402702
1085403140
1085403144
1085403271
1085407852
1085407977
1085407981
1085408085
1085408096
1085408099
1085408224
1085408226
1085408252
1085411889
1085411902
1085412124
1085412133
1085412258
1085412260
1085412378
1085412387
1085412500
1085412508
1085412687
1085412696
1085412799
1085412805
1085413294
1085413302
1085413415
1085413418
1085413587
1085413595
1085413948
1085415044
1085415056
1085415061
1085415167
1085415275
1085415356
1085415494
1085415500
1085416666
1085416673
1085416997
1085417003
1085417147
1085417153
1085417273
1085419136
1085419273
1085419279
1085419508
1085419514
1085419636
1085419639
1085419757
1085419760
1085419878
1085419881
1085420180
1085420186
1085420350
1085420356
1085420503
1085420510
1085420923
1085421081
1085421086
1085421289
1085425462
1085425471
1085425581
1085425584
1085425703
1085425707
1085425880
1085425887
1085426246
1085429307
1085429321
1085429328
1085429601
1085429727
1085429805
1085429928
1085429937
1085430186
1085430195
1085430309
1085430314
1085430479
1085430487
1085430813
1085430821
1085430957
1085430962
1085431210
1085431218
1085431348
1085432344
1085432459
1085434577
1085434710
1085434788
1085434904
1085435085
1085435190
1085435194
1085435366
1085435548
1085435559
1085438408
1085438417
1085438698
1085438707
1085438951
1085438959
1085439329
1085439337
1085439704
1085439712
1085439828
1085439836
1085440085
1085440093
1085440255
1085440262
1085440418
1085440421
1085440527
1085440534
1085440649
1085440653
1085440796
1085440803
1085441341
1085441347
1085443111
1085443228
1085443435
1085443532
1085443799
1085449733
1085449748
1085449756
1085486293
1085487038
1085491956
1085491970
1085491978
1085530270
1085530548
1085535971
1085535983
1085535989
1085536089
1085536194
1085536977
1085536987
1085537095
1085539779
1085539788
1085540010
1085540019
1085540148
1085578290
1085578708
1085583638
1085583666
1085583677
1085622292
1085622692
1085641754
1085645206
1085645382
1085650281
1085650299
1085650405
1085650411
1085650521
1085650527
1085650643
1085650649
1085651556
1085653954
1085653965
1085654192
1085654199
1085654453
1085654460
1085654571
1085654577
1085654823
1085654830
1085654947
1085654953
1085655087
1085655093
1085655409
1085655415
1085655567
1085655573
1085655689
1085655696
1085655884
1085658755
1085658776
1085658783
1085658877
1085658986
1085659129
1085659245
1085659252
1085659372
1085659375
1085659488
1085659494
1085660096
1085660104
1085660280
1085660285
1085662045
1085662184
1085662190
1085662383
1085662388
1085662500
1085662505
1085663443
1085663785
1085665116
1085665140
1085668715
1085668833
1085668839
1085669007
1085669012
1085669128
1085669133
1085669373
1085672629
1085672655
1085672665
1085672942
1085673068
1085675648
1085675756
1085675875
1085675983
1085714287
1085715399
1085723294
1085723335
1085723348
1085723438
1085723549
1085723686
1085723793
1085723967
1085724073
1085727228
1085727393
1085727838
1085733458
1085733502
1085770053
1085770349
1085775282
1085775295
1085775300
1085814274
1085814526
1085819455
1085819468
1085819473
1085819774
1085819890
1085858277
1085858543
1085863500
1085863520
1085863529
1085863667
1085863874
1085863991
1085866315
1085867288
1085867424
1085906290
1085906705
1085911772
1085911799
1085911809
1085911938
1085912054
1085912126
1085912240
1085915446
1085915567
1085915685
1085915814
1085916281
1085922431
1085922456
1085922467
1085922558
1085922733
1085923198
1085923213
1085927203
1085927617
1085935014
1085935038
1085935048
1085935185
1085935306
1085935431
1085935537
1085935715
1085935829
1085936166
1085936279
1085936336
1085936447
1085939047
1085939158
1085978307
1085978786
1085983687
1085983708
1085983722
1086022070
1086022331
1086027845
1086027860
1086027868
1086066275
1086066690
1086071549
1086071579
1086071589
1086071764
1086071879
1086072428
1086072549
1086072560
1086072885
1086072894
1086073229
1086073238
1086075173
1086075182
1086075383
1086075391
1086075969
1086075976
1086076265
1086076273
1086076713
1086077040
1086077053
1086077059
1086077367
1086077488
1086077496
1086077606
1086077614
1086077862
1086077870
1086082661
1086082781
1086082905
1086083013
1086083018
1086083294
1086083328
1086083332
1086083734
1086083742
1086083747
1086083859
1086083973
1086086522
1086086646
1086086809
1086086916
1086087189
1086087295
1086087441
1086087545
1086087789
1086087896
1086087950
1086088053
1086088057
1086088352
1086088356
1086088515
1086088520
1086088669
1086088674
1086089106
1086089701
1086089707
1086089712
1086090204
1086090326
1086090422
1086090556
1086090561
1086090668
1086090673
1086090806
1086095161
1086095294
1086096494
1086101774
1086101796
1086101803
1086101980
1086102094
1086142311
1086142804
1086147901
1086147932
1086147946
1086186281
1086186832
1086226323
1086229853
1086230647
1086231676
1086231702
1086231711
1086231992
1086232112
1086232167
1086232277
1086232286
1086235045
1086240544
1086240668
1086240924
1086241009
1086241048
1086241059
1086241301
1086241309
1086241319
1086251727
1086251762
1086251816
1086251900
1086252610
1086252633
1086252765
1086252773
1086252778
1086252783
1086401739
1086859843
1089845049
1089846327
1089846511
1089846962
1090418968
1090419486
1090445449
1090445479
1090445494
1090445596
1090445711
1090446885
1090447015
1090993703
1091020825
1091021359
1091057700
1091058067
1091098301
1091098620
1091104579
1091104591
1091104599
1091104695
1091104824
1091104943
1091105065
1091142276
1091143488
1091148319
1091148330
1091148338
1091148638
1091148770
1091186282
1091186652
1091191861
1091191887
1091191898
1091192027
1091192155
1091192238
1091192350
1091192715
1091192829
1091195690
1091195808
1091195972
1091196097
1091196105
1091196223
1091196907
1091204256
1091204275
1091204285
1091457121
1091457904
1091458236
1091594849
1091717992
1092144311
1092144801
1092145139
1092717983
1092718289
1092718456
1092840053
1092840076
1092840139
1092840192
1093292231
1093293144
1093293350
1093535971
1093535993
1093536256
1093536264
1093864929
1093865311
1093865674
1093867507
1094438118
1094438594
1094477244
1094477626
1094501382
1094502185
1094507114
1094507138
1094507148
1094507458
1094507588
1094546277
1094546923
1094551827
1094551852
1094551862
1094552138
1094552255
1094590063
1094591339
1094591736
1094591748
1094595530
1094595749
1094596729
1094596742
1094601026
1094601149
1094601156
1094601279
1094601288
1094601394
1094601400
1094601659
1094604505
1094604529
1094606737
1094606855
1094606993
1094607115
1094650026
1094650462
1094655640
1094655672
1094655688
1094694331
1094694680
1094694817
1094700636
1094700655
1094700760
1094700764
1094701103
1094701228
1094953752
1094982643
1094983084
1095012300
1095012337
1095015790
1095016477
1095021632
1095021654
1095021665
1095021959
1095022072
1095022315
1095022428
1095022738
1095022854
1095062281
1095062686
1095068850
1095068882
1095068894
1095106029
1095106471
1095106835
1095110317
1095110568
1095111415
1095111426
1095111434
1095111706
1095111848
1095111931
1095112060
1095116152
1095116265
1095116392
1095116513
1095116528
1095116534
1095116641
1095116647
1095117058
1095119946
1095119971
1095120198
1095120203
1095121823
1095121956
1095122271
1095127461
1095127484
1095127494
1095127783
1095127902
1095188342
1095265818
1095266512
1095266628
1095272068
1095272480
1095583837
1095698456
1095699065
1095699303
1095699417
1095699543
1095700760
1095700962
1095700977
1095701099
1096313506
1096314543
1096367504
1096367886
1096404995
1096405352
1096442037
1096442323
1096448340
1096448356
1096448366
1096486292
1096486729
1096487350
1096490715
1096490968
1096491756
1096491769
1096491777
1096492045
1096492175
1096492252
1096492370
1096492375
1096495817
1096495840
1096495905
1096495957
1096496131
1096496135
1096496265
1096496274
1096496398
1096496506
1096496632
1096496637
1096496897
1096497346
1096497553
1096497726
1096502624
1096502746
1096502752
1096503041
1096503166
1096503531
1096503935
1096504582
1096509645
1096509679
1096509694
1096546109
1096547072
1096552836
1096552851
1096552861
1096552955
1096553070
1096553180
1096553194
1096553295
1096556564
1096556576
1096556806
1096556813
1096557067
1096557078
1096557189
1096557198
1096557444
1096557453
1096557565
1096557573
1096557709
1096557715
1096558036
1096558045
1096558200
1096558206
1096558314
1096558318
1096558480
1096558487
1096558944
1096558950
1096561424
1096561441
1096561552
1096561558
1096561672
1096561675
1096561786
1096561792
1096561946
1096561954
1096562074
1096995633
1097108264
1097146047
1097250066
1097251028
1097251295
1097844974
1097882274
1098554070
1098554266
1099226713
1099226893
1099227058
1099865182
1099865403
1099865528
1100688731
1100718382
1100718596
1100719009
1100719022
1100851407
1100852820
1101001526
1101324530
1101325257
1101456319
