1872053275
1872076180
1872076360
1872115507
1872115725
1872115948
1872116067
1872138330
1872138570
1872138813
1872138931
1872139129
1872139243
1872139395
1872139588
1872189026
1872190468
1872202072
1872202255
1872212466
1872212487
1872214824
1872214947
1872215003
1872215207
1872215345
1872226794
1872226983
1872227103
1872227314
1872266508
1872266976
1872290652
1872290685
1872290840
1872291043
1872291150
1872312542
1872312557
1872312681
1872313038
1872335711
1872335738
1872335842
1872336039
1872336149
1872357678
1872357800
1872358111
1872358232
1872358351
1872358657
1872358826
1872358834
1872359340
1872359354
1872359469
1872359623
1872380073
1872380269
1872380384
1872381012
1872381374
1872381550
1872381672
1872381927
1872382050
1872382167
1872382359
1872382497
1872383378
1872383551
1872383677
1872383796
1872405716
1872406490
1872406614
1872406731
1872406852
1872406973
1872407093
1872407321
1872407434
1872407553
1872428777
1872428894
1872429078
1872429754
1872430018
1872430395
1872430530
1872430644
1872430753
1872431011
1872431143
1872431261
1872431385
1872431517
1872431986
1872432111
1872432230
1872451137
1872451374
1872451490
1872451611
1872451726
1872451858
1872453766
1872453987
1872454158
1872454286
1872454425
1872593955
1872605661
1872605950
1872617945
1872623467
1872646743
1872649429
1872661963
1872662084
1872662299
1872662454
1872662701
1872662815
1872662935
1872663312
1872663481
1872663591
1872674750
1872674967
1872675091
1872675209
1901558750
