1195949795
1196275742
1196276081
1196621152
1196621176
1196621373
1196621384
1196621509
1196621516
1196646678
1196948512
1196948537
1196948718
1196948727
1196948825
1196948833
1197273223
1197273238
1197273619
1197273627
1197273912
1197273921
1197313739
1197314259
1197314437
1197588540
1197589146
1197589334
1197595315
1197595329
1197595537
1197595547
1197595775
1197595784
1197596061
1197596070
1197865704
1197866104
1197868186
1197868217
1197871114
1197871133
1197871236
1197871244
1197873116
1197916145
1197916154
1197916488
1197916497
1197916595
1197916604
1197916922
1197916931
1197974182
1197974206
1197974396
1197974404
1197974501
1197974507
1198138171
1198175114
1198511251
1198512341
1198512561
1198613262
1198613281
1198613385
1198613391
1198613514
1198613520
1198613683
1198613691
1199170139
1199170168
1199171661
1199171671
1199171770
1199171776
1199267650
1199267665
1199268103
1199268114
1199268237
1199268242
1199268617
1199268626
1199268726
1199268734
1199825136
1199825157
1199825331
1199920894
1199920910
1199921842
1199921856
1199924206
1199924219
1199924341
1202163200
1202164526
1202164719
1202454863
1202454880
1202455059
1202455069
1202455197
1202455204
1202732326
1202732348
1202732562
1202732570
1202732669
1202732676
1202732797
1202732802
1202732931
1202732940
1202733098
1202733104
1202826584
1202827327
1202827515
1202830545
1203006510
1203006543
1203006776
1203006788
1203007029
1203007050
1203007279
1203007293
1203007399
1203007403
1203007805
1203007814
1203007931
1203007940
1203008061
1203008068
1203008167
1203008173
1203008581
1203008590
1203008709
1203008715
1203008834
1203008841
1203285965
1203286000
1203286195
1203286211
1203286341
1203484194
1203485038
1203497822
1203497834
1203497843
1203498022
1203498124
1203498241
1203498338
1203810560
1203811627
1203811640
1203811911
1204102843
1204102867
1204103022
1204138979
1204139122
1204139175
1204139252
1204139333
1204139432
1204150413
1204150554
1204150564
1204150662
1204150669
1204150859
1204150867
1204151724
1204151734
1204151863
1204151870
1204464762
1204465378
1204467287
1204467315
1204467501
1204467507
1204467605
1204467610
1204501748
1204501771
1204502031
1204502036
1204502131
1204502135
1204802517
1204802543
1204802789
1204802797
1204814071
1204814091
1204814199
1204814207
1204814339
1204814344
1204814535
1204814543
1204815053
1204815065
1204815490
1204815500
1204815633
1204815639
1205122584
1205122609
1205122859
1205122867
1205123109
1205123114
1205123320
1205123331
1205123432
1205123440
1205123829
1205123838
1205128594
1205128604
1205128802
1205128811
1205128961
1205167099
1205471387
1205471419
1205474709
1205474730
1205474829
1205474836
1205474977
1205474989
1205475076
1205475104
1205475240
1205475252
1205475349
1205475358
1205475456
1205475466
1205766752
1205766786
1205766985
1205766996
1205767448
1205767470
1205767833
1205767848
1205767990
1206134488
1206134518
1206135146
1206135161
1206135423
1206135437
1206135668
1206135682
1206135780
1206135793
1206135966
1206135978
1206136075
1206136087
1206136423
1206136439
1206136538
1206136546
1206798337
1206798366
1206798574
1206798588
1206798713
1206969092
1207006084
1207071251
1207073713
1207300956
1207378230
1207379096
1207379299
1207658494
1207658524
1207658678
1207695130
1207695756
1207703632
1207724415
1207724445
1207724621
1207724631
1207724730
1207724739
1207997718
1208035077
1208035678
1208343219
1208343245
1208343496
1208343502
1208360493
1208362403
1208362530
1208362614
1208362715
1208362721
1208388310
1208388332
1208388576
1208388584
1208404409
1208437472
1208447346
1208449709
1208479721
1208487580
1208647558
1208647569
1208647692
1208647698
1208647908
1208647914
1208648025
1208648040
1208648180
1208704276
1208761702
1209011346
1209086121
1209086155
1209086339
1209086354
1209086437
1209086455
1209101103
1209101135
1209101307
1209101317
1209101498
1209101511
1209105082
1209105114
1209105213
1209105223
1209105379
1209105384
1209105525
1209727919
1209727957
1209728015
1209728060
1209728157
1209728168
1209728335
1209728349
1209728467
1209743029
1211809224
1211810285
1212127979
1212130908
1212131052
1212133118
1212434565
1225123900
