24732041
24819638
24820044
24993652
24993866
24993995
24994376
25019455
25081846
25082073
25082315
25082424
25082693
25082806
25083155
25083266
25083441
25083532
25083552
25083973
25084120
25121253
25122732
25123009
25215090
25253257
25254055
25254285
25355458
25356067
25356293
25361992
25362166
25362381
25362497
25451417
25452195
25460228
25460280
25460333
25460382
25460623
25462090
25462202
25462214
25462319
25462591
25462704
25462837
25463010
25463117
25463282
25463769
25463945
25548144
25556257
25557048
25595495
25662073
25662139
25662264
25662278
25662368
25662475
25701245
25701965
25702192
25706239
25709084
25709501
25709545
25717041
25759039
25759273
25759426
25759535
25759562
25759668
25759685
25759787
25759809
25760191
25760573
25760825
25760937
25761073
25800651
25800879
25800991
25801338
25810609
25811451
25851501
25857236
25857332
25857374
25857579
25857685
25858069
25858180
25858709
25858846
25859407
25859518
25859650
25859906
25860159
25860266
25860666
25860777
25860909
25861014
25861167
25861378
25861474
25861493
25861599
25861749
25861854
25861963
25899084
25899212
25899242
25899341
25899372
25899475
25899502
25899600
25899619
25899721
25899743
25899858
25900011
25900113
25913236
25913358
25953245
25954221
25991574
25995720
25996399
26002134
26002189
26002250
26002290
26002517
26006399
26007110
26012550
26012599
26016726
26017486
26023972
26024022
26024078
26024121
26024230
26024380
26028646
26028764
26028783
26029166
26029814
26035569
26035615
26035697
26035719
26035936
26036042
26039966
26056831
26056952
26056990
26057113
26057219
26057226
26058105
26072618
26072675
26072735
26072776
26072884
26073084
26077830
26117242
26121860
26128693
26128742
26128806
26128842
26128953
26129117
26169316
26170464
26176704
26176724
26176854
26176861
26177089
26177247
26217213
26217853
26224149
26224169
26224268
26224278
26224658
26224771
26230905
26231603
26237753
26237773
26240856
26240968
26241421
26247898
26248577
26254385
26254405
26254561
26254767
26254875
26259810
26260393
26260705
26260723
26260848
26269477
26269586
26269598
26269704
26269723
26269831
26270775
26271220
26271240
26273762
26276706
26277354
26278385
26278404
26278502
26278512
26278756
26278865
26279048
26279154
26279802
26280044
26490213
26493710
26498066
26498366
26498478
26498536
26498639
26498778
26498903
27629336
27630295
27636241
27636296
27636396
27636409
27636681
27636727
27636787
27639981
27677273
27678094
27684087
27684133
27684182
27684234
27684318
27684344
27684530
27687766
27725218
27726010
27732191
27732245
27732345
27732359
27732582
27732667
27732685
27736791
27736929
27773219
27774064
27779889
27779910
27780057
27780064
27780319
27784325
27786940
27786959
27789553
27789571
27793429
27793459
27793590
27793601
27793791
27793976
27794107
27794211
27794539
27794654
27794926
27795640
27796254
27796389
27796628
27796879
27796990
27797018
27797127
27798036
27798317
27798424
27798585
27798710
27799131
27799237
27799390
27799515
27799625
27799760
27799767
27799872
27800047
27800153
27800171
27800273
27800296
27800398
27800419
27800531
27800548
27800653
27800912
27801696
27801836
27801846
27801983
27802063
27802205
27802355
27802461
27802601
27802707
27802841
27802918
27803061
27803167
27803327
27803468
27803577
27803646
27803762
27803768
27803923
27889834
27891563
27927810
27999438
27999805
27999819
28000098
28004474
28004582
28004637
28004739
28004897
28005027
28005283
28005393
28005402
28007235
28007453
28008724
28008829
28009624
28009735
28009746
28009996
28010105
28010382
28010490
28010629
28011013
28011199
28011304
28011447
28011923
28012719
28012887
28013015
28013187
28014673
28014780
28015367
28015473
28052509
28052661
28052734
28052839
28053995
28054263
28057264
28057481
28147083
28148198
28156860
28156910
28157043
28193216
28194278
28209186
28209232
28211148
28211342
28211707
28215213
28217523
28217771
28218023
28218137
28218405
28218517
28218787
28219366
28219616
28219728
28219977
28220229
28220613
28220798
28221052
28221160
28221232
28221332
28221422
28221526
28221686
28221792
28221939
28222081
28222803
28222914
28223179
28223424
28223531
28223809
28223952
28224055
28224137
28224291
28224443
28224552
28224733
28224843
28224992
28225935
28226052
28226069
28226199
28226308
28226567
28226720
28226825
28226857
28226966
28227112
28227131
28227211
28227321
28227461
28227569
28227662
28227803
28227845
28227948
28227977
28228094
28228337
28228441
28228772
28234356
28235363
28242516
28242535
28242623
28242643
28242863
28242928
28243019
28243128
28244477
28247133
28247243
28247251
28247502
28247645
28248482
28250949
28250967
28254535
28254645
28254656
28254784
28254889
28255154
28255841
28258603
28258657
28262018
28262169
28262179
28262377
28262488
28263023
28264152
28266231
28266275
28269972
28270120
28270131
28270352
28270497
28298972
28299103
28301592
28301608
28302245
28307883
28308027
28308038
28308425
28309419
28309665
28309774
28309800
28309913
28310258
28310395
28310504
28310533
28310637
28310662
28310769
28310849
28310981
28311129
28311197
28311590
28311752
28311879
28311981
28312067
28312172
28312252
28312379
28312490
28312566
28312655
28312784
28312880
28312982
28313721
28314100
28314251
28314382
28314570
28314679
28315036
28315161
28315387
28316089
28316859
28316896
28316982
28317016
28317176
28317258
28317288
28318258
28319891
28320292
28320416
28320546
28320706
28320829
28321504
28321622
28321937
28323292
28323449
28323552
28323754
28323874
28325276
28325525
28325555
28325795
28325909
28326030
28326155
28326403
28326414
28326474
28326764
28326858
28326890
28327001
28327091
28327297
28327421
28327458
28327575
28328103
28328154
28328194
28328343
28328461
28328485
28328594
28328605
28328638
28328749
28328758
28328903
28329011
28329309
28329417
28333456
28333504
28333672
28333975
28334087
28334341
28334464
28334812
28334966
28335097
28335288
28335444
28335550
28335569
28335673
28335809
28335973
28336926
28336963
28337035
28337072
28337179
28337388
28337534
28337650
28337915
28338140
28338259
28338659
28338745
28338898
28339122
28339255
28339497
28341059
28343826
28343876
28344689
28344799
28344823
28344927
28345040
28345063
28345208
28345320
28345329
28345458
28345488
28345593
28345731
28345810
28345908
28346045
28346290
28346414
28346441
28346551
28346658
28346745
28346897
28347018
28347140
28347267
28347448
28347922
28348047
28348168
28348229
28348253
28348359
28350386
28350446
28350858
28350881
28351176
28351287
28351376
28351613
28351880
28352013
28352107
28352198
28352726
28352929
28353837
28354011
28354095
28354279
28354445
28354571
28354693
28354779
28354811
28354852
28355164
28355317
28355389
28355654
28356452
28356622
28356994
28357285
28357397
28357404
28358055
28358494
28358749
28358863
28359075
28359211
28359339
28359399
28359508
28359528
28359632
28360033
28360272
28360380
28360399
28360505
28360676
28360814
28361351
28361367
28361490
28361507
28361899
28362012
28362259
28362278
28362379
28362396
28362739
28363118
28363139
28363318
28363424
28363683
28363829
28363934
28364067
28364500
28364518
28364621
28364631
28364786
28364866
28364894
28365077
28365237
28365347
28365356
28365507
28365625
28365788
28365843
28365930
28365949
28366402
28366643
28366755
28366828
28366974
28367341
28367507
28367639
28368145
28369208
28369233
28369587
28369705
28369872
28370328
28370948
28371058
28371706
28372048
28372159
28372324
28372434
28372544
28372564
28373125
28373243
28373250
28373455
28373562
28373692
28373776
28373797
28373960
28374050
28374098
28374371
28374764
28374984
28375096
28375785
28375920
28375975
28376235
28376348
28376481
28376520
28376568
28376662
28376678
28377212
28377320
28377331
28377463
28377575
28377752
28377955
28378079
28378182
28378287
28378418
28378554
28378666
28379515
28379596
28379734
28379749
28379905
28380017
28380128
28380499
28380611
28380760
28380897
28381441
28383113
28383131
28383234
28383284
28383516
28383654
28384413
28384943
28385201
28385314
28385326
28385597
28385726
28385839
28386213
28386326
28386346
28386450
28386827
28387082
28387191
28387218
28387327
28387457
28387914
28388024
28388091
28388163
28388196
28388453
28388688
28388795
28388818
28388926
28389306
28389463
28389480
28389565
28389900
28390006
28390033
28390137
28390163
28390268
28390431
28390541
28390651
28390849
28390912
28391016
28391577
28391692
28391717
28391866
28392009
28392096
28392206
28392453
28392671
28392719
28392857
28393022
28393618
28393768
28393781
28393896
28394002
28394022
28394078
28394137
28394193
28394269
28394280
28394349
28394481
28394628
28394729
28394760
28394877
28394991
28395027
28395062
28395132
28395235
28395297
28395405
28396286
28397065
28397443
28398796
28398906
28398931
28399037
28399263
28399871
28400339
28400472
28401386
28401542
28401555
28401659
28401913
28402027
28402046
28402398
28402505
28402524
28402632
28403045
28403157
28403180
28403222
28403298
28403481
28403565
28403666
28404063
28404198
28404304
28404324
28404493
28404615
28404719
28404780
28404825
28404933
28405549
28406495
28406516
28406615
28406650
28406789
28407296
28410757
28410774
28410962
28411104
28411589
28412133
28412245
28412265
28412376
28412390
28412497
28412814
28412921
28413332
28413442
28413470
28413598
28413789
28414168
28414274
28414436
28414598
28414771
28414953
28415138
28415266
28415413
28415525
28415683
28415875
28415959
28417182
28417206
28417343
28417365
28417554
28417679
28418127
28418235
28418783
28418921
28419035
28419137
28419451
28419560
28419622
28419729
28419751
28419883
28419994
28420085
28420123
28420234
28420339
28422181
28422430
28422671
28422780
28422914
28423023
28423230
28423353
28423500
28423734
28424283
28424393
28424462
28424567
28424700
28424810
28424944
28425089
28425196
28425301
28425571
28425701
28425813
28426047
28426161
28426382
28426430
28426562
28426780
28426892
28427100
28427245
28427505
28427614
28427767
28427910
28428016
28428041
28428150
28428393
28429155
28429465
28431603
28431620
28431720
28431731
28433472
28433706
28433845
28434279
28435127
28435354
28435483
28435803
28435915
28436242
28436291
28436951
28436973
28437135
28437444
28437550
28437622
28437730
28437922
28438661
28438777
28438959
28439304
28439415
28439547
28439655
28439860
28443142
28443252
28444537
28444650
28444715
28444862
28444931
28445052
28445148
28445234
28445267
28445372
28445483
28445798
28445897
28446004
28446025
28446130
28450401
28450518
28450529
28450684
28450792
28451039
28454880
28455159
28455269
28455616
28455725
28455880
28455981
28459918
28460028
28460098
28521042
28588185
28588680
28634597
28634699
28634731
28640806
28640923
28644695
28644811
28644823
28648469
28648798
28649119
28649428
28652586
28655590
28655704
28655716
28659854
28659966
28659976
28660115
28661387
28661538
28682678
28682799
28682907
28683011
28683068
28683273
28684076
28684189
28684247
28684356
28684525
28684667
28687975
28689639
28690121
28690137
28691211
28691310
28691335
28692039
28696351
28696965
28697207
28697462
28697709
28697817
28697841
28697944
28697966
28698073
28698212
28698326
28698345
28698451
28698548
28698612
28698708
28698726
28698830
28698941
28699131
28699408
28699526
28699544
28699649
28699756
28699915
28700033
28700048
28700151
28700175
28700278
28700299
28700434
28700688
28701362
28701467
28701545
28701651
28701754
28701867
28702038
28702149
28702312
28702414
28702443
28702549
28702659
28702889
28703813
28703936
28704240
28704376
28705608
28705751
28705887
28705993
28706878
28706987
28707052
28707164
28707806
28707918
28711922
28712040
28712348
28712465
28714414
28714784
28715140
28725233
28725340
28764920
28776483
28776601
28776816
28776930
28777962
28787648
28787761
28787995
28788103
28788807
28790395
28798448
28798680
28798930
28799210
28801588
28809509
28809666
28809866
28820105
28820250
28820479
28820588
28830824
28831070
28831202
28844660
28868577
28868758
28869063
28869217
28880688
28880868
28880977
28881179
28881294
28881310
28922918
28937885
28938195
28954266
28954416
28993289
29046478
29047016
29047131
29047277
29047826
29054129
29058332
29058587
29058702
29058845
29063747
29064287
29072661
29082931
29119945
29130409
29131401
29142821
29142885
29143042
29159747
29159886
29159939
29160042
29175142
29175175
29175250
29175290
29175398
29175651
29179477
29179985
29180366
29189705
29189762
29190634
29191410
29192004
29229230
29230407
29234219
29234263
29234698
29244899
29247011
29247049
29247113
29247151
29247264
29247460
29257637
29261993
29262149
29262202
29262307
29262452
29262556
29262724
29262839
29262965
29264981
29279785
29280148
29296516
29296703
29311598
29311701
29311733
29311838
29311856
29311983
29326670
29326868
29327112
29327224
29327437
29327541
29327965
29328074
29328127
29328229
29343136
29343278
29343375
29343494
29343599
29343621
29343728
29344138
29344247
29344513
29344743
29344878
29345029
29345136
29345300
29345779
29345890
29346052
29357885
29426007
29442770
29442871
29442912
29458041
29458134
29458181
29458273
29458298
29458409
29473229
29473459
29473570
29473596
29473702
29473955
29474063
29488944
29489042
29489083
29489301
29489407
29489417
29489806
29489914
29489939
29490044
29490387
29490555
29490661
29490688
29490793
29490932
29491412
29491524
29504867
29505048
29505060
29505530
29505902
29506152
29506261
29506280
29506384
29506650
29506760
29506785
29506891
29507157
29507411
29507520
29507547
29507655
29507911
29508056
29508161
29508327
29508434
29508592
29508871
29508980
29509003
29509120
29509271
29509277
29509385
29509494
29509512
29522000
29522100
29522146
29522255
29522471
29522576
29522731
29522835
29523106
29523265
29523306
29523873
29575270
29586867
29586947
29587093
29587252
29587370
29587453
29587605
29587715
29598920
29599009
29599230
29599357
29599800
29599920
29603218
29650250
29652967
29662257
29662313
29662352
29662469
29662632
29672707
29673021
29673267
29673638
29673887
29674155
29674267
29674447
29674556
29674867
29674979
29675105
29675265
29675370
29675500
29678947
29683680
29684712
29684823
29685010
29685129
29685333
29686181
29686407
29686654
29687007
29687118
29687283
29687355
29687465
29687708
29687816
29687948
29688061
29688187
29688299
29688701
29688818
29693922
29697766
29699062
29699247
29699388
29714427
29714555
29980243
29996618
29996781
29996798
30011747
30011963
30012147
30027290
30027426
30027444
30027640
30027750
30027771
30027875
30028152
30043041
30043291
30043401
30043657
30043764
30043791
30043897
30044175
30044340
30044451
30044861
30045010
30045121
30045282
30045434
30059310
30059419
30059443
30059549
30059846
30059952
30060114
30060223
30060612
30060857
30060965
30061137
30061244
30061253
30061387
30061512
30061868
30061977
30062115
30062291
30130423
30146580
30146760
30150121
30166295
30166459
30171747
30188049
30188234
30204556
30213878
30232733
30236641
30253841
30254030
30258935
30453271
30518855
30519292
30626450
30626596
30626606
30626838
30626950
30692501
31232514
31232578
31232653
31232795
31232851
31232899
31241159
31241320
31289258
31351169
31377460
31377868
31492394
38833311
