-691833821
-691756785
-691756449
-691666326
-691665391
-691588425
-691588407
-691588319
-691588292
-691588193
-691588166
-691588069
-691588065
-691564673
-691511125
-691511098
-691510954
-691474607
-691473616
-691457604
-691453074
-691452501
-691446341
-691446327
-691446318
-691446173
-691446075
-691445948
-691445849
-691445841
-691441266
-691441257
-691441154
-691441150
-691440556
-691440547
-691439913
-691434486
-691434458
-691434447
-691434378
-691434274
-691434131
-691434084
-691434028
-691429945
-691429930
-691429755
-691429122
-691423951
-691423927
-691419466
-691418919
-691413602
-691413569
-691413558
-691413446
-691413343
-691413216
-691413118
-691413108
-691408895
-691408308
-691400082
-691400052
-691400040
-691362574
-691361563
-691361550
-691361390
-691355553
-691355543
-691355445
-691355408
-691355311
-691355306
-691355056
-691355048
-691354951
-691354943
-691354673
-691354664
-691354561
-691354557
-691354150
-691354142
-691353901
-691353894
-691353656
-691353648
-691353536
-691353532
-691353141
-691353133
-691352980
-691352973
-691352875
-691352836
-691352739
-691352703
-691352605
-691352598
-691352502
-691352498
-691352348
-691352341
-691351633
-691351625
-691351382
-691351374
-691351133
-691351125
-691350879
-691350871
-691350774
-691350770
-691350500
-691350492
-691349758
-691349750
-691349523
-691349514
-691349266
-691349262
-691349012
-691349007
-691348880
-691348874
-691348780
-691348743
-691348647
-691348619
-691348523
-691348497
-691348401
-691348396
-691348228
-691348223
-691348119
-691347955
-691347826
-691347728
-691347721
-691347394
-691347386
-691347286
-691347282
-691347003
-691346996
-691346896
-691346881
-691346626
-691346619
-691345926
-691345917
-691345739
-691345731
-691345634
-691345607
-691345508
-691345488
-691345391
-691345384
-691345129
-691345124
-691345000
-691344992
-691344866
-691344862
-691344246
-691344238
-691343999
-691343991
-691343749
-691343741
-691343506
-691343497
-691343265
-691343257
-691343020
-691343012
-691342753
-691342745
-691342620
-691342615
-691342494
-691342486
-691342243
-691342240
-691342105
-691342097
-691342000
-691341996
-691338832
-691338823
-691338609
-691338601
-691338351
-691338343
-691338226
-691338218
-691337801
-691337792
-691337636
-691337631
-691336553
-691336545
-691335303
-691335296
-691335122
-691335118
-691334936
-691334932
-691334836
-691334829
-691334570
-691334565
-691333088
-691333080
-691332983
-691332976
-691332828
-691332820
-691332724
-691332718
-691332570
-691332566
-691332433
-691332425
-691332161
-691332156
-691330736
-691330728
-691330402
-691330394
-691330277
-691330273
-691330154
-691330146
-691330047
-691330026
-691329884
-691329876
-691329637
-691329632
-691329535
-691329528
-691329255
-691329247
-691329000
-691328992
-691328876
-691328869
-691328753
-691328749
-691328483
-691328475
-691328371
-691328368
-691328105
-691328098
-691327855
-691327847
-691327730
-691327723
-691327570
-691327564
-691327174
-691327166
-691327056
-691327052
-691326543
-691326535
-691326438
-691326430
-691326283
-691326276
-691326160
-691326152
-691326029
-691326025
-691325907
-691325900
-691325552
-691325546
-691325537
-691325533
-691325528
-691325516
-691325513
-691325391
-691325384
-691325161
-691325155
-691324959
-691324955
-691323934
-691323926
-691323795
-691317912
-691317810
-691317802
-691317405
-691317397
-691317295
-691317290
-691317119
-691317112
-691317017
-691316994
-691316897
-691316890
-691316747
-691316743
-691312086
-691312078
-691310825
-691310817
-691310670
-691310666
-691297040
-691297031
-691296685
-691296676
-691296665
-691296659
-691296654
-691296641
-691296636
-691281960
-691140459
-691140440
-691140398
-691140332
-691140143
-691140136
-691140040
-691140015
-691139915
-691139910
-691139802
-691139658
-691139535
-691139438
-691139382
-691139318
-691136331
-691136321
-691135438
-691135430
-691135333
-691135326
-691135099
-691135095
-691131660
-691131649
-691131435
-691131426
-691126961
-691126949
-691126823
-691126819
-691126669
-691126662
-691126461
-691126453
-691125786
-691125777
-691125496
-691125488
-691125329
-691125322
-691121839
-691121830
-691121597
-691121590
-691121472
-691121468
-691121351
-691121342
-691121239
-691121234
-691120955
-691120947
-691120850
-691120843
-691120683
-691120676
-691120287
-691120279
-691120121
-691120113
-691119990
-691119982
-691119845
-691119838
-691119271
-691119263
-691119054
-691119045
-691119034
-691116579
-691116569
-691116429
-690858219
-690852650
-690852628
-690852457
-690852447
-690852301
-690788069
-690783196
-690783037
-690782706
-690782691
-690782456
-690782442
-690782223
-690782209
-690782145
-690782102
-690781827
-690781818
-690781649
-690781642
-690780906
-690780899
-690780756
-690780752
-690777261
-690777254
-690777114
-690776993
-690776941
-690776656
-690776648
-690776549
-690762177
-690750264
-690749521
-690749510
-690749308
-690743842
-690743830
-690743733
-690743701
-690743602
-690743597
-690743420
-690743413
-690743292
-690743287
-690742541
-690741737
-690741727
-690741718
-690741388
-690741342
-690741277
-690741064
-690741056
-690740959
-690740952
-690740766
-690740758
-690740651
-690740634
-690740538
-690740532
-690740262
-690740255
-690738840
-690738832
-690738688
-690736607
-690736473
-690736360
-690736230
-690736223
-690735978
-690735971
-690735729
-690735626
-690735345
-690735082
-690734953
-690734949
-690734826
-690734819
-690734344
-690734337
-690734208
-690734203
-690734047
-690734042
-690733942
-690733937
-690733809
-690733680
-690733242
-690733149
-690731119
-690731109
-690730872
-690730864
-690730766
-690730759
-690730609
-690730602
-690730505
-690730500
-690730138
-690730129
-690729887
-690729879
-690729648
-690729640
-690729424
-690729415
-690729296
-690729292
-690728744
-690728736
-690728636
-690728620
-690728091
-690727991
-690727983
-690727761
-690727751
-690727480
-690727473
-690727375
-690727371
-690727179
-690727171
-690727074
-690727047
-690726948
-690726942
-690726711
-690726472
-690726463
-690726341
-690726337
-690726153
-690726146
-690726024
-690726017
-690725921
-690725914
-690725523
-690725515
-690724632
-690724625
-690724527
-690724522
-690724264
-690724257
-690724128
-690724124
-690723879
-690723871
-690723471
-690723464
-690723367
-690723336
-690723237
-690723232
-690723063
-690723056
-690722960
-690722933
-690722838
-690722813
-690722710
-690722686
-690722572
-690722568
-690722470
-690722454
-690722359
-690722355
-690722163
-690722159
-690721794
-690721787
-690721690
-690721683
-690721519
-690721512
-690721345
-690721338
-690721242
-690721235
-690721100
-690721092
-690720995
-690720988
-690720861
-690720854
-690719941
-690719837
-690719573
-690719464
-690719276
-690719173
-690718866
-690718858
-690718758
-690718704
-690718558
-690718554
-690718432
-690718011
-690717826
-690717816
-690717716
-690717697
-690717600
-690717594
-690717477
-690717473
-690717347
-690717343
-690717245
-690717229
-690717103
-690717097
-690716855
-690716847
-690716720
-690716715
-690716596
-690716589
-690716464
-690716458
-690716335
-690716330
-690715335
-690715328
-690715125
-690715118
-690714997
-690714989
-690714824
-690714819
-690710649
-690710641
-690710544
-690710538
-690710387
-690710380
-690710285
-690710281
-690710019
-690710011
-690709894
-690709886
-690709789
-690709783
-690709639
-690709633
-690709371
-690709364
-690709267
-690709260
-690708990
-690708983
-690708743
-690708735
-690708364
-690708356
-690708117
-690708110
-690707993
-690707986
-690707844
-690707836
-690707710
-690707704
-690707577
-690707571
-690707449
-690707445
-690707349
-690707343
-690707042
-690707035
-690706878
-690706871
-690706769
-690706746
-690706649
-690706643
-690706503
-690706499
-690706373
-690706369
-690706271
-690706267
-690706122
-690706113
-690703611
-690703604
-690703506
-690703499
-690703360
-690703352
-690703235
-690702469
-690701474
-690701464
-690701179
-690701172
-690700852
-690700845
-690700727
-690700720
-690700623
-690700616
-690700349
-690700341
-690700243
-690700236
-690700064
-690700059
-690699793
-690699785
-690699631
-690699626
-690699525
-690699503
-690699406
-690699400
-690696692
-690696684
-690696587
-690696580
-690696322
-690696314
-690696217
-690696210
-690696076
-690696068
-690695970
-690695954
-690695754
-690695747
-690695616
-690695612
-690695240
-690695232
-690695114
-690695110
-690694963
-690694959
-690694808
-690694732
-690694626
-690694354
-690694256
-690694062
-690693938
-690693930
-690693684
-690693676
-690693559
-690693555
-690693455
-690693448
-690693298
-690693292
-690693055
-690693049
-690692952
-690692946
-690692759
-690692754
-690692536
-690692528
-690692430
-690692406
-690692311
-690692305
-690692042
-690692035
-690691916
-690691909
-690691812
-690691806
-690691656
-690691651
-690691395
-690691388
-690691285
-690691280
-690691138
-690691132
-690690879
-690690872
-690690502
-690690494
-690690245
-690690237
-690690140
-690690134
-690689991
-690689984
-690689857
-690689850
-690689682
-690689678
-690689582
-690689575
-690689424
-690689418
-690689322
-690689318
-690689154
-690689149
-690689054
-690689047
-690688834
-690688830
-690688070
-690688062
-690687824
-690687817
-690687653
-690687647
-690687597
-690687549
-690687526
-690687400
-690687394
-690687296
-690687266
-690687169
-690687162
-690687066
-690687062
-690686894
-690686890
-690686793
-690686762
-690686666
-690686662
-690686563
-690686557
-690686113
-690686105
-690686009
-690686003
-690685824
-690685819
-690685724
-690685697
-690685598
-690685592
-690685455
-690685449
-690685353
-690685347
-690685205
-690685200
-690685104
-690685100
-690684929
-690684925
-690683645
-690683637
-690683541
-690683534
-690683366
-690683361
-690683264
-690683258
-690683115
-690683110
-690682769
-690682762
-690682639
-690682632
-690682534
-690682527
-690682373
-690682369
-690682274
-690682268
-690681755
-690681748
-690681510
-690681503
-690681386
-690681379
-690681142
-690681134
-690681013
-690681009
-690680912
-690680906
-690680754
-690680748
-690680624
-690680618
-690680500
-690680495
-690680367
-690680363
-690680242
-690680235
-690680138
-690680134
-690679977
-690679974
-690679821
-690679817
-690679662
-690679658
-690679507
-690657291
-690619219
-690610576
-690610547
-690610471
-690610434
-690610334
-690610326
-690610226
-690610219
-690610121
-690610116
-690609964
-690609955
-690609857
-690609837
-690609740
-690609731
-690609633
-690609626
-690609473
-690609468
-690604845
-690604815
-690604735
-690604706
-690604493
-690604479
-690604381
-690604347
-690604244
-690604239
-690604142
-690604131
-690603864
-690603851
-690603719
-690597010
-690584592
-690546568
-690335097
-690322653
-690322616
-690245808
-690244894
-690167932
-690167912
-690167830
-690167794
-690167696
-690167692
-690167512
-690167504
-677621410
-677621281
-668186124
