2030060379
2030180137
2030182363
2030308607
2030308626
2030308738
2030308745
2030308845
2030308909
2030308969
2030309023
2030428776
2030428802
2030429091
2030454192
2030575093
2030575411
2030699441
2030699462
2030699571
2030699578
2030699709
2030699714
2030699826
2030699831
2030821347
2030821366
2030821483
2030821491
2030821614
2030821622
2030821746
2030822009
2030851007
2030971425
2030971830
2030971955
2031089609
2031090182
2031090382
2031095526
2031095539
2031095646
2031095652
2031095761
2031095767
2031095942
2031095949
2031208141
2031208551
2031212615
2031212638
2031212856
2031212865
2031213101
2031213109
2031213221
2031213228
2031213409
2031213417
2031213529
2031213536
2031213660
2031213664
2031214055
2031214064
2031214594
2031329051
2031329069
2031329179
2031329187
2031329297
2031329301
2031329409
2031329413
2031329528
2031329533
2031329651
2031329655
2031330015
2031330139
2031330283
2031330557
2031330566
2031330671
2031330678
2031330812
2031330815
2031331007
2031331016
2031331138
2031331143
2031332150
2031332166
2031332329
2031332336
2031332464
2031332472
2031332619
2031332623
2031332762
2031333075
2031589733
2031706470
2031706770
2031827441
2031827452
2031827875
