1960332782
1960524016
1960526863
1960835352
1960835382
1960835565
1960835578
1960856446
1961026883
1961026907
1961027014
1961027042
1961027161
1961027166
1961027339
1961027348
1961046598
1961047547
1961047779
1961218548
1961218570
1961218815
1961218824
1961218923
1961218931
1961219156
1961219165
1961219247
1961219280
1961219411
1961219419
1961219811
1961220107
1961239231
1961239251
1961239430
1961239437
1961390870
1961390895
1961392600
1961392609
1961402575
1961402962
1961410715
1961410747
1961410759
1961411069
1961411146
1961411216
1961411228
1961411308
1961411406
1961411588
1961411659
1961411739
1961411865
1961411985
1961412081
1961412365
1961412438
1961412514
1961412612
1961412957
1961413029
1961413149
1961413250
1961413258
1961413792
1961413800
1961429844
1961429855
1961430088
1961430098
1961562223
1961562235
1961562473
1961562481
1961562664
1961562673
1961562918
1961562927
1961585153
1961585559
1961586833
1961586863
1961586873
1961587034
1961587137
1961603912
1961604030
1961604119
1961604208
1961604224
1961604401
1961604412
1961604525
1961604531
1961604633
1961604668
1961610027
1961610041
1961610113
1961610343
1961610497
1961650147
1961650538
1961655902
1961655938
1961655949
1961694194
1961695060
1961700530
1961700559
1961700571
1961732754
1961732773
1961732994
1961732999
1961733102
1961733107
1961733226
1961733239
1961733244
1961733590
1961733598
1961733695
1961733701
1961733918
1961733930
1961739177
1961739190
1961739641
1961744449
1961744483
1961749644
1961750001
1961750291
1961750458
1961750673
1961755838
1961755995
1961756172
1961756272
1961756432
1961756692
1961756706
1961757044
1961757061
1961757077
1961757165
1961757270
1961757657
1961757786
1961757795
1961757894
1961757900
1961758038
1961758057
1961758155
1961758161
1961758645
1961758657
1961758758
1961758766
1961758968
1961758976
1961759264
1961760447
1961760478
1961760647
1961760662
1961762482
1961762848
1961763326
1961763351
1961763589
1961763604
1961763736
1961763846
1961763919
1961763996
1961764076
1961764095
1961764244
1961764345
1961764487
1961764589
1961764599
1961764891
1961764901
1961765003
1961765008
1961765144
1961765152
1961765296
1961765304
1961765746
1961765754
1961765867
1961766089
1961766163
1961766204
1961768277
1961769591
1961769713
1961769860
1961769989
1961770243
1961770597
1961934284
1961934305
1961934411
1961934419
1961934558
1961934563
1961934712
1961934720
1961934858
1961935150
1962018707
1962023538
1962023561
1962028865
1962028882
1962029025
1962033445
1962199653
1962202252
1962202267
1962203550
1962208369
1962208383
1962208617
1962208626
1962208724
1962208744
1962208865
1962208872
1962208971
1962208979
1962209373
1962209382
1962209503
1962209508
1962209678
1962209687
1962210303
1962210312
1962210551
1962210560
1962210800
1962210808
1962211074
1962211082
1962211257
1962211265
1962214951
1962214961
1962215080
1962215089
1962215189
1962215194
1962215331
1962215339
1962215486
1962215494
1962215594
1962215619
1962215744
1962215754
1962215854
1962215860
1962215986
1962216053
1962216109
1962216158
1962216236
1962216265
1962216336
1962216375
1962217387
1962217396
1962217517
1962217619
1962217720
1962217729
1962217911
1962217919
1962218023
1962218027
1962218158
1962218166
1962218257
1962218265
1962218401
1962218501
1962218604
1962218627
1962218761
1962218766
1962218910
1962218917
1962218999
1962219006
1962219121
1962219125
1962219224
1962219241
1962219362
1962219368
1962219481
1962219505
1962219628
1962219635
1962219731
1962219758
1962219880
1962219885
1962219990
1962223457
1962223468
1962223586
1962223591
1962223709
1962223716
1962223854
1962223862
1962223990
1962225930
1962226061
1962226069
1962226167
1962226174
1962226411
1962226420
1962226521
1962226526
1962226806
1962226815
1962226912
1962226916
1962227066
1962227388
1962227512
1962227520
1962227618
1962227626
1962227780
1962227788
1962369945
1962369972
1962370119
1962410168
1962411257
1962450606
1962591234
1962591257
1962591430
1962591438
1962640847
1962641164
1962641518
1962770195
1962770218
1962770325
1962770350
1962770478
1962770483
1962770582
1962770590
1962818288
1962818607
1962818970
1962832784
1962832806
1962832989
1962832997
1962949260
1962949281
1962949505
1962949510
1962949609
1962949615
1962950813
1962950824
1962950960
1962950967
1962951063
1962951071
1962951494
1962951503
1962951690
1962951698
1962951797
1962951804
1962951929
1962951934
1962952064
1962952072
1962952203
1962996746
1962996757
1962996963
1962996972
1963009685
1963010207
1963023418
1963023448
1963023459
1963023760
1963023888
1963174011
1963174030
1963174137
1963174146
1963174244
1963174249
1963174403
1963174411
1963192234
1963192587
1963203301
1963203333
1963351372
1963351386
1963351616
1963351625
1963351727
1963351733
1963351869
1963351877
1963351973
1963351981
1963352121
1963352128
1963362661
1963362674
1963362886
1963362895
1963381389
1963381849
1963418663
1963420049
1963420621
1963423231
1963423250
1963423260
1963423347
1963423425
1963423643
1963423711
1963423729
1963425023
1963425517
1963427923
1963427950
1963429177
1963429657
1963431742
1963431772
1963433008
1963433474
1963436376
1963436407
1963436419
1963436494
1963436602
1963436762
1963436860
1963436867
1963438321
1963438331
1963438577
1963438586
1963438684
1963438692
1963438828
1963438835
1963438931
1963438938
1963439183
1963439192
1963439286
1963439303
1963439432
1963439439
1963439706
1963440120
1963443123
1963443146
1963443157
1963443458
1963443531
1963443548
1963443837
1963443847
1963445172
1963445182
1963445309
1963446094
1963448184
1963448208
1963452944
1963453469
1963458370
1963458400
1963462828
1963463341
1963468865
1963468878
1963468888
1963468975
1963469151
1963469301
1963469446
1963506141
1963507334
1963507349
1963507403
1963508141
1963508147
1963514305
1963514436
1963514445
1963514582
1963514591
1963514689
1963514803
1963514938
1963515006
1963515111
1963515201
1963515337
1963515363
1963515502
1963515583
1963516328
1963516476
1963516603
1963516611
1963516730
1963516738
1963516838
1963516864
1963517000
1963517007
1963517128
1963517132
1963517255
1963517278
1963517409
1963517414
1963517564
1963517571
1963517768
1963517773
1963518993
1963520779
1963520906
1963521034
1963521137
1963521154
1963521286
1963521292
1963521391
1963521398
1963521794
1963521802
1963521923
1963521928
1963522163
1963522172
1963522557
1963522565
1963522801
1963522809
1963523059
1963523068
1963523170
1963523175
1963523416
1963523424
1963523665
1963523673
1963523809
1963523816
1963524048
1963524056
1963524300
1963524309
1963524436
1963524444
1963524541
1963524549
1963524693
1963524702
1963524800
1963524820
1963524951
1963524959
1963525186
1963525194
1963525320
1963525328
1963525425
1963525433
1963525576
1963525584
1963525724
1963525732
1963525829
1963525855
1963525986
1963525994
1963526145
1963526154
1963526795
1963526803
1963527039
1963527159
1963527299
1963527306
1963527453
1963527461
1963528027
1963528035
1963528133
1963528141
1963528383
1963528392
1963528514
1963528522
1963528765
1963528773
1963528892
1963528900
1963529020
1963529028
1963529152
1963529161
1963529281
1963529289
1963529386
1963529393
1963529593
1963529601
1963530080
1963530089
1963530215
1963530223
1963530320
1963530344
1963530473
1963530481
1963530583
1963530602
1963530734
1963530743
1963530839
1963530866
1963531004
1963531012
1963531110
1963531118
1963531218
1963531249
1963531255
1963531919
1963531930
1963532063
1963532071
1963532232
1963532237
1963532333
1963532340
1963532536
1963532541
1963532638
1963532645
1963532801
1963532809
1963532942
1963532950
1963533095
1963534106
1963534230
1963534238
1963534360
1963534369
1963534487
1963534492
1963535637
1963535645
1963535786
1963535791
1963536141
1963536150
1963536276
1963536280
1963536406
1963536414
1963537716
1963537724
1963537854
1963537859
1963537985
1963537993
1963538158
1963538166
1963538266
1963559741
1963688526
1963690595
1963704108
1963704142
1963704153
1963704231
1963704397
1963704487
1963704586
1963704594
1963704735
1963870928
1963870949
1963871125
1963871134
1963882272
1963883562
1963883577
1963884224
1963889960
1963890075
1963890208
1963890308
1963890313
1963890580
1963890589
1963890688
1963890696
1963890830
1963890835
1963891124
1963891132
1963891217
1963891366
1963891372
1963891741
1963892053
1963892063
1963892071
1963892331
1963892417
1963892442
1963892595
1963892600
1963892990
1963893596
1963893607
1963893846
1963893856
1963893958
1963893963
1963894096
1963894104
1963894206
1963894212
1963894343
1963894391
1963894478
1963894508
1963894652
1963894660
1963894952
1963895212
1963895260
1963895334
1963895511
1963895521
1963895699
1963895706
1963895801
1963895809
1963895912
1963895927
1963896048
1963896165
1963896288
1963896432
1963896460
1963896586
1963896593
1963896729
1963896923
1963899719
1963899859
1963900213
1963900320
1963900341
1963900469
1963900476
1963900573
1963900581
1963900718
1963900770
1963900817
1963900824
1963900941
1963901143
1963901258
1963901358
1963901368
1963901466
1963901474
1963901605
1963901610
1963901720
1963901770
1963901870
1963901875
1963901967
1963902053
1963902131
1963902150
1963902610
1963902620
1963902864
1963902872
1963902997
1963903002
1963903216
1963903225
1963903329
1963903334
1963903575
1963903584
1963903682
1963903690
1963903933
1963903942
1963904066
1963904071
1963904882
1963904891
1963905016
1963905024
1963905322
1963905652
1963905775
1963905784
1963905908
1963905916
1963906015
1963906020
1963906174
1963906182
1963906302
1963906307
1963906434
1963906533
1963906638
1963906680
1963906782
1963906787
1963906876
1963906914
1963907059
1963907064
1963907149
1963907175
1963907268
1963907289
1963907836
1963907845
1963907968
1963907976
1963908113
1963908122
1963909879
1963909892
1963909996
1963910014
1963910145
1963910153
1963910272
1963910324
1963910378
1963910436
1963910531
1963910621
1963910754
1963910886
1963910894
1963913964
1963913979
1963914486
1963914499
1963914633
1963914646
1963914785
1964051242
1964051264
1964051365
1964051370
1964051508
1964051514
1964051655
1964063527
1964063536
1964063738
1964063747
1964078270
1964079114
1964079435
1964079561
1964079605
1964085440
1964085561
1964085657
1964085756
1964085773
1964085905
1964085909
1964086008
1964086012
1964086341
1964086487
1964086560
1964086692
1964086734
1964086807
1964087184
1964087288
1964087437
1964087510
1964087588
1964087690
1964087841
1964087978
1964087987
1964088377
1964088386
1964088513
1964088521
1964088759
1964088765
1964088863
1964088869
1964089091
1964089144
1964089152
1964089275
1964089283
1964089405
1964089488
1964089494
1964089968
1964089979
1964090080
1964090088
1964090245
1964090253
1964090385
1964090511
1964090633
1964090645
1964090833
1964090934
1964090941
1964091067
1964091186
1964091318
1964091335
1964091440
1964091461
1964091466
1964092285
1964092299
1964092402
1964092410
1964092572
1964092580
1964092701
1964092767
1964092859
1964092885
1964093013
1964093018
1964093177
1964093186
1964093311
1964093318
1964093429
1964093571
1964093576
1964093700
1964093708
1964093837
1964094057
1964094067
1964094200
1964094456
1964095017
1964095976
1964096172
1964096304
1964096314
1964096440
1964096815
1964097585
1964097597
1964097731
1964097736
1964097891
1964097897
1964098121
1964098446
1964098549
1964098558
1964098879
1964098890
1964099022
1964099027
1964099125
1964099131
1964099553
1964099561
1964099702
1964100064
1964100169
1964100188
1964100360
1964100367
1964100467
1964100472
1964100864
1964100873
1964100971
1964100991
1964101123
1964101129
1964101367
1964101373
1964101616
1964101624
1964101723
1964101731
1964101909
1964102107
1964102180
1964102317
1964102418
1964102424
1964102540
1964102638
1964102730
1964102738
1964103246
1964103258
1964103484
1964103494
1964103595
1964103611
1964103742
1964103750
1964103875
1964103893
1964104122
1964104131
1964104371
1964104378
1964104477
1964104483
1964104754
1964104832
1964105015
1964105021
1964105077
1964105270
1964105278
1964105424
1964105430
1964105518
1964105524
1964105763
1964105768
1964105851
1964105930
1964106022
1964106026
1964106139
1964106235
1964106517
1964106715
1964106817
1964106915
1964106968
1964107043
1964107051
1964107256
1964107266
1964107350
1964107370
1964107457
1964107551
1964107737
1964107746
1964107855
1964107861
1964107991
1964108124
1964108186
1964108253
1964108283
1964108523
1964108625
1964110266
1964110278
1964110379
1964110400
1964110636
1964110644
1964110746
1964110751
1964110893
1964110933
1964111024
1964111059
1964111178
1964111308
1964111316
1964111470
1964111478
1964111608
1964111651
1964111763
1964111860
1964112002
1964112010
1964112133
1964112138
1964112252
1964112362
1964112490
1964112622
1964113031
1964115851
1964116119
1964117175
1964117185
1964117192
1964117319
1964117422
1964117430
1964117571
1964117708
1964117717
1964117819
1964117968
1964117975
1964118097
1964118102
1964118208
1964118330
1964118337
1964118499
1964118669
1964118717
1964118826
1964118931
1964118939
1964119067
1964119171
1964119311
1964119474
1964119767
1964119894
1964119899
1964120124
1964120266
1964121009
1964121021
1964121030
1964121121
1964121223
1964121504
1964121606
1964121913
1964122419
1964122744
1964123587
1964123601
1964123807
1964123815
1964123957
1964124332
1964124471
1964124813
1964126635
1964126938
1964127550
1964127882
1964128004
1964128300
1964128437
1964128789
1964129678
1964129689
1964130062
1964130074
1964130369
1964130378
1964130501
1964130506
1964130740
1964130748
1964131239
1964131247
1964131380
1964131444
1964131541
1964131617
1964131703
1964131734
1964132308
1964132553
1964132564
1964136349
1964136363
1964137581
1964137593
1964137906
1964137915
1964138055
1964138342
1964141224
1964141236
1964141703
1964141714
1964141722
1964144841
1964144875
1964144998
1964145123
1964145324
1964145454
1964145582
1964145590
1964145748
1964145754
1964145843
1964146062
1964146286
1964146630
1964146640
1964146983
1964147043
1964149529
1964149541
1964149550
1964149826
1964149912
1964149921
1964150020
1964150028
1964150164
1964150170
1964151424
1964151435
1964151538
1964151544
1964151684
1964151691
1964152215
1964152224
1964152470
1964152480
1964152607
1964152615
1964152754
1964152791
1964152798
1964152985
1964153099
1964153565
1964153573
1964153709
1964153717
1964153811
1964153968
1964154226
1964154315
1964154914
1964155088
1964159268
1964159279
1964159524
1964159533
1964159633
1964159641
1964159772
1964159779
1964159880
1964159887
1964160039
1964160219
1964160229
1964160368
1964160373
1964160807
1964160814
1964160912
1964160920
1964161184
1964161192
1964161243
1964161292
1964161368
1964161778
1964161788
1964161891
1964161897
1964162052
1964162165
1964162406
1964162417
1964162493
1964162630
1964162712
1964163080
1964163088
1964163209
1964163413
1964163513
1964163556
1964163612
1964164138
1964164297
1964168167
1964168180
1964168189
1964168405
1964168510
1964168838
1964169158
1964169174
1964169661
1964169672
1964169916
1964169927
1964170348
1964170360
1964170460
1964170468
1964170602
1964170608
1964170706
1964170828
1964170917
1964171017
1964171206
1964171343
1964171352
1964171467
1964171647
1964171755
1964171787
1964171964
1964172414
1964172493
1964172867
1964174294
1964174556
1964174655
1964174788
1964174907
1964174924
1964175116
1964175260
1964175398
1964175552
1964175655
1964175904
1964176207
1964176310
1964176865
1964177040
1964181009
1964181020
1964181415
1964182393
1964182670
1964182796
1964182813
1964183826
1964183837
1964183937
1964184145
1964184254
1964184396
1964184496
1964184505
1964184649
1964185094
1964185246
1964185380
1964185480
1964185489
1964185770
1964185775
1964185875
1964185883
1964185978
1964186776
1964186789
1964186798
1964194337
1964194463
1964194586
1964194870
1964194986
1964195085
1964195119
1964195209
1964195416
1964195426
1964195840
1964196040
1964196306
1964196316
1964196388
1964198183
1964198195
1964198204
1964200959
1964200969
1964201089
1964201254
1964201343
1964201349
1964201466
1964201522
1964201581
1964201644
1964201784
1964201897
1964201903
1964202006
1964202214
1964202897
1964204361
1964204373
1964204382
1964204471
1964204553
1964204680
1964204862
1964205253
1964206529
1964206555
1964206565
1964206653
1964206775
1964206906
1964207044
1964207063
1964207291
1964207299
1964207397
1964207402
1964207532
1964207608
1964207853
1964207861
1964208130
1964208138
1964208238
1964208245
1964208273
1964208664
1964208674
1964208802
1964208916
1964209019
1964209026
1964209159
1964209355
1964209372
1964209776
1964209785
1964209930
1964209938
1964210161
1964210167
1964210286
1964210403
1964210494
1964210536
1964210554
1964210813
1964210830
1964210940
1964211083
1964211337
1964211621
1964211763
1964211995
1964212106
1964212212
1964212410
1964212478
1964212599
1964212605
1964212727
1964212841
1964212956
1964213099
1964213219
1964213226
1964213348
1964214701
1964214869
1964216883
1964216920
1964216933
1964216988
1964217090
1964217180
1964217314
1964217467
1964217572
1964217589
1964217717
1964217726
1964217859
1964217862
1964217867
1964217983
1964217993
1964218151
1964218159
1964218239
1964218258
1964218389
1964218397
1964218505
1964218513
1964218635
1964218643
1964219459
1964219478
1964219587
1964219596
1964219729
1964219796
1964219895
1964219914
1964220041
1964220048
1964220147
1964220153
1964220295
1964220306
1964220445
1964220452
1964220553
1964220564
1964220689
1964220696
1964220811
1964220821
1964220923
1964220928
1964221062
1964221121
1964221206
1964221226
1964221662
1964223095
1964223128
1964223328
1964223340
1964223439
1964223461
1964225717
1964225746
1964225856
1964225868
1964226088
1964226100
1964226200
1964226206
1964226344
1964226353
1964226455
1964226468
1964226832
1964226847
1964226973
1964226979
1964227216
1964227232
1964227472
1964227486
1964227585
1964227595
1964227831
1964227845
1964227966
1964227976
1964228217
1964228229
1964228357
1964228368
1964228466
1964228477
1964228603
1964228612
1964228770
1964228779
1964228915
1964228923
1964229018
1964229043
1964229174
1964229183
1964229486
1964229500
1964229699
1964229715
1964229816
1964229823
1964229968
1964229974
1964230191
1964230205
1964230304
1964230312
1964230475
1964230487
1964230588
1964230620
1964231326
1964231339
1964231589
1964231601
1964231742
1964231853
1964231949
1964232056
1964232199
1964232351
1964232455
1964232466
1964232598
1964232609
1964232701
1964232720
1964232852
1964232860
1964232960
1964232972
1964233481
1964233499
1964233606
1964233615
1964233737
1964233747
1964233849
1964233856
1964233987
1964233993
1964234134
1964234141
1964234285
1964234292
1964234396
1964234406
1964234549
1964234557
1964234711
1964234773
1964234832
1964234879
1964234996
1964235002
1964235102
1964235110
1964235301
1964235309
1964235543
1964235558
1964235807
1964235825
1964235931
1964235939
1964236079
1964237429
1964237571
1964237585
1964237722
1964237729
1964237828
1964237838
1964237979
1964237984
1964238133
1964238140
1964238239
1964238249
1964241914
1964241940
1964242154
1964242168
1964242267
1964242275
1964242406
1964242413
1964242514
1964242523
1964242677
1964282185
1964283085
1964349394
1964350607
1964350778
1964355629
1964355859
1964356230
1964356519
1964356528
1964356776
1964356785
1964357012
1964357018
1964357139
1964357147
1964357505
1964357515
1964357641
1964357650
1964357749
1964357774
1964357899
1964357906
1964358138
1964358147
1964358287
1964376295
1964381715
1964381729
1964381970
1964381981
1964382208
1964382216
1964382334
1964382342
1964382461
1964382466
1964382591
1964382599
1964382735
1964382741
1964382917
1964396954
1964402323
1964402341
1964402351
1964409277
1964409402
1964410172
1964410276
1964413372
1964413495
1964568089
1964575174
1964575213
1964579959
1964631374
1964636127
1964700964
1964882502
1964882883
1965066747
1965069497
1965074937
1965074954
1965074964
1965075299
1965075399
1965114186
1965115103
1965120665
1965120698
1965120711
1965120798
1965120908
1965121055
1965121123
1965121141
1965125382
1965125406
1965125517
1965125526
1965125779
1965125788
1965303091
1965303543
1965488624
1965492132
1965497634
1965497673
1965497685
1965497883
1965497982
1965503594
1965503744
1965503827
1965503963
1965504599
1965510001
1965510038
1965510063
1965510245
1965510339
1965550202
1965551067
1965551080
1965556419
1965559735
1965559859
1965560138
1965560291
1965560392
1965560517
1965560528
1965560944
1965560961
1965563150
1965569677
1965574456
1965574495
1965579213
1965589914
1965595317
1965595354
1965595373
1965611479
1965611636
1965611676
1965618082
1965618129
1965618139
1965618449
1965618553
1965618599
1965618741
1965618754
1965618844
1965618920
1965619167
1965619183
1965619280
1965619290
1965619423
1965619432
1965619566
1965619574
1965619723
1965621773
1965626235
1965626260
1965626871
1965666181
1965666620
1965671856
1965671890
1965676258
1965676588
1965676902
1965677083
1965681288
1965681324
1965682661
1965682690
1965682909
1965682916
1965683162
1965683173
1965683272
1965683280
1965683480
1965683488
1965683584
1965683592
1965684019
1965684028
1965684129
1965684137
1965684401
1965684411
1965684543
1965684802
1965684925
1965685100
1965685203
1965685213
1965685459
1965685467
1965685713
1965685725
1965686243
1965686255
1965686355
1965686363
1965686519
1965686524
1965686657
1965686665
1965686792
1965686799
1965686986
1965687216
1965687362
1965687372
1965687470
1965687479
1965688425
1965688437
1965688687
1965688696
1965688941
1965688951
1965689055
1965689060
1965689307
1965689317
1965689448
1965689456
1965689589
1965690749
1965690874
1965690884
1965691011
1965691019
1965691151
1965691156
1965691253
1965691277
1965691391
1965691408
1965691414
1965691841
1965691848
1965738582
1965905416
1965905762
1965910029
1965910051
1965910239
1965910244
1965910373
1966075581
1966075992
1966078274
1966114851
1966293963
1966295585
1966295597
1966295859
1966297691
1966298515
1966299316
1966299335
1966299344
1966299521
1966299623
1966299755
1966299854
1966300136
1966300241
1966300261
1966300392
1966300400
1966300770
1966300783
1966300923
1966300931
1966301066
1966338218
1966339179
1966341804
1966341829
1966343258
1966343650
1966345888
1966345912
1966423149
1966423840
1966423853
1966424092
1966432162
1966432192
1966432380
1966432501
1966432629
1966432642
1966432741
1966432757
1966432949
1966432957
1966433054
1966433061
1966433557
1966433579
1966433679
1966433705
1966433839
1966433847
1966438027
1966438068
1966438146
1966438167
1966438318
1966438327
1966438470
1966482185
1966482708
1966482718
1966482854
1966503616
1966503626
1966503760
1966605444
1966606079
1966642895
1966682216
1966682802
1966792510
1966830177
1966831084
1966831276
1967004497
1967042160
1967042608
1967043015
1967219240
1967262145
1967262552
1967262926
1967440871
1967441300
1967441621
1967447056
1967614909
1967615346
1967620538
1967620578
1967790730
1967811247
1967811984
1967850936
1968015917
1968054153
1968055561
1968056720
1968063419
1968063525
1968137112
1968146047
1968225298
1968236042
1968236155
1968236255
1968236357
1968413865
1968413887
1968413991
1968413997
1968414128
1968414195
1968414294
1968414299
1968591748
1968591773
1968591943
1968591953
1968592170
1968592178
1968640986
1968641377
1968645920
1968646342
1968651739
1968655365
1968655379
1968657774
1968659181
1968661743
1968661756
1968664182
1968666819
1968672470
1968672484
1968674259
1968674430
1968675012
1968681029
1968681184
1968681590
1968684048
1968684061
1968684930
1968684938
1968689086
1968692657
1968692668
1968695278
1968696879
1968699424
1968699436
1968701497
1968704210
1968706894
1968706905
1968709188
1968711588
1968714053
1968714065
1968716291
1968719059
1968721377
1968721388
1968723634
1968726430
1968731186
1968731198
1968733515
1968734542
1968736936
1968736947
1968740575
1968741920
1968744083
1968744094
1968746434
1968749279
1968751655
1968751667
1968756704
1968756716
1968759379
1968759389
1968761507
1968764192
1968766612
1968766624
1968768820
1968772115
1968776357
1968776368
1968779517
1968779580
1968781624
1968781634
1968783913
1968787174
1968791991
1968792003
1968794811
1968794982
1968795959
1968801733
1968801888
1968802310
1968805545
1968805559
1968805955
1968805964
1968809543
1968813289
1968813300
1968813308
1968816309
1968816413
1968816999
1968820981
1968820992
1968823791
1968824430
1968826767
1968826778
1968829004
1968831905
1968834443
1968834454
1968838029
1968839557
1968841865
1968841876
1968844376
1968847030
1968849647
1968849658
1968854028
1968854265
1968856750
1968856761
1968859485
1968861883
1968864220
1968864231
1968866683
1968869378
1968871892
1968871904
1968874123
1968876876
1968881961
1968881973
1968886770
1969047347
1969052043
1969052457
1969060377
1969060388
1969060397
1969060768
1969060787
1969060873
1969060886
1969065202
1969065324
1969065460
1969065558
1969065710
1969065837
1969065846
1969066093
1969066103
1969066229
1969066237
1969066631
1969066639
1969066741
1969066747
1969066895
1969067023
1969067165
1969067173
1969067345
1969067826
1969067836
1969067844
1969071253
1969071395
1969075803
1969075937
1969075943
1969076069
1969076077
1969076182
1969076549
1969076706
1969080529
1969080542
1969080551
1969080675
1969080778
1969080912
1969081037
1969081046
1969084651
1969084661
1969084791
1969084799
1969084943
1969084951
1969085085
1969126140
1969127226
1969127237
1969127555
1969133067
1969133113
1969133122
1969136250
1969136357
1969136372
1969137005
1969137018
1969137121
1969137137
1969137265
1969137270
1969137411
1969137419
1969137567
1969137673
1969137688
1969137810
1969137910
1969137918
1969138119
1969138128
1969138262
1969138268
1969138365
1969138371
1969138536
1969138544
1969138633
1969138639
1969138758
1969138884
1969138889
1969139038
1969139044
1969139181
1969143365
1969143511
1969143518
1969143655
1969143659
1969143777
1969144120
1969144285
1969144322
1969148938
1969149344
1969149576
1969149747
1969150080
1969150091
1969150099
1969150153
1969150235
1969150304
1969150404
1969150777
1969155750
1969156013
1969156090
1969156236
1969156332
1969156349
1969156657
1969156666
1969156798
1969156806
1969156935
1969157200
1969157301
1969157356
1969157462
1969157467
1969157565
1969157706
1969157804
1969157946
1969158153
1969158165
1969158343
1969158348
1969158696
1969159049
1969159060
1969159260
1969159269
1969159368
1969159376
1969159676
1969159685
1969159786
1969159801
1969159933
1969159941
1969160148
1969160154
1969160251
1969160258
1969160606
1969160615
1969160713
1969160721
1969160881
1969160889
1969160986
1969161008
1969161384
1969161589
1969161601
1969161746
1969162099
1969163892
1969163903
1969164001
1969164009
1969164172
1969164180
1969164350
1969164356
1969164718
1969165306
1969165580
1969165655
1969165804
1969165907
1969165931
1969166289
1969166297
1969166371
1969166518
1969166526
1969166921
1969166933
1969166941
1969167034
1969167137
1969167262
1969167361
1969167370
1969167519
1969167876
1969168174
1969168186
1969168542
1969168550
1969168648
1969168656
1969168816
1969168823
1969169017
1969169022
1969169320
1969169329
1969169428
1969169437
1969169582
1969169904
1969170205
1969170217
1969170315
1969170323
1969170449
1969170456
1969170555
1969170563
1969170870
1969170879
1969170978
1969170985
1969171144
1969171151
1969171308
1969171315
1969171414
1969171688
1969171696
1969171911
1969171918
1969171998
1969172068
1969172077
1969173099
1969173111
1969173119
1969173395
1969173499
1969173652
1969173792
1969173801
1969174013
1969174020
1969174119
1969174128
1969174479
1969174487
1969174626
1969174631
1969174757
1969174795
1969174931
1969174980
1969175047
1969175082
1969175273
1969175399
1969175478
1969175545
1969175744
1969175752
1969175818
1969175841
1969175855
1969175970
1969175977
1969176083
1969176089
1969176254
1969176261
1969176392
1969176767
1969176781
1969176897
1969177337
1969177346
1969177443
1969177451
1969177710
1969177718
1969177857
1969178291
1969178823
1969178837
1969178936
1969178944
1969179250
1969179260
1969179415
1969179420
1969179581
1969179586
1969179727
1969180041
1969180583
1969180594
1969180907
1969180915
1969181077
1969181085
1969181215
1969181503
1969182484
1969182496
1969182741
1969182751
1969183107
1969183116
1969183242
1969183247
1969183420
1969183424
1969183662
1969183670
1969183770
1969183779
1969183949
1969184008
1969184890
1969184900
1969184908
1969185588
1969185729
1969185735
1969186023
1969186047
1969186053
1969186330
1969186341
1969186544
1969186553
1969186762
1969186772
1969186852
1969186876
1969187016
1969187419
1969190732
1969190745
1969190897
1969191042
1969191171
1969191180
1969191307
1969191316
1969191551
1969191557
1969191896
1969192156
1969192386
1969192488
1969192637
1969192711
1969192854
1969192954
1969192963
1969193062
1969193070
1969193274
1969193282
1969193380
1969193385
1969193515
1969193522
1969193653
1969193657
1969193772
1969193839
1969194103
1969194110
1969194243
1969194575
1969195014
1969195128
1969195257
1969195267
1969195422
1969195758
1969198182
1969198195
1969198326
1969198701
1969199096
1969199109
1969199346
1969199540
1969199670
1969199678
1969199922
1969199930
1969200030
1969200037
1969200377
1969200386
1969200520
1969200525
1969200622
1969200646
1969200783
1969200790
1969200967
1969201253
1969201318
1969201370
1969201834
1969201852
1969202101
1969202118
1969202305
1969202405
1969202437
1969202548
1969202629
1969202797
1969203000
1969207549
1969207561
1969207568
1969207841
1969207946
1969208068
1969208167
1969208176
1969208276
1969208293
1969208418
1969208423
1969208655
1969208661
1969208761
1969208769
1969209023
1969209040
1969209242
1969209541
1969209552
1969209718
1969209906
1969210009
1969210017
1969210271
1969210281
1969210380
1969210388
1969210517
1969210524
1969210630
1969210646
1969210782
1969210806
1969210908
1969210913
1969211044
1969211051
1969211319
1969211426
1969211569
1969211579
1969211679
1969211686
1969211890
1969211898
1969212046
1969212053
1969212417
1969214914
1969214928
1969215144
1969215153
1969215294
1969215603
1969215981
1969215994
1969216243
1969216251
1969216412
1969216417
1969216515
1969216523
1969216647
1969216695
1969216879
1969216980
1969217080
1969217085
1969217291
1969217296
1969217372
1969217614
1969217625
1969217724
1969218082
1969218346
1969218358
1969218681
1969218693
1969218795
1969218801
1969219000
1969219119
1969219225
1969219389
1969219489
1969219601
1969219680
1969219749
1969219850
1969220012
1969220184
1969220408
1969220768
1969222528
1969222541
1969222733
1969223043
1969224521
1969224723
1969224825
1969224950
1969225049
1969225059
1969225393
1969226399
1969226412
1969226612
1969226620
1969226987
1969226997
1969227160
1969227166
1969227505
1969227705
1969227717
1969227882
1969227887
1969228093
1969228101
1969228239
1969228540
1969229380
1969229396
1969229638
1969229647
1969229807
1969229952
1969230055
1969230246
1969230348
1969230412
1969230545
1969230836
1969236836
1969236848
1969236947
1969236956
1969237097
1969237104
1969237207
1969237213
1969237334
1969237374
1969237474
1969237480
1969237593
1969237630
1969237755
1969237865
1969238004
1969238021
1969238109
1969238230
1969238365
1969238373
1969238521
1969238554
1969238789
1969238797
1969238918
1969239152
1969239510
1969239521
1969239528
1969239813
1969239832
1969239918
1969239932
1969239985
1969240115
1969240259
1969240284
1969240389
1969247606
1969247617
1969247625
1969247717
1969247821
1969247913
1969247993
1969248095
1969248196
1969248201
1969248353
1969248447
1969248606
1969248859
1969249020
1969249060
1969249220
1969249225
1969249468
1969249476
1969249729
1969249738
1969249835
1969249842
1969250000
1969250006
1969250272
1969250280
1969250410
1969250418
1969250674
1969250717
1969250821
1969250915
1969251296
1969251473
1969256526
1969256537
1969256636
1969256644
1969256807
1969256904
1969257006
1969257032
1969257169
1969257176
1969257274
1969257281
1969257728
1969258081
1969258093
1969258228
1969258544
1969259470
1969259611
1969259712
1969259719
1969259891
1969259895
1969260229
1969260239
1969260371
1969260375
1969260473
1969260481
1969260616
1969260621
1969260736
1969260743
1969260872
1969260878
1969261024
1969261029
1969261182
1969261189
1969261507
1969261516
1969261616
1969261636
1969261772
1969261779
1969261879
1969261905
1969262062
1969262069
1969262200
1969262358
1969266112
1969266124
1969266131
1969266214
1969266316
1969266420
1969266492
1969266545
1969266682
1969266915
1969267006
1969267043
1969267049
1969267173
1969267563
1969267667
1969267677
1969267835
1969267840
1969267965
1969267972
1969268415
1969268423
1969268523
1969268530
1969268670
1969268936
1969273454
1969273465
1969273473
1969273876
1969273895
1969274002
1969274155
1969274367
1969274463
1969274471
1969274553
1969274600
1969274608
1969280048
1969280066
1969280075
1969280363
1969280454
1969280462
1969280708
1969280717
1969280808
1969280831
1969280953
1969280960
1969281142
1969281149
1969281214
1969281253
1969281295
1969281399
1969281407
1969281814
1969281823
1969281950
1969281956
1969282174
1969282182
1969282290
1969282357
1969282819
1969282829
1969282973
1969282981
1969283176
1969283184
1969283320
1969283328
1969287622
1969287633
1969287866
1969287876
1969288130
1969288138
1969288237
1969288245
1969288375
1969288381
1969288548
1969288555
1969288691
1969288718
1969288823
1969288831
1969288957
1969288962
1969289078
1969289132
1969289201
1969289224
1969289339
1969289409
1969289613
1969289688
1969289867
1969289872
1969289964
1969290026
1969290081
1969290105
1969290272
1969290278
1969290402
1969290445
1969290541
1969290590
1969290705
1969290784
1969291118
1969291365
1969291380
1969291531
1969291536
1969291633
1969291641
1969291698
1969291747
1969291907
1969291915
1969292014
1969292020
1969292163
1969292226
1969292282
1969292337
1969293767
1969293777
1969293876
1969293884
1969294051
1969294058
1969294157
1969294161
1969300491
1969300502
1969300625
1969300633
1969300770
1969300778
1969300877
1969300990
1969301119
1969301124
1969301411
1969301424
1969301429
1969301599
1969301612
1969301710
1969308262
1969308276
1969308283
1969308600
1969308670
1969308704
1969308872
1969308898
1969308998
1969309004
1969309135
1969309213
1969309551
1969318326
1969318338
1969318467
1969318473
1969318707
1969318717
1969318798
1969318806
1969318932
1969318939
1969319039
1969319490
1969324714
1969324987
1969325123
1969325132
1969325232
1969325240
1969325513
1969325523
1969326028
1969326105
1969326112
1969326257
1969326385
1969326530
1969326599
1969326698
1969326720
1969326852
1969326859
1969327410
1969332456
1969332715
1969332820
1969332827
1969332962
1969333068
1969336197
1969336209
1969336352
1969336746
1969336827
1969336869
1969337023
1969337131
1969337202
1969337305
1969337798
1969343415
1969343455
1969343666
1969343677
1969343800
1969343811
1969343938
1969343944
1969344043
1969344047
1969344149
1969344193
1969345259
1969345271
1969345280
1969345746
1969345770
1969345882
1969345897
1969346191
1969346290
1969346674
1969351126
1969351148
1969351399
1969351405
1969351614
1969351624
1969351724
1969351731
1969351873
1969351901
1969351999
1969352005
1969352098
1969352236
1969352397
1969352528
1969352534
1969352799
1969352805
1969353072
1969353082
1969353301
1969353307
1969353407
1969353413
1969353827
1969354842
1969354877
1969354963
1969354997
1969355096
1969355181
1969355199
1969355348
1969355462
1969355568
1969355576
1969355941
1969355948
1969356082
1969356091
1969356221
1969358390
1969358515
1969358529
1969358763
1969358773
1969358872
1969358882
1969359129
1969359135
1969359235
1969359252
1969359399
1969359415
1969359516
1969359522
1969359659
1969359763
1969359780
1969360093
1969360100
1969360229
1969360683
1969360812
1969360820
1969361233
1969361252
1969361375
1969361383
1969361518
1969361923
1969362038
1969362059
1969362171
1969362182
1969362317
1969362852
1969364377
1969364389
1969364638
1969364649
1969364874
1969364882
1969364996
1969365115
1969365245
1969365507
1969365639
1969366977
1969366992
1969366998
1969367003
1969367007
1969367020
1969367110
1969367247
1969367586
1969367595
1969367698
1969367828
1969367999
1969368999
1969369017
1969369102
1969369109
1969369314
1969369430
1969369542
1969369698
1969370090
1969370099
1969370243
1969370248
1969370933
1969371044
1969371152
1969371166
1969371174
1969371513
1969371590
1969371662
1969371793
1969372088
1969372196
1969372328
1969372762
1969373501
1969373512
1969374423
1969377415
1969377438
1969377666
1969377672
1969377901
1969377913
1969378017
1969378023
1969378162
1969378283
1969378291
1969378522
1969378544
1969378691
1969378697
1969378978
1969378987
1969379378
1969379423
1969379575
1969379673
1969379768
1969379858
1969379916
1969380015
1969380113
1969380132
1969380877
1969382369
1969382381
1969382389
1969382482
1969382583
1969382707
1969382789
1969382885
1969383281
1969386364
1969386394
1969386497
1969386507
1969386661
1969386811
1969387179
1969387818
1969387837
1969387925
1969387940
1969387974
1969388193
1969388203
1969388347
1969388383
1969388488
1969388493
1969388611
1969388691
1969388817
1969389103
1969389446
1969389582
1969389591
1969389660
1969389695
1969389795
1969390184
1969390195
1969390318
1969390327
1969390503
1969390512
1969390611
1969390618
1969390749
1969390815
1969394430
1969394439
1969394560
1969394569
1969394670
1969394675
1969394878
1969394928
1969395024
1969395044
1969395197
1969395283
1969395347
1969395429
1969395667
1969395674
1969396198
1969396692
1969396704
1969396712
1969397074
1969397096
1969397203
1969397683
1969402333
1969402583
1969402714
1969402723
1969402823
1969402832
1969402975
1969403410
1969403854
1969404099
1969404118
1969404189
1969404350
1969404356
1969404454
1969404462
1969404590
1969404598
1969404699
1969404704
1969404958
1969405523
1969405627
1969405769
1969405907
1969405914
1969406048
1969406056
1969406254
1969406263
1969409348
1969409359
1969409579
1969409588
1969409735
1969421364
1969421458
1969421643
1969421775
1969486792
1969486803
1969487121
1969487131
1969487454
1969487465
1969487587
1969487591
1969487936
1969487945
1969488078
1969584696
1969584723
1969584879
1969585217
1969585227
1969585326
1969585334
1969585483
1969585489
1969613051
1969803049
1969803444
1969995588
1969995600
1969995748
1969996256
1974700183
