1390457148
1390529888
1390530264
1390658910
1390658949
1390659103
1390675897
1390676020
1390676105
1390676214
1390690821
1390705729
1390706219
1390722174
1390722188
1390722198
1390722474
1390722577
1390731705
1390731807
1390731938
1390732068
1390732077
1390736491
1390774590
1390775230
1390791494
1390791526
1390791537
1390791686
1390791960
1390806393
1390806502
1390806655
1390806782
1390807504
1390823781
1390823804
1390823814
1390823981
1390824076
1390838997
1390839117
1390839126
1390839251
1390839257
1390839368
1390839373
1390841430
1390842085
1390854090
1390854121
1390854133
1390854418
1390854555
1390854564
1390854663
1390854671
1390855080
1390855092
1390855235
1390855240
1390855340
1390855347
1390855473
1390855480
1390857969
1390857977
1390858165
1390858173
1390870184
1390870199
1390870302
1390870310
1390870435
1390870442
1390870622
1390870631
1390870764
1390870769
1390871160
1390871167
1390871315
1390871321
1390871726
1390872890
1390872902
1390872909
1390873209
1390873331
1390887851
1390887964
1390888069
1390888168
1390888978
1390888986
1390902937
1390902946
1390903078
1390903399
1390905944
1390905956
1390906055
1390906077
1390906200
1390906206
1390906340
1390906835
1390906845
1390906967
1390906982
1390907131
1390907231
1390907488
1390907591
1390907598
1390907735
1390907743
1390907839
1390907846
1390908015
1390908034
1390908158
1390908166
1390908263
1390908271
1390908825
1390908834
1390908933
1390909037
1390909165
1390909174
1390919454
1390919464
1390919674
1390919683
1390922156
1390922166
1390922407
1390922416
1390922604
1390922613
1390922848
1390922857
1390923906
1390923915
1390924043
1390924048
1390924146
1390924172
1390924296
1390924303
1390924569
1390924575
1390924702
1390925030
1390925168
1390925177
1390934739
1390934750
1390934968
1390934978
1390935087
1390935092
1390937461
1390937470
1390937658
1390937665
1390937861
1390937869
1390938002
1390938008
1390938140
1390939506
1390939637
1390939646
1390939854
1390939859
1390943375
1390943384
1390943573
1390943580
1390943762
1390943769
1390950012
1390950023
1390950204
1390950210
1390950398
1390950405
1390954352
1390954361
1390954598
1390954608
1390954813
1390954822
1390954920
1390954925
1390955115
1390955121
1390955256
1390955264
1390958674
1390958683
1390958870
1390958878
1390959065
1390959074
1390965796
1390965806
1390965927
1390965932
1390966032
1390966048
1390966172
1390966177
1390969827
1390969838
1390970042
1390970052
1390970232
1390970241
1390970339
1390970347
1390970481
1390973925
1390974055
1390974064
1390974219
1390974225
1390974346
1390974355
1390974503
1390974527
1390974651
1390974658
1390989417
1390989433
1390989653
1390989661
1390989800
1391003624
1391015407
1391015649
1391038804
1391041321
1391053879
1391054052
1391054261
1391054367
1391066107
1391066230
1391066353
1391066507
1391066660
1391066884
1391067009
1391067027
1391096316
1391134948
1391149576
1391149896
1391166173
1391166210
1391166301
1391166306
1391176488
1391181132
1391181240
1391181324
1391181404
1391181530
1391181629
1391181635
1391196311
1391196340
1391196432
1391196437
1391196557
1391196597
1391196677
1391196703
1391196942
1391196950
1391197072
1391197078
1391211545
1391211570
1391211783
1391211790
1391275978
1391288245
1391290035
1391302238
1391302273
1391313676
1391314117
1391327958
1391403122
1391419293
1391419333
1391419446
1391419453
1391433883
1391461521
1391495705
1391496056
1391531523
1391531568
1391535379
1391536044
1391541073
1391541098
1391541112
1391541407
1391541538
1391569850
1391570270
1391575994
1391576014
1391698350
1391733572
1391733609
1391737404
1391737889
1391738529
1391739339
1391742252
1391742745
1404812683
