154203639
154283848
154284262
154375318
154375361
154375424
154375449
154375573
154375684
154375690
154411715
154426844
154427366
154443581
154443614
154443627
154443813
154443908
154456988
154457106
154457234
154457336
154457361
154457484
154457490
154457590
154457597
154457831
154457839
154457938
154457946
154458380
154458390
154458489
154458497
154458630
154458637
154458780
154459523
154459624
154459932
154460067
154460074
154460198
154460207
154460697
154475174
154475185
154475194
154475313
154475411
154475544
154475679
154475687
154477095
154477105
154477787
154477796
154477922
154477929
154478456
154478465
154478585
154478591
154492093
154492104
154492202
154492228
154492347
154492355
154492543
154492549
154493254
154493523
154493534
154493542
154493876
154493985
154493995
154494123
154494132
154494230
154494236
154494539
154494552
154494663
154494678
154494776
154494783
154494919
154494926
154495387
154495401
154495502
154495509
154495930
154495942
154496046
154496055
154496216
154507682
154507786
154509496
154509624
154509633
154509731
154509739
154509879
154509884
154509972
154509995
154510117
154510125
154510375
154510384
154510511
154510963
154511047
154511177
154511286
154511971
154526741
154526754
154526762
154526938
154527041
154527158
154527280
154528714
154528837
154528846
154542004
154542507
154543968
154544134
154544173
154544531
154544599
154544617
154559171
154559196
154559371
154559385
154561146
154561162
154561397
154561411
154562470
154562488
154562617
154562626
154574589
154574611
154574719
154574732
154574887
154574902
154575026
154577086
154577243
154623795
154624696
154663507
154678625
154679142
154695542
154695566
154695576
154695765
154695866
154711276
154711290
154714110
154715077
154734798
154734830
154734912
154735177
154735270
154753667
154753908
154754157
154754264
154754509
154754647
154755131
154755139
154755267
154755429
154755535
154756027
154773200
154773230
154773329
154773671
154774187
154774402
154774597
154774748
154774906
154775320
154775461
154776123
154791808
154792593
154794048
154794059
154794067
154809601
154809741
154809753
154810665
154810678
154812611
154812833
154812933
154813076
154824962
154825077
154825088
154825323
154825328
154825428
154825433
154828041
154828056
154828158
154828166
154828303
154828310
154828577
154828586
154828705
154828710
154829058
154829162
154829303
154829439
154831846
154831929
154832069
154832314
154832417
154832551
154832687
154833182
154833354
154833483
154840241
154840263
154843683
154843703
154844013
154844022
154844160
154844270
154844369
154844529
154844664
154844854
154845544
154845561
154851305
154851438
154851692
154851985
154852386
154852525
154852935
154853078
154853083
154864150
154945551
154961634
154961669
154961678
154961820
154961923
154977320
154977422
154977488
154977630
154978896
154979002
154979002
154979008
154979019
154981979
154981999
154982091
154982374
154982463
154982571
154982703
154982948
154983143
154983253
154994020
154994035
154994135
154994142
154994277
154994281
154994379
154994384
154995765
154995775
154995917
154995922
154996880
154996890
154997030
154997383
154997523
154998277
154998433
154998441
154998580
154998585
154998682
154998688
154998811
154998818
154998949
154998955
154999991
155001499
155001526
155001623
155001890
155002792
155003033
155003525
155003634
155003785
155003892
155004015
155004139
155004246
155004392
155004498
155004645
155004752
155009333
155009351
155009502
155012064
155012193
155014839
155014965
155014973
155015217
155015226
155015376
155015914
155016045
155016053
155016175
155016182
155016317
155016324
155017214
155017222
155017342
155017350
155017698
155018356
155020559
155020659
155020870
155020978
155021167
155023121
155023233
155023472
155023612
155023873
155023979
155024111
155024356
155024597
155024721
155024959
155025208
155025336
155025442
155025686
155025977
155026083
155026218
155026323
155026480
155026586
155026729
155027012
155027116
155027261
155027369
155027514
155027672
155032490
155032499
155032600
155032606
155032847
155032855
155032992
155032997
155033094
155033102
155033243
155033251
155033494
155033503
155033704
155033713
155033901
155033909
155034403
155034412
155035197
155039891
155040003
155040162
155040300
155043147
155043254
155043504
155043635
155043744
155043889
155044007
155044200
155044333
155044503
155044981
155045178
155045284
155046174
155046280
155046452
155046593
155049174
155049300
155049308
155049528
155049536
155049640
155049645
155049842
155049848
155050340
155050350
155053377
155054477
155069734
155070451
155085243
155085958
155100828
155101836
155116704
155117690
155132622
155142652
155142665
155143529
155159109
155159124
155159662
155161043
155161167
155161176
155161294
155161302
155161437
155161442
155161687
155161696
155161947
155161956
155162108
155162116
155163181
155163191
155163329
155163338
155163437
155163445
155163594
155163641
155163743
155163762
155163866
155163958
155164104
155164110
155164211
155164352
155164414
155164522
155164526
155165752
155179097
155179251
155179377
155179517
155179864
155179967
155179976
155180288
155180933
155181068
155181594
155181724
155181732
155181878
155181886
155182027
155182284
155182435
155182444
155182589
155182740
155182861
155182941
155183399
155183408
155183507
155183515
155183672
155183679
155197936
155199429
155199581
155199590
155199827
155199835
155435458
155461085
155461101
155465382
155465916
155471592
155471603
155471611
155513882
155515311
155515321
155515462
155518391
155528916
155529121
155529323
155529430
155530163
155530757
155532461
155532471
155532479
155532568
155532668
155537689
155537799
155537916
155538014
155540331
155540431
155540596
155540723
155541072
155541470
155541867
155541970
155542138
155542240
155542472
155542478
155545355
155547506
155547607
155553121
155553224
155553381
155553524
155553532
155553828
155553838
155556368
155556377
155556627
155556636
155556736
155556743
155557350
155558197
155569201
155569216
155569225
155569309
155569411
155569491
155569612
155569749
155570035
155570503
155571982
155571994
155572127
155572136
155572312
155572320
155572486
155572621
155572658
155572995
155582489
155583323
155583419
155583555
155583654
155584963
155585064
155585333
155585478
155585724
155585826
155585849
155585985
155585993
155586377
155586386
155586600
155586607
155586696
155586703
155586826
155586833
155587426
155587434
155587676
155587684
155587861
155587869
155588118
155588126
155588912
155588921
155589048
155589053
155589205
155589210
155589358
155589366
155589492
155589500
155590136
155590146
155590334
155590339
155590707
155590716
155595502
155596445
155598489
155598589
155598797
155598899
155598908
155599178
155599188
155602852
155602864
155602963
155602970
155603215
155603221
155603347
155603356
155603456
155603461
155603602
155603673
155603818
155603826
155603932
155603970
155604071
155604077
155604368
155604376
155605020
155605030
155605386
155605395
155605525
155605533
155605746
155605765
155605862
155605868
155606213
155606427
155606500
155606637
155606736
155607035
155607192
155607201
155613938
155613950
155614188
155614197
155614357
155614363
155614491
155622507
155622669
155622678
155622931
155622940
155623063
155623068
155623206
155623740
155665929
155671601
155737246
155737481
155737986
155750447
155750464
155756918
155757143
155757250
155757257
155775243
155776183
155803810
155803833
155803845
155841955
155842203
155842209
155843361
155843670
155855173
155855892
155868484
155868515
155881215
155881340
155881375
155912966
155925175
155932160
155938106
155938138
155938149
155938336
155938425
155952241
155952348
155952808
155958685
155958707
155958837
155958846
155959074
155959081
155959179
155959186
155960656
155963509
155963523
155963828
155963837
155963970
155963979
155964387
155964397
155964661
155964671
155964912
155964921
155965076
155965083
155965225
155965233
155965638
155965647
155965969
155966000
155966091
155966111
155966288
155966297
155968595
155968614
155968798
155968803
155969511
155969535
155970105
155970121
155970435
155970448
155970549
155970558
155970897
155970909
155971030
155971038
155971388
155971400
155971554
155971559
155971701
156010805
156011257
156011499
156011654
156011791
156011912
156012110
156023922
156024015
156024142
156024277
156024283
156109963
156175444
156175734
156215730
156232398
156232407
156232613
156232619
156242328
156247719
156247822
156247970
156248117
156305961
156305976
156320916
156321052
156321314
156321767
156322111
156322406
156359622
156371465
156374353
156374687
156374962
156375228
156375490
156375776
156376820
156378091
156378103
156378110
156378198
156378300
156378457
156378557
156378858
156378958
156394634
156394803
156395005
156395105
156395176
156395410
156395508
156431599
156431722
156432001
156446302
156446981
156448573
156448584
156448592
156448680
156448790
156463289
156463387
156463519
156463597
156463844
156463853
156464090
156464908
156478728
156478740
156478749
156481315
156481453
156481459
156493524
156494262
156496424
156496434
156496443
156496638
156496734
156510669
156510820
156510829
156511145
156553884
156555000
156555222
156571406
156571417
156571614
156571619
156583148
156584868
156584879
156585147
156587446
156587460
156587599
156602261
156602413
156602422
156602707
156602832
156603524
156603613
156615155
156615167
156615266
156615377
156615478
156617762
156617921
156617928
156618101
156618213
156618355
156618364
156630233
156630913
156631952
156631963
156631971
156632322
156632424
156647317
156647472
156647482
156648491
156662202
156662214
156664637
156664649
156664841
156664850
156679909
156679917
156680048
156680056
156680281
156680290
156682239
156682769
156712350
156712360
156712368
156712455
156712581
156712720
156712817
156753882
156754434
156776386
156776414
156776425
156776502
156776795
156776804
156776926
156791071
156791317
156791417
156791561
156791668
156791873
156792012
156792113
156792546
156793295
156793952
156803546
156803750
156803854
156804482
156804589
156804972
156805112
156805219
156805551
156805662
156805799
156805936
156806076
156845898
156846900
156863258
156863295
156863306
156863371
156863516
156863654
156863724
156863742
156864008
156864016
156864114
156864122
156878643
156879614
156880013
156880025
156880169
156917886
156918550
156933395
156934653
156950556
156950580
156950589
156950893
156950998
156951514
156951617
156951626
156956689
156956702
156956841
156956845
156957006
156965410
156965569
156966839
156966914
156967064
156967208
157005894
157007284
157027299
157028025
157057430
157057457
157057467
157057555
157057658
157057856
157057949
157057959
157072530
157073984
157073996
157074173
157079472
157079490
157079499
157079619
157079752
157079889
157079986
157090466
157090601
157090964
157091066
157091468
157091601
157091608
157092014
157092022
157092119
157092127
157092269
157092277
157092501
157092506
157105973
157105987
157106182
157107358
157107462
157107720
157107824
157107841
157109981
157110195
157110297
157149928
157150814
157216113
157217111
157217281
157217739
157242800
157243553
157268426
157270120
157279123
157279707
157280182
157280374
157284353
157284385
157284987
157297201
157297330
157297491
157297580
157297742
157297802
157297861
157297917
157298222
157298230
157298328
157298334
157300350
157300362
157300370
157300512
157300610
157300875
157301000
157301008
157303873
157303883
157304088
157304097
157305431
157312784
157312886
157313455
157313472
157313560
157313959
157314100
157314154
157314296
157314305
157314436
157315314
157315431
157315716
157315899
157316196
157316207
157316296
157316303
157316561
157316567
157316694
157316705
157317156
157317166
157317264
157317332
157317419
157319117
157319259
157329469
157329612
157330246
157330608
157330849
157330964
157331167
157331283
157334220
157334235
157334242
157334248
157334253
157334265
157334313
157334660
157334669
157334859
157334981
157335246
157342959
157343068
157343342
157343449
157343587
157343691
157343974
157344237
157344981
157345328
157345436
157345615
157345721
157345848
157345953
157346259
157346391
157346545
157349255
157349328
157349878
157350035
157350331
157350471
157350589
157350688
157350697
157350838
157350846
157361064
157365698
157405897
157458731
157495687
157526003
157526015
157526210
157526218
157528936
157528946
157541037
157541049
157541234
157566641
157566651
157680057
157680072
157702732
157721694
157722045
157740324
157740524
157742300
157742432
157742553
157742718
157750095
157750906
157751008
157751274
157751376
157751384
157751525
157751533
157751632
157751637
157751778
157751783
157751904
157751910
157754221
157754330
157754504
157754608
157754613
157755243
157757797
157758009
157760818
157760854
157760869
157761065
157761170
157761312
157761420
157761438
157761694
157761707
157761809
157761815
157762601
157762624
157762717
157762734
157762995
157763013
157763116
157763317
157763471
157763477
157763566
157764263
157764299
157764403
157764410
157764574
157764588
157764688
157764697
157764795
157765013
157765119
157765261
157765349
157765509
157765613
157765754
157767816
157767967
157768077
157768183
157768303
157768434
157768567
157768673
157770929
157770959
157771036
157771076
157771177
157771188
157771290
157771301
157771488
157772037
157772924
157773344
157773721
157773838
157774356
157774457
157774933
157775032
157778991
157779103
157779241
157779359
157779488
157779606
157779993
157780102
157780242
157780809
157780964
157781065
157781621
157781772
157784615
157784830
157784922
157785798
157786006
157786133
157786281
157786741
157786752
157792030
157792268
157792374
157792515
157792629
157792797
157792940
157825565
157825673
157825810
157825916
157825966
157826072
157826083
157826186
157826196
157826458
157826476
157826562
157826569
157826693
157826709
157831855
157832635
157891903
157891931
157892141
157892151
157892394
157892404
157892503
157892511
157892819
157892831
157892927
157892936
157893062
157893391
157893402
157893533
157893538
157893681
157929909
157930647
157930815
157931185
157946691
157947353
157962059
157962661
157977328
157977909
157993091
157993685
157997289
157997335
157997444
157997453
157997639
157997657
158001264
158001299
158001411
158001419
158001572
158001584
158008649
158009309
158025296
158026075
158040905
158041590
158056209
158056948
158062963
158062993
158063188
158063196
158063338
158071438
158071542
158071680
158071782
158071798
158071928
158071937
158072092
158072098
158072196
158072201
158072380
158073060
158073141
158073227
158073270
158073320
158076099
158089739
158089759
158090116
158090127
158090381
158090391
158090490
158090499
158090809
158090822
158091070
158091082
158091322
158091333
158091484
158091490
158091885
158091896
158091996
158092018
158092202
158092209
158092317
158092394
158092495
158092500
158092657
158092665
158092763
158092769
158092898
158092967
158093595
158093607
158096053
158096279
158096386
158096522
158096626
158096895
158097022
158097275
158097656
158097912
158098156
158098401
158098815
158098925
158099088
158099191
158099348
158099453
158099595
158099716
158099816
158100446
158100579
158100588
158103051
158105825
158105933
158106048
158106145
158106716
158106818
158106998
158107141
158108429
158108531
158111935
158112067
158112076
158112175
158112183
158112306
158112311
158112427
158112539
158112560
158112701
158112813
158112930
158112975
158113075
158113082
158113208
158113281
158113421
158113427
158113555
158113564
158113681
158113800
158113911
158113965
158114067
158114073
158114187
158114501
158120801
158120900
158121040
158121138
158121555
158121656
158121863
158121963
158122026
158122126
158122290
158122388
158127217
158127320
158127436
158127534
158128838
158128938
158128947
158129204
158129213
158129312
158129319
158129457
158129464
158129573
158129652
158129960
158129965
158130209
158130217
158130459
158130469
158130797
158130807
158131058
158131062
158131265
158131271
158131527
158131532
158131630
158131638
158132254
158132264
158132362
158132383
158132560
158132567
158132699
158132817
158132841
158132985
158132992
158133132
158133138
158133236
158133240
158133400
158133515
158133519
158134070
158136210
158136314
158136324
158136487
158136491
158136627
158136634
158136820
158137221
158142440
158142451
158142550
158142557
158142700
158142708
158142850
158142857
158142988
158143381
158144661
158144672
158144771
158144779
158144993
158145001
158145142
158145285
158145444
158145549
158145556
158146084
158146094
158146268
158146273
158146560
158146569
158146668
158146674
158146948
158147227
158147240
158147618
158149009
158149022
158149220
158149229
158149451
158149461
158149592
158149601
158149733
158149773
158149947
158150088
158150187
158150261
158150382
158150455
158153213
158153224
158153233
158153322
158153428
158153580
158153705
158153713
158153834
158153842
158153951
158154025
158154221
158154230
158154330
158154401
158154480
158154509
158154850
158154859
158155024
158155029
158155151
158159736
158159860
158159869
158160022
158160027
158160243
158160252
158160369
158160376
158160619
158160625
158160723
158160731
158160873
158160880
158161127
158161136
158161236
158161243
158161393
158161421
158163542
158163553
158163651
158163658
158163909
158163919
158164046
158164054
158164176
158164209
158164311
158164317
158164424
158164600
158164728
158164830
158164981
158165080
158165089
158165357
158165365
158165496
158165619
158165722
158165729
158165861
158165868
158166214
158166219
158166316
158166324
158166529
158166536
158166637
158166642
158166768
158166818
158166918
158166922
158167043
158167125
158167378
158167383
158167637
158167645
158167786
158167793
158167892
158167899
158168067
158168137
158168476
158168485
158168638
158168644
158168742
158168750
158168909
158168913
158169035
158169043
158169168
158169212
158169311
158169339
158170329
158170339
158170592
158170601
158170700
158170708
158170876
158170884
158171132
158171137
158171235
158171243
158171395
158171417
158171514
158171518
158171644
158171687
158171789
158171794
158171913
158172012
158172167
158172174
158172298
158172435
158172546
158172566
158172713
158172721
158172985
158173047
158176406
158176416
158176514
158176522
158176771
158176776
158176899
158176908
158177029
158177034
158177150
158177220
158177372
158177380
158177529
158177537
158177670
158179570
158179675
158179685
158179823
158179831
158180019
158180027
158180246
158180254
158180488
158180494
158180861
158180871
158181000
158181005
158182587
158182598
158182732
158182740
158182988
158182994
158184417
158184428
158184678
158184688
158184828
158184832
158185000
158185006
158185106
158185115
158185265
158185297
158187783
158187795
158187939
158373088
158384541
158450041
158451315
158451329
158451642
158464033
158467158
158467189
158467400
158467409
158467638
158467647
158467772
158467776
158467899
158467904
158468039
158468046
158468390
158468399
158468498
158468507
158468752
158468762
158469149
158469158
158469256
158469264
158469519
158469528
158469629
158469637
158469890
158469901
158470026
158470031
158470130
158470135
158470267
158470274
158470450
158470459
158470554
158470559
158470656
158470662
158470792
158470798
158471192
158471202
158471463
158471471
158471570
158471577
158471712
158471718
158471961
158471969
158472112
158472118
158472218
158472224
158472381
158472389
158472968
158472977
158473128
158473136
158473294
158473299
158473407
158473412
158473565
158473573
158473671
158473678
158473847
158473853
158473983
158473988
158474108
158474115
158474213
158474219
158474354
158474390
158474492
158474497
158474612
158474697
158475549
158475557
158475712
158475716
158484281
158484291
158484391
158484398
158484533
158484540
158484638
158484643
158484826
158486930
158487032
158487098
158487197
158487338
158487439
158487448
158487723
158487732
158490528
158490537
158490636
158490644
158490901
158490910
158491009
158491017
158491147
158491154
158491251
158491561
158491569
158491706
158491714
158491813
158491818
158492309
158492318
158492448
158533905
158535122
158611318
158620203
158685705
