234725924
234727335
234727601
234905315
234906104
234907218
234907438
234907649
234907934
234908369
234908542
234909008
234909118
234909557
234910055
234910166
234910328
234910558
234910769
234910880
234910889
234911003
234911284
234911392
234911528
234911876
234912044
234912195
234912406
234913203
234913376
234913542
234913752
234913863
234914503
234914614
234914656
234914756
234914777
234914882
234914889
234914990
234915831
234915950
234916026
234916131
234916194
234916303
234916411
234916562
234916792
234916921
235203513
235205925
235210036
235211867
235211898
235213208
235213955
235217539
235217590
235218433
235219872
235220131
235220301
235220413
235220811
235220918
235221117
235221318
235221586
235221667
235222775
235222914
235222922
235223493
235223782
235223898
235224212
235224327
235225057
235225185
235225326
235225432
235225616
235226427
235226573
235227364
235227391
235227921
235228089
235229629
235229770
235229942
235230075
235230604
235230713
235230822
235231203
235231232
235231379
235231516
235231765
235231849
235232350
235232468
235232660
235232868
235233688
235233915
235234023
235234055
235234162
235234245
235234648
235234809
235235875
235235997
235236034
235236120
235236974
235237086
235237100
235237309
235237662
235238915
235239038
235239050
235240066
235240446
235240470
235241636
235242789
235243118
235243286
235243394
235243542
235245050
235245172
235245265
235245281
235245306
235245602
235245706
235245821
235245931
235246006
235246388
235246489
235246516
235246621
235246764
235246875
235246881
235247035
235247841
235247993
235248213
235248706
235248818
235250129
235250647
235251380
235251865
235254472
235254554
235254806
235254949
235261290
235261421
235261528
235261630
235261739
235261870
235262046
235262273
235262357
235263518
235264252
235265367
235265520
235265953
235266668
235266791
235266979
235267088
235267196
235267213
235268262
235268512
235268546
235268640
235268864
235268902
235268963
235269153
235269261
235269372
235269610
235270004
235270249
235270361
235270382
235270637
235270773
235271676
235271795
235271806
235272049
235272304
235272417
235272687
235272799
235272909
235272925
235273057
235273192
235273354
235274169
235274289
235274430
235274570
235274677
235274827
235274936
235274943
235275048
235275183
235275337
235275443
235275595
235275703
235275835
235275942
235275958
235276087
235276210
235276398
235276926
235277066
235277238
235277440
235277605
235277866
235277972
235278110
235278217
235278370
235278593
235278699
235278886
235280349
235280473
235280600
235280702
235280809
235280922
235281169
235281298
235281410
235281707
235281819
235282088
235282198
235282397
235282507
235282614
235282764
235282890
235282897
235285539
235285653
235285678
235285779
235285803
235285904
235285926
235286029
235286051
235286153
235286172
235286272
235286306
235286784
235286905
235287034
235287150
235287259
235287368
235287502
235287543
235287637
235287667
235287771
235287790
235287892
235288010
235288241
235288349
235288488
235288580
235288620
235288757
235289139
235289340
235289579
235289728
235289834
235289966
235290106
235290215
235290385
235290482
235290512
235290615
235290662
235290943
235292236
235292406
235292620
235292726
235292862
235292971
235293110
235293227
235293375
235293505
235293664
235293802
235293969
235296381
235296535
235987472
236021871
236022703
236023706
236023879
236024635
236024901
236025011
236025148
236025395
236025906
236026155
236026538
236026768
236026945
236027171
236027278
236027560
236027667
236027827
236027933
236028099
236028212
236028235
236028322
236028340
236028977
236029090
236029296
236029427
236029559
236029710
236029949
236030059
236030191
236030847
236030956
236030966
236031097
236031202
236031692
236031803
236032062
236032169
236032910
236033195
236033349
236033458
236033587
236033631
236033710
236033846
236033959
236034354
236034493
236034631
236035768
236035782
236035935
236038466
236038484
236039408
236040420
236040592
236040698
236040837
236041217
236041376
236042012
236042118
236042251
236042523
236042886
236043016
236043413
236043578
236043589
236043822
236043889
236044165
236044274
236044520
236044632
236044700
236044837
236045084
236045279
236045317
236045412
236046169
236046344
236046449
236046642
236046873
236047011
236047022
236047128
236047239
236047406
236047559
236047723
236047857
236047960
236051486
236051600
236051614
236051719
236051880
236053002
236053121
236053374
236053390
236053487
236053497
236053743
236053853
236053984
236054175
236054326
236054435
236054442
236055166
236055308
236055315
236055419
236056892
236057023
236057262
236057634
236057743
236057881
236057991
236058159
236058259
236058284
236058388
236058418
236058525
236058630
236058989
236059149
236059388
236059463
236059962
236061108
236061125
236061223
236061232
236061568
236061679
236061808
236062087
236062197
236062336
236064147
236064254
236064306
236064461
236064590
236065469
236068162
236068181
236068344
236068522
236068761
236070065
236070297
236071032
236073815
236073835
236073933
236073944
236074195
236074236
236074297
236075820
236075928
236075937
236076060
236076227
236076337
236078118
236079128
236079144
236081910
236082153
236082265
236082399
236082535
236083102
236083213
236083223
236083367
236083683
236083786
236083849
236083939
236083966
236084117
236084256
236084322
236084431
236084860
236085001
236085074
236085183
236085445
236085690
236085801
236085935
236086055
236086203
236086269
236086565
236086675
236086818
236086926
236086946
236086953
236087193
236087305
236087468
236087578
236087715
236087826
236087907
236087938
236088045
236088157
236088367
236088818
236088929
236089069
236089179
236089446
236089551
236089791
236089901
236090035
236090140
236090277
236090835
236090978
236091178
236091289
236091426
236091534
236091666
236091838
236091957
236092063
236092228
236092298
236092398
236092407
236092645
236092689
236092750
236092880
236093011
236093531
236094483
236094721
236094963
236095113
236095217
236095349
236095543
236095652
236095762
236095901
236096012
236096180
236097027
236097162
236097315
236097398
236097503
236097646
236097786
236097900
236098043
236098184
236098263
236098368
236098526
236098570
236098629
236098720
236098758
236098849
236098943
236099107
236099234
236099354
236099407
236099497
236099602
236099745
236100185
236100455
236100567
236100623
236100700
236100877
236100947
236100995
236101098
236101246
236101346
236101423
236102722
236102754
236102846
236102873
236102985
236103077
236103111
236103217
236103473
236103499
236103605
236103621
236104134
236104620
236104752
236104801
236104905
236105038
236105155
236105319
236105433
236105681
236105712
236105817
236106252
236109397
236109578
236109716
236109848
236109931
236110035
236110059
236110170
236110186
236110291
236110411
236110478
236110586
236110750
236110875
236110948
236111011
236111052
236111166
236112041
236112196
236112307
236112483
236112592
236112716
236112773
236112882
236113017
236113080
236113176
236113300
236113422
236113546
236113709
236123067
236123121
236123148
236123742
236123804
236123832
236124469
236176281
236187526
236187793
236199264
236205521
236208629
236209761
236211235
236277897
236278007
236278033
236278226
236278343
236278618
236279100
236279210
236279221
236279478
236279625
236279732
236360013
236362597
236371196
236372553
236373344
236376505
236376626
236376637
236376764
236376873
236378155
236378400
236378913
236379024
236379035
236379143
236379280
236379434
236379622
236379733
236379898
236380007
236386473
236390773
236391149
236394646
236394672
236395575
236397114
236397475
236397588
236397723
236398005
236398436
236399172
236401846
236402918
236403030
236406283
236406394
236406558
236406653
236406677
236406780
236406803
236406908
236406915
236407053
236407517
236411169
236411425
236411580
236464408
236468540
236473268
236476809
236476981
236477273
236477381
236477790
236477902
236477920
236478312
236478496
236478833
236478998
236479790
236480038
236480368
236480479
236480680
236480786
236480812
236480919
236481326
236481472
236482679
236486546
236486978
236490387
236490500
236492041
236492151
236492245
236492349
236492448
236492556
236497501
236497621
236497630
236497712
236497857
236498118
236498231
236498495
236498679
236499105
236499211
236499384
236499499
236499604
236499787
236500924
236502287
236502547
236502655
236502912
236503018
236503028
236503160
236506625
236506747
236507714
236507959
236508215
236508394
236508560
236508665
236508683
236508791
236508914
236508993
236509095
236509120
236509227
236509332
236509348
236509453
236509820
236509972
236510077
236510184
236510201
236510340
236510452
236510506
236510598
236510615
236510740
236510829
236510951
236510974
236511080
236511188
236511217
236511329
236511351
236511479
236511608
236511663
236511774
236511793
236511902
236511921
236512029
236512084
236512174
236512198
236512336
236512586
236550848
236552124
236564982
236565002
236565101
236565374
236565414
236575499
236576988
236577299
236577410
236577547
236577674
236577776
236577937
236578357
236578467
236589576
236589721
236633114
236643944
236643965
236683667
236684345
236696864
236697299
236697311
236711413
236740169
236740307
236776654
236783708
236820454
236824169
237000537
237003360
237054786
237069589
237077480
237080719
237081054
237081214
237081582
237081925
237082036
237082062
237082169
237082559
237082753
237082861
237082872
237083259
237118939
237130929
237131225
237144206
237726050
237727522
237728115
237731388
237731773
237732175
237733377
237733538
237733764
237733901
237734254
237735502
238047352
238060095
238070488
238070501
238072797
238084570
238085110
238098319
238098672
238102508
238114163
238126792
238126902
238166877
238167407
238170404
238170937
238362988
238376718
238376744
238393161
238393212
238394722
238398882
238399017
238399115
238399222
238416364
238416389
238417592
238427313
238427329
238428712
238429914
238430023
238430202
238430313
238430475
238430581
238430640
238430927
238431033
238437566
238474905
238475518
238494675
238494807
238494816
238494923
238494933
238495068
238542386
238551518
238582791
238596952
238704370
238719617
238719816
238820444
238830305
238830513
238830754
238831110
238831487
238831742
238832060
238832316
238832426
238832452
238832556
238832897
238833041
238833168
238833223
238833294
238833330
238833368
238833395
238833498
238833518
238852450
238867569
238893906
238906249
238920621
238920642
238924366
238925254
238930328
238940490
238941447
238951609
238952955
238954182
238955353
238956723
238957280
238957306
238970369
239006854
239008307
239009103
239012171
239012252
239022668
239023522
239034538
239034606
239034684
239034708
239034966
239044895
239045728
239055928
239055967
239056175
239056286
239094896
239095616
239095627
239107957
239108223
239108840
239109956
239110079
239133000
239136305
239136574
239136847
239137104
239137502
239137622
239137644
239137749
239138146
239138324
239138433
239139103
239139291
239139435
239140060
239140184
239140320
239140429
239140573
239141035
239141215
239141355
239141495
239213243
239228850
239228908
239229223
239266875
239306862
239326238
239326329
239326383
239326525
239326678
239344864
239345427
239345743
239355440
239355492
239360487
239360545
239360715
239360731
239360977
239361087
239361283
239361388
239361526
239364789
239372672
239372855
239373038
239373756
239373901
239380078
239380260
239400221
239411060
239423752
239428599
239429093
239466881
239477776
239482153
239485713
239485731
239486002
239487367
239487779
239491232
239492239
239493857
239495124
239612478
239624062
239778536
239818933
239820921
239821385
239929825
239930003
240004852
240007275
240047034
240048494
240048972
240054141
240054192
240065769
240065866
240066119
240066230
240066367
240066478
240066766
240066919
240067091
240076850
240077034
240077144
240077804
240077915
240078294
240078543
240078654
240078865
240079001
240079103
240079247
240079384
240079917
240080030
240080185
240082088
240082847
240083014
240083397
240083510
240087492
240087596
240087636
240087731
240087863
240087969
240089277
240089526
240089761
240089872
240090005
240090116
240090334
240093453
240095454
240095553
240095701
240095843
240095920
240096026
240097279
240097379
240097420
240098399
240098514
240098534
240098640
240098759
240098775
240098880
240098886
240099166
240274713
240327031
240337256
240447013
240450456
240457667
240458507
240458616
240458991
240459254
240460216
240470810
240472099
240473178
240473205
240483687
240484442
240485074
240485232
240485984
240486001
240487496
240488181
240490414
240490433
240491874
240493717
240496490
240496514
240497890
240498003
240498688
240499474
240500739
240500758
240502033
240502490
240504285
240504432
240508107
240508499
240508929
240511053
240511507
240513139
240517145
240517267
240517372
240517478
240518094
240533904
240535630
240535931
240539277
240539386
240539408
240539512
240539531
240539640
240540858
240541110
240541353
240541464
240541622
240541730
240542141
240542252
240542414
240542523
240542945
240543131
240543910
240544161
240544391
240544501
240544944
240545107
240545248
240545358
240545379
240545489
240545592
240545730
240546081
240547937
240582516
240582921
240618359
241286702
241301102
241301274
241304906
241311317
241312617
241323439
241323496
241327164
241328439
241333155
241333232
241370864
241372564
241372736
241373887
241375519
241376326
241377455
241377738
241377972
241378178
241384219
241384328
241385920
241386041
241386280
241389825
241389963
241395843
241395983
241413333
241423969
241462921
241469776
241542155
241546636
241547172
241552975
241552994
241553154
241553356
241553463
241557824
241558025
241558650
241564518
241564730
241564962
241565051
241565072
241569653
241569773
241569784
241569890
241570151
241570263
241570567
241570679
241571200
241571414
241571463
241571520
241571604
241571631
241571745
241571774
241575030
241575280
241575412
241579114
241588307
241661904
242475889
242479782
242558787
242559275
242684609
242685558
242685699
242685711
242685835
242686079
242686184
243145497
243268291
243268798
243269090
243269219
243269629
243553334
243555006
243556243
243556627
243566008
243566074
243566181
243566212
243567844
243568328
243568837
243568967
243569906
243570036
243570172
243570279
243570405
243570488
243570511
243571872
243572003
243572014
243572242
243572345
243572368
243572471
243572490
243572595
243572875
243573138
243573392
243573742
243573914
243574020
243574187
243574301
243574797
243574947
243574958
243575087
243575269
243577157
243577260
243577294
243577511
243577616
243577643
243577748
243577767
243577881
243577965
243578165
243578275
243578439
243579008
243579256
243579366
243579932
243580054
243580164
243580625
243581261
243581382
243581492
243581755
243582020
243582202
243582316
243582459
243582595
243582702
243582843
243582951
243582960
243583089
243583304
243583485
243583592
243583619
243583749
243583781
244182826
244182868
244193161
244231525
244233284
244234075
244234089
244236907
244237007
244237046
244237258
244237372
244237630
244237739
244237756
244237861
244238062
244238228
244238334
244238687
244238799
244239670
244239781
244239792
244240034
244240143
244240163
244240268
244240284
244240390
244240597
244240739
244278839
244319519
244321015
244323999
244324771
244325838
244325856
244330100
244342788
244342883
244342936
244343047
244343169
244347377
244347549
244403051
244443543
244455647
244458510
244459652
244460687
244460730
244461888
244465497
244465539
244466992
244469387
244469503
244470135
244470154
244470271
244470588
244471737
244471830
244471882
244472660
244472776
244472919
244473069
244474420
244475333
244475445
244475463
244475591
244475684
244475812
244475936
244476004
244476079
244476109
244476203
244476220
244476331
244476427
244476554
244476603
244476664
244476897
244477007
244477142
244477196
244477304
244477441
244477584
244478302
244479350
244480219
244480937
244521478
244521534
244531850
244571548
244572730
244581685
244731584
244733238
244734801
244736138
244736159
244736697
244737809
244737921
244738710
244740228
244741809
244741824
244742770
244744324
244744345
244744421
244744561
244744787
244744894
244745018
244745130
244745260
244745388
244748911
244749039
244749132
244749233
244753463
244753703
244754057
244754179
244754301
244754581
244754841
244754960
244755512
244755799
244756006
244756193
244756309
244757083
244757213
244757349
244757502
244757714
244757835
244757958
244758077
244758218
244758337
244758762
244764736
244764977
244765089
244765197
244765313
244765513
244765620
244766699
244766831
244766971
244767089
244767216
244767718
244768360
244768614
244768850
244768965
244769106
244769285
244769394
244769533
244769640
244769764
244769940
244770432
244770582
244787946
244788100
244788179
244788309
244788429
244788533
244788559
244788663
244788683
244788792
244789148
244789257
244790483
244790842
244790953
244790978
244791081
244791102
244791205
244791226
244791328
244791348
244791451
244791478
244792139
244792247
244792273
244792377
244792638
244792784
244793172
244793332
244793470
244793605
244793760
244793869
244794023
244794128
244794813
244796188
244796393
244796500
244796625
244819111
244819254
244834829
244834871
244842807
244879632
244880732
244890017
244951365
244951418
244952936
244991654
244994428
245030886
245031659
245046272
245046833
245046949
245062627
245069396
245232580
245244912
245245011
245245106
245245173
245245226
245255298
245255547
245255653
245255779
245256154
245256265
245256690
245256805
245256940
245257068
245257581
245261148
245261664
245261775
245267061
245267294
245267397
245267525
245267630
245267911
245268017
245268549
245268667
245268908
245269076
245269351
245269517
245269624
245269759
245269891
245269997
245270135
245270421
245270537
245278091
245278207
245278322
245278434
245279518
245279767
245279939
245280049
245280266
245280424
245312770
245359410
245367835
245371518
245371603
245371775
245371883
245373144
245373734
245373844
245374028
245374133
245374297
245374406
245374579
245374682
245382157
245382406
245382648
245383009
245383279
245383389
245383540
245383867
245384035
245384141
245393333
245393518
245393706
245394264
245394624
245394744
245394996
245395178
245395283
245395413
245395525
245395833
245395985
245434859
245482064
245494697
245494844
245494969
245495102
245505235
245505458
245505571
245576763
245670645
245755615
245767160
245767244
245767380
245767577
245767700
245935720
245946053
245956514
245957243
245968686
245968867
245994858
246006537
246148349
246158530
246158583
246170295
246170350
246170531
246170771
246170884
246210886
246258754
246270606
246270754
246270988
246271092
246281240
246281491
246281728
246281837
246282090
246282198
246282590
246282698
246282852
246282957
246292242
246292459
246292566
246293111
246293358
246293612
246293974
246294087
246294213
246294324
246294616
246294762
246294860
246294999
246295107
246295268
246295393
246360395
246407797
246410158
246410458
246414094
246438946
246475832
246480181
246481216
246482241
246482263
246485014
246485222
246486964
246487151
246487162
246487303
246491665
246491822
246496308
246498391
246498807
246501921
246521493
246528942
246529060
246533258
246533314
246533410
246537500
246538047
246543531
246543577
246591776
246595531
246596328
246598074
246598215
246641376
246641438
246646973
246652700
246653557
246672400
246672450
246673218
246678149
246678264
246678274
246678526
246704576
246709182
246709234
246764786
246765491
246803868
246815885
246816556
246821861
246821912
246829588
246866883
246867567
246880904
246980973
247019908
247024104
247024493
247030816
247033352
247045461
247046002
247058784
249144307
