-1114466430
-1114381155
-1114380647
-1114225899
-1114225877
-1114225674
-1114225666
-1114194733
-1114190879
-1114190633
-1114184541
-1114184519
-1114184398
-1114184393
-1114184183
-1114184177
-1114184067
-1114184062
-1114180037
-1114180023
-1114179915
-1114179908
-1114179674
-1114179669
-1114179543
-1114179538
-1114179424
-1114179419
-1114179303
-1114179299
-1114179094
-1114179089
-1114178924
-1114178918
-1114175293
-1114175283
-1114175174
-1114175172
-1114174933
-1114174923
-1114174808
-1114174801
-1114174683
-1114174680
-1114174282
-1114174273
-1114174031
-1114174022
-1114173698
-1114173690
-1114173575
-1114173567
-1114173448
-1114173440
-1114173288
-1114173278
-1114173170
-1114173162
-1114172701
-1114172692
-1114172583
-1114172575
-1114170644
-1114170635
-1114170412
-1114170403
-1114140712
-1114140689
-1114140468
-1114140464
-1114140341
-1114140178
-1114014323
-1114009911
-1114009368
-1114003105
-1114003091
-1114003082
-1113966199
-1113965853
-1113960015
-1113959989
-1113959978
-1113959691
-1113959567
-1113922452
-1113922094
-1113915666
-1113915647
-1113915638
-1113915487
-1113915360
-1113915282
-1113915171
-1113915162
-1113911195
-1113911185
-1113910949
-1113910941
-1113910816
-1113910520
-1113903965
-1113903948
-1113903938
-1113866203
-1113865839
-1113859543
-1113859515
-1113859500
-1113859393
-1113859247
-1113859168
-1113859054
-1113859042
-1113855144
-1113855125
-1113854904
-1113854890
-1113854643
-1113854630
-1113854518
-1113854506
-1113854266
-1113854253
-1113854116
-1113854105
-1113853675
-1113853666
-1113853555
-1113853549
-1113853403
-1113853397
-1113853345
-1113853287
-1113853280
-1113853104
-1113853089
-1113852891
-1113852595
-1113852578
-1113847806
-1113847795
-1113847685
-1113847679
-1113847564
-1113847557
-1113847442
-1113847436
-1113847318
-1113847312
-1113847194
-1113847187
-1113847074
-1113847068
-1113846947
-1113846940
-1113846833
-1113810186
-1113809343
-1113809334
-1113803022
-1113802758
-1113802628
-1113802568
-1113802454
-1113802448
-1113802338
-1113802307
-1113801914
-1113801906
-1113801776
-1113801769
-1113801560
-1113801221
-1113801211
-1113801009
-1113801002
-1113800861
-1113800854
-1113800744
-1113800738
-1113796375
-1113796360
-1113796113
-1113795863
-1113795855
-1113795496
-1113795489
-1113795208
-1113795201
-1113795068
-1113795061
-1113794958
-1113794952
-1113794704
-1113794697
-1113794580
-1113794573
-1113794399
-1113794393
-1113794120
-1113794113
-1113793863
-1113793857
-1113793744
-1113793738
-1113793572
-1113793565
-1113793378
-1113793031
-1113793022
-1113792908
-1113792859
-1113792786
-1113792754
-1113792747
-1113792599
-1113792591
-1113792508
-1113792488
-1113792484
-1113792368
-1113792361
-1113792250
-1113792243
-1113792124
-1113792118
-1113791717
-1113791710
-1113791587
-1113791581
-1113791450
-1113791444
-1113791333
-1113791327
-1113790024
-1113790017
-1113789899
-1113789893
-1113789583
-1113789576
-1113789458
-1113789452
-1113789302
-1113789295
-1113789190
-1113789184
-1113788802
-1113788795
-1113788472
-1113788465
-1113788343
-1113788337
-1113788195
-1113788189
-1113787764
-1113787758
-1113787611
-1113787548
-1113787487
-1113787436
-1113787431
-1113787232
-1113787226
-1113787123
-1113787118
-1113786877
-1113786871
-1113786744
-1113786738
-1113786454
-1113786448
-1113786331
-1113786325
-1113786206
-1113786200
-1113785953
-1113785946
-1113785577
-1113785570
-1113785451
-1113785446
-1113785155
-1113785148
-1113785022
-1113785017
-1113784895
-1113784889
-1113784688
-1113784682
-1113784439
-1113784432
-1113784315
-1113784309
-1113784196
-1113784190
-1113783939
-1113783932
-1113783790
-1113783783
-1113783667
-1113783563
-1113783502
-1113783451
-1113783444
-1113783257
-1113783248
-1113783123
-1113783007
-1113782765
-1113782757
-1113782603
-1113782596
-1113782493
-1113782488
-1113782374
-1113782369
-1113782126
-1113782120
-1113781993
-1113781987
-1113781881
-1113781875
-1113781695
-1113781689
-1113781577
-1113781571
-1113781456
-1113781450
-1113781191
-1113781184
-1113781068
-1113781062
-1113780812
-1113780805
-1113780633
-1113780626
-1113780521
-1113780516
-1113780390
-1113780384
-1113780126
-1113780120
-1113779869
-1113779862
-1113779746
-1113779740
-1113779565
-1113779559
-1113779449
-1113779443
-1113779311
-1113779304
-1113779202
-1113779196
-1113779022
-1113779015
-1113778866
-1113778860
-1113778754
-1113778748
-1113778351
-1113778344
-1113778219
-1113778212
-1113778094
-1113778088
-1113777941
-1113777934
-1113777830
-1113777824
-1113777677
-1113777671
-1113777566
-1113777560
-1113777398
-1113777392
-1113777278
-1113777228
-1113777122
-1113777120
-1113777113
-1113777003
-1113776992
-1113776843
-1113776838
-1113776722
-1113776718
-1113776621
-1113776603
-1113776597
-1113775865
-1113775856
-1113775731
-1113773775
-1113773665
-1113773657
-1113773550
-1113773499
-1113773395
-1113773389
-1113773278
-1113773273
-1113773158
-1113773152
-1113773019
-1113773013
-1113772902
-1113772896
-1113772783
-1113772777
-1113772659
-1113772653
-1113772535
-1113772530
-1113772416
-1113772410
-1113772280
-1113772274
-1113772167
-1113772161
-1113772041
-1113772035
-1113771893
-1113771887
-1113771774
-1113771629
-1113771521
-1113771469
-1113771365
-1113771358
-1113771115
-1113771108
-1113770997
-1113770991
-1113770735
-1113770727
-1113770365
-1113770359
-1113770078
-1113770072
-1113769931
-1113769855
-1113769742
-1113769737
-1113769485
-1113769479
-1113769364
-1113769359
-1113769112
-1113769107
-1113768859
-1113768853
-1113768721
-1113768716
-1113768610
-1113768606
-1113768355
-1113768351
-1113768102
-1113768097
-1113768025
-1113767823
-1113767815
-1113767760
-1113767685
-1113767625
-1113767578
-1113767474
-1113767468
-1113767359
-1113767354
-1113767211
-1113767205
-1113767097
-1113767091
-1113766974
-1113766968
-1113766849
-1113766844
-1113766727
-1113766721
-1113766565
-1113766559
-1113766455
-1113766449
-1113766309
-1113766303
-1113766160
-1113766154
-1113766045
-1113766039
-1113765893
-1113765887
-1113765780
-1113765774
-1113765656
-1113765650
-1113765499
-1113765493
-1113765391
-1113765385
-1113765263
-1113765258
-1113765104
-1113765098
-1113764988
-1113764983
-1113764843
-1113764837
-1113763255
-1113763247
-1113763092
-1113763086
-1113762942
-1113762936
-1113762506
-1113762500
-1113762342
-1113762094
-1113762086
-1113761993
-1113761895
-1113761889
-1113761549
-1113761541
-1113761425
-1113761420
-1113761307
-1113761302
-1113760951
-1113760945
-1113760819
-1113760814
-1113760701
-1113760695
-1113760554
-1113760549
-1113760429
-1113753363
-1113753232
-1113748466
-1113748345
-1113748339
-1113748225
-1113748138
-1113748101
-1113736544
-1113736503
-1113736225
-1113736050
-1113735815
-1113735431
-1113735294
-1113735145
-1113735038
-1113734680
-1113734309
-1113734104
-1113733988
-1113733834
-1113733721
-1113723847
-1113723582
-1113723575
-1113723196
-1113722959
-1113722796
-1113719984
-1113719867
-1113719625
-1113719503
-1113719386
-1113719265
-1113718995
-1113718823
-1113718668
-1113718223
-1113716807
-1113716790
-1113716589
-1113716582
-1113716373
-1113716367
-1113716251
-1113716245
-1113716124
-1113715231
-1113715097
-1113710464
-1113710342
-1113710199
-1113710090
-1113707658
-1113707529
-1113698495
-1113698278
-1113698150
-1113698034
-1113697776
-1113697656
-1113697205
-1113697085
-1113696938
-1113696811
-1113686248
-1113685994
-1113685988
-1113633360
-1113621418
-1113621209
-1113608725
-1113608639
-1113608473
-1113608352
-1113596905
-1113596782
-1113596483
-1113596359
-1113596242
-1113595946
-1113595761
-1113595642
-1113548732
-1113536566
-1113536522
-1113532012
-1113531399
-1113530154
-1113530141
-1113530133
-1113525535
-1113525416
-1113525349
-1113525235
-1113486195
-1113485723
-1113469605
-1113469570
-1113430190
-1113429582
-1113412267
-1113412154
-1113374145
-1113373818
-1113361680
-1113361660
-1113361650
-1113361556
-1113361443
-1113361316
-1113361257
-1113361205
-1113357287
-1113356376
-1113349332
-1113349207
-1113349198
-1113349087
-1113349018
-1113348910
-1113348905
-1113348791
-1113348785
-1113348679
-1113348674
-1113348568
-1113348562
-1113343874
-1113342506
-1113337113
-1113336988
-1113336881
-1113336769
-1113336625
-1113336513
-1113336372
-1113336263
-1113336026
-1113335845
-1113335831
-1113335718
-1113335710
-1113335491
-1113335482
-1113335319
-1113335309
-1113335083
-1113335074
-1113334947
-1113334943
-1113334707
-1113334697
-1113334571
-1113334568
-1113334352
-1113334342
-1113334228
-1113334219
-1113334092
-1113334084
-1113333919
-1113333909
-1113333802
-1113333794
-1113333673
-1113333669
-1113333163
-1113333150
-1113333041
-1113333033
-1113332888
-1113332884
-1113332765
-1113329982
-1113329841
-1113315432
-1113277011
-1113268783
-1113230441
-1113230055
-1113218034
-1113218002
-1113217991
-1113217743
-1113217621
-1113217538
-1113217425
-1113217413
-1113217126
-1113217115
-1113216974
-1113216971
-1113216861
-1113216852
-1113216478
-1113216465
-1113216319
-1113216310
-1113216134
-1113216127
-1113215818
-1113215806
-1113215658
-1113215652
-1113215547
-1113215542
-1113215414
-1113215411
-1113215283
-1113215276
-1113215155
-1113178406
-1113133434
-1113133417
-1113132323
-1113123872
-1113050405
-1113050062
-1112972935
-1112972391
-1112972270
-1112966994
-1112883662
-1112882856
-1112790609
-1112754192
-1112743648
-1112731477
-1112731452
-1112731239
-1112731233
-1112731121
-1112731116
-1112730998
-1112730993
-1112730872
-1112730866
-1112730604
-1112730597
-1112730481
-1112730475
-1112730101
-1112730092
-1112729981
-1112729975
-1112729821
-1112729815
-1112729705
-1112729698
-1112729106
-1112729094
-1112728943
-1112728937
-1112728821
-1112728815
-1112728011
-1112716370
-1112716337
-1112706621
-1112705923
-1112694824
-1112694784
-1112694775
-1112693612
-1112693465
-1112693353
-1112693340
-1112693262
-1112693032
-1112693026
-1112692921
-1112692915
-1112692800
-1112692795
-1112692674
-1112692669
-1112692512
-1112692506
-1112683434
-1112682880
-1112670774
-1112670744
-1112670734
-1112670640
-1112670529
-1112670415
-1112670365
-1112670308
-1112659431
-1112659405
-1112659261
-1112659255
-1112659089
-1112659082
-1112658639
-1112646481
-1112646435
-1112646413
-1112646375
-1112646168
-1112646116
-1112646065
-1112646004
-1112635126
-1112635104
-1112634972
-1112561099
-1112560627
-1112521108
-1112511353
-1112511009
-1112499991
-1112499965
-1112499954
-1112499843
-1112499703
-1112499612
-1112499504
-1112499496
-1112489439
-1112489427
-1112489318
-1112489310
-1112489029
-1112489021
-1112488910
-1112488903
-1112488785
-1112488778
-1112488662
-1112488654
-1112488355
-1112488347
-1112488194
-1112488186
-1112488078
-1112488070
-1112487600
-1112487592
-1112487437
-1112487433
-1112487283
-1112487275
-1112486725
-1112478376
-1112478359
-1112478350
-1112478052
-1112477929
-1112477839
-1112477730
-1112477725
-1112477610
-1112477605
-1112477487
-1112477479
-1112476984
-1112476975
-1112476871
-1112476866
-1112475986
-1112475978
-1112475821
-1112475815
-1112475677
-1112475671
-1112475534
-1112475528
-1112475389
-1112475383
-1112475281
-1112475275
-1112475148
-1112475143
-1112474646
-1112474639
-1112474518
-1112474512
-1112474376
-1112474370
-1112473847
-1112473838
-1112473678
-1112473672
-1112473567
-1112473561
-1112473422
-1112473416
-1112473304
-1112473299
-1112473185
-1112473179
-1112467624
-1112467603
-1112467468
-1112462138
-1112462009
-1112461961
-1112461851
-1112461764
-1112461655
-1112461314
-1112430819
-1112430790
-1112430779
-1112394388
-1112393698
-1112388201
-1112388185
-1112384221
-1112384188
-1112383879
-1112383586
-1112382614
-1112381824
-1112379548
-1112379350
-1112379039
-1112377399
-1112376941
-1112371596
-1112371481
-1112370801
-1112360060
-1112359834
-1112330775
-1112330748
-1112316084
-1112315733
-1112314965
-1112314948
-1112300074
-1112262196
-1112261893
-1112237410
-1112237392
-1112213891
-1112213558
-1112189261
-1112189248
-1112165441
-1112165060
-1112140203
-1112140188
-1112116558
-1112116227
-1112091600
-1112091588
-1112067888
-1112067596
-1112043111
-1112043091
-1112019179
-1112018861
-1111994113
-1111994087
-1111983267
-1111982930
-1111968654
-1111968626
-1111957290
-1111956947
-1111943785
-1111943773
-1111939062
-1111902201
-1111901739
-1111888956
-1111888940
-1111878153
-1111877852
-1111877510
-1111864057
-1111799799
-1111799356
-1111761214
-1111746376
-1111746068
-1111730621
-1111730607
-1111690439
-1111689985
-1111684587
-1111684571
-1111646201
-1111645758
-1111629954
-1111629927
-1111590452
-1111590105
-1111573109
-1111573083
-1111534197
-1111533836
-1111504169
-1111504152
-1111466206
-1111465853
-1111465533
-1111465355
-1111454282
-1111454267
-1111454256
-1111454165
-1111454003
-1111453219
-1111453204
-1111453199
-1111453194
-1111453105
-1111452821
-1111452813
-1111452645
-1111452637
-1111451936
-1111442540
-1111442418
-1111442299
-1111442190
-1111442044
-1111441923
-1111441914
-1111441599
-1111441591
-1111441476
-1111441468
-1111441323
-1111441319
-1111441046
-1111441038
-1111440884
-1111440880
-1111440775
-1111440767
-1111440607
-1111440598
-1111440374
-1111402409
-1111365243
-1111350272
-1111350001
-1111348351
-1111348333
-1111310428
-1111309911
-1111292846
-1111292828
-1111254454
-1111254124
-1111236942
-1111236916
-1111198453
-1111198033
-1111181603
-1111181576
-1111142452
-1111142100
-1111115883
-1111115867
-1111115178
-1111078439
-1111078028
-1111047135
-1111047119
-1111010178
-1111009630
-1110973304
-1110934438
-1110933998
-1110917202
-1110917186
-1110916875
-1101459471
