-442
1500
1500
2948
1500
1500
1500
1500
2095
-526
-233
1500
1500
1252
2948
1500
1500
1606
1500
1500
1500
1500
1500
1500
1500
1500
1500
1500
-526
-548
1500
960
1500
1500
1500
1584
1500
2279
-529
1500
2948
1500
-529
1500
1500
1500
1500
-529
-529
-529
-542
1500
1500
1500
1500
1500
1500
1500
1500
1500
1500
1500
1500
-661
1500
1500
2948
1500
1500
1500
1500
1500
1500
1500
1500
1500
1500
1500
1500
1500
1500
1500
1500
1500
1500
1500
1500
1500
1500
1500
1500
1500
1500
1500
1500
1500
1500
1500
1500
1500
1500
1500
1500
1500
1500
1500
1500
1500
1500
1500
1500
1500
2598
-615
-539
840
1500
1500
1500
1500
1500
1857
1500
1500
1500
2328
2948
1500
1500
654
2948
1500
1500
1500
1500
1500
1500
1500
1500
1500
1500
1500
1500
1500
1500
1500
1500
1500
1500
1500
1500
2086
1500
1500
1263
-539
-539
-539
-539
-539
-615
840
1552
2603
2298
1398
-539
-234
-228
-669
1500
1576
-539
1500
976
1014
-539
2406
1350
-539
-539
1500
1497
-539
302
2062
-539
-511
1500
1500
1252
2658
-539
2546
-539
1876
-539
2403
-539
601
1500
1571
-539
1500
1323
-539
609
1500
1188
1770
-605
-539
-539
1500
981
1500
-539
929
-539
1500
773
-542
1500
1016
-250
1500
611
-573
1500
1293
1500
1500
-576
942
-580
1500
2948
1500
2324
1500
-507
5844
2465
1500
1500
5844
2948
1500
1500
1485
318
-185
1500
2948
1500
2948
1500
1500
1500
2948
1500
1500
1500
2948
2948
1500
613
1254
1445
382
-89
1500
1500
1500
-196
4396
1500
2948
1500
1500
1406
