-445
1512
1512
1512
1512
1211
-505
1512
1512
-499
2972
2972
1512
1512
1512
1657
-476
1512
1512
2972
1512
1512
1512
1512
958
-480
1567
1772
-467
-526
-542
-519
-521
-523
1725
-537
2972
1483
1512
-523
2972
2972
2972
1512
1512
1512
1512
1512
1512
967
-522
2972
1512
1512
1512
1512
1512
1512
1512
1512
2972
1512
2972
1512
1512
1512
1512
1512
1512
1512
1512
1512
1512
1512
1512
721
-564
1473
-560
1512
2797
-555
1512
1512
1512
1512
1512
1512
1512
1512
2972
1512
1512
1512
1512
1512
1512
1512
1512
1512
1512
1512
1512
1512
1512
1512
1512
1512
1512
2972
1512
1512
1512
1510
-522
695
-529
1512
1512
1512
819
-530
2972
2972
1512
1512
1512
1512
2972
1512
2972
1512
1512
1512
1512
2972
1512
1512
1512
1512
1512
1512
1512
2972
1512
1512
1512
2972
2972
2754
-522
1512
5892
3874
-526
2972
2355
-530
1512
1512
1512
2972
718
-554
520
-554
1512
1512
1512
1512
1512
1512
1512
1512
1512
1512
1512
1512
1512
1512
1512
1512
1512
1512
1512
1512
1512
1512
1512
1512
1512
1512
1512
1512
1512
1512
2972
2972
1930
545
1512
1512
13192
1512
1512
1512
1512
1512
2972
1512
2972
1512
1512
1512
1512
1512
1512
1512
1512
1512
-557
-228
1512
2972
1512
1512
1512
2972
2972
1512
1512
1512
1512
2972
2972
1512
1512
1512
2972
2972
2972
1572
1512
2972
2972
2972
1512
1500
2700
2972
1512
1512
2972
1512
1512
1512
1512
1512
1512
1512
1512
2972
1512
2972
1512
1512
1512
1512
1512
1512
1512
1512
1512
1512
1512
1512
1512
1512
1512
1512
1512
2972
1512
1512
1512
1512
1512
1512
1512
1512
1512
1512
1512
1512
1512
1512
1512
1512
1512
1512
1512
1512
1512
1512
1512
1512
1512
1512
1512
1512
1512
1512
1512
1512
1512
1512
1512
609
1512
2972
1512
1512
1512
1512
1512
1512
1512
1512
16436
4108
8812
2972
1512
1512
2972
1512
1512
1512
1512
1512
1512
1512
1512
1512
1512
1512
1512
1512
1512
1512
1512
1512
1512
1512
1512
1512
1512
1512
5892
1512
1512
1512
1512
1512
1512
1512
1512
1512
1512
1512
16436
4108
2972
1512
1512
1512
16436
16436
16436
16436
16436
16436
16436
16436
3460
10272
1512
1512
1512
1512
1512
1512
1512
1512
1512
2972
5892
13728
1512
2972
16436
-605
10760
1512
1512
1512
1512
2972
1512
1512
1512
1512
1512
1512
1512
1512
1512
1512
1512
1512
1512
2972
1512
1512
1500
1016
2972
1512
1512
1512
1512
1512
1512
1512
1512
1512
1512
2972
2972
4432
4432
1512
1512
1512
-250
1512
1512
1512
2972
2972
1512
1512
1512
2972
719
2972
2972
2972
1512
2972
1512
2972
1512
1512
318
-185
2972
1512
1512
2972
1512
1512
1512
1512
1512
1512
1512
1512
1512
1512
1512
1512
1512
1512
1512
1512
1512
345
-89
89
1512
1512
-196
5892
4432
1512
1512
1512
1512
1512
1512
1512
2972
1512
1512
1512
2972
1512
1512
1512
1512
1512
1512
2972
1512
1512
1512
1512
2972
1512
2972
1512
1512
1512
1512
1512
1512
1512
1512
1512
1512
1512
1512
1512
1512
1512
1512
2972
1512
1512
1512
1512
1512
1512
1512
2972
1512
1512
1512
1512
1512
1512
1512
1512
1512
1512
2972
2972
1512
1512
2972
2972
2972
1512
1512
2972
2972
1512
1512
2972
2972
1512
1512
2972
2972
2972
1512
1512
1512
1512
1512
1512
1512
1512
1512
2972
2972
1512
2972
1512
2972
2972
2972
1512
1512
2972
1512
1512
2972
1512
1512
1512
1512
2972
1512
1512
1512
1512
1512
1512
1512
1512
1512
1512
1512
1512
1512
1512
1512
1512
1512
1512
1512
1512
1512
1512
1512
1512
1512
1512
1512
1512
1512
1512
1512
1512
1512
4432
1512
2972
1512
1512
1512
2972
651
1512
1512
2972
2972
1512
1512
1512
1512
1512
1512
1512
1512
1512
1512
1512
1512
1512
1512
2972
1512
1512
1512
2972
1512
1512
2972
1512
1512
1512
1512
2972
1512
1512
1512
1512
1512
1512
1512
1512
1512
1512
1512
1512
2972
1512
2972
1512
1512
1512
1512
1512
1512
2972
1512
1512
1512
1512
2972
1512
2972
1512
1512
1512
2972
1512
1512
1512
1512
1512
1512
1512
1512
1512
1512
1512
1512
1512
1512
2972
1512
1512
1512
1512
1512
1512
1512
1512
1512
1512
1512
1512
2972
1512
1512
2972
1512
1512
1512
1512
1512
1512
1512
1512
1512
1512
1512
1512
1512
1512
1512
1512
1512
2972
1512
1512
1512
2972
1512
1512
1512
1512
1512
1512
1512
1512
1512
1512
1512
1512
1512
1512
2972
1512
1512
1512
1512
1512
1512
1512
1512
1512
1512
2972
1512
2972
1512
1512
1512
1512
2972
1512
1512
1512
1512
1512
2972
1512
1512
1512
2972
2972
1211
