-421
1500
1500
1500
1500
1500
1500
1500
1500
1500
-559
1500
1500
3516
1500
1500
1500
-690
1500
1500
1500
1465
1500
1500
1500
-550
2948
1933
1500
1915
-563
435
-512
-484
-567
-602
-606
-601
-600
2948
1500
-480
1500
2948
1500
1500
1500
1500
-493
2948
1500
2948
1500
1500
1500
1500
1500
1500
1500
1500
1316
2948
1500
-489
1500
1500
1500
2948
1500
1500
1500
1500
1500
1500
-491
1500
1500
2948
2948
1500
1500
1145
2948
1500
1500
2948
-492
1500
1500
1500
1500
1500
1500
1500
1500
1500
1500
1500
2948
1399
1500
1500
1500
1500
1500
1500
1500
-472
1500
1500
1500
1500
1500
1500
1500
1500
1500
1500
1500
1500
1500
1500
1500
1500
1500
1500
1500
1500
1500
1500
1500
1500
1500
1500
1500
1500
1500
1500
1500
1500
1500
1500
1500
1500
1500
1500
1500
2948
2948
2948
1500
1500
1500
1500
1500
1500
1500
1500
1500
916
1500
1822
639
2948
1500
1500
1500
2948
792
1500
2948
7960
6713
16436
5388
1515
-455
-480
-480
-470
-726
-736
-736
-480
-480
-472
1500
1512
1500
1773
2948
411
1500
1916
1500
1500
1500
1500
1500
1475
1500
1500
1500
2948
1500
1500
1500
1500
2948
2948
1500
2948
2948
1500
1500
1500
2948
2948
1500
1500
1500
938
2948
1500
1500
2318
-735
-472
-487
-580
-494
-488
-485
-486
-228
1500
1500
1500
1500
1500
2948
1500
2948
2948
1500
1500
2948
2948
1500
1500
1500
3012
2948
2948
3675
1500
4396
4396
2948
1500
2948
1500
2948
1500
1500
1500
2948
1500
2948
1500
2948
4396
2948
1500
4396
2948
1500
5844
2948
1500
1500
2948
2948
1155
510
-738
526
2948
2948
1500
1500
2441
1500
1500
1500
1500
1500
2948
2948
1500
1500
1500
1500
1500
1500
1500
1500
1500
2948
1500
1840
389
4396
1890
361
1500
2948
2948
1500
516
7292
4396
2948
1500
1500
1500
1500
1500
1500
1500
1500
1500
7292
-584
1500
1016
1922
1500
1500
1500
1500
1500
1500
1500
1500
1500
1500
1500
1500
1500
1500
1500
1500
1500
1500
1500
1500
2948
1500
1500
2948
2948
1500
1500
1500
1500
825
-250
1500
1500
1500
874
111
-185
403
-89
-196
1500
1500
1500
1500
2948
1500
1126
2948
1001
