-421
2972
1512
1512
1226
-428
1500
1500
2948
1500
962
-438
579
-442
540
1500
1500
1500
1500
-459
-471
-459
4396
2031
566
962
1390
566
957
-449
538
889
-462
-456
-461
-460
-461
538
815
566
810
539
1124
1559
1120
-471
-452
-472
-449
-439
-467
-465
778
-467
538
878
538
940
-464
-465
597
538
1202
717
-464
-463
-465
567
1113
-468
651
-465
567
2948
1500
1500
1986
-408
539
1288
539
1500
1500
2948
1921
1030
636
539
2948
1751
570
1458
1623
-228
1500
1500
1252
609
-584
1500
1016
-250
318
-185
382
-89
-196
