-423
1500
1500
1500
1500
1500
1500
2948
1790
-480
-476
1500
1500
2948
1500
1500
559
1500
1614
-481
1440
-484
1445
-481
-462
-483
-476
-477
-487
641
1500
1141
2553
1440
1500
1500
1500
1283
1500
2055
-529
800
-529
-483
-475
-478
-475
-477
-477
1500
1346
-488
2099
-480
2707
-473
2673
-493
2287
-490
1500
1817
-490
1500
765
-490
1500
1500
1500
1500
1500
1500
1500
1500
1173
-490
1500
1203
1876
-496
-492
1500
1500
1500
1500
1500
1500
1500
1500
1500
1500
1500
1500
1500
1500
1500
1500
1500
1500
1500
1500
734
-479
1500
1628
-502
2948
1500
1500
1500
1500
1500
1267
-472
1610
-481
1500
2948
1500
1500
1500
800
2948
1500
1500
1500
1500
1500
1500
1500
1500
1500
1500
1500
1500
1500
1500
1500
1500
1500
1500
1500
1500
1500
1500
1500
1500
1500
1500
1500
1500
1500
1500
1500
1500
1500
1500
1500
1500
1500
4396
2948
1500
1500
1500
2948
2948
2948
1500
1500
1500
1500
1500
2948
1500
3191
-491
2948
1500
1500
1500
1500
1500
1500
1500
1500
1500
1500
1500
1500
1500
1500
1500
1500
1500
1500
1500
1500
1500
1500
1500
1500
1500
2948
2948
2948
1500
1500
1500
1500
1500
1500
1500
1500
1500
686
1500
2948
1500
1500
1500
1500
1500
1500
1500
1500
1500
1500
1500
1500
576
1500
1500
1500
2948
1500
1500
1500
1500
1500
1329
16436
5388
16436
3940
-534
-491
-481
-481
5844
16436
16436
16436
4906
1500
1366
-481
2137
-483
2711
-484
1500
1797
-486
1500
1222
-545
2416
-547
1409
-549
1716
-545
1500
1500
1500
2948
1500
1500
1500
1500
1892
-558
1500
1500
1500
1500
1500
1500
1500
7292
1500
1263
1500
1281
1286
892
424
-534
-548
-558
-558
-554
-550
1678
-559
1445
-559
1238
-432
1240
1593
1925
1313
1282
424
1500
1500
1500
1500
1500
1500
1500
1500
1500
2948
1500
1500
779
-228
1500
1500
1500
389
-584
1500
1016
-250
111
-185
366
-89
89
-196
