-414
2972
1512
1512
1512
2972
1512
1512
1512
1512
1512
1512
1512
1512
1512
1512
1512
1512
1512
1512
1512
1512
1512
1512
1512
1512
1512
1512
1512
1512
1512
1512
1512
4432
4432
2972
1593
-441
406
1515
-435
-439
439
829
-435
406
1512
1080
-437
-436
406
1159
408
2972
-446
2972
2972
1377
1868
1512
-438
1512
1512
1512
1512
1512
1512
-466
-560
1548
-634
643
-566
-559
-439
-440
-438
-448
-434
-575
768
1544
-582
1500
1645
1651
-422
1775
1500
2657
1198
1580
1866
488
406
760
1688
406
1512
1512
405
-494
-570
-540
-568
-228
250
-578
1359
1500
4396
2948
1500
1500
1359
-589
-585
-584
1436
1500
2948
-585
-585
853
846
1859
-591
1789
1414
-585
1377
-626
389
2948
2264
-630
1019
-633
-628
1500
1500
4396
1500
1437
1500
4396
1929
1500
1500
3625
-637
-637
395
870
656
1512
1512
2972
-566
-571
-568
1500
1500
1500
1500
1500
1500
2948
1500
1500
979
2948
1500
1500
1500
1500
4396
5844
2948
1500
2045
1500
1500
1500
1500
2948
1500
1500
2948
2948
2948
1500
-472
1500
1500
1500
2948
1500
1500
2948
1500
2948
1500
1944
-484
1512
1512
2972
2972
1512
2972
408
1512
2972
405
2050
-488
1512
2077
1512
1512
1512
1512
2972
1512
1512
-480
404
626
1512
1512
1512
1512
2972
1512
1512
1512
1512
1512
1512
1512
1512
1512
1512
405
1170
-488
1512
1512
1512
1512
2972
1512
1512
1512
1512
1512
1512
1512
1512
1512
1512
1512
1512
1512
2972
-508
2972
2770
520
-584
1500
1500
1500
1500
1800
588
1124
1660
1124
1124
-547
1500
1871
-584
-545
-558
-540
-550
-549
901
2948
1500
1500
4396
1500
1500
1500
1500
774
4396
1868
2109
1500
1500
1532
2325
2464
588
2196
1124
1124
1124
1124
1124
588
1124
1124
-555
588
2732
1124
1124
1124
1660
1124
1124
-541
588
1124
1124
1124
2196
1660
1124
1124
588
671
376
588
588
1124
1124
588
1124
588
1124
1124
1124
1124
588
588
1124
1124
588
588
1124
1124
2196
1124
1660
588
1124
1124
1124
1660
2705
-605
-536
361
-250
-571
558
111
394
-571
-549
-549
1500
2948
1466
-556
405
-558
384
-548
538
-549
410
-560
313
1690
-553
-554
1364
1500
932
-556
594
1500
1500
4396
2948
758
-554
-185
366
89
-89
538
-196
-552
660
353
-466
377
1458
