-423
1500
1500
1500
1500
2948
1500
1500
1500
1500
1500
1500
1500
1500
1500
1500
1500
1500
1500
1500
5844
4396
1500
1500
1500
1500
1500
1500
1500
1500
1500
1500
1500
2948
1500
1500
1500
2948
1500
1500
1500
1500
1500
1500
1500
1500
1500
1500
2948
2948
2948
2948
4396
2948
1500
1500
1500
1500
1500
1500
1500
1500
2948
1500
1500
1500
7186
-471
1500
1500
1500
1500
1500
1500
1500
1500
1500
1500
1500
1500
1500
-464
2948
1500
1500
1500
1500
1500
1500
1500
1500
1500
1500
1500
1500
1500
1500
1500
1500
1500
712
617
-443
-485
1500
1500
927
832
-463
394
-640
-511
2948
1500
1219
-508
1500
1500
676
-501
1455
1405
-502
-479
-471
-560
1558
1458
2494
4104
1152
361
1500
-471
2418
1500
1500
2948
1500
2948
1037
-498
4396
1500
7292
1500
2948
1500
1500
1236
-500
4396
1500
-505
7292
2439
2041
-498
1500
2948
1299
-498
2948
1500
1457
1500
1727
-506
1862
-503
1455
1500
1500
1500
1500
1367
-519
1455
977
-498
-506
2948
2948
2780
-498
1906
1500
1500
1500
1500
-502
1500
1500
1500
1500
1500
1012
2948
2948
-516
1500
1500
1021
1500
1500
2948
-510
-481
-474
-483
-479
-476
-533
5844
3174
1500
1500
1500
1500
1500
1500
1500
1500
1500
1500
2269
1343
1910
1329
-501
1732
1524
1500
1500
793
2948
1500
1500
4396
1500
2948
1455
1500
-522
8740
2948
4396
1500
1500
4396
831
2948
2948
2948
2948
1500
2948
4396
-479
-489
-532
-537
8740
1500
1500
1500
2948
2948
2948
1500
1500
1500
1500
1500
1500
1500
1500
1500
1500
1455
1127
1500
16436
2492
-534
-233
2848
502
2039
1500
1500
1500
1500
2948
2948
2948
2948
2948
2948
2948
1500
1500
1500
1500
1500
2948
3156
1500
-646
-542
-540
-541
-562
881
-547
1500
1500
1500
1358
1383
2948
4396
1500
603
1116
1500
1355
1014
3140
16436
16436
14893
-481
886
-493
1500
883
-489
-487
654
673
-594
840
-533
2072
-594
840
-234
-228
302
-492
2948
1500
602
-404
389
999
-584
2464
-250
111
-185
403
-89
-196
660
