-424
1500
722
-496
1414
-520
-522
1500
1500
1500
1500
1500
-526
2948
1500
1500
1500
1500
1500
-525
1500
1500
1500
1500
506
2948
1500
1500
1500
1500
1500
1500
1500
1500
-522
1500
1500
1500
1500
1500
2948
1500
1500
1500
1500
1500
1500
1500
1500
1500
847
1500
1500
-533
-522
-523
1665
-532
2903
-525
2948
1500
1500
1500
1500
1500
1500
1500
2507
-553
1500
1500
1500
1500
1500
1500
1500
2948
1500
1500
2948
1500
1382
2948
2948
1500
981
1500
1500
2854
822
1732
386
-519
-451
374
1500
1500
626
-228
1500
1500
1500
389
-584
1500
1016
-250
111
-185
366
-89
89
-196
