-228
1500
1500
1252
609
-584
1500
1016
-250
318
-185
345
89
-422
-89
-196
409
1512
1193
1512
1512
1512
1512
7709
2972
1512
1512
1512
873
1512
1512
1512
1512
1512
1512
1512
1512
1512
1512
1512
1015
1512
1512
1927
1097
1512
2972
1512
2972
2972
1512
1512
1512
2972
1512
1512
1512
1512
1512
2260
764
1512
1512
1512
1512
1512
2972
2972
2972
3357
1127
1512
1512
1512
2972
1512
1512
1512
1512
1512
1512
1512
1512
1512
1512
1512
1512
1512
1512
1512
1512
1512
1512
1512
1512
1512
1512
1512
1512
1512
1512
1512
1512
1512
1512
1512
1512
1512
1512
1512
1512
1512
1512
1512
1512
1512
1512
1512
1512
1512
1512
1512
1512
1512
1512
1512
1512
1512
1512
1512
1512
1512
1512
1512
1512
1512
1512
1512
1512
1512
1512
1512
2972
2972
1512
1512
1437
-512
1512
1512
1512
1512
-450
-471
1512
1512
1816
506
-471
363
1512
2972
1512
363
1512
1512
-471
557
1311
363
1512
1512
-465
839
1512
1512
1512
1512
-470
860
-465
1512
1512
1512
1512
1512
1512
1512
1512
1512
1512
1512
1512
1362
1259
-465
1512
1512
1512
1512
-465
2059
-465
1512
1512
1512
1512
-466
-552
-550
-465
1512
1512
1512
1512
1512
1512
1720
2972
1512
1512
2972
1512
1512
1512
1512
1512
1512
1512
1512
1512
1512
1512
1512
1512
1512
1512
1512
1512
1512
1512
1512
1512
1512
1512
1512
1512
1512
1512
1512
1512
1808
1512
1512
1512
1776
-548
-466
-467
1512
1512
1512
1512
1512
2972
1512
1480
-466
1512
1512
1512
1512
1512
1512
1512
1512
1713
-467
1512
1512
1512
1512
1512
1442
-466
1512
1512
1512
1512
1512
1512
1512
1512
1512
1512
1512
1512
1512
1512
1512
1512
1512
1512
1512
1512
1512
2972
1512
1512
1512
1512
1512
1512
1512
1512
1512
1238
-470
2972
1512
1794
-470
1512
1512
1512
1512
1512
1512
2972
293
-470
-550
1512
1512
2972
2972
1512
1052
-470
2972
1512
1512
1752
-466
1512
1512
1512
1512
1512
1512
1512
1712
-466
620
2972
1512
828
1512
1512
1512
1241
-466
1512
1512
1512
1512
2972
537
-466
1512
1512
1512
1512
1512
2972
1512
1512
1512
1512
1512
2972
2972
1455
-466
1512
1512
1512
1512
1512
1512
1512
1512
1512
1512
1512
1512
1512
1512
1512
1213
-466
2972
1512
1512
1512
546
-466
1512
754
-466
531
1512
2972
1512
1512
1126
-466
1512
1512
1512
1512
1512
1512
1207
-466
2972
1512
1512
1512
1717
-466
1512
1512
1512
1512
1512
1512
1512
1512
1913
-466
1512
1512
934
-466
1512
1512
1512
1512
1512
1098
-466
1512
1512
1512
1512
1058
2972
2972
830
1512
1512
1512
1512
1288
1512
1512
1512
1512
2486
1512
1512
1512
1512
1512
1006
1512
2972
1512
1512
