-442
1500
2948
1500
1500
1500
1500
1500
1500
1500
1500
1500
1356
1500
1500
-486
1500
1500
1500
962
1500
1500
1500
1500
-492
1500
1500
1500
1500
1500
1500
1500
1500
1500
1500
1500
1500
-487
1500
1500
2948
1500
1500
1500
1500
1500
1500
1500
1500
2249
-485
-474
-507
784
1500
3049
464
-507
-513
-466
482
-227
1500
2675
-560
-560
-549
801
1500
-515
1569
-517
-491
711
-605
-552
917
1500
2118
1500
1016
1500
1153
-517
-186
318
2605
-554
-228
-521
1500
2948
1457
1500
424
2043
2948
1500
1500
1500
1500
1252
2948
1500
1500
1500
1500
1500
2181
-512
609
-524
-527
-605
1500
1016
-250
-451
-451
-451
-221
197
197
197
2948
1500
1500
-580
-564
1500
1500
2521
1500
2948
1281
-580
1500
1500
2809
1500
2568
1500
2700
1500
486
318
2948
1500
-525
1500
1039
-535
-185
-615
405
1908
-174
382
-89
-196
1500
2948
1500
306
-550
1500
1500
1500
1500
1500
1802
-529
1500
1138
1500
1500
1500
1500
534
1500
1500
1500
2948
1500
1500
1500
1500
1500
-528
1500
1500
1500
2948
1500
1500
1500
1500
1500
1500
1500
1500
1500
1500
1500
1500
1500
1500
1500
2087
1500
1500
1500
1500
1500
1500
1500
1500
2948
1500
-527
1500
1500
1500
1500
2948
1500
1500
1500
1500
1500
1500
1500
1500
1500
1500
7292
-529
1500
1500
1500
1500
1500
1500
1500
1500
1500
1500
1500
1500
1500
1500
1500
1500
1500
1500
1500
1500
1500
1500
2948
1500
2948
1500
1500
1500
1500
1500
1500
2948
1500
1500
1500
1500
1500
1500
1500
1500
1500
1500
1500
1500
2948
1500
2948
2948
2948
1500
1500
1500
1500
2948
1500
1500
1500
1500
1500
1500
1500
1500
1500
1500
1500
2063
475
2948
1500
1500
1500
1500
1500
1500
1500
1500
1500
1500
1500
1500
1500
1500
1500
1500
12905
-517
508
-536
1500
1500
1500
1133
2948
1500
1500
628
2948
1500
1500
-539
1500
1500
1500
1500
1500
1580
1500
1500
2948
1500
1500
1500
1500
1500
1500
1500
1245
-537
1500
1500
1786
587
1500
1500
1500
1500
-533
1500
741
842
-533
-526
754
-531
789
-523
604
2395
-464
1201
89
89
89
89
