-444
338
1500
1500
1500
1500
-519
1500
1500
1500
1500
1500
1500
337
1500
-477
-228
1500
1500
2948
1500
2948
1500
1500
1500
1500
1500
1500
1500
1252
1500
1500
1500
383
1500
609
-485
1500
1500
1500
1500
1500
720
-605
1500
1016
1500
1500
1500
1500
1336
1500
2948
-484
-250
357
1500
318
1500
1500
1147
357
1500
744
-486
-570
-576
-185
1500
1500
1500
345
89
1500
840
357
1453
357
357
1500
1500
1500
1500
1500
1500
1500
1057
-575
-578
356
536
357
1500
-577
-487
-568
-567
-524
-89
-519
350
-196
357
1500
357
1634
357
1500
677
358
1500
357
357
1500
1500
1500
1500
1500
1500
1500
1500
1500
1500
1500
722
1472
1500
1500
1500
2948
1500
1500
1500
1500
1500
1500
1500
1500
1500
2416
1500
1719
-425
339
237
