-429
1500
1549
1500
1500
1500
1500
1500
1500
1500
1500
1500
1500
1500
1500
1500
1500
1500
1500
1500
1500
1500
1500
1500
1500
1500
1500
1500
1500
1500
1013
-1228
1500
1500
1500
1500
1500
1500
1500
1500
1500
1500
1500
832
1500
1086
1500
1500
1500
1500
1500
1500
1500
1500
1500
1500
1500
1500
1500
1500
1500
1500
1500
1500
1500
1500
1500
1500
1500
1500
1500
1500
1500
2948
2948
4396
1500
1500
1500
1500
1500
1500
1164
-475
1500
822
-471
-457
-481
455
1500
1500
1500
1500
1500
1500
1500
1500
1500
-456
971
1500
1500
2948
2948
1500
1500
1500
1500
1500
1500
1500
1500
1500
1500
1500
966
4723
-460
1500
1500
2948
1500
1500
1500
1500
1500
1500
1500
1500
-465
2676
1500
1500
2948
1500
1500
1500
1500
1224
-638
-487
-475
-474
-465
1500
1500
1500
1500
1500
1071
1500
2948
1500
1500
1500
761
1500
2948
-544
1500
1500
1972
-466
-473
-461
-463
-461
1500
1500
1500
1500
1936
-473
1500
2948
1500
1500
1500
1500
1500
1500
1791
-470
1500
1500
1500
958
-465
1353
-482
3279
-464
2948
1500
1500
2024
1500
-463
1500
1414
-467
1500
2948
1500
1500
1500
1500
1500
1500
1500
1500
1500
1500
727
-467
1500
1757
-466
1500
934
1500
-463
1500
1500
2171
-471
1500
1483
-473
1500
1500
1500
1500
1500
1500
1842
-457
2197
1500
1996
-466
3157
-471
1500
1061
-468
2948
1062
-462
1500
1500
1637
-468
1500
1500
928
-469
1500
1500
1500
1500
2948
1500
1500
1500
1500
1500
1500
1500
1500
1500
1500
2948
273
-462
875
-472
4396
3139
-466
2948
2063
-468
1500
2086
-467
1500
1500
1500
1500
2948
1500
1500
1500
1500
1500
602
-467
1500
1500
1500
1500
1275
-467
2386
-467
1500
1182
-458
1500
1992
-460
1500
2020
-463
1500
2086
-476
1500
1752
-469
1500
1972
-469
1500
1500
1500
1500
1500
849
-467
1500
1905
-471
1810
-471
1500
2806
-457
1500
2861
-471
1500
1663
-466
1500
659
-469
1500
1500
1484
-463
1500
571
-462
1500
2948
1500
1500
1565
-466
1500
1500
1500
1500
1500
1500
752
-467
1500
1500
1500
1500
1500
1421
-458
1500
1500
1803
-482
1500
302
-463
1500
2478
-468
1500
798
-467
1500
1029
-468
1500
1762
-481
1500
1582
-491
1500
1605
-466
1500
1997
-478
1500
1500
832
-472
1500
1500
991
-478
1500
1453
-464
1500
1517
-464
1500
1182
-466
1500
2948
1500
1500
1500
739
-466
2948
1500
610
-474
1500
1500
1500
1500
1500
1182
-470
1500
1977
-469
1500
1500
1817
-468
2948
2948
2948
1164
-474
1500
1500
1500
797
-463
1500
951
-465
1500
1500
1500
1150
-466
1500
1500
1500
1848
-470
1500
2543
-469
1500
2415
-473
1500
2948
1500
1500
1500
1500
1500
1500
1500
1500
1500
1500
1500
708
-476
2011
-470
1500
1500
1500
1500
1500
282
-469
1500
2045
-460
1500
1500
2336
-467
2948
1500
1477
-467
1500
1500
1653
-466
1500
1500
1464
-465
1500
1054
-470
2468
-463
1500
2957
-460
1500
1861
-470
1500
1884
-467
1500
2061
-476
1500
1355
-463
1500
1177
-466
2938
-469
1500
1500
1070
-465
2948
1500
1286
1500
-470
943
-481
1500
2948
1500
2851
-477
1551
-469
2654
-479
1500
1425
-457
1500
1500
1500
927
-455
1500
1500
1500
1500
1500
1500
1500
1500
1500
1500
1500
1500
1154
1500
2948
1500
1500
1500
1500
1500
1500
1500
1500
1500
1500
1500
1500
1500
1500
1097
-455
2948
1500
1633
-455
2138
-454
4396
1500
1500
1500
1500
1500
1500
1500
1500
1500
1500
1500
1500
1500
1500
1500
1500
1500
1500
1500
1500
1500
1500
1500
1500
1500
1500
1500
1500
1500
1500
1500
1500
1500
1500
1500
1500
1500
1500
1500
1500
504
-462
1500
2220
-462
1500
1500
2948
1500
1500
1500
1500
1500
1500
1500
1500
1500
1560
-483
1500
1500
1500
1500
1500
1500
1500
1500
1500
1500
1500
1500
1500
1500
1500
1500
1500
1500
1500
1500
1500
1500
1500
1500
1500
1500
1500
1500
1500
1500
1500
1500
1500
1500
1500
1500
1500
1500
1500
1500
1500
1500
1500
1500
1500
1908
-455
1500
1500
1500
1500
1500
1500
1500
1500
1500
1500
1500
1500
1377
-462
2948
1500
2948
1500
2948
1500
1500
1500
1500
1500
1500
1500
1500
2948
1500
1500
1500
1500
1151
-455
1500
1500
1500
1500
1500
1500
1500
1589
-462
2948
913
-455
1500
2948
1500
1500
1500
1500
1500
1500
1500
1500
1500
1500
1500
1500
1500
1500
1500
16436
16436
3484
2948
2948
2948
2948
1500
1500
1500
1500
1500
1500
1500
1500
1500
1500
1500
1500
1500
1500
1500
1500
1500
1500
1500
1500
1500
1500
1500
1500
1500
1500
1500
1500
1500
1500
904
-462
2948
1500
1500
1500
1500
1500
1621
-485
1552
1500
1155
1500
2948
1500
1500
1500
1500
1500
1500
1500
1500
16436
9732
8740
1500
1500
1500
16436
6836
16436
16436
16436
588
16436
1727
-490
1640
1500
1949
-471
1500
1500
1500
1437
-455
1500
1500
1107
1471
1500
1388
-489
-1263
-462
-455
-455
1500
1711
1500
1500
1500
272
1392
-487
-465
1500
1500
502
-479
1500
1500
1500
1500
1500
1500
1500
1500
2948
1500
761
1449
-465
2948
2948
1500
1500
1500
1500
1500
1500
1500
761
1500
1500
2948
1500
2948
1500
1500
1500
2209
2948
2948
2948
1500
1500
1500
1500
1500
1500
1500
1500
2948
1500
1500
761
2948
1500
1500
2948
1500
1500
1500
1500
1500
1500
1990
-460
3666
-468
1500
1500
2519
-465
839
2948
1500
1500
1500
1500
2948
1500
868
-465
1500
2948
1500
2948
2948
2948
2209
2948
2948
2948
7540
3009
-469
1268
1500
1500
4396
2948
1500
1500
1500
1500
761
2948
1500
573
-462
1500
4396
3672
-482
1500
1500
2948
2948
1500
1367
-465
1500
1500
1500
1500
2948
1500
1500
1500
1500
1500
761
2948
1161
-469
1500
1500
1500
1500
1500
1500
1500
1500
1500
1500
1500
761
3929
-480
2948
1500
1500
1500
2948
1500
2948
1500
761
2948
2948
2948
3022
-478
1500
1500
1500
1500
638
-476
1500
1500
1500
1500
2948
2948
2976
-474
1500
4396
4396
2928
-455
2948
1500
2948
2948
1889
-475
1500
2948
2948
2948
2948
915
-471
1500
1623
-475
4396
799
-477
1500
1820
-471
1500
1500
3213
-470
1500
1500
1500
835
-474
1500
1500
2351
-473
1500
2948
1383
-470
1799
-479
1500
1500
1500
1356
-481
1500
1500
1500
1512
-470
1500
1500
1500
1434
-466
1500
1500
1500
564
1500
1476
-477
2948
1337
-466
1500
1530
-473
1500
3387
-470
1500
1147
-467
1500
1500
1500
1690
-469
1500
3418
-466
2948
1500
1872
-473
2628
-467
1500
2584
-472
2948
1092
-469
1500
1723
-466
1500
1500
999
-479
2948
1734
-452
1500
1500
1500
1500
1500
1500
1500
1500
1500
1500
1500
761
2948
1500
1500
1500
1259
-475
2948
1500
1500
1500
1500
1500
1500
1500
1500
3442
-1242
1500
1500
1500
1500
1500
2948
2948
1500
1500
760
1500
2948
2948
2948
2766
-470
1410
-477
4396
2972
-464
7292
1500
2948
1205
-468
4396
4396
1500
4396
3657
2948
1500
1500
1500
2948
2948
1956
2948
4396
4396
5105
4396
4396
4396
4396
5844
4396
3657
4396
4396
2948
2618
-427
5844
4631
1500
2948
2327
1456
15220
16436
16436
16436
16436
16436
8948
16436
16436
16436
16436
16436
15924
16436
16436
16436
16436
16436
16436
-656
1500
983
-663
1500
1014
-663
1500
1938
-662
1500
1647
11316
11316
-657
1500
1448
-663
-663
-662
-605
-663
-664
-662
1500
1275
2341
1500
1523
1454
1655
1454
568
2523
2420
470
-228
1500
1500
1500
389
5172
16436
16436
16436
16436
16436
5172
16436
16436
16436
16436
16436
14068
16436
16436
16436
16436
16436
-584
16436
16436
16436
16436
16436
1500
1016
16436
16436
16436
16436
16436
16436
16436
16436
16436
16436
16436
16436
16436
16436
-250
16436
16436
111
16436
16436
16436
12748
16436
16436
16436
16436
16436
16436
16436
16436
16436
16436
16436
16436
-185
403
-89
16436
16436
16436
16436
16436
16436
16436
16436
16436
16436
16436
16436
-196
16436
16436
8089
16436
16436
16436
16436
16436
14060
