-428
1500
1500
2948
2948
2948
1500
1500
1500
2345
-472
1500
1500
2948
1500
1500
1500
2948
1500
2948
-466
1500
1500
1500
1500
1500
1500
1500
1500
1580
2948
2948
-473
1500
1911
2948
2948
-480
1500
2948
1500
2948
1500
1500
1500
1500
1500
1500
1500
2948
1500
2948
1337
-479
1500
4396
2948
4396
4396
1500
2948
1500
-472
-452
-473
2948
2948
1500
1500
1500
1500
1500
1500
1500
2948
1500
1500
2948
1500
1500
2948
2948
4396
2948
412
2948
2948
2880
2948
1500
13977
-480
2218
1500
1500
645
2948
2948
-475
-480
-467
-482
-475
1500
2053
-471
1500
1500
1500
2948
1500
1500
1500
1500
1500
1500
840
4396
1500
1500
2378
-477
1500
4396
4396
1500
1500
1500
1667
-462
2948
1500
2948
2948
2948
1500
1500
1500
1500
1500
2948
2948
7262
-473
5844
5844
4396
1500
1500
2948
1500
1962
-468
1500
7292
4667
5844
5844
7292
3730
5844
4396
1500
1998
2948
2948
729
1500
1500
2101
2948
2948
2505
-456
1500
1500
2948
1500
1500
2948
2948
1500
1500
2948
-456
1758
-456
-465
-411
4396
1500
1500
1820
1489
1500
2948
2948
2948
2948
1042
1500
1500
2948
1500
1826
-461
605
-532
1500
2948
2948
2948
2948
1500
1500
1500
1500
1500
1500
2948
2948
2948
4396
4396
1500
1500
1500
2948
1500
1500
2948
1500
1500
1500
1500
1500
2948
1500
1500
2948
2948
2948
2948
2948
2948
4396
4396
2948
2948
1500
2948
2948
4396
4396
2948
1500
1500
2948
2948
4396
-543
1500
1500
2948
2948
14532
1500
16436
6607
4396
2948
1500
1500
2948
4604
8308
-553
361
8180
16436
16436
1067
-228
1500
1500
1500
389
-584
1500
1016
-250
111
-185
403
-89
-196
