-425
1500
1500
1500
1535
-479
-482
-481
-475
-474
-495
-519
417
314
-482
1500
1500
1608
1587
1968
-228
1470
1470
472
1500
2490
1500
1500
1500
1500
1293
389
-501
-495
-500
-506
-500
-472
1470
1470
1470
1470
1470
1470
1470
1470
1470
1470
1470
1470
1470
1470
1470
1823
1500
2695
1470
6556
-584
1500
1016
1500
2695
1500
2695
-500
2948
1500
-250
885
1500
1500
1500
2948
1500
111
-185
1500
1500
1247
1451
1500
1500
1500
1500
2948
1500
1500
1500
1500
1500
1500
1500
1500
403
-89
2948
1586
-196
1007
-520
2948
1500
1500
1500
-519
1500
1500
1500
1500
1500
1500
1500
1500
1888
1500
2695
-523
626
-518
1463
1395
-522
-528
1635
-521
-527
1447
-518
1797
-512
1500
1500
1247
-514
1500
1500
1247
1691
-515
553
-518
1453
430
-512
1500
2695
-512
1500
1500
1247
1500
2695
2948
1500
1441
1849
-515
1500
1500
1247
769
-515
2948
1500
1500
1201
1500
2695
1500
-513
2948
2948
1500
2948
2948
1500
1500
1500
1500
1500
-513
1500
1500
1175
-519
1500
2695
1500
2695
1500
1500
1500
1500
1500
1500
1500
1810
2948
1500
1500
1500
539
1500
2695
-523
1500
1500
1247
-521
1500
1500
1500
1500
1500
1500
1500
1247
1500
1500
1500
1711
2948
2607
-517
2948
-517
2948
1500
1500
2011
1500
2216
-512
1500
1500
1247
-524
1500
1500
1412
1500
1500
2794
2948
2948
1500
1500
1500
1500
1500
1500
1500
1500
1500
1500
1500
1500
1247
2948
1500
1500
904
1500
1500
1247
1496
1344
2948
2948
1500
2948
2948
1500
1500
2948
1500
1500
1500
1500
1500
1500
1500
1500
1500
1500
1500
1500
1500
1500
1500
1500
1500
1500
1500
2948
1500
1500
1500
1500
615
-452
289
