-427
1500
1500
1500
1500
826
-636
1500
1500
2948
1500
1500
1500
1500
1500
1500
1500
1500
1500
1500
1500
1500
-663
1500
1500
2948
1500
1500
1500
1500
1500
1500
1500
1500
1500
1500
1500
1500
1500
2761
517
-683
1070
-683
1077
-662
1500
656
-657
1500
1806
-688
1500
1500
2948
1500
1500
1500
1500
1500
1500
-699
1500
2948
1500
1500
1500
1500
1500
1500
2948
1500
2948
1500
1500
1500
1500
1140
-677
1500
1500
2948
1500
1500
1500
1500
1500
1500
1500
1500
1500
1500
1500
1500
1500
1500
-678
1500
1500
1500
2948
1500
1500
1500
1500
1253
2948
1500
1500
1500
1500
1500
1500
1500
1500
-683
1500
1500
2948
1500
1500
1500
1500
1500
973
2948
1500
1500
1500
1500
1500
1500
1500
1500
1500
1500
1500
1500
1500
1500
-685
-674
-674
-642
-658
-667
-652
-675
-678
-704
1400
-705
1500
1500
1500
1500
1500
1500
2948
1500
1500
1500
1500
1500
1500
1500
1500
1077
1070
454
2109
2109
870
-687
1500
1500
1500
1500
1500
1500
2948
2948
1500
852
1500
1500
1500
2948
1037
-690
1500
1500
1500
2948
2948
1500
1500
1500
1500
1500
1500
-694
1006
-693
1161
7292
4396
5746
-697
1500
1500
1500
5844
1500
1500
2010
-680
1500
1500
1500
1500
1500
1500
1500
1500
1500
1500
1500
1500
1500
2948
1500
1500
1576
-706
1500
1500
1500
1500
1500
1500
1500
1500
1500
1500
1500
1500
1500
1500
1500
1500
1500
214
-621
1226
1500
1500
1500
1500
1500
1500
1500
1500
1155
1500
1500
1500
6596
1500
2948
1500
1500
542
1500
1500
1500
1500
1500
1500
1500
1500
1500
1500
1500
1500
899
1500
1500
1500
1500
1500
1500
1500
1500
744
2948
1662
1500
2948
1500
1500
1500
1500
1500
1500
1500
4396
1500
2948
1500
1500
1500
1500
1484
-228
1500
850
1500
1817
1500
2700
609
-584
1500
1016
-250
318
-185
382
-89
-196
