-422
-228
1500
2948
389
-584
1500
1016
1512
1512
-250
1512
1512
1512
111
-185
366
-89
89
-196
1512
1512
1512
1512
2972
1512
1512
1512
-442
1512
1512
1721
-439
1162
-445
1512
1512
1512
-451
937
1512
1512
811
-452
1512
1512
1512
1512
1514
1512
1512
996
-476
-476
-477
-484
-478
-477
1541
-476
1512
1512
1512
1587
-477
2972
1512
1512
1443
-476
2972
829
2281
-478
-480
1512
1512
1512
1512
1512
952
1512
1512
1512
2972
820
-478
1512
774
-476
696
-484
1512
1512
1512
1512
2972
1512
563
-477
1512
1520
-476
1512
1512
1512
1512
1512
1512
1512
1512
1441
-476
1517
-481
1512
690
-485
1512
1512
1512
1512
1408
-479
447
-476
1512
1512
628
-485
1512
1512
1512
1512
1512
952
1512
1435
565
1718
1512
1512
734
1431
1588
-470
-470
1512
1512
1268
1512
4432
4432
1512
1512
1269
1512
2972
1512
1512
2972
1512
2972
2972
2972
1512
1512
2972
1512
1512
1512
1512
1512
1512
1512
1512
1512
1512
1512
1512
1512
1512
1512
1512
1512
1557
1512
4432
1512
1512
2972
1512
1512
2787
-470
-470
2972
2972
-470
1027
-470
-477
1512
1512
1512
1512
2972
2727
1512
1390
1512
2972
1512
1512
1512
1512
1512
1512
1512
5892
2972
1512
2972
1512
1512
1512
1512
1512
1512
1362
1512
1512
1267
1512
1512
1512
1512
1512
1140
-477
1512
2972
1267
-477
1512
2972
1512
1512
2972
1512
2972
-477
2972
1512
1512
1512
1512
1512
1512
1512
1512
7352
2791
-477
1512
1512
1268
1512
-477
1512
1512
1268
1512
1512
2972
1512
1512
1512
1512
1512
1512
1512
1512
1512
1512
1512
1512
1512
1512
1512
1512
1512
1512
1512
1512
2972
-463
2972
1512
1512
5892
2972
1512
1512
2972
1512
5473
1512
1512
1512
1512
1512
1512
1512
1512
1512
1512
1512
1512
1512
1911
1512
1512
1264
1512
