-422
4396
1500
1500
4396
1500
1500
1500
1500
1500
1500
1500
1500
1500
1500
1500
1500
1500
1500
1500
1500
1500
1500
1500
1500
1500
1500
1500
1500
1500
1500
1500
2948
1500
1553
-580
1500
1500
1500
1500
1500
1500
1500
1500
1500
1500
-461
-789
5844
1500
1500
1500
1500
1500
1500
1500
1500
1500
892
853
-451
1500
2948
1500
1500
1500
1500
1500
493
-471
1500
1500
1500
2382
-450
1500
719
-451
-449
-450
571
409
640
2278
-655
4396
1500
-668
1500
1500
1500
1500
1500
1500
1500
1500
1500
1500
2948
-468
1500
1839
-464
1736
-462
439
-480
1821
1500
1500
2948
-462
1500
781
1052
-462
-459
-480
-482
-480
-478
1066
-462
1500
2948
1500
2948
1500
1500
1500
2948
2948
1500
1500
4396
2948
1500
7292
2948
670
899
2410
811
5844
1500
1232
7292
5844
2262
7292
4396
-480
-480
-478
-480
-480
-478
1500
2948
732
1500
-478
2948
1500
896
1061
1500
1500
1777
1500
1294
-478
-480
4396
4396
2948
8740
4396
1557
1500
-480
4396
2948
4396
4223
4857
2841
2358
5068
7292
3456
4016
1500
1500
2948
-480
4396
1500
1500
-480
7292
8740
7292
7292
1500
7292
7292
1726
1500
4396
2471
-480
-478
-478
1500
1500
1500
1500
2948
1500
1500
1500
1153
1500
1500
1500
2507
1500
4396
1500
4798
2948
1500
1500
2948
1500
-478
-478
-480
4396
2948
1500
1500
7292
8740
4317
-480
8740
5844
1500
2669
5844
5844
2622
6045
1500
4396
3147
-480
1500
1500
1500
2948
2533
-480
1500
2948
3034
-480
-480
4396
5844
2948
-480
1500
6338
1500
7292
7292
1895
7292
3185
-480
1500
1500
1500
2948
1500
1500
1500
1500
1826
-480
1500
1500
1500
1500
1500
1500
5844
2721
-480
-480
2948
1500
-480
2948
4396
1500
2948
2948
1500
1515
5310
1500
9120
-480
1500
5844
7292
4736
-480
7292
7110
-480
-478
1500
1500
2948
915
1500
1500
2948
1500
1500
1500
1500
735
-478
-478
1500
1500
1500
1500
1500
1500
1500
1500
1500
718
-478
1500
1500
1500
1500
2948
1094
-478
1500
1718
1500
1500
1500
843
-478
1500
1500
2948
1500
1500
1748
-480
1500
1500
2181
-480
-480
1500
2948
1500
2948
1500
2948
1500
1500
1500
2948
-480
2080
5844
7292
1382
-480
-480
1500
2368
1500
1500
2948
4396
1500
2948
1500
640
4066
-478
-480
2948
2186
1500
1500
4396
2948
2011
-480
-481
1500
4396
-480
4396
2948
1500
1378
7292
5483
4396
2948
2948
4155
-478
2948
5844
4396
1153
-480
-480
-478
-478
1500
1500
1500
1500
1500
1588
1500
1500
1500
1500
1500
-478
1194
5844
1500
1500
1215
-478
-480
1500
1500
1500
1500
1500
1500
4396
4154
-478
1500
1500
1500
1568
-478
7292
6198
-478
1500
2948
2948
1833
5844
1195
-480
-478
7292
6426
1500
8740
5734
-480
4667
-480
-480
7292
7326
-480
7292
5748
1500
1500
4537
-478
-480
7292
8598
-478
1500
1500
4396
1500
2948
1500
1500
6913
5239
-480
-480
1500
2948
1500
1500
1500
1500
1091
5844
1904
-477
749
-656
-659
2245
1500
1597
-658
-656
1500
2416
1481
-657
1413
-658
3049
-413
-641
-632
-650
-651
-639
-228
2948
2948
1500
1500
1500
1500
1000
1365
1418
2948
1500
1500
451
1500
2968
1500
2948
1500
1500
1500
1500
2948
1500
1500
1500
1500
1500
13084
-621
-641
-628
-515
16436
9884
1500
1970
5844
1500
1513
4396
1500
1500
1500
1500
1500
1500
1668
895
-521
1500
1500
1500
1500
3376
-637
1500
2023
4148
609
-658
-658
-658
-637
2948
1500
2948
1500
1500
1500
1500
1500
1500
1432
3640
1500
2038
1500
1161
-456
-475
496
526
-584
2464
-250
318
-476
526
-185
345
89
-89
-196
660
