-425
4184
1512
1760
5396
-491
-499
1512
1512
1512
1512
1512
1512
2008
1512
1512
1512
1512
520
-495
1512
2972
1512
1512
910
2972
-495
1512
1512
1512
1512
2972
1512
1512
1512
1518
-494
1512
1512
1512
1512
1512
1512
1512
1512
1512
1512
1512
1512
1512
-496
-498
1512
1512
576
-503
1512
1512
1512
1512
1512
1512
1512
1512
854
-499
1512
2972
1512
1512
942
1512
1373
-496
1512
1890
-501
1512
1512
1512
1512
1512
1512
1512
622
2682
-511
1512
1512
1512
1832
1512
2972
2972
942
1512
1512
2972
1512
1512
1512
1512
1512
1512
1512
1512
1512
1512
1512
1609
-494
1512
622
2972
1512
2972
1512
1512
1512
1512
1512
1925
1512
2972
1512
2972
1512
1512
1512
1512
1512
1512
1512
1512
1512
1512
1512
1512
1512
1512
1512
1512
1512
1512
1512
1512
780
1512
-456
1512
-228
1500
1500
1837
-475
-584
2464
445
-497
-250
111
-185
403
-89
2972
1264
-196
660
6140
2172
-491
1512
1816
1512
1512
1512
1512
548
1512
2972
1512
1512
1512
1372
1421
-499
-495
1512
1512
1512
-495
1512
1512
1512
1512
1512
1512
1512
2972
1512
1512
1518
-494
2972
1512
1512
1512
1512
1512
1512
1512
2972
1512
1512
-496
-498
1512
1512
1512
1512
1512
1512
1512
1512
-233
2948
1252
1606
1512
2036
2972
1512
-442
-503
675
854
-594
-499
1512
1512
840
-594
2972
1512
1512
840
-234
1512
1512
1512
302
-494
601
1512
1512
1512
1609
-496
7352
7352
1512
1222
-501
2833
-511
1512
2972
1512
1512
1890
-494
1512
1512
1512
1512
1512
1512
1512
1512
2972
1512
1512
1512
1512
2972
1512
2402
2972
1512
1512
1512
1512
1512
1512
1512
1512
1512
1512
1512
2972
1512
1512
1512
1512
1512
1512
1512
700
2972
2972
2972
1512
1512
1512
1512
1925
-507
1512
1264
-519
1512
1512
1512
1512
1512
1512
1512
1512
1512
1512
1512
1512
1512
1512
1512
1512
1512
1512
1512
1512
1512
1807
-524
1512
1512
1512
1512
1512
942
2972
2972
1373
2972
2972
2272
-526
1081
1512
2972
1512
1512
1512
1512
1512
1512
1685
-526
1512
1512
1512
1512
1512
1512
1943
1512
616
-515
1512
1512
1718
-515
1512
1512
1512
1512
1512
942
4432
1512
1512
942
1512
1512
4432
1512
971
-515
1512
2972
1705
-515
2972
2972
1512
1507
-518
1512
2972
1512
1512
925
-515
2972
1512
1512
1512
1512
2972
1512
1512
1512
1512
1512
1512
1512
791
1512
1512
1512
804
-515
1512
1512
1512
1512
1512
1512
1512
1512
4432
2972
1512
1512
2087
-560
2972
1512
1512
1239
-559
1512
1512
4432
942
2658
-565
1512
1512
1512
1512
1082
-571
1512
2652
-578
5892
2468
-571
1512
1512
1512
1512
1512
942
2972
1512
3255
-559
1512
1512
1908
-550
1512
1512
1512
1512
1512
942
5171
-562
5892
2402
1512
5892
942
2972
639
-553
879
-554
2972
2972
1512
1512
1512
1512
1512
1512
1512
1247
-538
2972
1512
1512
2972
1512
1512
1512
1512
1512
1512
1512
1512
1512
1512
1512
2972
1512
1512
1512
700
2972
2972
2404
1512
3283
-555
875
-556
1512
1512
1512
1512
1512
1512
1512
1512
1512
1512
1512
1512
1512
1512
1512
1512
2972
1512
1512
1512
1512
700
854
-467
1512
1512
1512
1512
1512
942
1512
5892
944
2972
2972
1512
942
1512
2972
2972
4432
1512
1575
1512
1512
1512
1512
1512
1512
1512
1512
1512
1512
1512
1512
1512
1512
1512
1512
2972
2972
1512
1512
1911
469
1512
1512
4432
1512
2972
1512
1512
2464
1512
4432
2402
1450
1512
1512
2972
1512
1512
2972
1512
1413
