-430
1500
1500
667
-654
-503
1500
1212
-539
4103
1741
-555
1843
1500
1500
1869
-549
1500
1500
1500
1500
1500
1500
1500
1500
1500
1500
-559
1500
579
1170
1500
1500
1500
1500
1500
1500
-554
4396
1500
1500
1500
1500
1500
2948
1500
1500
1500
1500
1500
-653
1014
-675
1500
915
1500
1500
1500
1500
1500
1500
1500
1500
1500
1500
1500
1500
1500
1500
1500
1500
1500
2948
2948
1500
1500
1500
4396
1500
1500
1500
1500
1500
1500
1500
1500
2948
2948
1500
1500
1500
1500
1500
2948
1500
1500
1500
1500
1500
1500
1500
1500
1500
1500
1500
1500
1500
1500
1500
1500
1500
1500
2948
1500
2948
4396
2948
1500
2948
2948
1500
4396
4396
1500
1500
2948
1500
1500
1500
1500
2948
1500
1500
1500
1500
1500
1500
1500
956
2948
1500
1500
1500
1500
4396
1500
1500
1500
1500
1500
1712
-457
428
950
-228
1500
1500
1500
389
-584
1500
1016
-250
111
-185
366
-89
89
-196
