-440
534
1512
1512
1512
1512
1512
1512
1512
1512
1512
1512
1315
-457
-455
430
1504
2578
-439
1882
429
1504
1504
1504
1504
1504
1127
2956
1126
380
1504
1504
1176
1504
1504
1882
1881
1504
1504
1504
1504
1504
1504
-468
2785
1504
1343
1832
1504
678
1512
1512
-468
1512
1512
1512
1512
-473
1512
1512
1512
2972
2972
1512
1512
1926
-473
1512
1512
2972
1512
1512
1512
1512
1512
1512
1512
1512
1512
1512
-468
1512
1512
1512
2972
1512
1512
1512
1512
1512
1512
1512
1512
1512
1512
1512
1512
1512
1512
1512
1489
1512
1512
-468
1512
1512
1512
1512
1512
1512
1512
1512
1512
1512
1512
1512
1512
1512
1512
1512
1512
1512
1512
1512
1512
1512
1512
1512
1512
1512
1512
1512
1512
1512
8749
2972
-468
1512
1512
1512
1512
1512
1512
1512
1512
1512
1512
1512
1512
1512
1512
1599
1512
1512
-472
1512
1512
1512
1512
1512
1512
1512
1512
1512
1512
1512
1512
1512
1512
1512
1512
1512
1512
1512
1512
1512
1512
1421
-472
1512
1512
1512
1512
1512
1512
1512
1512
1512
1512
1512
1512
1315
1512
1512
1512
1512
2972
1512
1512
1512
1512
1512
1512
1512
1512
1512
1512
-472
1512
1512
1687
2972
1512
1512
1512
1512
1512
1512
2972
1252
1512
1512
669
-472
1512
1512
1483
-472
-473
1512
1512
1344
1512
1512
1512
1512
1723
-472
1512
1512
2972
1512
1512
2972
1512
1512
795
-475
1512
1512
1512
1512
1512
1876
-472
1512
1512
2972
1512
1512
1512
1512
1516
1512
1512
1512
638
-473
1512
1793
-473
1512
1512
1450
-472
-472
1512
1512
1512
-472
1512
1512
1512
1512
1512
843
1512
1710
-469
1512
2138
-469
-472
1512
1512
551
1512
1695
-472
-481
-485
-480
376
1011
1829
929
377
1978
2972
1512
588
-475
-472
1512
2051
-473
1512
591
2034
378
1504
377
1504
1437
1504
1504
1504
1504
1504
1504
1504
1504
1504
1504
1659
1512
1512
1190
-499
-542
516
-542
454
1512
1512
452
2972
1512
1039
-542
615
453
1512
1512
-228
1500
1500
1252
1955
609
-475
-473
1512
1512
1089
1512
1379
-474
1512
1900
-542
454
1512
1512
-542
452
2972
1512
1505
-542
1098
1912
-543
1512
454
1512
1512
-542
1512
1711
454
1512
1512
1512
1512
1512
1512
1512
1512
-542
-509
-511
-509
938
1512
1512
2972
1512
1512
1512
1096
451
1512
-496
1512
612
751
505
1512
1655
-472
516
1512
1238
-542
1512
1996
451
1512
1512
-542
1056
1911
1512
-542
1512
1512
2013
-542
454
2972
-542
451
1512
1512
1512
1512
1512
517
451
1131
1512
1512
-542
1512
1512
865
453
1512
1512
-474
1673
-473
1512
1512
1512
1512
1512
1512
1512
2024
-475
1512
1512
1512
2972
1127
1512
1284
-542
-542
453
2972
-542
452
1512
1512
1512
1512
1512
1521
453
1512
1512
-538
1512
2218
1512
1512
1512
1512
1512
1512
372
2972
-542
1512
1512
1512
1512
1512
1512
1512
1512
1512
1512
1512
1512
1512
1512
1512
1512
1512
1512
-542
453
1512
1512
1512
2972
1512
1512
1512
1512
1512
1512
1512
1512
1512
1512
1512
1512
2020
1512
1512
1512
1512
1512
1512
1512
1512
1512
1512
1512
1512
453
1512
-517
1512
1512
1149
1512
1512
1512
1512
1512
1512
1512
1512
1512
1512
1512
1512
1512
1512
1512
1512
1512
10272
1512
1512
1512
402
378
1504
1504
1178
-508
1512
1512
1512
1512
2972
1512
2972
1512
1512
1512
1512
1512
1512
1512
1512
12254
1830
1504
1504
1504
1504
1504
1178
496
-515
-605
1500
1016
1504
2894
376
565
-542
-250
452
1512
1512
318
1512
1512
1512
934
-542
-542
-185
345
89
454
1512
-542
1911
1512
1512
453
1512
1512
1512
1857
1512
1126
-542
1910
451
1512
1512
-542
1512
1512
2972
2972
-542
451
1512
1512
-542
454
1512
1512
1512
1388
1512
1550
-542
452
1512
1512
-542
1512
1512
1512
1512
1512
1512
452
2972
453
1512
1512
2972
1512
1512
1512
1512
1512
1512
1512
1512
1512
1512
1512
1512
1512
2972
1512
1512
1415
1512
2972
1512
1512
1512
1512
2972
2972
1512
2374
450
1512
1512
-542
4432
1512
1512
1512
2972
1512
1512
2972
1981
452
1512
1512
2972
1512
1512
2972
1512
1512
-542
1512
1314
1512
1001
454
1512
1512
-542
-542
-472
452
1512
1512
873
453
1512
1512
1512
1512
1512
1451
1512
1512
1061
-472
-542
-543
-542
-542
-89
812
449
1512
1512
452
1512
1512
1512
1512
450
-529
452
1512
1512
1512
1512
-465
4253
-465
1470
813
1512
-196
4432
4432
2966
4432
976
590
1512
1702
1512
1512
3319
2972
1512
1512
1512
2972
1512
1512
1711
