-419
2948
2948
1500
1500
1500
1249
-462
-519
1500
1500
1500
1500
1500
1465
1500
1500
1500
1500
1500
1640
-505
992
-519
-505
1500
1500
1500
1500
1500
1500
1500
1500
1500
1500
1500
1500
1500
-500
2948
1500
1500
1500
1500
1500
2948
1500
1500
1500
1500
1500
1500
1833
-506
1500
1500
1500
1500
1500
1500
2948
1500
1500
-493
-431
-523
-528
7292
1500
1500
1500
1500
1500
1500
1500
1500
1500
1500
1500
1500
1500
1500
1500
1500
16436
2492
-521
2948
1500
1500
1500
2948
1500
1500
1500
1500
1500
1500
1500
1500
1500
1500
1500
1500
770
1500
2948
1500
1500
1500
1500
1500
1500
1500
1500
1500
1500
1500
1500
1500
1500
1500
1500
1500
1500
1500
1500
1500
1500
356
-520
4396
1562
1500
1500
1500
1500
1500
1500
1500
1500
1500
1500
1500
1500
998
2948
1500
1500
1500
1500
1500
1500
1500
1500
1500
1500
1500
1500
1500
1500
1500
1500
1500
1500
2948
1500
1500
1720
1500
1500
1500
1500
10808
16436
8105
7292
2948
1500
2948
1500
1500
2948
1500
977
-511
-520
-519
-489
-508
-509
-502
-512
1500
1500
1500
1500
1500
1500
1500
1500
1500
1500
1500
1500
1500
1500
2948
1500
1500
1500
1500
1500
1500
1500
1500
1500
1500
1500
1500
1500
1500
1500
1500
1500
1500
1500
1500
1500
1500
1500
1500
1500
1500
1500
1500
1500
1500
1500
1500
1500
1500
1500
1500
1500
1500
549
-511
2948
1500
1500
1500
1500
1500
1500
1500
1500
1500
1500
1500
1500
1500
1500
1500
1500
1500
1500
1500
1500
1500
1500
1500
1500
958
-505
1500
1500
1500
1500
1500
1500
1500
739
-511
1500
1500
714
-518
1500
1500
1500
1500
1500
1500
1500
1500
1500
1500
1500
1500
1500
1500
1500
1500
1500
1500
1500
1249
-500
1500
1500
1500
1544
-508
1500
1500
1500
1500
1340
-514
1500
1500
2948
1500
1500
1500
1500
1500
1500
1500
1500
1500
1500
1500
1500
1500
628
-505
2948
1500
1500
1500
1500
1500
1500
1500
1500
1500
1500
1500
1500
1500
1500
1500
1500
1443
-531
1500
1500
1500
1500
1500
1500
1500
1500
1500
1500
1500
1500
1500
1500
1500
1500
1500
1013
1869
-512
2948
1500
1500
1500
1500
1500
1500
1500
1500
1500
1500
1500
1500
1500
1500
1500
1500
1500
1500
1500
1500
1588
1500
1500
1500
1500
1500
1500
1813
-514
2768
-526
1500
2948
1500
1729
-514
2948
1500
1500
1863
-497
1500
1500
1500
1500
1500
1500
16436
3940
4396
1500
2948
1500
1500
1500
1500
1500
1500
1500
11636
1500
4396
4396
1500
1500
1756
-473
2948
3194
-463
1500
1500
1500
1500
1500
1500
1500
1500
1500
1500
1500
1500
1500
1500
1500
1500
1500
1500
1500
1500
867
1500
1391
1500
2948
1500
1500
1500
1500
1500
1500
1500
1500
1500
1500
1500
1500
1500
1500
1500
1500
1500
1500
1588
1500
1500
1500
1500
1500
1500
1500
1500
1500
1500
1500
1500
1500
1500
1500
1500
3580
-522
1500
1500
1500
1500
1500
1500
1500
1780
-468
1042
5844
4396
2002
-498
5844
14532
1695
1500
1500
1500
1500
1500
1500
760
-496
1500
1500
1500
1500
1500
1500
1500
1500
1500
1500
1500
911
1500
1575
2948
1500
1500
1500
1500
1532
-494
1500
1500
1500
1677
-501
1500
1500
1500
1500
1639
-507
1500
1500
1500
1500
1500
1500
1500
770
-514
1500
1500
1500
1500
1500
1500
1500
1717
-503
1500
1500
2948
1500
1316
-499
702
-501
1500
1500
1500
1500
1500
442
2948
1500
1500
1500
1500
1905
722
1487
1500
1500
1500
1500
1500
1500
1796
1500
2948
1500
1500
1500
686
2948
1500
1500
1500
1500
1500
1500
1500
1500
1500
912
1444
2948
2948
1500
1500
1500
1500
1500
1500
1500
1500
1500
1500
1500
1500
1500
1500
1500
1500
1500
1500
1500
1500
1500
500
2117
1500
2948
1500
1500
16436
9732
1500
1500
1500
1500
1500
1500
1500
1500
1500
1500
1500
1500
1500
1500
1500
1500
1500
1500
1500
1500
1500
1500
1500
1500
1500
1500
1500
1500
1500
1500
1500
1500
1500
1500
1500
1500
1500
756
855
-455
856
-504
732
-628
825
-228
-555
424
1500
2700
609
-584
1500
1016
-250
318
-185
345
-89
89
-196
