-426
1500
1500
2948
1500
1500
639
-473
1500
1500
2948
1500
1467
-476
-502
1500
1286
1907
-476
1500
1500
1532
-473
1500
1500
1807
-498
1436
-496
1500
634
-503
-492
-494
-495
-492
-502
-233
1500
1500
1252
1606
1364
1500
1500
1636
1905
1500
1500
1500
1456
1500
1638
1500
3289
-624
-501
-501
-500
-502
-499
-498
-594
840
2948
1595
1500
-497
1500
1623
-497
1892
-497
1500
2306
1500
699
-499
-497
2948
1692
-502
1248
-502
1500
1625
-506
1201
-507
2313
-505
1241
-505
1500
933
2381
-505
-515
1672
-516
1723
-518
1755
-517
1500
1500
2948
1366
-510
1500
1500
1500
1500
1500
1239
-516
1500
1629
-517
1568
-519
1295
-518
1500
1631
-507
1500
1649
-509
1541
-450
1208
1324
1209
1500
4396
2494
1363
2948
2948
2948
2948
1500
1500
1500
1500
1500
2948
1500
2948
1500
1500
2948
1500
1500
1500
1500
2948
1500
1500
2321
3000
-594
2851
840
-234
302
-627
1032
-652
3087
-495
601
-228
1500
1500
1252
609
-584
1500
1016
-250
318
-185
382
-89
-196
