-422
1500
1500
1500
1500
1500
1500
-443
1500
2082
774
-444
1058
-443
751
-445
643
-442
1503
-414
-442
-444
-447
-448
-456
-455
1752
809
1048
434
2287
1500
1500
2248
-456
1500
1500
1500
1500
526
-454
1500
1500
2948
1500
1500
692
1500
2948
1500
1500
1500
-472
1500
2948
1500
1500
1500
1500
1500
1500
1500
1500
757
13104
-472
793
-474
660
-471
1033
-471
796
-619
1552
2603
1438
-619
-471
1552
1500
1155
1438
-471
1500
1500
1500
1500
-471
1500
1500
1500
1500
1500
1500
1500
1500
1500
1500
1500
1500
1500
1500
-471
2948
1500
1500
1500
1500
1500
1500
1500
1500
1500
1500
1500
1500
1500
1500
1500
1500
1500
1500
1500
1500
1500
1500
1500
1500
1500
1500
-471
1500
1500
1500
1500
1500
1500
1500
1500
1500
1500
1500
1500
1500
1500
1500
1500
1500
1500
1500
1500
1500
1500
1500
1500
1500
1500
1500
1500
1500
1500
1500
1500
1500
1500
1500
1500
1500
14532
1500
1500
2948
2948
1500
2948
2948
1500
1711
1500
16436
14076
5844
2948
1500
1500
1500
1500
1500
1500
1500
1500
1500
1500
2948
1500
1500
1500
1500
1500
1500
1500
1500
1500
1500
1500
1500
1500
1500
1500
1500
1332
1500
1500
1500
1500
1500
1500
1500
1500
1500
1500
1500
1500
1500
1500
1500
1500
1500
2948
1500
1500
1500
1500
1500
1500
1500
1500
1500
1500
1500
1500
1500
1500
1500
1500
1500
1500
1500
1500
1500
1500
1500
1500
1500
1500
2948
1500
1500
2948
1500
6259
1500
2948
1500
1500
1500
1500
1500
1500
1500
1500
1500
1500
1500
1500
1500
1500
1500
1500
1500
1500
1500
1500
1500
1500
1500
1500
1500
1500
1500
1500
1500
1268
1500
1500
1500
1500
1500
1500
1500
2948
1500
1500
1500
1500
2948
1500
1500
1500
820
15156
16436
16436
16436
16436
15220
16436
2036
-471
-545
-448
-448
-448
-448
1500
1500
1500
1500
1500
1500
1500
1500
1500
1500
1500
1500
1500
1500
1500
1500
1500
1500
4641
981
984
974
982
-460
-492
-471
-470
-484
2948
1500
-479
1500
1500
1500
1500
2948
1500
703
670
614
1051
2711
749
588
-471
1500
1500
1500
1500
1500
1500
1500
1500
1500
1500
1500
1500
1500
1500
-471
1500
1500
1500
2948
1500
1500
1500
1500
1500
1500
1500
1500
1500
1500
1500
1500
1500
1500
1500
1500
16436
3940
3405
-471
1500
1500
1500
1500
1500
1500
1500
-471
1500
1500
2948
1500
1500
1500
1500
1500
1500
1500
1500
1500
-476
1500
1500
4396
1500
1500
1500
2948
1500
1500
1500
1500
1500
1500
1500
1500
1500
1500
1500
1500
1500
1500
1500
1500
1500
1470
-228
-626
-490
-495
-487
2948
1014
1500
1500
587
1500
2948
1500
1500
1500
1500
1500
1500
1500
1500
1500
1500
1500
1500
1500
1500
1500
389
1475
1352
1500
729
-526
1500
2948
2948
1500
4396
1500
1500
1500
1500
1056
1500
1500
1500
1500
1500
1500
1500
1500
348
-489
1500
1500
1500
2948
-584
1500
1016
2948
1500
1500
1500
1500
1500
1500
1500
13084
1500
1500
1500
1500
1500
1500
1500
1500
1500
1500
1500
1500
-250
1500
1500
1500
1500
111
-185
1500
1500
1107
2948
1500
1500
1500
1500
1500
1500
403
-89
1500
5844
-196
1500
1500
1500
1500
1500
1500
1500
1500
1500
1500
1500
1500
1500
1500
1500
1500
1500
1500
1500
1500
1500
1500
1500
1500
2948
1500
1500
1500
1500
1500
1500
1500
1500
1500
1500
1500
1500
1500
1500
1500
1500
2948
1500
1500
1500
1500
2948
1500
1500
1500
4396
2948
2948
2948
1500
3253
2948
1500
1500
1500
1500
2948
4396
2948
1500
1500
2948
1500
2948
2948
2830
