-429
1512
1214
-441
1500
1500
1500
1500
1500
1500
1500
1500
1500
1500
1206
-455
359
4396
860
-453
361
1500
1500
1500
1500
-456
1500
1500
1500
1500
1500
2948
1500
1500
1500
1500
1500
360
1500
1329
2948
1500
1500
1500
16436
3940
-453
14532
1500
1500
1500
1500
1500
2948
2948
1500
1500
360
1500
2561
16257
-456
-456
-477
-471
-471
-485
358
360
352
-480
359
1460
-482
1500
2112
-473
1807
2948
2252
-475
360
1807
2948
1473
-474
1500
1500
1399
546
-471
-482
358
551
-481
359
1907
-477
359
359
1955
-410
1260
359
1500
1500
1500
2018
359
1500
2606
359
1500
1500
1500
255
362
1202
359
1500
2218
-228
1500
1500
1252
609
-584
1500
1016
-250
318
-185
345
-89
89
-196
-425
1512
1412
1412
1412
1412
1412
1312
1412
1412
1512
1412
1412
1412
-441
1500
1500
1500
1500
1500
1500
1500
1500
1500
1500
1500
1500
-412
2948
1500
1500
1500
1500
2431
-440
1728
1410
-458
1500
1500
2188
1412
-474
2772
1412
1412
1412
2772
1412
685
1500
-465
-465
-465
-465
-465
1781
-465
1500
1901
1500
1276
2948
1500
1500
1500
1500
1500
1500
1500
1500
1500
1500
1500
1500
1500
1500
1500
1500
1500
1500
1500
1500
1500
1500
1500
1500
1500
1500
1500
1500
1500
1500
1500
1500
1500
1271
2948
1500
1500
1500
1500
1500
1500
1500
1500
1500
1500
2948
1500
1500
1500
1500
1500
1500
1500
1500
1500
1500
1500
1500
1500
1500
543
2901
1500
-517
-465
-465
-465
-465
1500
1500
1500
1500
2948
1500
1500
1500
2948
1500
1500
1500
1500
1500
1500
1500
2948
1500
1500
1500
1500
1500
1500
2948
2460
-456
1500
1500
1500
1500
1500
1500
1500
1500
1500
1708
-465
1500
1500
486
-446
4396
1500
1500
1500
1500
1500
1500
1500
1074
-465
2948
1500
1500
1500
1500
1500
1500
1500
5844
1500
8740
2948
2948
777
1500
2948
1500
1500
865
-463
1500
1330
428
-462
-465
4710
2649
2801
1500
-465
-462
-470
1982
-467
1500
1318
-468
1500
1324
-469
1500
1099
1500
-459
1500
1375
-449
3321
1500
-463
1343
-465
1903
-449
1500
2065
-466
1500
2948
1566
-449
1425
-466
1992
1406
1500
3028
1669
-464
-449
-466
-465
1405
-465
1500
1500
1500
1500
1500
1500
1500
1500
1500
1500
1500
1176
-466
1500
1447
-466
1500
4027
-449
1413
-459
1500
2158
-466
1500
1281
-449
1500
1500
1359
-458
2948
1500
1500
1500
1500
1500
738
-493
1439
-458
1500
1500
1500
1500
1500
642
-492
1500
1500
1261
-482
1428
-482
710
1500
2052
-482
1500
1500
1500
1500
1500
4396
1500
2948
776
2179
-464
1500
498
-464
2579
-459
585
-459
4396
1296
-459
1500
1500
2948
1500
1500
1500
1500
1500
1500
1500
1500
1500
2948
1500
1500
1500
1500
2948
1500
1500
1748
-461
1500
2948
1500
794
-466
1500
1500
1500
872
-468
1500
1500
1500
1500
1500
2948
1500
1500
1770
-465
2948
2948
972
1500
-467
1500
1687
-473
1500
1065
-468
1258
-463
1500
1500
2948
2948
1058
-465
1500
1500
1515
-465
1500
1500
1500
1500
1500
1500
1500
1500
1500
1500
1330
-459
1340
-465
2948
2948
1500
1500
2948
1500
1500
1500
777
1500
2385
-466
2948
2948
4396
2995
-449
4396
4396
2948
1500
1500
1500
777
1881
-458
1500
2377
-466
2147
-466
1500
2593
-463
1500
1650
-449
1444
-466
1500
2948
719
-466
1500
1500
2948
1500
1500
1500
1888
-449
1500
1500
1500
858
-459
1500
2948
1500
1500
1500
1500
2948
1505
-459
1429
-459
1500
1500
1500
1500
1500
1500
1500
1586
-466
1500
4396
1032
1441
-466
2948
2653
1500
1500
1500
1500
1500
886
1500
2948
1500
-459
1759
1500
2948
-466
4396
889
2948
1500
1500
1500
1500
1500
1500
1137
-449
1500
1500
792
-466
1500
-466
1500
2948
1134
-497
1441
2948
4396
1800
-466
4396
462
-466
-520
1500
3625
-459
1500
2948
1500
1500
537
1500
2609
1500
1500
2531
1500
2948
1500
1500
1500
1500
1500
867
-469
-462
-484
1500
2948
2948
1390
1500
1500
3036
441
-800
1187
-532
801
