-425
2872
1412
1412
1412
1412
1312
1412
1412
1512
1412
1412
1412
1412
1412
4132
1412
1412
1412
863
-441
2948
2948
1500
1500
1500
1500
1500
1500
1500
1500
1500
1500
1500
1500
-440
1500
1500
1500
983
1410
-458
-464
-462
1500
1500
2188
2948
1500
1500
1500
1500
1500
1500
1500
1500
1500
2948
1500
1500
1500
1500
1072
2948
1500
1500
-474
1500
1500
1500
1500
1500
1500
1500
1500
1500
1500
1500
2948
1500
1500
1500
2948
1500
2948
1500
1500
2948
1500
1500
2948
1500
1500
1500
1500
1500
1500
1781
-463
4396
1500
1500
804
2948
1500
1500
1500
1500
1500
2948
1500
1500
1500
1500
1500
1500
2948
2948
1500
2948
1500
1500
1500
1500
576
9092
-466
2948
1500
1500
2948
2948
2948
1500
1500
1500
677
-517
-446
-462
-462
-462
-456
-446
650
1500
2948
1500
1500
2948
1500
1500
1500
1500
1500
1500
1500
1500
1500
1500
1500
1500
2948
777
428
1500
2948
1500
1500
1500
1500
2948
1500
4396
1500
1500
2948
2948
428
-465
2948
1530
-463
1500
1500
2948
2313
-462
1500
1500
1500
1500
1500
2948
1500
2948
1500
1500
1500
1500
1500
1500
1500
1500
1500
2948
2948
1500
2948
2948
2274
-465
1500
1500
1353
-465
1982
-462
2530
-470
1500
1318
-467
1500
1500
1324
-468
1375
2547
1500
-469
-466
3321
-449
2791
-463
1500
455
-466
2948
2306
1500
-449
2065
-466
1439
-449
1500
544
-459
1500
1500
2948
1032
-449
1441
-466
1500
1500
2948
2948
3034
-463
1425
-449
1500
2240
-459
1428
-459
1500
1500
1500
1500
1500
1500
570
-585
1500
1500
1500
1500
1500
1500
1500
1500
1500
1505
-449
1429
2948
1500
-466
1566
1500
2948
1500
-449
1759
-458
2948
1001
-466
1413
-459
1441
-458
1500
2948
1500
1500
1500
2948
1500
1526
-459
1500
1500
2948
1500
1800
1500
1500
1500
-465
2948
3852
-449
1500
1500
2948
1500
1500
1500
1414
2948
2916
-459
-466
2948
1500
1500
1500
1299
-459
2456
-449
1405
-458
1500
1500
1910
-459
2948
2948
2948
1500
2315
-466
1500
1500
1500
1205
-466
1444
-466
1500
1500
1500
719
-466
2948
2948
1500
886
-466
2948
1500
1500
1500
2337
1500
2948
1500
1500
1500
3336
2948
1500
2948
2948
1500
1137
2948
1261
2948
1500
4396
2948
1500
1500
1500
1281
-449
-466
1406
-466
1500
1500
1500
1131
-497
2948
2948
1134
-466
2948
1500
729
2948
2948
1985
-465
-466
2948
710
-520
1500
1500
1161
2948
1500
1083
-466
-466
1500
1500
1500
1500
1500
2948
2924
-459
1500
1500
2948
1500
1500
2948
1500
1500
1876
2948
1500
1939
-469
-462
-800
2948
1500
1588
1500
1500
2948
2838
-532
800
1187
-412
1728
-493
1500
1500
1500
2948
1500
1500
1500
1500
1500
1500
776
1500
1500
1500
1500
1500
1500
-458
2948
2948
1500
1500
1500
1500
-492
1500
2948
1500
1500
1500
1500
1500
1500
1500
1687
2179
-482
2948
1131
-482
498
-466
585
-468
-461
1258
689
1500
1500
2948
1500
2506
-482
-462
-462
2948
1500
1296
-462
2948
1500
1500
-459
1500
1440
1500
-459
-459
8740
2669
5844
-465
4282
2948
2735
-467
1500
1500
1500
1017
1500
2948
1500
1270
-473
1500
1500
1515
1500
1500
1500
1500
1500
1500
1500
1500
1547
-468
1500
1500
-463
-465
7292
1340
5674
-465
1500
1500
1500
1500
1500
1500
1500
1500
1500
1500
1500
777
3098
1500
1500
1500
7292
1881
5121
1500
2385
-484
441
-536
424
-228
1500
1500
1500
389
-584
1500
1016
-250
111
-185
366
-89
89
-196
660
