-426
2948
1500
1500
451
-228
1500
1500
1500
389
-584
1500
1016
-250
111
-185
403
-89
-196
2948
1500
1500
2948
700
-972
-900
395
978
-901
4396
1500
2948
1500
1500
2335
397
1500
1500
1500
-917
1500
1500
1500
1500
1500
1500
2948
1500
1500
398
1500
1500
1500
1500
-918
1926
1500
2948
1500
1500
1500
1500
1703
398
2948
1500
-917
1500
1500
2948
1500
1500
1500
1500
1500
698
398
2948
1500
-913
-913
-914
-918
-918
1500
1500
1500
1500
2948
1500
1500
1500
1500
396
2948
1633
396
-919
2948
1500
1500
590
396
-925
2948
1841
-924
1844
396
2109
-925
2948
1500
1367
-928
1500
1500
1500
1500
1500
1500
2948
1500
2064
-918
397
2948
1500
1500
2948
1500
378
396
-1004
1500
1500
396
846
-1016
2948
1500
825
396
-867
1500
1500
2948
397
1500
1500
993
2948
1500
1500
1500
1500
1500
1500
1500
1500
1500
1500
1500
1500
1739
397
2948
1500
1500
1500
1500
2948
1500
2948
2948
2948
2948
1500
-916
1500
1500
1500
1500
2948
2948
2948
2948
397
2948
2948
2948
1153
-1014
397
2948
2948
2948
422
2948
1202
2948
1500
-926
1500
1500
1500
1500
1500
1500
1500
2948
1500
1500
1500
1500
2948
2948
1500
1500
1500
1500
399
1500
1500
1500
1500
1500
1500
1500
1500
1500
1500
1500
1500
1500
1500
1500
1500
1500
1500
1500
1500
1500
1500
1500
1500
1500
1500
1500
1500
1500
1500
1500
1500
397
1500
1500
1500
2948
1500
1500
2948
1500
9120
16436
5388
16436
5388
10188
8160
398
1500
1500
2948
1500
1500
1500
2948
1500
1500
2948
2948
2948
1500
2948
1500
1500
1500
2948
1500
1500
1500
1500
2948
1500
1500
2948
1500
1500
1500
1500
1500
1500
1500
1500
1500
1500
1500
902
16436
5388
16436
5684
4020
10804
16436
16436
16436
2024
10778
-939
397
1500
1500
1314
-939
397
1500
1500
2072
-939
397
1500
1697
-939
-917
-917
-941
-917
-917
-1005
398
1500
1500
397
1500
399
1561
2948
398
1500
1500
399
1500
1500
398
446
-1002
2948
1500
1500
1500
1500
1500
1500
2948
1500
1500
1500
1500
1500
1500
1500
1500
1500
1500
1500
1500
1500
1500
1500
1500
2948
2948
1500
1500
1500
1500
2948
2948
1500
1500
1500
1500
1500
1500
2948
396
2948
4396
4396
2948
1500
2948
1500
1500
2948
1500
1500
1500
1500
1500
1500
2948
2948
2948
4396
2948
2948
1500
1500
2948
4396
2948
1494
-1002
2948
1500
1500
1500
1500
1500
1500
1500
1500
1500
2948
1500
1500
4396
4396
4396
3542
-1015
1500
1500
1500
1500
1500
2948
1500
1500
1500
2948
1500
1500
1500
1500
2948
1500
1500
1500
1500
1500
1500
2948
1500
1500
1500
1500
1500
1500
1500
1500
2948
1500
1500
1500
1500
1500
1500
1500
1500
1500
2948
2948
2948
1500
2948
1500
1500
1500
1500
2948
2948
2948
2948
1500
1500
2948
1500
2948
1500
2948
7292
5844
1500
2948
5844
1500
2948
1500
2948
2948
2948
1500
1500
2948
2948
1500
1500
1500
1500
1500
1245
-1002
1500
1500
1500
1500
1500
1500
1500
1500
1500
1500
2948
2948
1500
4396
2948
1500
4396
2948
2948
1500
1500
1500
1500
1500
1500
1500
1500
1500
1810
1500
1500
1500
397
2948
2948
2948
1500
1500
1500
1500
1500
1500
1500
1500
1500
1500
2948
1500
1500
1500
1500
1500
1500
1500
1500
1500
1500
1500
1500
995
-1007
1500
1500
1500
1500
1500
1500
1500
1500
1500
1500
1500
2948
1500
1500
1500
1500
1338
1367
1500
1500
1500
2948
1500
1500
1500
1500
1500
1500
1500
1500
1500
1500
2948
1500
4396
1500
1500
1500
632
1500
1500
1500
1500
1500
1500
1500
397
1500
1500
1500
1707
1500
1500
1500
1765
