1380142301545414
1380142301643705
1380142301682738
1380142301740020
1380142301740115
1380142301740181
1380142301740266
1380142301790725
1380142301836447
1380142301836742
1380142301836900
1380142301838274
1380142301838457
1380142301874690
1380142301888863
1380142301888976
1380142301893074
1380142301934369
1380142301934877
1380142301935027
1380142301935729
1380142301935820
1380142301936673
1380142301936728
1380142301974668
1380142301984437
1380142301991023
1380142301993387
1380142302030336
1380142302031138
1380142302032198
1380142302032310
1380142302032866
1380142302032995
1380142302035740
1380142302089149
1380142302089375
1380142302090477
1380142302185579
1380142302185635
1380142302191776
1380142302191988
1380142302231362
1380142302290673
1380142302290735
1380142302290961
1380142302328695
1380142302328922
1380142302329163
1380142302389213
1380142302389296
1380142302425046
1380142302425267
1380142302425516
1380142302425738
1380142302426841
1380142302427075
1380142302466900
1380142302521793
1380142302521873
1380142302522097
1380142302522315
1380142302522381
1380142302522583
1380142302522651
1380142302523240
1380142302524180
1380142302565426
1380142302567481
1380142302567562
1380142302618696
1380142302618896
1380142302619113
1380142302619362
1380142302619467
1380142302619918
1380142302619986
1380142302620068
1380142302620297
1380142302620524
1380142302664321
1380142302664523
1380142302665507
1380142302666959
1380142302667475
1380142302667581
1380142302762208
1380142302762429
1380142302762587
1380142302766194
1380142302766451
1380142302766704
1380142302767019
1380142302767314
1380142302767504
1380142302767753
1380142302768371
1380142302768564
1380142302866610
1380142302866775
1380142302866868
1380142302867027
1380142302867547
1380142302867759
1380142302868974
1380142302869115
1380142302903710
1380142302966252
1380142302968937
1380142302969016
1380142302969309
1380142303002717
1380142303002925
1380142303003809
1380142303004158
1380142303004596
1380142303004915
1380142303004998
1380142303005688
1380142303006018
1380142303006075
1380142303006144
1380142303006210
1380142303063917
1380142303067923
1380142303099119
1380142303100704
1380142303100955
1380142303101021
1380142303103848
1380142303103884
1380142303103956
1380142303103977
1380142303105385
1380142303105420
1380142303105510
1380142303105682
1380142303105976
1380142303106173
1380142303106517
1380142303107572
1380142303107978
1380142303108186
1380142303108246
1380142303108553
1380142303108843
1380142303108918
1380142303109012
1380142303109253
1380142303109704
1380142303109875
1380142303109951
1380142303167157
1380142303205503
1380142303205790
1380142303205895
1380142303304431
1380142303304715
1380142303342655
1380142303364570
1380142303364605
1380142303364673
1380142303364761
1380142303364794
1380142303364846
1380142303364900
1380142303402074
1380142303462852
1380142303463469
1380142303463965
1380142303464176
1380142303464467
1380142303464570
1380142303464889
1380142303465316
1380142303465382
1380142303466519
1380142303466593
1380142303466689
1380142303466965
1380142303467216
1380142303467593
1380142303467807
1380142303467839
1380142303467918
1380142303468165
1380142303468242
1380142303468365
1380142303468632
1380142303469266
1380142303469468
1380142303469541
1380142303469812
1380142303469920
1380142303470220
1380142303470422
1380142303470509
1380142303470582
1380142303470668
1380142303470955
1380142303471625
1380142303472590
1380142303473421
1380142303473844
1380142303473916
1380142303473984
1380142303474323
1380142303474367
1380142303474529
1380142303475192
1380142303475333
1380142303475506
1380142303475593
1380142303570224
1380142303570477
1380142303570562
1380142303570631
1380142303570724
1380142303571108
1380142303571179
1380142303571450
1380142303571875
1380142303571970
1380142303572184
1380142303572257
1380142303572899
1380142303572965
1380142303573263
1380142303573479
1380142303573657
1380142303574053
1380142303574149
1380142303574393
1380142303574493
1380142303575633
1380142303575731
1380142303575933
1380142303576294
1380142303576399
1380142303576615
1380142303576997
1380142303577354
1380142303669506
1380142303669717
1380142303669972
1380142303670037
1380142303670146
1380142303670431
1380142303670517
1380142303670581
1380142303671013
1380142303671080
1380142303671523
1380142303671931
1380142303675251
1380142303675322
1380142303675431
1380142303675701
1380142303675766
1380142303677879
1380142303678127
1380142303715534
1380142303773442
1380142303773521
1380142303773831
1380142303773922
1380142303773996
1380142303774341
1380142303774440
1380142303777453
1380142303777551
1380142303777642
1380142303816412
1380142303816630
1380142303816968
1380142303876878
1380142303915784
1380142303915866
1380142303915971
1380142303916068
1380142303917225
1380142303917448
1380142303917749
1380142304014706
1380142304018361
1380142304018549
1380142304018896
1380142304018965
1380142304019017
1380142304019073
1380142304019127
1380142304019178
1380142304019228
1380142304019277
1380142304047842
1380142304071776
1380142304071855
1380142304091251
1380142304117291
1380142304118294
1380142304118828
1380142304118950
1380142304118974
1380142304119098
1380142304119215
1380142304119876
1380142304120021
1380142304120261
1380142304120404
1380142304120586
1380142304121282
1380142304121603
1380142304121911
1380142304121938
1380142304122015
1380142304122335
1380142304122397
1380142304122660
1380142304123035
1380142304123333
1380142304123447
1380142304123538
1380142304123934
1380142304124018
1380142304124278
1380142304124405
1380142304124456
1380142304124725
1380142304124802
1380142304124908
1380142304125364
1380142304125501
1380142304125523
1380142304125625
1380142304125714
1380142304125774
1380142304126377
1380142304126474
1380142304126863
1380142304126948
1380142304127922
1380142304128031
1380142304190712
1380142304191891
1380142304215806
1380142304215932
1380142304216533
1380142304216928
1380142304217045
1380142304217348
1380142304217448
1380142304218336
1380142304218548
1380142304218891
1380142304219037
1380142304220860
1380142304221077
1380142304225888
1380142304226374
1380142304226488
1380142304226568
1380142304226854
1380142304226890
1380142304227144
1380142304227211
1380142304227555
1380142304227579
1380142304227959
1380142304228169
1380142304228258
1380142304228657
1380142304228765
1380142304229061
1380142304229621
1380142304229721
1380142304229897
1380142304230536
1380142304230611
1380142304231011
1380142304231261
1380142304231562
1380142304231580
1380142304231711
1380142304231805
1380142304231876
1380142304232494
1380142304232517
1380142304232588
1380142304232806
1380142304233162
1380142304233303
1380142304289921
1380142304290437
1380142304291078
1380142304312932
1380142304313144
1380142304316260
1380142304316284
1380142304316356
1380142304316376
1380142304316584
1380142304327665
1380142304327703
1380142304327825
1380142304327907
1380142304328374
1380142304328680
1380142304328792
1380142304328892
1380142304329243
1380142304329476
1380142304329755
1380142304329868
1380142304330163
1380142304332309
1380142304332591
1380142304332751
1380142304333108
1380142304333195
1380142304333528
1380142304333685
1380142304333873
1380142304334259
1380142304334345
1380142304334646
1380142304334742
1380142304334812
1380142304335159
1380142304335231
1380142304335494
1380142304335749
1380142304335880
1380142304335958
1380142304336423
1380142304336687
1380142304336841
1380142304337043
1380142304428573
1380142304429041
1380142304429128
1380142304429217
1380142304429317
1380142304429814
1380142304429907
1380142304430246
1380142304431921
1380142304432122
1380142304432233
1380142304435544
1380142304435882
1380142304436437
1380142304436795
1380142304437121
1380142304437463
1380142304474728
1380142304474812
1380142304475107
1380142304475202
1380142304475311
1380142304475398
1380142304475784
1380142304476074
1380142304476190
