1380015210992090
1380015211081366
1380015211081455
1380015211081550
1380015211154743
1380015211169007
1380015211169216
1380015211169296
1380015211169520
1380015211169673
1380015211180180
1380015211180299
1380015211180495
1380015211193476
1380015211204264
1380015211204459
1380015211204636
1380015211204818
1380015211204876
1380015211205174
1380015211205327
1380015211205986
1380015211206064
1380015211219176
1380015211219255
1380015211228932
1380015211229046
1380015211229129
1380015211229563
1380015211229718
1380015211229997
1380015211230424
1380015211230538
1380015211230824
1380015211231112
1380015211231255
1380015211231332
1380015211231616
1380015211231787
1380015211231852
1380015211232126
1380015211232283
1380015211232425
1380015211232566
1380015211232735
1380015211232791
1380015211232946
1380015211233086
1380015211243396
1380015211243468
1380015211243710
1380015211243852
1380015211256778
1380015211256951
1380015211257331
1380015211257565
1380015211257720
1380015211257990
1380015211258161
1380015211258270
1380015211258444
1380015211258673
1380015211259098
1380015211267692
1380015211267774
1380015211268201
1380015211268282
1380015211268473
1380015211268894
1380015211269030
1380015211283965
1380015211292839
1380015211292929
1380015211293040
1380015211293335
1380015211293879
1380015211293989
1380015211294392
1380015211294549
1380015211294777
1380015211295109
1380015211295263
1380015211295444
1380015211295502
1380015211295661
1380015211317659
1380015211317747
1380015211317951
1380015211318297
1380015211318678
1380015211318868
1380015211320595
1380015211320738
1380015211321322
1380015211322263
1380015211322296
1380015211322511
1380015211322524
1380015211322844
1380015211322903
1380015211323102
1380015211323160
1380015211323245
1380015211329469
1380015211341681
1380015211343474
1380015211343574
1380015211343681
1380015211343999
1380015211345982
1380015211347697
1380015211348032
1380015211348325
1380015211348413
1380015211348822
1380015211348915
1380015211349392
1380015211349774
1380015211349943
1380015211350016
1380015211350182
1380015211350681
1380015211352565
1380015211352661
1380015211352743
1380015211352811
1380015211353720
1380015211354278
1380015211354469
1380015211355383
1380015211355841
1380015211355972
1380015211356204
1380015211356337
1380015211356842
1380015211357035
1380015211357229
1380015211357301
1380015211357538
1380015211357884
1380015211358159
1380015211358267
1380015211358927
1380015211359037
1380015211359453
1380015211359606
1380015211359716
1380015211359924
1380015211360034
1380015211360301
1380015211360474
1380015211360629
1380015211361797
1380015211361967
1380015211362038
1380015211362230
1380015211362418
1380015211362650
1380015211363084
1380015211366428
1380015211366592
1380015211366774
1380015211366878
1380015211367145
1380015211367225
1380015211367423
1380015211367508
1380015211368534
1380015211369260
1380015211369491
1380015211369562
1380015211369640
1380015211369847
1380015211370017
1380015211370081
1380015211370186
1380015211370383
1380015211371728
1380015211373217
1380015211373584
1380015211373802
1380015211375183
1380015211375362
1380015211379258
1380015211379358
1380015211379500
1380015211379573
1380015211380013
1380015211380143
1380015211380225
1380015211380448
1380015211380791
1380015211380901
1380015211380944
1380015211380985
1380015211384507
1380015211384876
1380015211384973
1380015211385180
1380015211385415
1380015211385502
1380015211385762
1380015211386078
1380015211386193
1380015211386426
1380015211386529
1380015211387282
1380015211387376
1380015211387632
1380015211387895
1380015211388013
1380015211388894
1380015211389001
1380015211389111
1380015211389513
1380015211389649
1380015211389751
1380015211390189
1380015211390285
1380015211390560
1380015211390740
1380015211390855
1380015211391121
1380015211391254
1380015211391553
1380015211391674
1380015211392051
1380015211392155
1380015211392408
1380015211392519
1380015211392622
1380015211393043
1380015211393133
1380015211393224
1380015211393245
1380015211393324
1380015211393690
1380015211393909
1380015211394136
1380015211394434
1380015211394658
1380015211394871
1380015211395088
1380015211395253
1380015211395550
1380015211395749
1380015211396008
1380015211396225
1380015211396529
1380015211396828
1380015211396963
1380015211397576
1380015211397854
1380015211398035
1380015211398210
1380015211398456
1380015211398631
1380015211398831
1380015211398989
1380015211399258
1380015211399440
1380015211399583
1380015211403108
1380015211403858
1380015211404156
1380015211404671
1380015211404781
1380015211405019
1380015211405261
1380015211405436
1380015211405639
1380015211405978
1380015211406054
1380015211406166
1380015211406497
1380015211406773
1380015211407116
1380015211407312
1380015211407470
1380015211407603
1380015211407879
1380015211408166
1380015211408445
1380015211408680
1380015211408969
1380015211409167
1380015211409795
1380015211410072
1380015211410331
1380015211410608
1380015211410865
1380015211411142
1380015211411473
1380015211411744
1380015211411839
1380015211412079
1380015211412232
1380015211413062
1380015211413571
1380015211413700
1380015211414854
1380015211415076
1380015211415193
1380015211415941
1380015211416232
1380015211416476
1380015211416668
1380015211416882
1380015211417065
1380015211417667
1380015211417953
1380015211418096
1380015211418533
1380015211418711
1380015211418941
1380015211419180
1380015211419368
1380015211419556
1380015211419639
1380015211420007
1380015211420085
1380015211421564
1380015211421845
1380015211421992
1380015211422288
1380015211422520
1380015211422901
1380015211423158
1380015211423321
1380015211423574
1380015211423834
1380015211424173
1380015211424525
1380015211425124
1380015211425376
1380015211426874
1380015211427246
1380015211427591
1380015211427867
1380015211428066
1380015211428372
1380015211428564
1380015211428829
1380015211429064
1380015211429285
1380015211429507
1380015211429695
1380015211429933
1380015211430185
1380015211430417
1380015211430693
1380015211430853
1380015211431139
1380015211431300
1380015211431627
1380015211431854
1380015211432052
1380015211433074
1380015211433305
1380015211433499
1380015211433732
1380015211434150
1380015211434440
1380015211434730
1380015211435005
1380015211435064
1380015211435307
1380015211435521
1380015211435651
1380015211435876
1380015211436045
1380015211436310
1380015211436505
1380015211436744
1380015211436843
1380015211437002
1380015211437186
1380015211437458
1380015211437564
1380015211437804
1380015211437875
1380015211438070
1380015211438363
1380015211438612
1380015211438839
1380015211439096
1380015211439288
1380015211439540
1380015211439648
1380015211439912
1380015211440101
1380015211440478
1380015211440876
1380015211441111
1380015211441172
1380015211441454
1380015211441609
1380015211441713
1380015211453774
1380015211454005
1380015211454312
1380015211454445
1380015211454601
1380015211454787
1380015211455001
1380015211455245
1380015211455680
1380015211455809
1380015211455998
1380015211456153
1380015211456486
1380015211456645
1380015211456792
1380015211456952
1380015211457148
1380015211457310
1380015211457438
1380015211457623
1380015211457824
1380015211458038
1380015211458207
1380015211458355
1380015211458642
1380015211458803
1380015211459018
1380015211459140
1380015211459322
1380015211459574
1380015211459683
1380015211459905
1380015211460044
1380015211460160
1380015211460283
1380015211460827
1380015211461539
1380015211461721
1380015211461841
1380015211462009
1380015211462259
1380015211462444
1380015211462648
1380015211462784
1380015211462928
1380015211463151
1380015211463300
1380015211463474
1380015211463692
1380015211463855
1380015211464012
1380015211464124
1380015211469283
1380015211469477
1380015211473937
1380015211474197
1380015211474360
1380015211474695
1380015211475203
1380015211475479
1380015211475798
1380015211476029
1380015211476135
1380015211476330
1380015211476488
1380015211479837
1380015211480083
1380015211480207
1380015211480369
1380015211480572
1380015211481173
1380015211481319
1380015211481592
1380015211481736
1380015211481861
1380015211482026
1380015211482222
1380015211482378
1380015211482587
1380015211482736
1380015211482963
1380015211483155
1380015211483297
1380015211487280
1380015211487403
1380015211487573
1380015211488085
1380015211488276
1380015211488416
1380015211488582
1380015211488841
1380015211489098
1380015211489404
1380015211489557
1380015211489733
1380015211489829
1380015211489996
1380015211490138
1380015211490250
1380015211491955
1380015211492820
1380015211495595
1380015211495746
1380015211495952
1380015211496107
1380015211496291
1380015211496452
1380015211496602
1380015211496855
1380015211497023
1380015211497239
1380015211497364
1380015211499722
1380015211500011
1380015211500185
1380015211500329
1380015211500669
1380015211500798
1380015211501855
1380015211502171
1380015211502364
1380015211502492
1380015211503449
1380015211504729
1380015211504978
1380015211505233
1380015211505651
1380015211505780
1380015211506148
1380015211506325
1380015211506501
1380015211506621
1380015211506922
1380015211507074
1380015211507271
1380015211507306
1380015211507700
1380015211507860
1380015211508035
1380015211508209
1380015211508304
1380015211508509
1380015211508664
1380015211508777
1380015211508927
1380015211509205
1380015211509383
1380015211509660
1380015211509804
1380015211509980
1380015211510014
1380015211510466
1380015211510702
1380015211510841
1380015211511042
1380015211511141
1380015211511244
1380015211511368
1380015211511711
1380015211511900
1380015211512043
1380015211512540
1380015211512705
1380015211512883
1380015211512980
1380015211513154
1380015211513340
1380015211513493
1380015211513691
1380015211514547
1380015211516870
1380015211517152
1380015211517327
1380015211518243
1380015211518545
1380015211518699
1380015211518873
1380015211518971
1380015211519162
1380015211519333
1380015211519469
1380015211519623
1380015211519786
1380015211520050
1380015211520215
1380015211520443
1380015211520758
1380015211520857
1380015211521047
1380015211521197
1380015211521456
1380015211521574
1380015211521770
1380015211521942
1380015211522085
1380015211522285
1380015211522445
1380015211522548
1380015211522748
1380015211522898
1380015211523109
1380015211523620
1380015211523771
1380015211524011
1380015211524197
1380015211524295
1380015211524505
1380015211524638
1380015211524805
1380015211525081
1380015211525236
1380015211525471
1380015211525711
1380015211525916
1380015211526178
1380015211526342
1380015211526517
1380015211526627
1380015211526772
1380015211526965
1380015211527159
1380015211527302
1380015211527418
1380015211527682
1380015211528173
1380015211528510
1380015211528625
1380015211528819
1380015211528976
1380015211529076
1380015211529274
1380015211529452
1380015211529601
1380015211529736
1380015211529904
1380015211530056
1380015211530201
1380015211530420
1380015211530654
1380015211530741
1380015211531100
1380015211531276
1380015211531391
1380015211531553
1380015211531743
1380015211531891
1380015211532148
1380015211532343
1380015211532611
1380015211532783
1380015211532897
1380015211533088
1380015211533261
1380015211533471
1380015211533620
1380015211533742
1380015211541495
1380015211541565
1380015211541803
1380015211542022
1380015211544568
1380015211544808
1380015211545165
1380015211545233
1380015211545484
1380015211545598
1380015211545724
1380015211545926
1380015211546264
1380015211546364
1380015211546461
1380015211546711
1380015211546812
1380015211547052
1380015211572053
1380015211572063
1380015211572297
1380015211572325
1380015211584042
1380015211584052
1380015211610716
1380015211615393
1380015211616445
1380015211616527
1380015211616582
1380015211616635
1380015211620269
1380015211622967
1380015211623221
1380015211623467
1380015211623633
1380015211623836
1380015211623954
1380015211624131
1380015211624338
1380015211624580
1380015211624780
1380015211624969
1380015211625219
1380015211625424
1380015211625503
1380015211625618
1380015211626101
1380015211626192
1380015211626416
1380015211626524
1380015211626643
1380015211626770
1380015211627030
1380015211627218
1380015211627418
1380015211627643
1380015211627768
1380015211628009
1380015211628175
1380015211628419
1380015211628455
1380015211628568
1380015211628616
1380015211628782
1380015211633969
1380015211634162
1380015211634324
1380015211634433
1380015211634686
1380015211635302
1380015211635552
1380015211636044
1380015211636223
1380015211636366
1380015211636580
1380015211636768
1380015211636955
1380015211637199
1380015211637364
1380015211637574
1380015211637708
1380015211637897
1380015211638120
1380015211638431
1380015211638577
1380015211638713
1380015211638864
1380015211639062
1380015211639304
1380015211639427
1380015211639729
1380015211639869
1380015211640051
1380015211640213
1380015211640433
1380015211640601
1380015211640842
1380015211641017
1380015211641182
1380015211641452
1380015211641679
1380015211641803
1380015211641899
1380015211642861
1380015211643026
1380015211643224
1380015211643357
1380015211643757
1380015211643975
1380015211644146
1380015211644316
1380015211644418
1380015211644813
1380015211645060
1380015211645217
1380015211647994
1380015211651143
1380015211651414
1380015211651726
1380015211651857
1380015211652105
1380015211652241
1380015211652390
1380015211652546
1380015211652791
1380015211652939
1380015211653279
1380015211653520
1380015211653661
1380015211653839
1380015211654003
1380015211654270
1380015211654439
1380015211654591
1380015211654713
1380015211654964
1380015211655151
1380015211655306
1380015211655460
1380015211655635
1380015211655826
1380015211656048
1380015211656189
1380015211656313
1380015211656511
1380015211656621
1380015211656977
1380015211657147
1380015211657335
1380015211657473
1380015211657667
1380015211657699
1380015211657894
1380015211658202
1380015211658495
1380015211658778
1380015211658966
1380015211659082
1380015211659286
1380015211659533
1380015211659720
1380015211659837
1380015211660065
1380015211660283
1380015211660456
1380015211660651
1380015211660815
1380015211660963
1380015211661140
1380015211661250
1380015211664654
1380015211664964
1380015211665205
1380015211665369
1380015211666470
1380015211666693
1380015211666856
1380015211667381
1380015211667749
1380015211667897
1380015211668140
1380015211668408
1380015211668730
1380015211668925
1380015211669160
1380015211669660
1380015211669993
1380015211670232
1380015211670523
1380015211670735
1380015211670955
1380015211671210
1380015211671409
1380015211671611
1380015211671876
1380015211672121
1380015211672330
1380015211672602
1380015211672860
1380015211673113
1380015211673329
1380015211673605
1380015211673856
1380015211674076
1380015211674370
1380015211674643
1380015211674908
1380015211675120
1380015211675393
1380015211675676
1380015211675956
1380015211676238
1380015211676303
1380015211676546
1380015211676762
1380015211676957
1380015211678159
1380015211678352
1380015211681770
1380015211681986
1380015211682411
1380015211687164
1380015211691864
1380015211696575
1380015211696657
1380015211701306
1380015211705901
1380015211710565
1380015211715142
1380015211719800
1380015211724686
1380015211729320
1380015211734088
1380015211735991
1380015211738682
1380015211740620
1380015211741784
1380015211742445
1380015211742973
1380015211743384
1380015211748104
1380015211752721
1380015211757604
1380015211758280
1380015211762846
1380015211763070
1380015211763223
1380015211767727
1380015211767897
1380015211768075
1380015211768257
1380015211768388
1380015211772546
1380015211772893
1380015211773016
1380015211773171
1380015211773307
1380015211773504
1380015211773759
1380015211774254
1380015211774509
1380015211774683
1380015211774867
1380015211775742
1380015211776092
1380015211776339
1380015211780837
1380015211785465
1380015211829169
1380015211829345
1380015211834128
1380015211834303
1380015211834441
1380015211834567
1380015211839039
1380015211839179
1380015211839401
1380015211839568
1380015211839781
1380015211839971
1380015211840115
1380015211844534
1380015211844716
1380015211844889
1380015211845046
1380015211845217
1380015211845339
1380015211845601
1380015211845754
1380015211846072
1380015211846257
1380015211846385
1380015211846562
1380015211846696
1380015212590939
1380015212689820
1380015212689902
1380015212690338
1380015212787357
1380015212823070
1380015212850896
1380015212851499
1380015212868203
1380015212972105
1380015212973030
1380015213074394
1380015213074743
1380015213112798
