1380090708139659
1380090708269506
1380090708269567
1380090708269656
1380090708372752
1380090708372814
1380090708417458
1380090708523555
1380090708523645
1380090708530028
1380090708530107
1380090708530354
1380090708627956
1380090708628006
1380090708628309
1380090708628579
1380090708628872
1380090708628936
1380090708629110
1380090708629533
1380090708629698
1380090708630814
1380090708632699
1380090708633082
1380090708633330
1380090708636635
1380090708636698
1380090708636876
1380090708637350
1380090708637553
1380090708637866
1380090708637959
1380090708638140
1380090708732669
1380090708732879
1380090708732946
1380090708733181
1380090708733591
1380090708733679
1380090708733884
1380090708737311
1380090708737479
1380090708737563
1380090708737730
1380090708737947
1380090708738374
1380090708739027
1380090708739162
1380090708739252
1380090708739439
1380090708740112
1380090708740166
1380090708740544
1380090708740842
1380090708740985
1380090708779997
1380090708780004
1380090708780603
1380090708837048
1380090708837124
1380090708837194
1380090708837409
1380090708837468
1380090708840860
1380090708840930
1380090708841139
1380090708841225
1380090708841433
1380090708841496
1380090708841751
1380090708841906
1380090708841985
1380090708842403
1380090708842654
1380090708845920
1380090708846147
1380090708846443
1380090708846498
1380090708846934
1380090708846994
1380090708847197
1380090708847555
1380090708847721
1380090708847775
1380090708847957
1380090708848107
1380090708880026
1380090708889014
1380090708889196
1380090708889272
1380090708923829
1380090708940837
1380090708941077
1380090708941182
1380090708941417
1380090708941684
1380090708941744
1380090708946133
1380090708946366
1380090708946457
1380090708946515
1380090708946762
1380090708946835
1380090708946910
1380090708947156
1380090708953499
1380090708953765
1380090708953992
1380090708954075
1380090708954273
1380090708954536
1380090708954597
1380090708955177
1380090708955329
1380090708955416
1380090708955626
1380090708955771
1380090708956257
1380090708956317
1380090708956532
1380090708992033
1380090708996017
1380090708996202
1380090708996346
1380090708996435
1380090708996614
1380090708996833
1380090708996921
1380090708997071
1380090708997524
1380090708997720
1380090708997793
1380090708997990
1380090709013903
1380090709031420
1380090709031597
1380090709031850
1380090709035448
1380090709035529
1380090709035707
1380090709035811
1380090709040956
1380090709060106
1380090709060289
1380090709060379
1380090709060602
1380090709060670
1380090709060867
1380090709060930
1380090709061098
1380090709061901
1380090709062058
1380090709062213
1380090709062358
1380090709062495
1380090709104140
1380090709104475
1380090709104716
1380090709104817
1380090709105043
1380090709105114
1380090709105371
1380090709105473
1380090709105661
1380090709106165
1380090709106309
1380090709106463
1380090709106544
1380090709107126
1380090709107204
1380090709107429
1380090709107484
1380090709138014
1380090709138117
1380090709138205
1380090709138450
1380090709138526
1380090709138954
1380090709139021
1380090709139202
1380090709139521
1380090709139750
1380090709140045
1380090709140287
1380090709140939
1380090709141007
1380090709141263
1380090709141777
1380090709142067
1380090709142130
1380090709142399
1380090709142557
1380090709142783
1380090709142884
1380090709143072
1380090709143290
1380090709143440
1380090709143687
1380090709143993
1380090709144053
1380090709144323
1380090709144738
1380090709145232
1380090709145886
1380090709146106
1380090709146255
1380090709146489
1380090709146709
1380090709146839
1380090709146928
1380090709147073
1380090709147264
1380090709147413
1380090709147549
1380090709147697
1380090709147831
1380090709147996
1380090709148154
1380090709149102
1380090709149237
1380090709149376
1380090709149520
1380090709149673
1380090709149769
1380090709150679
1380090709150833
1380090709150953
1380090709151068
1380090709152458
1380090709152636
1380090709152793
1380090709152861
1380090709153001
1380090709212537
1380090709213107
1380090709213556
1380090709213917
1380090709214179
1380090709214354
1380090709245482
1380090709245825
1380090709246173
1380090709246317
1380090709246536
1380090709246720
1380090709246910
1380090709247209
1380090709247450
1380090709247743
1380090709248207
1380090709248574
1380090709248770
1380090709248947
1380090709249297
1380090709249717
1380090709249993
1380090709250258
1380090709250532
1380090709250839
1380090709251159
1380090709251489
1380090709251831
1380090709252157
1380090709252360
1380090709252628
1380090709252965
1380090709253163
1380090709254178
1380090709254456
1380090709254593
1380090709254853
1380090709255139
1380090709255347
1380090709255609
1380090709256685
1380090709256912
1380090709257150
1380090709257398
1380090709261002
1380090709261462
1380090709261703
1380090709261996
1380090709262234
1380090709262437
1380090709262778
1380090709263308
1380090709263575
1380090709263837
1380090709264006
1380090709264176
1380090709264427
1380090709264595
1380090709264672
1380090709264856
1380090709265232
1380090709265524
1380090709265870
1380090709266047
1380090709266261
1380090709266959
1380090709267571
1380090709268206
1380090709268601
1380090709268980
1380090709269308
1380090709269554
1380090709270003
1380090709270202
1380090709270349
1380090709270686
1380090709270910
1380090709322557
1380090709322792
1380090709322880
1380090709323070
1380090709323159
1380090709323420
1380090709323571
1380090709323648
1380090709323995
1380090709324236
1380090709324384
1380090709324543
1380090709324779
1380090709324925
1380090709325066
1380090709325216
1380090709325336
1380090709352496
1380090709352818
1380090709353023
1380090709353138
1380090709353250
1380090709353514
1380090709353638
1380090709354113
1380090709354445
1380090709354714
1380090709354882
1380090709354959
1380090709355323
1380090709355451
1380090709355745
1380090709356027
1380090709356128
1380090709356305
1380090709356441
1380090709356581
1380090709356716
1380090709358969
1380090709359208
1380090709359400
1380090709359712
1380090709359821
1380090709360016
1380090709360136
1380090709360315
1380090709360404
1380090709360490
1380090709360648
1380090709360992
1380090709361156
1380090709361298
1380090709361437
1380090709365478
1380090709365864
1380090709366009
1380090709366085
1380090709366285
1380090709366435
1380090709366550
1380090709366707
1380090709368645
1380090709368718
1380090709368899
1380090709369038
1380090709369722
1380090709369921
1380090709370104
1380090709370281
1380090709370543
1380090709370738
1380090709370793
1380090709378609
1380090709378957
1380090709379180
1380090709379432
1380090709379571
1380090709379684
1380090709379867
1380090709380134
1380090709380271
1380090709380818
1380090709380961
1380090709381046
1380090709381245
1380090709381386
1380090709381664
1380090709381947
1380090709382520
1380090709382656
1380090709382838
1380090709382937
1380090709383106
1380090709383248
1380090709383402
1380090709383556
1380090709383723
1380090709383801
1380090709395990
1380090709398769
1380090709407104
1380090709407795
1380090709407853
1380090709407907
1380090709407980
1380090709408032
1380090709485688
1380090709485940
1380090709486102
1380090709486354
1380090709486638
1380090709486902
1380090709487091
1380090709487344
1380090709487717
1380090709487917
1380090709488738
1380090709488953
1380090709489058
1380090709492360
1380090709492632
1380090709492915
1380090709493033
1380090709493244
1380090709493414
1380090709493624
1380090709493942
1380090709494178
1380090709494407
1380090709494897
1380090709495098
1380090709495302
1380090709512690
1380090709513118
1380090709513360
1380090709513593
1380090709513835
1380090709514569
1380090709514786
1380090709515009
1380090709524159
1380090709524233
1380090709524539
1380090709524608
1380090709524800
1380090709525190
1380090709525259
1380090709533985
1380090709534050
1380090709534140
1380090709534571
1380090709534696
1380090709534792
1380090709535214
1380090709535329
1380090709535411
1380090709535819
1380090709535954
1380090709536033
1380090709536129
1380090709536625
1380090709536652
1380090709536857
1380090709596475
1380090709596576
1380090709596647
1380090709597124
1380090709597200
1380090709597462
1380090709597534
1380090709597613
1380090709597928
1380090709598195
1380090709598267
1380090709598527
1380090709598623
1380090709598900
1380090709599127
1380090709599183
1380090709599426
1380090709599504
1380090709599573
1380090709599930
1380090709600228
1380090709600455
1380090709600538
1380090709600587
1380090709600703
1380090709641531
1380090709641619
1380090709642027
1380090709642129
1380090709642402
1380090709642486
1380090709642751
1380090709643196
1380090709643265
1380090709643493
1380090709643580
1380090709643639
1380090709644117
1380090709644177
1380090709644459
1380090709644569
1380090709708138
1380090709708238
1380090709708329
1380090709708857
1380090709708949
1380090709709005
1380090709709102
1380090709709479
1380090709709704
1380090709709767
1380090709710090
1380090709710169
1380090709710432
1380090709710506
1380090709710575
1380090709710822
1380090709711065
1380090709711174
1380090709749205
1380090709749688
1380090709749790
1380090709750141
1380090709750221
1380090709750615
1380090709750838
1380090709750920
1380090709751345
1380090709751445
1380090709751716
1380090709751792
1380090709751856
1380090709752134
1380090709752473
1380090709752533
1380090709752840
1380090709752919
1380090709753201
1380090709753312
1380090709818456
1380090709818531
1380090709818972
1380090709819191
1380090709819265
1380090709819347
1380090709819644
1380090709819913
1380090709820005
1380090709820295
1380090709820506
1380090709820584
1380090709820902
1380090709821177
1380090709821242
1380090709821475
1380090709821547
1380090709821656
1380090709835104
1380090709858425
1380090709858925
1380090709859029
1380090709859371
1380090709859437
1380090709859810
1380090709860069
1380090709860149
1380090709860606
1380090709860663
1380090709860896
1380090709861098
1380090709861169
1380090709861460
1380090709861734
1380090709861793
1380090709862103
1380090709862370
1380090709862442
1380090709862765
1380090709862830
1380090709863253
1380090709863324
1380090709863579
1380090709863643
1380090709863877
1380090709864102
1380090709864166
1380090709864252
1380090709864638
1380090709864704
1380090709865200
1380090709865270
1380090709865550
1380090709865641
1380090709865983
1380090709866221
1380090709866459
1380090709866743
1380090709866996
1380090709867392
1380090709929083
1380090709929381
1380090709929670
1380090709929846
1380090709930109
1380090709930387
1380090709930691
1380090709930838
1380090709931240
1380090709931370
1380090709931623
1380090709931786
1380090709932158
1380090709932451
1380090709932868
1380090709933242
1380090709933532
1380090709941370
1380090709941675
1380090709962850
1380090709963099
1380090709963229
1380090709966844
1380090709967130
1380090709967378
1380090709967610
1380090709967861
1380090709968086
1380090709968262
1380090709968540
1380090709968672
1380090709968859
1380090709969037
1380090709969558
1380090709969787
1380090709970012
1380090709970149
1380090709970425
1380090709970699
1380090709970792
1380090709971291
1380090709971532
1380090709971667
1380090709971812
1380090709972056
1380090709972292
1380090709972436
1380090710008718
1380090710008969
1380090710009005
1380090710017044
1380090710017317
1380090710061169
1380090710061367
1380090710124057
1380090710124154
1380090710124260
1380090710124608
1380090710154572
1380090710154808
1380090710155064
1380090710155147
1380090710155402
1380090710155466
1380090710155690
1380090710155924
1380090710231343
1380090710231515
1380090710231693
1380090710231792
1380090710232488
1380090710232621
1380090710232724
1380090710246946
1380090710261387
1380090710261678
1380090710262039
1380090710262379
1380090710262519
1380090710262642
1380090710262760
1380090710263393
1380090710263832
1380090710264181
1380090710264356
1380090710338873
1380090710338963
1380090710339319
1380090710339524
1380090710339825
1380090710339889
1380090710340103
1380090710380261
1380090710387599
1380090710391785
1380090710391845
1380090710491035
1380090710491124
1380090710506364
1380090710506463
1380090710594550
1380090710594631
1380090710609406
1380090710609534
1380090710609881
1380090710697767
1380090710697853
1380090710698181
1380090710712606
1380090710712713
1380090710712784
1380090710712887
1380090710713332
1380090710713413
1380090710713506
1380090710801354
1380090710801438
1380090710801714
1380090710816253
1380090710816579
1380090710816665
1380090710816953
1380090710817291
1380090710817606
1380090710817734
1380090710818203
1380090710818285
1380090710818766
1380090710904790
1380090710905103
1380090710905201
1380090710919880
1380090710920019
1380090710920372
1380090710921148
1380090710921373
1380090710921455
1380090710921787
1380090710921842
1380090710922179
1380090710922236
1380090710922615
1380090710922679
1380090710922769
1380090710923018
1380090710923351
1380090710923416
1380090710923640
1380090710923687
1380090711008556
1380090711008642
1380090711008714
1380090711009083
1380090711112331
1380090711112424
1380090711112516
1380090711112710
1380090711215238
1380090712155967
1380090712254669
1380090712255117
1380090712352216
1380090712383911
1380090712407779
1380090712407839
1380090712425571
1380090712538720
1380090712539707
1380090712642253
1380090712642557
1380090712643161
1380090712681823
1380090745265990
1380090745501430
1380090745502380
1380090745502727
1380090745502814
1380090745502893
1380090745735594
1380090745735704
1380090745735784
1380090745735872
1380090745736865
1380090745736947
1380090745738187
1380090745738273
1380090745740526
1380090745968158
1380090745969886
1380090745970090
1380090745970339
1380090745970590
1380090745970696
1380090745971095
1380090745971204
1380090745971352
1380090745971457
1380090745971881
1380090745972017
1380090745972107
