1380098086624408
1380098086725896
1380098086725971
1380098086741068
1380098086741289
1380098086741405
1380098086741692
1380098086756642
1380098086756835
1380098086757341
1380098086757856
1380098086758051
1380098086758146
1380098086758486
1380098086758580
1380098086771049
1380098086771250
1380098086771451
1380098086771769
1380098087452892
1380098087471323
1380098087483692
1380098087484684
1380098087484954
1380098087485330
1380098087485548
1380098087497342
1380098087499699
1380098087500142
1380098087500705
1380098087501854
1380098087502361
1380098087512703
1380098087512797
1380098087512994
1380098087513083
1380098087514196
1380098087532107
1380098087532781
1380098087545388
1380098087549820
1380098087550420
1380098087566064
1380098087566369
1380098087580234
1380098087591340
1380098087591656
1380098087591862
1380098087592069
1380098087605484
1380098087608506
1380098087609859
1380098087610192
1380098087610226
1380098087610304
1380098087623354
1380098087623478
1380098087623664
1380098087623802
1380098087624354
1380098087624530
1380098087635787
1380098087636284
1380098087636672
1380098087636761
1380098087673436
1380098087673727
1380098087687591
1380098087700394
1380098087725006
1380098087725275
1380098087741369
1380098087741482
1380098087742284
1380098087742564
1380098087743092
1380098087757831
1380098087758139
1380098087761763
1380098087761846
1380098087771197
1380098087777234
1380098087777752
1380098087778494
1380098087778749
1380098087799635
1380098087799662
1380098087799773
1380098087799793
1380098087800154
1380098087803265
1380098087809841
1380098087827388
1380098087827457
1380098087827771
1380098087843686
1380098087855913
1380098087868819
1380098087886919
1380098087887106
1380098087887158
1380098087887205
1380098087905663
1380098087905714
1380098087906076
1380098087906641
1380098087906685
1380098087918326
1380098087918664
1380098087936386
1380098087936536
1380098087936850
1380098087955178
1380098087955264
1380098087968011
1380098087968180
1380098087968522
1380098087968715
1380098087968780
1380098087968828
1380098087968935
1380098087968984
1380098087969065
1380098087969158
1380098087969255
1380098087996400
1380098087996444
1380098087996711
1380098087996966
1380098087997001
1380098087998061
1380098087999289
1380098087999326
1380098087999486
1380098087999569
1380098088010298
1380098088010556
1380098088010581
1380098088010777
1380098088010807
1380098088010837
1380098088010867
1380098088012757
1380098088013828
1380098088025393
1380098088025462
1380098088025694
1380098088025728
1380098088025847
1380098088031165
1380098088032023
1380098088032127
1380098088032185
1380098088032391
1380098088046576
1380098088054518
1380098088054646
1380098088054730
1380098088055942
1380098088066361
1380098088066542
1380098088066624
1380098088067578
1380098088067773
1380098088068024
1380098088072474
1380098088081213
1380098088081319
1380098088083359
1380098088083467
1380098088084164
1380098088084286
1380098088084352
1380098088156102
1380098088166355
1380098088166464
1380098088166518
1380098088166927
1380098088167035
1380098088167087
1380098088181975
1380098088182279
1380098088182371
1380098088182492
1380098088182775
1380098088183103
1380098088183366
1380098088183674
1380098088183803
1380098088183889
1380098088187360
1380098088187632
1380098088187674
1380098088187714
1380098088187903
1380098088187926
1380098088188224
1380098088188872
1380098088189286
1380098088189522
1380098088189651
1380098088189780
1380098088190007
1380098088190181
1380098088190480
1380098088190736
1380098088202207
1380098088202313
1380098088202392
1380098088203109
1380098088203307
1380098088203666
1380098088203929
1380098088204387
1380098088204965
1380098088205107
1380098088205185
1380098088205779
1380098088206129
1380098088206247
1380098088209009
1380098088209293
1380098088209462
1380098088209716
1380098088209856
1380098088210032
1380098088210187
1380098088210507
1380098088210633
1380098088210781
1380098088211145
1380098088211649
1380098088211915
1380098088212079
1380098088212265
1380098088212492
1380098088213010
1380098088213233
1380098088213419
1380098088213501
1380098088213666
1380098088213822
1380098088213943
1380098088218621
1380098088218845
1380098088222902
1380098088223145
1380098088223340
1380098088223531
1380098088223752
1380098088223863
1380098088227674
1380098088227837
1380098088229375
1380098088229582
1380098088231878
1380098088232096
1380098088232303
1380098088232474
1380098088232649
1380098088235674
1380098088235953
1380098088241185
1380098088241445
1380098088241807
1380098088241976
1380098088246687
1380098088246795
1380098088246816
1380098088247124
1380098088249201
1380098088249466
1380098088254777
1380098088255233
1380098088255408
1380098088255702
1380098088256069
1380098088256163
1380098088256355
1380098088262374
1380098088262585
1380098088262851
1380098088263719
1380098088263828
1380098088263908
1380098088264335
1380098088272647
1380098088275068
1380098088286902
1380098088286937
1380098088287026
1380098088299255
1380098088299411
1380098088299833
1380098088311886
1380098088312020
1380098088312115
1380098088312208
1380098088312341
1380098088324477
1380098088515067
1380098088528218
1380098088528316
1380098088541201
1380098088544213
1380098088544562
1380098088902577
1380098088910153
1380098088995810
1380098088998055
1380098089008046
1380098089020594
1380098089020729
1380098089021350
1380098089021473
1380098089021589
1380098089023966
1380098089036337
1380098089037407
1380098089042619
1380098089050925
1380098089054520
1380098089065088
1380098089069907
1380098089083954
1380098089084271
1380098089105139
1380098089119808
1380098089128907
1380098089141900
1380098089251965
1380098089252538
1380098089252909
1380098089253308
1380098089268904
1380098089283744
1380098089283849
1380098089284225
1380098089291135
1380098089291664
1380098089295568
1380098089299987
1380098089310794
1380098089311229
1380098089329248
1380098089329593
1380098089330058
1380098089358539
1380098089358649
1380098089370775
1380098089375538
1380098089375649
1380098089473066
1380098089568809
1380098089584458
1380098089584584
1380098089597773
1380098089598054
1380098089598605
1380098089598981
1380098089599232
1380098089599495
1380098089615431
1380098089615535
1380098089616445
1380098089616563
1380098089616649
1380098089624675
1380098089650938
1380098089674975
1380098089675060
1380098089745419
1380098089757317
1380098089797948
1380098089811114
1380098089811222
1380098089824293
1380098089824389
1380098089844935
1380098089858989
1380098089957936
1380098089958379
1380098089959068
1380098089998529
1380098090001293
