1380141154836890
1380141154859417
1380141154859471
1380141154859869
1380141154863835
1380141154863887
1380141154864170
1380141154864232
1380141154864479
1380141154864526
1380141154864822
1380141154864934
1380141154865549
1380141154865698
1380141154941450
1380141154946717
1380141154946824
1380141154947010
1380141154947051
1380141154950881
1380141154950925
1380141154951098
1380141154951262
1380141154951442
1380141154958500
1380141154958602
1380141154958778
1380141154958818
1380141154962865
1380141154962910
1380141154963127
1380141154963263
1380141154963377
1380141154963545
1380141154963697
1380141154963971
1380141154964058
1380141154969321
1380141154969485
1380141154969733
1380141155010081
1380141155010252
1380141155015785
1380141155015904
1380141155016150
1380141155016375
1380141155016535
1380141155016677
1380141155017115
1380141155017323
1380141155020667
1380141155022080
1380141155022462
1380141155022687
1380141155022932
1380141155023070
1380141155023382
1380141155023504
1380141155023637
1380141155023932
1380141155024634
1380141155024843
1380141155026365
1380141155026415
1380141155026664
1380141155026844
1380141155027004
1380141155028014
1380141155030726
1380141155030869
1380141155031604
1380141155072160
1380141155072552
1380141155072637
1380141155072664
1380141155077764
1380141155077952
1380141155078303
1380141155078417
1380141155079107
1380141155079217
1380141155079320
1380141155079521
1380141155079687
1380141155079825
1380141155080335
1380141155080453
1380141155080582
1380141155082072
1380141155082158
1380141155082213
1380141155082381
1380141155082538
1380141155082596
1380141155082709
1380141155082809
1380141155086693
1380141155086739
1380141155087058
1380141155087102
1380141155087215
1380141155087325
1380141155087459
1380141155087848
1380141155087985
1380141155088012
1380141155088058
1380141155088289
1380141155088339
1380141155089169
1380141155089287
1380141155089434
1380141155089602
1380141155089836
1380141155089971
1380141155090855
1380141155090960
1380141155091312
1380141155091674
1380141155093001
1380141155093238
1380141155093498
1380141155093850
1380141155094205
1380141155094267
1380141155094416
1380141155094660
1380141155094790
1380141155094884
1380141155095513
1380141155095635
1380141155095872
1380141155095995
1380141155096237
1380141155098201
1380141155098320
1380141155098482
1380141155098591
1380141155098703
1380141155098861
1380141155098971
1380141155099107
1380141155099253
1380141155099350
1380141155099474
1380141155099597
1380141155100120
1380141155102449
1380141155102508
1380141155102666
1380141155102724
1380141155102770
1380141155102936
1380141155103653
1380141155103794
1380141155103926
1380141155103984
1380141155104112
1380141155104200
1380141155104307
1380141155104417
1380141155104619
1380141155104661
1380141155104782
1380141155104908
1380141155105180
1380141155105492
1380141155106816
1380141155106951
1380141155107054
1380141155110860
1380141155111126
1380141155111249
1380141155111535
1380141155111660
1380141155111664
1380141155111733
1380141155111908
1380141155112088
1380141155112230
1380141155112398
1380141155112451
1380141155112714
1380141155112801
1380141155112895
1380141155113414
1380141155113534
1380141155113651
1380141155116601
1380141155116714
1380141155117795
1380141155117883
1380141155118147
1380141155118246
1380141155118400
1380141155118509
1380141155119128
1380141155119265
1380141155119385
1380141155119935
1380141155120089
1380141155120286
1380141155120314
1380141155120479
1380141155122236
1380141155124535
1380141155124803
1380141155125053
1380141155125316
1380141155125469
1380141155125962
1380141155126118
1380141155126393
1380141155126578
1380141155126697
1380141155126863
1380141155127011
1380141155127107
1380141155127230
1380141155127728
1380141155127990
1380141155129195
1380141155132222
1380141155132421
1380141155133490
1380141155133628
1380141155133641
1380141155140177
1380141155149546
1380141155212421
1380141155212473
1380141155212503
1380141155212531
1380141155217332
1380141155217924
1380141155218418
1380141155218525
1380141155218639
1380141155218947
1380141155219418
1380141155225489
1380141155225575
1380141155225617
1380141155225797
1380141155229883
1380141155230296
1380141155230851
1380141155231124
1380141155231313
1380141155231884
1380141155237617
1380141155237860
1380141155237865
1380141155242912
1380141155243145
1380141155243339
1380141155283121
1380141155285116
1380141155288319
1380141155288417
1380141155288535
1380141155289200
1380141155292242
1380141155294096
1380141155294227
1380141155294949
1380141155295047
1380141155298754
1380141155338151
1380141155338181
1380141155338237
1380141155338268
1380141155338314
1380141155338344
1380141155338384
1380141155338420
1380141155338579
1380141155338606
1380141155338634
1380141155338661
1380141155345096
1380141155345162
1380141155345463
1380141155345501
1380141155345643
1380141155345854
1380141155345956
1380141155346353
1380141155346527
1380141155346647
1380141155347057
1380141155347210
1380141155347358
1380141155347460
1380141155347655
1380141155347750
1380141155347830
1380141155348001
1380141155348104
1380141155348185
1380141155348745
1380141155348931
1380141155349122
1380141155349181
1380141155349441
1380141155349691
1380141155349781
1380141155349829
1380141155350131
1380141155351139
1380141155351332
1380141155351470
1380141155351544
1380141155351683
1380141155353798
1380141155354217
1380141155354324
1380141155354438
1380141155354593
1380141155355203
1380141155355320
1380141155355431
1380141155355533
1380141155355659
1380141155355775
1380141155355907
1380141155356024
1380141155356180
1380141155356280
1380141155357183
1380141155357254
1380141155357458
1380141155357586
1380141155357692
1380141155357914
1380141155361625
1380141155361642
1380141155361863
1380141155361967
1380141155362242
1380141155362346
1380141155362466
1380141155362585
1380141155362717
1380141155362830
1380141155363066
1380141155363599
1380141155363838
1380141155364051
1380141155364169
1380141155364324
1380141155364459
1380141155364577
1380141155364700
1380141155364830
1380141155364946
1380141155365081
1380141155365198
1380141155365333
1380141155365435
1380141155365584
1380141155365695
1380141155365800
1380141155372409
1380141155372695
1380141155375791
1380141155376817
1380141155378789
1380141155380976
1380141155381276
1380141155381346
1380141155381459
1380141155381563
1380141155381760
1380141155381856
1380141155381972
1380141155382249
1380141155382325
1380141155386451
1380141155386487
1380141155386738
1380141155388350
1380141155388562
1380141155388685
1380141155388805
1380141155388939
1380141155389200
1380141155389330
1380141155389547
1380141155389850
1380141155389968
1380141155390148
1380141155390262
1380141155390450
1380141155390845
1380141155391022
1380141155393020
1380141155393122
1380141155393263
1380141155394887
1380141155395097
1380141155395335
1380141155395458
1380141155395707
1380141155395842
1380141155395951
1380141155396231
1380141155396478
1380141155396587
1380141155396855
1380141155397107
1380141155397222
1380141155397348
1380141155397489
1380141155397838
1380141155397947
1380141155398117
1380141155398222
1380141155398343
1380141155398491
1380141155398608
1380141155398724
1380141155399130
1380141155400475
1380141155400557
1380141155414545
1380141155419197
1380141155423080
1380141155428287
1380141155428481
1380141155428726
1380141155432391
1380141155432535
1380141155432775
1380141155432926
1380141155433101
1380141155438046
1380141155450680
1380141155484491
1380141155564084
1380141155565756
1380141155567736
1380141155567820
1380141155568092
1380141155568751
1380141155568997
1380141155573092
1380141155616495
1380141155620497
1380141155620586
1380141155620741
1380141155620890
1380141155621123
1380141155621193
1380141155621339
1380141155621416
1380141155621895
1380141155621978
1380141155622221
1380141155624723
1380141155625971
1380141155626040
1380141155626328
1380141155626394
1380141155626698
1380141155627111
1380141155627233
1380141155627317
1380141155627708
1380141155628053
1380141155630331
1380141155630608
1380141155630714
1380141155631037
1380141155631130
1380141155631971
1380141155632155
1380141155632426
1380141155632531
1380141155632639
1380141155639788
1380141155640082
1380141155641058
1380141155677753
1380141155677912
1380141155693342
1380141155722362
1380141155722919
1380141155790533
1380141155790865
1380141155803015
1380141155803829
1380141155839659
1380141155839795
1380141155840180
1380141155874475
1380141155874498
1380141155908977
1380141155932980
1380141155933079
1380141155938943
1380141155939219
1380141155978034
1380141155978881
1380141156004360
1380141156040392
1380141156040848
1380141156078921
1380141156142211
1380141156200644
1380141156200863
1380141156200974
1380141156329599
1380141156353849
1380141156353947
1380141156360399
1380141156415639
1380141156416257
1380141156470260
1380141161470504
