1380057858662599
1380057858881168
1380057858881286
1380057858959753
1380057858959843
1380057858959936
1380057858959993
1380057858960409
1380057859039418
1380057859039516
1380057859189408
1380057859269976
1380057859272785
1380057859272900
1380057859272979
1380057859273384
1380057859273470
1380057859273742
1380057859355335
1380057859356004
1380057859434316
1380057859434403
1380057859435088
1380057859436022
1380057859436253
1380057859517470
1380057859518296
1380057859525363
1380057859530432
1380057859534505
1380057859545433
1380057859546116
1380057859546201
1380057859546411
1380057859546554
1380057859546674
1380057859546908
1380057859550650
1380057859550778
1380057859551070
1380057859551183
1380057859551273
1380057859551503
1380057859551632
1380057859551730
1380057859551984
1380057859552525
1380057859552625
1380057859555350
1380057859555576
1380057859555934
1380057859565246
1380057859565534
1380057859565569
1380057859565821
1380057859566036
1380057859566108
1380057859567240
1380057859567424
1380057859567557
1380057859567640
1380057859568160
1380057859568240
1380057859570775
1380057859574423
1380057859574716
1380057859574800
1380057859575118
1380057859575367
1380057859575444
1380057859575917
1380057859576599
1380057859579261
1380057859579804
1380057859579890
1380057859580141
1380057859580601
1380057859580744
1380057859581493
1380057859581556
1380057859581874
1380057859582131
1380057859582235
1380057859582386
1380057859582567
1380057859582778
1380057859582885
1380057859583468
1380057859583631
1380057859584378
1380057859584906
1380057859584975
1380057859585093
1380057859585764
1380057859585841
1380057859585890
1380057859585938
1380057859587442
1380057859587581
1380057859587709
1380057859588041
1380057859588363
1380057859588533
1380057859588630
1380057859589429
1380057859589763
1380057859590102
1380057859590212
1380057859590613
1380057859591417
1380057859591559
1380057859591732
1380057859593795
1380057859593961
1380057859594080
1380057859594670
1380057859594877
1380057859595224
1380057859595578
1380057859595705
1380057859595858
1380057859596076
1380057859596332
1380057859596536
1380057859596742
1380057859597035
1380057859597089
1380057859597341
1380057859597575
1380057859597684
1380057859597836
1380057859598044
1380057859598238
1380057859598521
1380057859598593
1380057859598708
1380057859598873
1380057859605643
1380057859605688
1380057859606158
1380057859606263
1380057859606692
1380057859606771
1380057859607049
1380057859607113
1380057859607359
1380057859607424
1380057859607481
1380057859607751
1380057859608031
1380057859608176
1380057859608542
1380057859608687
1380057859612216
1380057859612346
1380057859667767
1380057859668049
1380057859668278
1380057859668447
1380057859668653
1380057859668823
1380057859669364
1380057859669531
1380057859669689
1380057859669790
1380057859670501
1380057859670755
1380057859670814
1380057859670965
1380057859671050
1380057859672445
1380057859747014
1380057859747089
1380057859748118
1380057859748235
1380057859748313
1380057859749307
1380057859749389
1380057859750746
1380057859750849
1380057859750928
1380057859752743
1380057859752938
1380057859753306
1380057859753410
1380057859753517
1380057859753603
1380057859753942
1380057859754064
1380057859754292
1380057859755059
1380057859755138
1380057859786748
1380057859786844
1380057859786919
1380057859786969
1380057859787016
1380057859787062
1380057859787108
1380057859794111
1380057859794196
1380057859794826
1380057859794852
1380057859794975
1380057859795531
1380057859795615
1380057859795709
1380057859796232
1380057859796346
1380057859796471
1380057859796760
1380057859797183
1380057859797457
1380057859798576
1380057859798659
1380057859798778
1380057859799525
1380057859799568
1380057859799729
1380057859801566
1380057859801817
1380057859801843
1380057859801991
1380057859802087
1380057859802474
1380057859803128
1380057859803153
1380057859803328
1380057859806059
1380057859807412
1380057859807557
1380057859808257
1380057859808345
1380057859808463
1380057859808932
1380057859809049
1380057859809125
1380057859810705
1380057859810833
1380057859810932
1380057859811571
1380057859811672
1380057859811734
1380057859812801
1380057859812890
1380057859826731
1380057859828888
1380057859829413
1380057859829504
1380057859829790
1380057859832741
1380057859832818
1380057859833303
1380057859833407
1380057859833518
1380057859833840
1380057859871205
1380057859871301
1380057859873339
1380057859873479
1380057859904012
1380057859907193
1380057859907288
1380057859907917
1380057859908043
1380057859908108
1380057859909134
1380057859912493
1380057859912583
1380057859912852
1380057859913504
1380057859913614
1380057859913690
1380057859913787
1380057859914288
1380057859926316
1380057859929395
1380057859932529
1380057859934998
1380057859983878
1380057859986282
1380057859986693
1380057859986824
1380057859986936
1380057859986996
1380057859987456
1380057859987507
1380057859995034
1380057860002313
1380057860007112
1380057860007212
1380057860016018
1380057860016112
1380057860016617
1380057860016702
1380057860017165
1380057860017262
1380057860017345
1380057860018029
1380057860018313
1380057860092572
1380057860096054
1380057860096144
1380057860128156
1380057860165158
1380057860165700
1380057860199916
1380057860356455
1380057860386734
1380057860523874
1380057860562610
1380057860563789
1380057860599990
1380057860600457
1380057860640599
1380057860642684
