1380131236179510
1380131236347447
1380131236347843
1380131236351466
1380131236351669
1380131236351898
1380131236351997
1380131236352299
1380131236352381
1380131236352756
1380131236352834
1380131236352940
1380131236353204
1380131236356323
1380131236411533
1380131236416904
1380131236417074
1380131236417226
1380131236417274
1380131236421343
1380131236421386
1380131236421560
1380131236421683
1380131236421959
1380131236422146
1380131236422295
1380131236427960
1380131236465995
1380131236466172
1380131236470549
1380131236471498
1380131236471705
1380131236476241
1380131236476314
1380131236476475
1380131236482378
1380131236482486
1380131236482692
1380131236482781
1380131236486601
1380131236486728
1380131236486848
1380131236487086
1380131236487217
1380131236487482
1380131236487615
1380131236488027
1380131236488199
1380131236488332
1380131236488701
1380131236488778
1380131236489074
1380131236491300
1380131236491547
1380131236491921
1380131236492184
1380131236492571
1380131236492799
1380131236493060
1380131236493326
1380131236493488
1380131236493706
1380131236493830
1380131236495073
1380131236495143
1380131236495212
1380131236495251
1380131236495279
1380131236495328
1380131236495640
1380131236496239
1380131236496324
1380131236496428
1380131236496531
1380131236496692
1380131236496807
1380131236496913
1380131236497045
1380131236497165
1380131236497313
1380131236497976
1380131236498331
1380131236498420
1380131236498616
1380131236503020
1380131236503049
1380131236503216
1380131236503323
1380131236503422
1380131236503456
1380131236503686
1380131236503871
1380131236503921
1380131236504000
1380131236504268
1380131236504548
1380131236504668
1380131236504791
1380131236505272
1380131236505393
1380131236505532
1380131236505798
1380131236506025
1380131236506284
1380131236506818
1380131236506932
1380131236507154
1380131236507310
1380131236507400
1380131236507529
1380131236507784
1380131236507930
1380131236508066
1380131236508179
1380131236508266
1380131236508508
1380131236508754
1380131236508853
1380131236510217
1380131236510356
1380131236510460
1380131236510514
1380131236510816
1380131236510866
1380131236512129
1380131236512408
1380131236512920
1380131236513067
1380131236513149
1380131236513192
1380131236513423
1380131236513801
1380131236513920
1380131236514098
1380131236514179
1380131236514298
1380131236514438
1380131236514559
1380131236514682
1380131236514838
1380131236514908
1380131236515171
1380131236515264
1380131236515355
1380131236515480
1380131236515572
1380131236515741
1380131236515942
1380131236516363
1380131236516606
1380131236516711
1380131236516854
1380131236516980
1380131236517121
1380131236517244
1380131236517369
1380131236517489
1380131236517558
1380131236517681
1380131236518092
1380131236518206
1380131236518317
1380131236518470
1380131236518606
1380131236518750
1380131236518861
1380131236518998
1380131236519127
1380131236519216
1380131236519262
1380131236520191
1380131236520364
1380131236520420
1380131236520937
1380131236521310
1380131236521522
1380131236521661
1380131236521777
1380131236521916
1380131236522160
1380131236522271
1380131236522418
1380131236522572
1380131236522708
1380131236523012
1380131236523134
1380131236523279
1380131236523395
1380131236523513
1380131236523682
1380131236523774
1380131236523846
1380131236524246
1380131236524365
1380131236524495
1380131236524623
1380131236524796
1380131236524896
1380131236525040
1380131236525412
1380131236525570
1380131236525666
1380131236525716
1380131236526812
1380131236527041
1380131236527157
1380131236527204
1380131236527454
1380131236527611
1380131236527718
1380131236527923
1380131236528028
1380131236529609
1380131236529906
1380131236529964
1380131236530041
1380131236530266
1380131236530607
1380131236530737
1380131236530957
1380131236531096
1380131236531318
1380131236531608
1380131236531740
1380131236531950
1380131236532067
1380131236532209
1380131236532319
1380131236533694
1380131236533794
1380131236533858
1380131236536414
1380131236536513
1380131236536644
1380131236536777
1380131236536899
1380131236537009
1380131236537130
1380131236537286
1380131236537425
1380131236537509
1380131236537577
1380131236537679
1380131236539511
1380131236539566
1380131236539589
1380131236539718
1380131236539866
1380131236539916
1380131236540036
1380131236540134
1380131236540223
1380131236540325
1380131236540458
1380131236540587
1380131236540686
1380131236540838
1380131236540916
1380131236541065
1380131236541166
1380131236542438
1380131236543380
1380131236543482
1380131236543602
1380131236543758
1380131236544149
1380131236544289
1380131236544399
1380131236544562
1380131236544641
1380131236546397
1380131236547519
1380131236547562
1380131236547665
1380131236547708
1380131236547763
1380131236547853
1380131236547965
1380131236548182
1380131236548500
1380131236548622
1380131236549749
1380131236549890
1380131236550034
1380131236550076
1380131236550191
1380131236553664
1380131236553718
1380131237145507
1380131237182086
1380131237182264
1380131237182466
1380131237216731
1380131237253880
1380131237281916
1380131237281998
1380131237299500
1380131237338567
1380131237339444
1380131237375205
1380131237375550
1380131237375806
1380131237416577
