1379973393970852
1379973394100931
1379973394141549
1379973394180122
1379973394180409
1379973394180548
1379973394218732
1379973394234319
1379973394259311
1379973394262428
1379973394298759
1379973394315228
1379973394315303
1379973394354632
1379973394354932
1379973394365266
1379973394365703
1379973394370122
1379973394383649
1379973394394693
1379973394395000
1379973394395507
1379973394403109
1379973394442667
1379973394442951
1379973394448434
1379973394451555
1379973394451633
1379973394451984
1379973394456113
1379973394456257
1379973394456697
1379973394457010
1379973394457389
1379973394457559
1379973394457653
1379973394457850
1379973394458253
1379973394458364
1379973394458677
1379973394459365
1379973394462366
1379973394465487
1379973394465672
1379973394465764
1379973394465868
1379973394465981
1379973394466292
1379973394466375
1379973394466465
1379973394466548
1379973394466833
1379973394467048
1379973394467148
1379973394467239
1379973394467568
1379973394467655
1379973394467728
1379973394467893
1379973394469990
1379973394470367
1379973394470681
1379973394472603
1379973394472843
1379973394473158
1379973394473250
1379973394473536
1379973394473692
1379973394473920
1379973394474224
1379973394474390
1379973394474510
1379973394474671
1379973394474718
1379973394474859
1379973394475152
1379973394475357
1379973394475502
1379973394475740
1379973394475927
1379973394476076
1379973394476169
1379973394476517
1379973394476734
1379973394476956
1379973394477087
1379973394477230
1379973394477455
1379973394477580
1379973394478093
1379973394478248
1379973394478461
1379973394478638
1379973394478837
1379973394478982
1379973394479169
1379973394479404
1379973394479538
1379973394480313
1379973394480494
1379973394480642
1379973394480856
1379973394480988
1379973394481168
1379973394481301
1379973394481402
1379973394482300
1379973394488220
1379973394488338
1379973394488729
1379973394488887
1379973394489035
1379973394489191
1379973394489380
1379973394489495
1379973394493730
1379973394493992
1379973394494273
1379973394494561
1379973394494711
1379973394495060
1379973394495221
1379973394495472
1379973394495775
1379973394495930
1379973394496111
1379973394496248
1379973394496417
1379973394496805
1379973394496958
1379973394499005
1379973394505239
1379973394505244
1379973394505383
1379973394505617
1379973394505807
1379973394523209
1379973394566677
1379973394707747
1379973394732883
1379973394962367
1379973395065983
1379973395066076
1379973395066293
1379973395166168
1379973395203060
1379973395231130
1379973395231389
1379973395249926
1379973395351564
1379973395352548
1379973395458160
1379973395458542
1379973395498613
