1380034457463335
1380034457642556
1380034457642786
1380034457642910
1380034457645914
1380034457713605
1380034457737653
1380034457737952
1380034457738037
1380034457738286
1380034457738543
1380034457742423
1380034457747429
1380034457759840
1380034457783014
1380034457787232
1380034457792309
1380034457792511
1380034457792780
1380034457796772
1380034457796959
1380034457797047
1380034457797165
1380034457797332
1380034457797459
1380034457797676
1380034457797702
1380034457803137
1380034457803324
1380034457803556
1380034457832782
1380034457832862
1380034457832995
1380034457833100
1380034457833266
1380034457833472
1380034457833780
1380034457833845
1380034457833918
1380034457837587
1380034457837768
1380034457838711
1380034457838831
1380034457839092
1380034457839342
1380034457844155
1380034457848924
1380034457848993
1380034457853892
1380034457893934
1380034457894107
1380034457899223
1380034457899414
1380034457899524
1380034457899629
1380034457904766
1380034457905059
1380034457905253
1380034457927992
1380034457928026
1380034457928236
1380034457928453
1380034457928672
1380034457928963
1380034457929071
1380034457929330
1380034457929505
1380034457929615
1380034457929748
1380034457933961
1380034457934104
1380034457934291
1380034457934345
1380034457934493
1380034457938482
1380034457938865
1380034457939075
1380034457939461
1380034457939982
1380034457940133
1380034457940427
1380034457940573
1380034457941213
1380034457941304
1380034457941453
1380034457941572
1380034457941693
1380034457941848
1380034457943595
1380034457943718
1380034457943832
1380034457944229
1380034457944347
1380034457944371
1380034457945955
1380034457946876
1380034457947029
1380034457947138
1380034457947276
1380034457951035
1380034457951224
1380034457951340
1380034457951478
1380034457951554
1380034457951584
1380034457951612
1380034457951663
1380034457951691
1380034457951715
1380034457951742
1380034457951770
1380034457956660
1380034457956877
1380034457956951
1380034457957103
1380034457957248
1380034457957481
1380034457957604
1380034457957774
1380034457958320
1380034457958558
1380034457958676
1380034457959003
1380034457959955
1380034457960067
1380034457960169
1380034457960709
1380034457960822
1380034457960923
1380034457961050
1380034457961173
1380034457961261
1380034457961318
1380034457961583
1380034457962184
1380034457962345
1380034457962403
1380034457962481
1380034457962588
1380034457962754
1380034457962860
1380034457962913
1380034457963010
1380034457963129
1380034457963269
1380034457963377
1380034457963487
1380034457963708
1380034457963832
1380034457964013
1380034457964123
1380034457964389
1380034457964505
1380034457965255
1380034457965366
1380034457965430
1380034457966423
1380034457966608
1380034457967425
1380034457967507
1380034457967642
1380034457967793
1380034457967896
1380034457968119
1380034457968264
1380034457968331
1380034457969909
1380034457970008
1380034457970142
1380034457970195
1380034457970339
1380034457970615
1380034457970751
1380034457970926
1380034457971259
1380034457971504
1380034457971856
1380034457971973
1380034457972099
1380034457972354
1380034457972478
1380034457972582
1380034457972840
1380034457973013
1380034457973127
1380034457973227
1380034457973472
1380034457973593
1380034457973840
1380034457973955
1380034457974076
1380034457974619
1380034457974854
1380034457974956
1380034457975066
1380034457975172
1380034457976217
1380034457976359
1380034457976652
1380034457976750
1380034457976978
1380034457977078
1380034457977318
1380034457977644
1380034457977893
1380034457978245
1380034457978309
1380034457978407
1380034457978705
1380034457978818
1380034457978939
1380034457979030
1380034457979858
1380034457980102
1380034457980345
1380034457980457
1380034457980579
1380034457980705
1380034457980888
1380034457980998
1380034457981145
1380034457981562
1380034457981750
1380034457981865
1380034457982280
1380034457982421
1380034457983466
1380034457983681
1380034457983784
1380034457985929
1380034457986147
1380034457986261
1380034457986478
1380034457986594
1380034457986716
1380034457987120
1380034457987226
1380034457987332
1380034457987517
1380034457987816
1380034457987924
1380034457988110
1380034457988206
1380034457988336
1380034457990688
1380034457990797
1380034457990916
1380034457991060
1380034457991169
1380034457992517
1380034457992615
1380034457992863
1380034457992978
1380034457993117
1380034457993224
1380034457993397
1380034457993475
1380034457993602
1380034457993800
1380034457994063
1380034457994295
1380034457995035
1380034457996146
1380034457997242
1380034457998311
1380034457999028
1380034457999253
1380034457999519
1380034458000484
1380034458000930
1380034458001066
1380034458001176
1380034458001469
1380034458001595
1380034458003278
1380034458003374
1380034458004582
1380034458004823
1380034458005110
1380034458005290
1380034458005412
1380034458005528
1380034458005636
1380034458006093
1380034458006261
1380034458006380
1380034458006531
1380034458006627
1380034458007176
1380034458007316
1380034458007435
1380034458007601
1380034458007713
1380034458007720
1380034458008067
1380034458012384
1380034458013919
1380034458014306
1380034458014399
1380034458020713
1380034458020798
1380034458021003
1380034458021305
1380034458021399
1380034458021522
1380034458021648
1380034458021786
1380034458022262
1380034458022589
1380034458023173
1380034458023293
1380034458023404
1380034458023661
1380034458025611
1380034458028206
1380034458028331
1380034458028518
1380034458028581
1380034458028613
1380034458028628
1380034458028663
1380034458028690
1380034458028717
1380034458028747
1380034458028775
1380034458028778
1380034458029181
1380034458029303
1380034458029456
1380034458029529
1380034458029639
1380034458029756
1380034458029858
1380034458033655
1380034458033859
1380034458034106
1380034458034223
1380034458034380
1380034458034486
1380034458034941
1380034458035054
1380034458035175
1380034458035541
1380034458035792
1380034458035905
1380034458036162
1380034458036274
1380034458036538
1380034458036652
1380034458036722
1380034458036876
1380034458037327
1380034458037410
1380034458037529
1380034458037737
1380034458037833
1380034458037947
1380034458038217
1380034458038336
1380034458038460
1380034458038732
1380034458038990
1380034458039109
1380034458039230
1380034458039350
1380034458039830
1380034458040071
1380034458040196
1380034458040415
1380034458040524
1380034458040772
1380034458040892
1380034458041147
1380034458041259
1380034458041515
1380034458041667
1380034458041914
1380034458042033
1380034458042135
1380034458042396
1380034458042495
1380034458042760
1380034458043014
1380034458043266
1380034458043447
1380034458043466
1380034458043548
1380034458043647
1380034458043923
1380034458043963
1380034458044008
1380034458044090
1380034458044178
1380034458044322
1380034458044375
1380034458044718
1380034458044940
1380034458045041
1380034458045257
1380034458045417
1380034458045490
1380034458045575
1380034458045755
1380034458045845
1380034458045979
1380034458046162
1380034458046274
1380034458046399
1380034458046654
1380034458046777
1380034458046920
1380034458047029
1380034458047217
1380034458047325
1380034458047444
1380034458047567
1380034458048664
1380034458049031
1380034458049137
1380034458049239
1380034458049389
1380034458049519
1380034458049795
1380034458049937
1380034458050101
1380034458050219
1380034458050370
1380034458050524
1380034458050628
1380034458050699
1380034458050832
1380034458050995
1380034458051100
1380034458051207
1380034458051308
1380034458054903
1380034458055186
1380034458055403
1380034458055514
1380034458055639
1380034458055760
1380034458055896
1380034458056018
1380034458056132
1380034458056446
1380034458056567
1380034458056691
1380034458056836
1380034458057110
1380034458057233
1380034458060956
1380034458140633
1380034458254312
1380034458254473
1380034458254583
1380034458254706
1380034458254958
1380034458255075
1380034458255197
1380034458255320
1380034458255689
1380034458255806
1380034458257916
1380034458258130
1380034458258382
1380034458258507
1380034458258656
1380034458258768
1380034458258891
1380034458260116
1380034458260330
1380034458260445
1380034458260574
1380034458260713
1380034458260830
1380034458260939
1380034458261053
1380034458261231
1380034458261337
1380034458261608
1380034458297073
1380034458297764
1380034458297770
1380034458301239
1380034458301387
1380034458305581
1380034458305688
1380034458305851
1380034458305960
1380034458309811
1380034458310049
1380034458310172
1380034458310313
1380034458310520
1380034458310618
1380034458311066
1380034458311187
1380034458314420
1380034458344422
1380034458344882
1380034458434004
1380034458448153
1380034458448250
1380034458486058
1380034458486299
1380034458500610
1380034458509126
1380034458509241
1380034458513129
1380034458513360
1380034458513749
1380034458517507
1380034458517688
1380034458517886
1380034458517987
1380034458519837
1380034458521916
1380034458522374
1380034458522564
1380034458526495
1380034458528303
1380034458528402
1380034458528521
1380034458532316
1380034458532539
1380034458532744
1380034458532938
1380034458545917
1380034458565827
1380034458565834
1380034458593179
1380034458593263
1380034458593343
1380034458593442
1380034458593445
1380034458593807
1380034458593827
1380034458606172
1380034458619665
1380034458619754
1380034458630964
1380034458631038
1380034458631117
1380034458631175
1380034458631647
1380034458632317
1380034458632640
1380034458632818
1380034458632899
1380034458633071
1380034458643369
1380034458643429
1380034458643508
1380034458643871
1380034458643947
1380034458644141
1380034458644677
1380034458644845
1380034458644988
1380034458645122
1380034458646955
1380034458647108
1380034458647243
1380034458647382
1380034458647485
1380034458685960
1380034458710179
1380034458710330
1380034458712526
1380034458757768
1380034458775614
1380034458799219
1380034458840270
1380034458868088
1380034458905981
1380034458950107
1380034459033046
1380034459073858
1380034459159455
1380034459175542
1380034459240268
1380034459338548
1380034459338822
1380034459341405
1380034459377860
1380034459478752
1380034459753516
