1380110363013527
1380110363167151
1380110363167215
1380110363283381
1380110363283445
1380110363283738
1380110363350491
1380110363400298
1380110363400368
1380110363400730
1380110363400960
1380110363401029
1380110363470397
1380110363520162
1380110363520257
1380110363520529
1380110363520709
1380110363520772
1380110363520971
1380110363521259
1380110363521391
1380110363521470
1380110363521673
1380110363542991
1380110363637336
1380110363637400
1380110363637486
1380110363637814
1380110363638496
1380110363638548
1380110363638755
1380110363638812
1380110363639034
1380110363639084
1380110363639264
1380110363639507
1380110363639664
1380110363639829
1380110363640266
1380110363640320
1380110363660186
1380110363660404
1380110363702894
1380110363703148
1380110363703620
1380110363775875
1380110363818685
1380110363818939
1380110363821478
1380110363821541
1380110363823062
1380110363823235
1380110363931502
1380110363931741
1380110363935872
1380110363939389
1380110364042837
1380110364042901
1380110364042994
1380110364052083
1380110364056302
1380110364056366
1380110364153744
1380110364153971
1380110364154041
1380110364154319
1380110364154538
1380110364163176
1380110364165381
1380110364165646
1380110364172287
1380110364172919
1380110364173289
1380110364275687
1380110364275878
1380110364276505
1380110364276941
1380110364288834
1380110364288907
1380110364289592
1380110364289667
1380110364289887
1380110364290453
1380110364386836
1380110364388727
1380110364388925
1380110364389252
1380110364405410
1380110364405500
1380110364406685
1380110364406988
1380110364407057
1380110364407156
1380110364407471
1380110364407558
1380110364499941
1380110364500010
1380110364500095
1380110364501448
1380110364523914
1380110364524069
1380110364524122
1380110364524499
1380110364524691
1380110364524925
1380110364525093
1380110364525845
1380110364526191
1380110364526264
1380110364526719
1380110364526780
1380110364527178
1380110364527258
1380110364527483
1380110364562462
1380110364611484
1380110364611808
1380110364613481
1380110364613660
1380110364636424
1380110364638360
1380110364641746
1380110364641812
1380110364642075
1380110364748108
1380110364786864
1380110364787073
1380110364787136
1380110364787337
1380110364787419
1380110364787474
1380110364899706
1380110364899776
1380110364899860
1380110364900114
1380110364900350
1380110364901477
1380110364902193
1380110364902648
1380110364902721
1380110364902973
1380110364903041
1380110364904480
1380110364904720
1380110364905225
1380110364942053
1380110364980013
1380110364980229
1380110364980426
1380110365011448
1380110365011565
1380110365011939
1380110365013238
1380110365016072
1380110365016346
1380110365016445
1380110365016462
1380110365022717
1380110365022767
1380110365022836
1380110365025726
1380110365030866
1380110365055558
1380110365080075
1380110365080135
1380110365099127
1380110365137814
1380110365138962
1380110365174986
1380110365175428
1380110365213946
