1380083542847929
1380083543103950
1380083543105245
1380083543105332
1380083543105759
1380083543105830
1380083543106079
1380083543106354
1380083543106595
1380083543107119
1380083543107449
1380083543107663
1380083543107885
1380083543108097
1380083543108307
1380083543108409
1380083543108517
1380083543108919
1380083543109094
1380083543109598
1380083543110229
1380083543110419
1380083543110512
1380083543799091
1380083544122981
1380083544443238
1380083544456667
1380083544457075
1380083544457150
1380083544798217
1380083544813289
1380083544816190
1380083544816269
1380083544816692
1380083544816764
1380083544816868
1380083544816969
1380083544821048
1380083545138137
1380083545146909
1380083545146993
1380083545147250
1380083545468401
1380083545468505
1380083545468619
1380083545480217
1380083545804637
1380083545804758
1380083545804866
1380083545804977
1380083545805080
1380083545805527
1380083545805607
1380083545805876
1380083545819609
1380083545819713
1380083545819820
1380083545859362
1380083546161320
1380083546196648
1380083546500250
1380083546500364
1380083546501097
1380083547134844
1380083548119999
1380083548120180
1380083548120265
1380083548450417
1380083548450507
1380083548451431
1380083548451547
1380083548451904
1380083548451976
1380083548452085
1380083548452373
1380083548785180
1380083548785319
1380083548785967
1380083549193545
1380083549523870
1380083552523360
1380083552523523
1380083552523592
1380083552523658
1380083552523713
1380083552523768
1380083552563590
1380083552600317
1380083552600431
1380083552600671
1380083552635319
1380083552703363
1380083552731574
1380083552731666
1380083552751352
1380083552790475
1380083552791544
1380083552827627
1380083552828095
1380083552828660
1380083552858518
1380083552858908
1380083552858968
1380083552859425
1380083552859821
1380083552859981
1380083552860370
1380083552860910
1380083552861004
1380083552861289
1380083552861324
1380083552861865
1380083552862014
1380083552862686
1380083552862774
1380083552862899
1380083552862931
1380083552862983
1380083552863253
1380083553191541
1380083553193387
1380083553197367
1380083553201079
1380083553201179
1380083553201297
1380083553201358
1380083553201770
1380083553221269
1380083553538844
1380083553539176
1380083553774739
1380083553774845
1380083554109738
1380083554109857
1380083554109971
1380083554110058
1380083554110136
1380083554110671
1380083554110756
1380083554111108
1380083554111329
1380083554111655
1380083554439851
1380083554439935
1380083554440319
1380083554440799
1380083554441219
1380083554441436
1380083554441552
1380083554441649
1380083554442010
1380083554442102
1380083554442725
1380083554442799
1380083554443131
1380083554443198
1380083558862694
1380083558862767
1380083559112944
1380083559339192
1380083559339984
1380083559340307
