1380260228037660
1380260228297480
1380260228334690
1380260228554201
1380260228554676
1380260228554737
1380260228599566
1380260228811182
1380260228811540
1380260228811602
1380260228812127
1380260228812276
1380260228859067
1380260228859233
1380260228862491
1380260229068406
1380260229069176
1380260229069771
1380260229069844
1380260229070143
1380260229070262
1380260229071377
1380260229071526
1380260229115949
1380260229116170
1380260229116248
1380260229116417
1380260229154750
1380260229155045
1380260229254869
1380260229325378
1380260229326795
1380260229326855
1380260229327408
1380260229327468
1380260229328375
1380260229328548
1380260229329629
1380260229329774
1380260229329927
1380260229329967
1380260229330224
1380260229330339
1380260229330609
1380260229330671
1380260229332228
1380260229332378
1380260229361929
1380260229362212
1380260229376773
1380260229376925
1380260229414731
1380260229415697
1380260229415901
1380260229459731
1380260229582282
1380260229582647
1380260229582711
1380260229584007
1380260229584159
1380260229584785
1380260229584925
1380260229586269
1380260229586330
1380260229587316
1380260229587377
1380260229587712
1380260229587760
1380260229587972
1380260229588110
1380260229589340
1380260229589477
1380260229589729
1380260229589820
1380260229590824
1380260229590869
1380260229626452
1380260229630613
1380260229675095
1380260229675547
1380260229675618
1380260229774840
1380260229774872
1380260229782571
1380260229808284
1380260229839286
1380260229841039
1380260229841109
1380260229841692
1380260229841756
1380260229842706
1380260229842941
1380260229843003
1380260229843917
1380260229843995
1380260229844448
1380260229844502
1380260229845870
1380260229846045
1380260229846510
1380260229846579
1380260229848114
1380260229848164
1380260229848480
1380260229848518
1380260229849094
1380260229849397
1380260229849434
1380260229850135
1380260229850173
1380260229850891
1380260229850934
1380260229851640
1380260229851843
1380260229852069
1380260229852116
1380260229852387
1380260229852461
1380260229853356
1380260229853700
1380260229853950
1380260229854114
1380260229854357
1380260229854513
1380260229854713
1380260229854913
1380260229855208
1380260229855408
1380260229855591
1380260229855658
1380260229908307
1380260229932200
1380260229932268
1380260229934600
1380260229934766
1380260229934966
1380260229935013
1380260229952478
1380260229952813
1380260230033099
1380260230033296
1380260230035101
1380260230041690
1380260230041711
1380260230041774
1380260230041834
1380260230042175
1380260230042272
1380260230056250
1380260230068494
1380260230194393
1380260230194520
1380260230194744
1380260230194911
1380260230195044
1380260230195943
1380260230196258
1380260230196411
1380260230196554
1380260230291781
1380260230300521
1380260230300598
1380260230300749
1380260230300860
1380260230301162
1380260230301212
1380260230301615
1380260230301795
1380260230301956
1380260230302208
1380260230302367
1380260230302503
1380260230302673
1380260230314214
1380260230316640
1380260230316920
1380260230321671
1380260230321948
1380260230356927
1380260230357010
1380260230358311
1380260230358967
1380260230359192
1380260230419883
1380260230455712
1380260230455773
1380260230548554
1380260230548687
1380260230559934
1380260230559949
1380260230560041
1380260230560205
1380260230561269
1380260230561450
1380260230561599
1380260230561730
1380260230561823
1380260230561990
1380260230562142
1380260230577659
1380260230577936
1380260230582508
1380260230582592
1380260230582708
1380260230583372
1380260230589143
1380260230626627
1380260230806383
1380260230806798
1380260230806893
1380260230807055
1380260230842254
1380260230843170
1380260230843261
1380260230843446
1380260230843635
1380260230843695
1380260230844065
1380260230844161
1380260230844729
1380260230844768
1380260230845319
1380260230845458
1380260230849531
1380260230849611
1380260231063813
1380260231063975
1380260231102012
1380260231102113
1380260231102426
1380260231102494
1380260231102756
1380260231103084
1380260231103156
1380260231103366
1380260231103503
1380260231103989
1380260231104016
1380260231104232
1380260231104295
1380260231105636
1380260231105774
1380260231106082
1380260231106184
1380260231106348
1380260231115195
1380260231115440
1380260231115513
1380260231119278
1380260231119374
1380260231119445
1380260231141562
1380260231360390
1380260231360602
1380260231361451
1380260231365807
1380260231366093
1380260231366203
1380260231368669
1380260231369107
1380260231373540
1380260231373849
1380260231373922
1380260231374014
1380260231374369
1380260231379046
1380260231379482
1380260231379560
1380260231379823
1380260231379893
1380260231380275
1380260231627858
1380260231628119
1380260231628668
1380260231632350
1380260231632450
1380260231632826
1380260231632899
1380260231632996
1380260231633481
1380260231633571
1380260231633802
1380260231634941
1380260231635047
1380260231635563
1380260231636071
1380260231636147
1380260231639132
1380260231642063
1380260231642138
1380260231642245
1380260231642625
1380260231642691
1380260231642930
1380260231643065
1380260231643312
1380260231885423
1380260231885570
1380260231885772
1380260231886065
1380260231886583
1380260231886651
1380260231891166
1380260231891409
1380260231891768
1380260231892643
1380260231892871
1380260231893132
1380260231894319
1380260231894766
1380260231895036
1380260231895139
1380260231900174
1380260231900389
1380260231900528
1380260231901723
1380260231901899
1380260231904169
1380260231904430
1380260231904607
1380260231904834
1380260231904972
1380260231905833
1380260231905966
1380260232143716
1380260232143805
1380260232144120
1380260232144213
1380260232144327
1380260232152506
1380260232152769
1380260232153022
1380260232153122
1380260232153533
1380260232154139
1380260232154231
1380260232154605
1380260232154704
1380260232155037
1380260232155786
1380260232160003
1380260232160240
1380260232160342
1380260232160416
1380260232160697
1380260232160837
1380260232402337
1380260232402471
1380260232402689
1380260232402783
1380260232403005
1380260232411174
1380260232411374
1380260232413289
1380260232413505
1380260232413598
1380260232413758
1380260232413950
1380260232414223
1380260232414327
1380260232415755
1380260232416155
1380260232416789
1380260232416949
1380260232417191
1380260232417420
1380260232420394
1380260232420710
1380260232420973
1380260232421218
1380260232421397
1380260232421553
1380260232421990
1380260232422132
1380260232422261
1380260232672599
1380260232680561
1380260232680791
1380260232680959
1380260232681001
1380260232683276
1380260232683739
1380260232683806
1380260232683876
1380260232683925
1380260232683973
1380260232684528
1380260232686503
1380260232687028
1380260232687366
1380260232687746
1380260232687978
1380260232690530
1380260232690697
1380260232690814
1380260232695302
1380260232734677
1380260232940215
1380260232942298
1380260232942481
1380260232943092
1380260232943288
1380260232943378
1380260232943478
1380260232943847
1380260232944904
1380260232945117
1380260232945303
1380260232945429
1380260232945600
1380260232945647
1380260232945841
1380260232945960
1380260232946178
1380260232946290
1380260232946468
1380260232946608
1380260232947627
1380260232947976
1380260232948167
1380260232948334
1380260232948474
1380260232948604
1380260232948896
1380260232949029
1380260232949898
1380260232950015
1380260232950173
1380260232955566
1380260232955704
1380260232958824
1380260232959156
1380260232959528
1380260232960382
1380260232960548
1380260232961394
1380260232961498
1380260232961670
1380260232962001
1380260232962147
1380260232962220
1380260232962582
1380260232962761
1380260232962871
1380260232963027
1380260233213016
1380260233213255
1380260233213409
1380260233214438
1380260233214703
1380260233217288
1380260233217981
1380260233218038
1380260233220253
1380260233220690
1380260233259505
1380260233259580
1380260233261516
1380260233261633
1380260233261732
1380260233262204
1380260233262287
1380260233262672
1380260233262785
1380260233263078
1380260233263191
1380260233480722
1380260233480831
1380260233517056
1380260233517314
1380260233517539
1380260233517641
1380260233517895
1380260233518029
1380260233520220
1380260233521856
1380260233521907
1380260233522092
1380260233522431
1380260233527619
1380260233527699
1380260233527813
1380260233528337
1380260233529419
1380260233529736
1380260233529835
1380260233529893
1380260233530271
1380260233530476
1380260233571819
1380260233610661
1380260233740611
1380260233741924
1380260233780893
1380260233781000
1380260233781101
1380260233781332
1380260233781515
1380260233781616
1380260233781834
1380260233781998
1380260233782214
1380260233782417
1380260233782548
1380260233783214
1380260233783426
1380260233801043
1380260233801261
1380260233801361
1380260233828869
1380260233832534
1380260233832567
1380260233832623
1380260234010718
1380260234010809
1380260234043855
1380260234043954
1380260234044264
1380260234046980
1380260234047353
1380260234049885
1380260234062102
1380260234062153
1380260234062733
1380260234089034
1380260234089099
1380260234090483
1380260234090568
1380260234098447
1380260234130726
1380260234157451
1380260234158272
1380260234269579
1380260234303728
1380260234304369
1380260234307326
1380260234307631
1380260234307880
1380260234307956
1380260234308360
1380260234308448
1380260234308740
1380260234308910
1380260234309108
1380260234311271
1380260234311395
1380260234320506
1380260234320528
1380260234320611
1380260234320846
1380260234323190
1380260234323213
1380260234323337
1380260234323502
1380260234323773
1380260234323992
1380260234324379
1380260234324569
1380260234346195
1380260234346223
1380260234346705
1380260234346777
1380260234348067
1380260234348103
1380260234348170
1380260234348691
1380260234348765
1380260234369113
1380260234369136
1380260234369189
1380260234369730
1380260234369778
1380260234411621
1380260234411800
1380260234415314
1380260234415520
1380260234417596
1380260234417801
1380260234566841
1380260234566925
1380260234567787
1380260234567873
1380260234572460
1380260234572653
1380260234581117
1380260234581138
1380260234581218
1380260234581394
1380260234582573
1380260234583763
1380260234583833
1380260234584323
1380260234584676
1380260234584814
1380260234585300
1380260234585397
1380260234588640
1380260234595154
1380260234595656
1380260234595791
1380260234603515
1380260234603626
1380260234604324
1380260234604436
1380260234606481
1380260234606537
1380260234606626
1380260234606644
1380260234606729
1380260234606989
1380260234607240
1380260234607382
1380260234608340
1380260234608413
1380260234608820
1380260234608926
1380260234626363
1380260234626458
1380260234626848
1380260234626944
1380260234662683
1380260234669467
1380260234669590
1380260234669902
1380260234670024
1380260234673051
1380260234673266
1380260234673842
1380260234674198
1380260234674621
1380260234677418
1380260234677505
1380260234677767
1380260234677900
1380260234791328
1380260234832123
1380260234840057
1380260234843085
1380260234843872
1380260234843949
1380260234844192
1380260234844302
1380260234844324
1380260234844411
1380260234844699
1380260234845565
1380260234845836
1380260234845863
1380260234845924
1380260234845943
1380260234846257
1380260234846476
1380260234846571
1380260234846809
1380260234846992
1380260234849581
1380260234852379
1380260234852618
1380260234852823
1380260234852954
1380260234864312
1380260234882445
1380260234882474
1380260234882488
1380260234882762
1380260234882826
1380260234883232
1380260234884482
1380260234884566
1380260234885119
1380260234885219
1380260234885463
1380260234885574
1380260234922668
1380260234927739
1380260234928032
1380260234928287
1380260234928366
1380260234928644
1380260234928755
1380260234929228
1380260234929316
1380260234931092
1380260234936478
1380260235010373
1380260235051809
1380260235090598
1380260235106063
1380260235106137
1380260235106347
1380260235106580
1380260235106791
1380260235107169
1380260235107354
1380260235107506
1380260235107690
1380260235110882
1380260235111111
1380260235139508
1380260235143490
1380260235143548
1380260235143867
1380260235143905
1380260235143986
1380260235144055
1380260235144266
1380260235144580
1380260235144834
1380260235144939
1380260235147118
1380260235147668
1380260235147766
1380260235148309
1380260235148510
1380260235148708
1380260235148821
1380260235149716
1380260235149844
1380260235153804
1380260235153983
1380260235155827
1380260235156033
1380260235187271
1380260235187530
1380260235187738
1380260235190877
1380260235190974
1380260235191094
1380260235191198
1380260235191569
1380260235194688
1380260235194758
1380260235195189
1380260235195243
1380260235310680
1380260235311310
1380260235311447
1380260235312695
1380260235312887
1380260235364601
1380260235364783
1380260235371476
1380260235371956
1380260235372034
1380260235372518
1380260235372616
1380260235372774
1380260235402789
1380260235404199
1380260235404235
1380260235404308
1380260235404636
1380260235404696
1380260235406042
1380260235406184
1380260235413932
1380260235414674
1380260235414762
1380260235454699
1380260235570053
1380260235570736
1380260235570939
1380260235571006
1380260235592768
1380260235592857
1380260235630657
1380260235630847
1380260235631071
1380260235631351
1380260235631464
1380260235662615
1380260235662984
1380260235663212
1380260235668693
1380260235668711
1380260235668922
1380260235668982
1380260235669535
1380260235672673
1380260235672691
1380260235672753
1380260235672915
1380260235673307
1380260235673658
1380260235673736
1380260235674303
1380260235674392
1380260235674677
1380260235714708
1380260235820064
1380260235829117
1380260235830391
1380260235830494
1380260235850751
1380260235850953
1380260235889802
1380260235889822
1380260235889910
1380260235890039
1380260235891314
1380260235891746
1380260235891846
1380260235892574
1380260235892654
1380260235892897
1380260235893076
1380260235927311
1380260235927335
1380260235927540
1380260235927872
1380260235927959
1380260235928146
1380260235928212
1380260235930326
1380260235930343
1380260235930358
1380260235930567
1380260235930625
1380260235931061
1380260235970736
1380260235970887
1380260236080749
1380260236089017
1380260236089050
1380260236090081
1380260236090150
1380260236109608
1380260236146720
1380260236147774
1380260236147938
1380260236188718
1380260236189668
1380260236189700
1380260236189749
1380260236189932
1380260236190017
1380260236190071
1380260236229668
1380260236229986
1380260236230063
1380260236230692
1380260236230869
1380260236270688
1380260236270837
1380260236344738
1380260236348200
1380260236348231
1380260236348282
1380260236349199
1380260236349261
1380260236386697
1380260236386737
1380260236386879
1380260236409739
1380260236409876
1380260236448177
1380260236450859
1380260236450878
1380260236450938
1380260236451135
1380260236451436
1380260236451606
1380260236451932
1380260236452024
1380260236452042
1380260236452195
1380260236546723
1380260236586662
1380260236586810
1380260236604522
1380260236642713
1380260236647259
1380260236647408
1380260236667637
1380260236667761
1380260236709542
1380260236709661
1380260236712535
1380260236712785
1380260236749648
1380260236749840
1380260236845413
1380260236845608
1380260236864121
1380260236865003
1380260236917303
1380260236917497
1380260236934039
1380260236934233
1380260236967448
1380260236967649
1380260237009556
1380260237009752
1380260237046803
1380260237047180
1380260237047410
1380260237086666
1380260237106207
1380260237106477
1380260237106778
1380260237107188
1380260237107357
1380260237107558
1380260237107649
1380260237107739
1380260237107926
1380260237108138
1380260237108664
1380260237108869
1380260237146700
1380260237177841
1380260237178246
1380260237178370
1380260237192402
1380260237192550
1380260237192833
1380260237192935
1380260237225331
1380260237225531
1380260237225791
1380260237225860
1380260237226028
1380260237226179
1380260237270190
1380260237365095
1380260237365242
