1380137823426619
1380137823894155
1380137823894221
1380137823894310
1380137823920478
1380137826963557
1380137826991336
1380137827457081
1380137827457322
1380137827457399
1380137829012277
1380137829012336
1380137829012598
1380137829038372
1380137829038661
1380137829038909
1380137829039174
1380137829039559
1380137829039624
1380137829064882
1380137829065104
1380137829065901
1380137829066283
1380137829066338
1380137829066515
1380137829066672
1380137829092828
1380137830056429
1380137830083902
1380137830406618
1380137830520611
1380137830520870
1380137830520935
1380137833150607
1380137833177442
1380137833234105
1380137833256243
1380137833267773
1380137833345724
1380137833380765
1380137833421326
1380137833476886
1380137833476913
1380137833527987
1380137833528123
1380137833528343
1380137833566692
1380137833627253
1380137833693835
1380137833693870
1380137833720907
1380137833721047
1380137833721264
1380137833758853
1380137833794825
1380137833834683
1380137833834955
1380137833850333
1380137833850469
1380137833850798
1380137833864347
1380137833864422
1380137833864775
1380137833864846
1380137833865074
1380137833865142
1380137833865344
1380137833865396
1380137833865497
1380137833865745
1380137833866064
1380137833878574
1380137833878646
1380137833878894
1380137833879120
1380137833879257
1380137833918784
1380137833920056
1380137833933697
1380137833974940
1380137834024872
1380137834025119
1380137834025181
1380137834062846
1380137834090697
1380137834092189
1380137834104650
1380137834104746
1380137834104960
1380137834140265
1380137834140600
1380137834162802
1380137834167120
1380137834167335
1380137834206668
1380137834206946
1380137834210029
1380137834218039
1380137834255380
1380137834272526
1380137834274008
1380137834314776
1380137834316627
1380137834316838
1380137834317559
1380137834354856
1380137834375067
1380137834375131
1380137834375303
1380137834414859
1380137834417294
1380137834417737
1380137834435640
1380137834474664
1380137834474975
1380137834479141
1380137834479379
1380137834479444
1380137834522822
1380137834522883
1380137834546792
1380137834586624
1380137834586917
1380137834595685
1380137834595897
1380137834595967
1380137834634824
1380137834671809
1380137834672748
1380137834672934
1380137834698821
1380137834699130
1380137834702861
1380137834702955
1380137834703051
1380137834730440
1380137834751628
1380137834779103
1380137834796036
1380137834834689
1380137834843788
1380137834844164
1380137834879661
1380137834880005
1380137834901095
1380137834901473
1380137834901567
1380137834901639
1380137834901928
1380137834928138
1380137834928207
1380137834928476
1380137834928715
1380137834928809
1380137834929091
1380137834929159
1380137834929757
1380137834929826
1380137834930049
1380137834953285
1380137834953365
1380137834953661
1380137834953723
1380137834953812
1380137834955996
1380137834956075
1380137834956279
1380137834994750
1380137835003071
1380137835003171
1380137835003402
1380137835043361
1380137835061712
1380137835062109
1380137835096422
1380137835096491
1380137835096587
1380137835096895
1380137835123571
1380137835123669
1380137835124009
1380137835151638
1380137835161995
1380137835162060
1380137835162491
1380137835184052
1380137835184117
1380137835184202
1380137835200055
1380137835200145
1380137835200216
1380137835200309
1380137835200735
1380137835200894
1380137835226965
1380137835227049
1380137835227338
1380137835237899
1380137835237988
1380137835238192
1380137835275337
1380137835283026
1380137835283155
1380137835283564
1380137835286249
1380137835286313
1380137835286541
1380137835322815
1380137835377884
1380137835378258
1380137835418735
1380137835432203
1380137835432271
1380137835432610
1380137835459262
1380137835459346
1380137835459787
1380137835485996
1380137835486344
1380137835513672
1380137835517499
1380137835517564
1380137835517866
1380137835533150
1380137835533239
1380137835533309
1380137835570734
1380137835573621
1380137835573841
1380137835606129
1380137835606650
1380137835606725
1380137835632846
1380137835633088
1380137835633189
1380137835633519
1380137835633589
1380137835633677
1380137835633964
1380137835634283
1380137835641789
1380137835642134
1380137835665043
1380137835665324
1380137835665417
1380137835665514
1380137835665796
1380137835680825
1380137835783797
1380137835799276
1380137835799557
1380137835999423
1380137835999758
1380137835999933
1380137836000229
1380137836000329
1380137836027589
1380137836027678
1380137836027733
1380137836028197
1380137836028276
1380137836029141
1380137836029221
1380137836045001
1380137836045068
1380137836045159
1380137836080563
1380137836080938
1380137836081002
1380137836081092
1380137836081365
1380137836081457
1380137836081701
1380137836107886
1380137836108135
1380137836108338
1380137836108537
1380137836108721
1380137836108802
1380137836109181
1380137836109258
1380137836109473
1380137836109897
1380137836110141
1380137836110200
1380137836135268
1380137836135329
1380137836135570
1380137836135781
1380137836135864
1380137836135920
1380137836136238
1380137836136319
1380137836136559
1380137836136743
1380137836136956
1380137836137011
1380137836137228
1380137836175178
1380137836414610
