1380151516808964
1380151516845110
1380151516856608
1380151516856715
1380151516857126
1380151516857540
1380151516868302
1380151516868381
1380151516869536
1380151516869914
1380151516869978
1380151516870496
1380151516880442
1380151516880868
1380151516882066
1380151516882463
1380151516882767
1380151516962483
1380151516968020
1380151516968217
1380151516968497
1380151516972172
1380151516972445
1380151516972505
1380151516972812
1380151516973067
1380151516973144
1380151516973478
1380151516978930
1380151516979152
1380151516979505
1380151516983889
1380151516983969
1380151516984331
1380151516984711
1380151516984991
1380151516985171
1380151516985474
1380151516990135
1380151516990555
1380151516995969
1380151516996053
1380151516996267
1380151517000241
1380151517000339
1380151517000530
1380151517000646
1380151517000840
1380151517000919
1380151517001172
1380151517001358
1380151517001469
1380151517001974
1380151517002073
1380151517002246
1380151517005138
1380151517005255
1380151517005501
1380151517005625
1380151517005692
1380151517006085
1380151517006348
1380151517006835
1380151517007104
1380151517007336
1380151517007595
1380151517007717
1380151517007829
1380151517007972
1380151517008449
1380151517008560
1380151517008744
1380151517008821
1380151517008914
1380151517011218
1380151517011294
1380151517011758
1380151517011864
1380151517011925
1380151517012251
1380151517012708
1380151517013067
1380151517013436
1380151517013741
1380151517013797
1380151517013906
1380151517014270
1380151517014361
1380151517014895
1380151517015068
1380151517022646
1380151517027752
1380151517028052
1380151517028285
1380151517066904
1380151517066981
1380151517067035
1380151517067522
1380151517077247
1380151517077301
1380151517077473
1380151517077512
1380151517081018
1380151517119129
1380151517124626
1380151517128817
1380151517134688
1380151517134755
1380151517138219
1380151517138383
1380151517138851
1380151517330837
1380151517344083
1380151517344154
1380151517355589
1380151517355646
1380151517882724
1380151518005508
1380151518005576
1380151518005659
1380151518121057
1380151518157604
1380151518185601
1380151518185664
1380151518203921
1380151518321334
1380151518322328
1380151518443035
1380151518443560
1380151518481987
