1380101850967425
1380101851125346
1380101851125432
1380101851232466
1380101851232679
1380101851232773
1380101851233111
1380101851233195
1380101851256882
1380101851340293
1380101851340451
1380101851340567
1380101851340679
1380101851340890
1380101851341123
1380101851341213
1380101851341321
1380101851341833
1380101851341953
1380101851361087
1380101851361308
1380101851361406
1380101851366526
1380101851448087
1380101851448225
1380101851448779
1380101851449204
1380101851449294
1380101851449520
1380101851449813
1380101851449917
1380101851450009
1380101851450308
1380101851450585
1380101851450668
1380101851450770
1380101851450896
1380101851451092
1380101851451179
1380101851463917
1380101851464145
1380101851464253
1380101851464347
1380101851464498
1380101851464571
1380101851476565
1380101851476657
1380101851476886
1380101851555718
1380101851555814
1380101851556030
1380101851556238
1380101851557007
1380101851557299
1380101851557495
1380101851557751
1380101851586437
1380101851586618
1380101851586686
1380101851586975
1380101851608242
1380101851690894
1380101851691068
1380101851696706
1380101851696877
1380101851697082
1380101851697284
1380101851697373
1380101851697554
1380101851697665
1380101851697765
1380101851697888
1380101851698000
1380101851698448
1380101851698689
1380101851698793
1380101851699241
1380101851699329
1380101851704139
1380101851704234
1380101851733387
1380101851733392
1380101851733434
1380101851733450
1380101851733853
1380101851733918
1380101851733977
1380101851734034
1380101851763772
1380101851768898
1380101851769190
1380101851769313
1380101851769394
1380101851773088
1380101851773740
1380101851773771
1380101851773865
1380101851774036
1380101851774051
1380101851774506
1380101851774614
1380101851774715
1380101851774810
1380101851774916
1380101851775555
1380101851775638
1380101851775754
1380101851776069
1380101851778583
1380101851778727
1380101851779626
1380101851779730
1380101851794847
1380101851795075
1380101851795160
1380101851805333
1380101851805534
1380101851805814
1380101851805979
1380101851806268
1380101851806382
1380101851807373
1380101851807472
1380101851807588
1380101851807758
1380101851807974
1380101851808088
1380101851808915
1380101851809065
1380101851809363
1380101851809539
1380101851809556
1380101851810244
1380101851810718
1380101851811085
1380101851811181
1380101851811509
1380101851811630
1380101851811763
1380101851812134
1380101851812234
1380101851812373
1380101851812471
1380101851838905
1380101851839064
1380101851839185
1380101851839322
1380101851839419
1380101851839789
1380101851839903
1380101851840050
1380101851840426
1380101851840586
1380101851840715
1380101851840817
1380101851840912
1380101851844971
1380101851845071
1380101851845178
1380101851845491
1380101851845555
1380101851845849
1380101851846220
1380101851846273
1380101851899643
1380101851899776
1380101851899893
1380101851899991
1380101851900060
1380101851921157
1380101851921340
1380101851921446
1380101851921697
1380101851921812
1380101851921949
1380101851922199
1380101851922325
1380101851922441
1380101851922958
1380101851923076
1380101851923221
1380101851923458
1380101851923595
1380101851923966
1380101851924081
1380101851924205
1380101851924363
1380101851924467
1380101851924591
1380101851924710
1380101851924872
1380101851925067
1380101851925204
1380101851925356
1380101851925474
1380101851925624
1380101851925687
1380101851942231
1380101851942419
1380101851942762
1380101851942899
1380101851943169
1380101851943304
1380101851943628
1380101851943759
1380101851943916
1380101851943986
1380101851944568
1380101851944652
1380101851955475
1380101851955632
1380101851956282
1380101851956592
1380101851956758
1380101851956905
1380101851957224
1380101851957345
1380101852004303
1380101852004431
1380101852004584
1380101852004660
1380101852004828
1380101852004948
1380101852005110
1380101852005206
1380101852007596
1380101852034939
1380101852035208
1380101852035303
1380101852035356
1380101852035469
1380101852035708
1380101852048007
1380101852048327
1380101852048457
1380101852048563
1380101852048869
1380101852049048
1380101852049441
1380101852059543
1380101852065965
1380101852066295
1380101852066389
1380101852066518
1380101852066791
1380101852066918
1380101852067039
1380101852067372
1380101852067492
1380101852067600
1380101852067741
1380101852067865
1380101852068185
1380101852068308
1380101852068439
1380101852098016
1380101852098869
1380101852108069
1380101852108158
1380101852108302
1380101852108546
1380101852108680
1380101852108812
1380101852109053
1380101852109174
1380101852109295
1380101852109651
1380101852109743
1380101852109878
1380101852110028
1380101852110166
1380101852110488
1380101852110600
1380101852134948
1380101852135456
1380101852144440
1380101852145183
1380101852145350
1380101852145454
1380101852145468
1380101852145550
1380101852146103
1380101852146186
1380101852146575
1380101852146655
1380101852146757
1380101852147000
1380101852147099
1380101852152411
1380101852152511
1380101852152826
1380101852152940
1380101852153045
1380101852153139
1380101852153569
1380101852153635
1380101852153808
1380101852177327
1380101852177373
1380101852177572
1380101852177683
1380101852177857
1380101852177976
1380101852177985
1380101852178100
1380101852178137
1380101852211728
1380101852211760
1380101852211882
1380101852254708
1380101852256126
1380101852256500
1380101852256660
1380101852256934
1380101852257053
1380101852257150
1380101852257586
1380101852257705
1380101852257817
1380101852258167
1380101852258283
1380101852258367
1380101852258511
1380101852258632
1380101852258732
1380101852297877
1380101852297899
1380101852316390
1380101852360182
