1380057104341846
1380057104574112
1380057104574176
1380057104622168
1380057104622253
1380057104622488
1380057104622541
1380057104640246
1380057104663594
1380057104663836
1380057104670357
1380057104670608
1380057104671166
1380057104671297
1380057104677456
1380057104677642
1380057104677813
1380057104677864
1380057104681911
1380057104682208
1380057104682454
1380057104682836
1380057104683221
1380057104683382
1380057104683532
1380057104684922
1380057104685159
1380057104685241
1380057104685382
1380057104685483
1380057104685543
1380057104687330
1380057104687506
1380057104687697
1380057104687756
1380057104689139
1380057104689367
1380057104689506
1380057104689740
1380057104690341
1380057104690437
1380057104728272
1380057104728632
1380057104734744
1380057104772424
1380057104778118
1380057104782734
1380057104789118
1380057104828314
1380057104833257
1380057104834486
1380057104834930
1380057104839600
1380057104839858
1380057104840147
1380057104846127
1380057104884194
1380057104884412
1380057104884816
1380057104884939
1380057104884981
1380057104885022
1380057104885062
1380057104885102
1380057104885158
1380057104885380
1380057104892231
1380057104892482
1380057104892552
1380057104892803
1380057104892944
1380057104893072
1380057104893437
1380057104893505
1380057104893678
1380057104893926
1380057104894323
1380057104894390
1380057104894695
1380057104894762
1380057104895035
1380057104895162
1380057104896011
1380057104896225
1380057104896314
1380057104896610
1380057104897457
1380057104897644
1380057104897785
1380057104897963
1380057104898049
1380057104898199
1380057104898706
1380057104898842
1380057104899346
1380057104899389
1380057104899423
1380057104899475
1380057104899581
1380057104899887
1380057104900082
1380057104900277
1380057104900440
1380057104900484
1380057104900616
1380057104900788
1380057104900921
1380057104902849
1380057104903012
1380057104903178
1380057104903308
1380057104903511
1380057104903636
1380057104903747
1380057104903874
1380057104904031
1380057104904810
1380057104904948
1380057104905107
1380057104905245
1380057104905361
1380057104906206
1380057104906353
1380057104906467
1380057104906583
1380057104908336
1380057104908482
1380057104908712
1380057104908824
1380057104909065
1380057104909180
1380057104909328
1380057104909499
1380057104909791
1380057104910269
1380057104910772
1380057104910865
1380057104911072
1380057104911137
1380057104911304
1380057104911890
1380057104912293
1380057104913068
1380057104913212
1380057104913345
1380057104913553
1380057104913659
1380057104913795
1380057104913907
1380057104914042
1380057104914241
1380057104914357
1380057104914475
1380057104914678
1380057104915082
1380057104915204
1380057104915700
1380057104915813
1380057104915943
1380057104916053
1380057104922945
1380057104923086
1380057104923227
1380057104923337
1380057104923511
1380057104923657
1380057104923770
1380057104923910
1380057104924019
1380057104925149
1380057104925284
1380057104926945
1380057104926948
1380057104927248
1380057104927503
1380057104927591
1380057104927634
1380057104927675
1380057104927772
1380057104927814
1380057104928187
1380057104928389
1380057104928860
1380057104929130
1380057104929286
1380057104929528
1380057104929691
1380057104929823
1380057104929956
1380057104930075
1380057104931026
1380057104931150
1380057104937191
1380057104937338
1380057104937488
1380057104937597
1380057104937695
1380057104941870
1380057104942120
1380057104942482
1380057104942670
1380057104942872
1380057104943007
1380057104943388
1380057104943574
1380057104943715
1380057104943963
1380057104944194
1380057104944384
1380057104944533
1380057104944748
1380057104944919
1380057104947399
1380057104948108
1380057104948263
1380057104953984
1380057104954146
1380057104958440
1380057104959943
1380057104966284
1380057104966422
1380057104966480
1380057104966652
1380057104966741
1380057104966971
1380057104967434
1380057104967528
1380057104968511
1380057104971724
1380057104971850
1380057104972224
1380057104972322
1380057104972584
1380057104973004
1380057104973271
1380057104973483
1380057104973556
1380057104974101
1380057104974182
1380057104974497
1380057104974600
1380057104974974
1380057104974999
1380057104975070
1380057104975276
1380057104976798
1380057104976872
1380057104977143
1380057104977217
1380057104977548
1380057104977797
1380057104978015
1380057104978755
1380057104978830
1380057104979153
1380057104979169
1380057104979684
1380057104980052
1380057104980125
1380057104980341
1380057104980674
1380057104980790
1380057104980892
1380057104981130
1380057104981510
1380057104981615
1380057104981835
1380057104981911
1380057104982102
1380057104982220
1380057104982356
1380057104982539
1380057104982765
1380057104983440
1380057104983651
1380057104983809
1380057104983960
1380057104984051
1380057104985495
1380057104985621
1380057104986637
1380057104990529
1380057104990794
1380057104990951
1380057104996751
1380057104996974
1380057105003128
1380057105003358
1380057105009245
1380057105009363
1380057105009511
1380057105017534
1380057105017736
1380057105023309
1380057105023377
1380057105023559
1380057105029258
1380057105029544
1380057105029657
1380057105034940
1380057105035306
1380057105035596
1380057105035904
1380057105036068
1380057105036235
1380057105036495
1380057105036691
1380057105036930
1380057105037082
1380057105037555
1380057105037846
1380057105037958
1380057105041449
1380057105041697
1380057105041794
1380057105047366
1380057105047790
1380057105048187
1380057105048346
1380057105048545
1380057105048561
1380057105048811
1380057105048956
1380057105049081
1380057105049258
1380057105049513
1380057105049658
1380057105050064
1380057105050169
1380057105050307
1380057105050533
1380057105050671
1380057105050910
1380057105051189
1380057105051274
1380057105051486
1380057105051630
1380057105051871
1380057105052064
1380057105052306
1380057105052484
1380057105052681
1380057105052899
1380057105053078
1380057105053165
1380057105053773
1380057105053786
1380057105054817
1380057105054987
1380057105055122
1380057105055347
1380057105055447
1380057105055684
1380057105055841
1380057105055977
1380057105056295
1380057105056400
1380057105056539
1380057105056748
1380057105057158
1380057105057304
1380057105057444
1380057105057775
1380057105057945
1380057105058129
1380057105058325
1380057105058438
1380057105058636
1380057105058781
1380057105059022
1380057105059203
1380057105059365
1380057105059450
1380057105059900
1380057105060115
1380057105060256
1380057105060401
1380057105060650
1380057105060866
1380057105061284
1380057105061419
1380057105061518
1380057105061715
1380057105061837
1380057105062128
1380057105062228
1380057105062347
1380057105062836
1380057105062977
1380057105090141
1380057105102024
1380057105102030
1380057105102243
1380057105141490
1380057105159653
1380057105159875
1380057105159939
1380057105160012
1380057105160126
1380057105160203
1380057105170628
1380057105170741
1380057105170953
1380057105171079
1380057105171367
1380057105171529
1380057105171623
1380057105171879
1380057105172049
1380057105172203
1380057105172308
1380057105175596
1380057105175920
1380057105176075
1380057105176214
1380057105176423
1380057105176669
1380057105176796
1380057105177224
1380057105177361
1380057105177523
1380057105177608
1380057105177724
1380057105178065
1380057105178211
1380057105178445
1380057105178558
1380057105180777
1380057105181027
1380057105181147
1380057105181263
1380057105182746
1380057105182851
1380057105183070
1380057105183179
1380057105183277
1380057105185301
1380057105185448
1380057105185610
1380057105185752
1380057105185944
1380057105186084
1380057105187002
1380057105187262
1380057105187376
1380057105190197
1380057105190406
1380057105190624
1380057105190746
1380057105190862
1380057105191208
1380057105191324
1380057105191474
1380057105191676
1380057105191802
1380057105192000
1380057105192108
1380057105192344
1380057105192496
1380057105193498
1380057105193630
1380057105193891
1380057105194053
1380057105194213
1380057105194371
1380057105194603
1380057105194721
1380057105195581
1380057105195883
1380057105196143
1380057105196257
1380057105196448
1380057105196556
1380057105196879
1380057105197121
1380057105197260
1380057105197401
1380057105197682
1380057105197891
1380057105198039
1380057105198206
1380057105198361
1380057105198790
1380057105198892
1380057105199056
1380057105201061
1380057105201261
1380057105201382
1380057105201392
1380057105201657
1380057105202228
1380057105202661
1380057105202786
1380057105202942
1380057105203248
1380057105203344
1380057105203504
1380057105203675
1380057105203783
1380057105204057
1380057105204209
1380057105204380
1380057105204474
1380057105204583
1380057105206408
1380057105206513
1380057105206737
1380057105206863
1380057105207033
1380057105207201
1380057105207337
1380057105207654
1380057105207770
1380057105208689
1380057105208860
1380057105209008
1380057105209010
1380057105209385
1380057105209537
1380057105209727
1380057105209935
1380057105210092
1380057105210302
1380057105210426
1380057105210706
1380057105210883
1380057105210990
1380057105212110
1380057105212625
1380057105212863
1380057105213128
1380057105213320
1380057105214837
1380057105218186
1380057105218343
1380057105218509
1380057105218648
1380057105218800
1380057105218938
1380057105219201
1380057105219375
1380057105219584
1380057105219762
1380057105220011
1380057105220267
1380057105220498
1380057105220709
1380057105224969
1380057105225205
1380057105399973
1380057105438698
1380057105463177
1380057105467285
1380057105473716
1380057105473728
1380057105474810
1380057105477494
1380057105481106
1380057105481124
1380057105481141
1380057105481215
1380057105520538
1380057105537545
1380057105537794
1380057105537916
1380057105547566
1380057105554687
1380057105554952
1380057105558442
1380057105560533
1380057105585825
1380057105586136
1380057105586303
1380057105586503
1380057105586640
1380057105591316
1380057105596024
1380057105596195
1380057105600500
1380057105600773
1380057105600918
1380057105604950
1380057105605208
1380057105605430
1380057105609607
1380057105609837
1380057105610055
1380057105614169
1380057105617411
1380057105617565
1380057105621624
1380057105621862
1380057105622051
1380057105622218
1380057105626453
1380057105626626
1380057105626802
1380057105630830
1380057105631077
1380057105631274
1380057105631499
1380057105634305
1380057105634615
1380057105634966
1380057105635073
1380057105635312
1380057105635586
1380057105635841
1380057105636185
1380057105636321
1380057105636364
1380057105636874
1380057105637029
1380057105641801
1380057105642061
1380057105642198
1380057105671983
1380057105672063
1380057105672137
1380057105672206
1380057105672279
1380057105672361
1380057105672398
1380057105683020
1380057105683323
1380057105684251
1380057105685588
1380057105685782
1380057105698754
1380057105703822
1380057105703835
1380057105709107
1380057105709346
1380057105709641
1380057105709784
1380057105714234
1380057105714246
1380057105731252
1380057105731355
1380057105733355
1380057105733615
1380057105733921
1380057105734068
1380057105734353
1380057105734521
1380057105734674
1380057105736502
1380057105739146
1380057105741483
1380057105743832
1380057105743969
1380057105746502
1380057105748929
1380057105755648
1380057105779503
1380057105779575
1380057105780308
1380057105780390
1380057105782247
1380057105782533
1380057105782606
1380057105782932
1380057105783365
1380057105783467
1380057105783561
1380057105804825
1380057105827593
1380057105827892
1380057105828106
1380057105830574
1380057105831228
1380057105831763
1380057105832688
1380057105832907
1380057105833001
1380057105833153
1380057105833525
1380057105860311
1380057105875719
1380057105876004
1380057105878875
1380057105879103
1380057105879200
1380057105879463
1380057105879538
1380057105881172
1380057105881244
1380057105881484
1380057105881553
1380057105881799
1380057105881871
1380057105882060
1380057105920145
1380057105921067
1380057105924006
1380057105924259
1380057105927278
1380057105927487
1380057105927714
1380057105927771
1380057105929996
1380057105930065
1380057105930369
1380057105930436
1380057105930746
1380057105930956
1380057105931044
1380057105956739
1380057105957139
1380057105972391
1380057105973008
1380057105973119
1380057105975769
1380057105976026
1380057105976173
1380057105976276
1380057105978667
1380057105978929
1380057105979197
1380057105979271
1380057105979471
1380057105979546
1380057105979888
1380057105979987
1380057106020901
1380057106020970
1380057106024224
1380057106024328
1380057106024434
1380057106024711
1380057106027340
1380057106027587
1380057106027823
1380057106027932
1380057106028042
1380057106028353
1380057106028639
1380057106028793
1380057106029059
1380057106069076
1380057106069164
1380057106072501
1380057106072726
1380057106072935
1380057106073007
1380057106076481
1380057106076724
1380057106076960
1380057106077056
1380057106077381
1380057106077452
1380057106077935
1380057106078046
1380057106078304
1380057106117569
1380057106117827
1380057106120610
1380057106120915
1380057106121122
1380057106121385
1380057106125279
1380057106125518
1380057106126155
1380057106126371
1380057106126562
1380057106126750
1380057106127043
1380057106127260
1380057106127484
1380057106165649
1380057106165766
1380057106403321
1380057106412216
1380057106412539
1380057106417111
1380057106417997
1380057106418075
1380057106422002
