1379989791487388
1379989791589251
1379989791696004
1379989791696070
1379989791696240
1379989791793504
1379989791857577
1379989791881419
1379989791881685
1379989791906703
1379989791911567
1379989791911917
1379989791937944
1379989791976984
1379989792006209
1379989792032067
1379989792033705
1379989792122365
1379989792122400
1379989792167892
1379989792206615
1379989792206816
1379989792291499
1379989792291537
1379989792291787
1379989792315244
1379989792315798
1379989792332435
1379989792402176
1379989792402564
1379989792445929
1379989792462171
1379989792462704
1379989792477412
1379989792477479
1379989792477574
1379989792477801
1379989792490358
1379989792490436
1379989792490687
1379989792490750
1379989792491116
1379989792491285
1379989792491615
1379989792494907
1379989792494999
1379989792495734
1379989792495813
1379989792496041
1379989792496177
1379989792496262
1379989792496493
1379989792507213
1379989792507317
1379989792507379
1379989792508368
1379989792508418
1379989792546915
1379989792566875
1379989792566939
1379989792606888
1379989792634919
1379989792641028
1379989792641096
1379989792641175
1379989792669651
1379989792722440
1379989792762722
1379989792796792
1379989792797229
1379989792831716
1379989792832057
1379989792886679
1379989792886877
1379989792886970
1379989792906772
1379989792912299
1379989792912449
1379989792994373
1379989793008101
1379989793008292
1379989793028353
1379989793028467
1379989793028547
1379989793028633
1379989793028734
1379989793029157
1379989793055322
1379989793055548
1379989793055750
1379989793055930
1379989793056106
1379989793056210
1379989793056446
1379989793056828
1379989793056998
1379989793057069
1379989793115941
1379989793797816
1379989793798162
1379989793824634
1379989793824845
1379989793825070
1379989793825127
1379989793825439
1379989793825504
1379989793851724
1379989793851916
1379989793852265
1379989793852546
1379989793852956
1379989793853013
1379989793853207
1379989793853470
1379989793853567
1379989793853784
1379989793853857
1379989793854027
1379989793878703
1379989793878968
1379989793879395
1379989793879740
1379989793880077
1379989793969750
1379989794032450
1379989794096885
1379989794160531
1379989794202731
1379989794242784
1379989794263270
1379989794302802
1379989794334329
1379989794370969
1379989794400900
1379989794438830
1379989794472571
1379989794510943
1379989794540680
1379989794550148
1379989794550371
1379989794550454
1379989794586801
1379989794596258
1379989794596499
1379989794596589
1379989794656515
1379989794684039
1379989794684102
1379989794684265
1379989794684504
1379989794695591
1379989794695699
1379989794695784
1379989794696132
1379989794723140
1379989794760682
1379989794770322
1379989794770563
1379989794770624
1379989794810834
1379989794814380
1379989794841435
1379989794869728
1379989794896434
1379989794900544
1379989794900794
1379989794900892
1379989794900989
1379989794901243
1379989794910404
1379989794910535
1379989794910773
1379989794927627
1379989794927872
1379989794956521
1379989794966437
1379989794966653
1379989794966725
1379989795009863
1379989795009942
1379989795010057
1379989795010392
1379989795037657
1379989795055746
1379989795055981
1379989795056060
1379989795097623
1379989795120802
1379989795121006
1379989795121067
1379989795158806
1379989795164751
1379989795182321
1379989795182442
1379989795182514
1379989795182614
1379989795182804
1379989795191647
1379989795197069
1379989795197288
1379989795197371
1379989795209027
1379989795209202
1379989795209461
1379989795209842
1379989795210353
1379989795210449
1379989795210545
1379989795210937
1379989795211045
1379989795219704
1379989795219815
1379989795219924
1379989795220334
1379989795235909
1379989795236049
1379989795236183
1379989795274763
1379989795276982
1379989795277185
1379989795314782
1379989795314975
1379989795382977
1379989795383094
1379989795383402
1379989795383489
1379989795407645
1379989795407866
1379989795407933
1379989795410447
1379989795410678
1379989795411173
1379989795411271
1379989795411570
1379989795421251
1379989795421346
1379989795421616
1379989795437683
1379989795437983
1379989795465022
1379989795521069
1379989795521345
1379989795548102
1379989795561151
1379989795561248
1379989795561485
1379989795625224
1379989795625336
1379989795625417
1379989795625511
1379989795640722
1379989795640891
1379989795652016
1379989795652224
1379989795652295
1379989795670768
1379989795670876
1379989795671069
1379989795671295
1379989795705909
1379989795706315
1379989795720485
1379989795720595
1379989795720695
1379989795721032
1379989795747360
1379989795747557
1379989795747802
1379989795748145
1379989795748219
1379989795748537
1379989795748643
1379989795748885
1379989795774591
1379989795774826
1379989795775068
1379989795775277
1379989795775716
1379989795775860
1379989795812180
1379989795812659
1379989795812923
1379989795850683
1379989795900882
1379989796274193
1379989796274275
1379989796274378
1379989796274499
1379989796274855
1379989796301183
1379989796301412
1379989796301519
1379989796301783
1379989796302027
1379989796302133
1379989796302337
1379989796328626
1379989796328845
1379989796328943
1379989796329252
1379989796329529
1379989796329600
1379989796329773
1379989796330119
1379989796330215
1379989796330474
1379989796330538
1379989796356063
1379989796356146
1379989796356410
1379989796356497
1379989796356855
1379989796356911
1379989796357094
1379989796357280
1379989796357387
1379989796357578
1379989796357676
1379989796357975
1379989796358154
1379989796358218
1379989796394904
1379989796637912
