1380060289634569
1380060289735884
1380060289773712
1380060289834530
1380060289834657
1380060289834741
1380060289934226
1380060289934487
1380060289934590
1380060289934760
1380060289934996
1380060289935095
1380060289935156
1380060289935219
1380060290031076
1380060290031591
1380060290031660
1380060290037881
1380060290037995
1380060290038695
1380060290038847
1380060290039016
1380060290039143
1380060290078152
1380060290127863
1380060290128513
1380060290128594
1380060290138360
1380060290138451
1380060290177026
1380060290177128
1380060290177185
1380060290275097
1380060290275338
1380060290275447
1380060290275558
1380060290275752
1380060290276097
1380060290373837
1380060290373990
1380060290374135
1380060290374530
1380060290375037
1380060290375248
1380060290375471
1380060290375643
1380060290376117
1380060290376425
1380060290472320
1380060290472423
1380060290473061
1380060290473313
1380060290473544
1380060290473949
1380060290474054
1380060290474147
1380060290474490
1380060290474883
1380060290474930
1380060290475023
1380060290514282
1380060290572315
1380060290572393
1380060290611152
1380060290615320
1380060290615406
1380060290708973
1380060290709069
1380060290709361
1380060290714218
1380060290714691
1380060290714783
1380060290805573
1380060290806908
1380060290807136
1380060290813073
1380060290813178
1380060290849973
1380060290904143
1380060290904204
1380060290904392
1380060290904543
1380060290950523
1380060290950729
1380060290985903
1380060291001194
1380060291001921
1380060291050315
1380060291050432
1380060291050490
1380060291050685
1380060291083552
1380060291083651
1380060291099639
1380060291150198
1380060291179918
1380060291180013
1380060291180213
1380060291180336
1380060291198760
1380060291198899
1380060291232667
1380060291275664
1380060291296994
1380060291297188
1380060291297415
1380060291329010
1380060291329180
1380060291368917
1380060291424885
1380060291424993
1380060291425093
1380060291469685
1380060291469854
1380060291504854
1380060291505252
1380060291505319
1380060291505443
1380060291505530
1380060291505596
1380060291506902
1380060291506983
1380060291507055
1380060291507118
1380060291520213
1380060291558031
1380060291558165
1380060291569581
1380060291569701
1380060291569823
1380060291602369
1380060291602504
1380060291602703
1380060291603464
1380060291603489
1380060291603555
1380060291604749
1380060291605016
1380060291605101
1380060291605131
1380060291606383
1380060291606507
1380060291618706
1380060291618820
1380060291618938
1380060291619045
1380060291619128
1380060291620392
1380060291620598
1380060291620699
1380060291620891
1380060291621015
1380060291621119
1380060291621566
1380060291621662
1380060291622123
1380060291622250
1380060291622367
1380060291622554
1380060291622657
1380060291623137
1380060291663038
1380060291663117
1380060291663204
1380060291663263
1380060291663319
1380060291663376
1380060291663433
1380060291663491
1380060291698621
1380060291698702
1380060291718959
1380060291762941
1380060291763169
1380060291763238
1380060291763312
1380060291763553
1380060291763775
1380060291763838
1380060291764391
1380060291764599
1380060291764651
1380060291764667
1380060291764927
1380060291765559
1380060291765717
1380060291766004
1380060291766263
1380060291766314
1380060291766516
1380060291766680
1380060291767239
1380060291767593
1380060291767872
1380060291768074
1380060291768156
1380060291768322
1380060291768482
1380060291768738
1380060291768788
1380060291769079
1380060291769893
1380060291769949
1380060291770211
1380060291770368
1380060291770659
1380060291770711
1380060291770871
1380060291770990
1380060291771257
1380060291771298
1380060291771634
1380060291771685
1380060291771877
1380060291771978
1380060291772199
1380060291772345
1380060291773741
1380060291773910
1380060291774135
1380060291774231
1380060291794033
1380060291794275
1380060291794584
1380060291794835
1380060291795213
1380060291795285
1380060291835068
1380060291867302
1380060291867450
1380060291868540
1380060291868743
1380060291869111
1380060291869181
1380060291869271
1380060291870330
1380060291870465
1380060291870614
1380060291870754
1380060291871803
1380060291875577
1380060291875822
1380060291876057
1380060291876194
1380060291876433
1380060291876742
1380060291876820
1380060291935212
1380060291935316
1380060291935692
1380060291935793
1380060291964166
1380060291964273
1380060291964383
1380060291964477
1380060291965824
1380060291966085
1380060291966804
1380060291966963
1380060291969659
1380060291969998
1380060291970304
1380060292034683
1380060292034783
1380060292035030
1380060292035119
1380060292040134
1380060292075816
1380060292075907
1380060292109148
1380060292178133
1380060292178309
1380060292178414
1380060292210396
1380060292247046
1380060292247366
1380060292346255
1380060292346347
1380060292384972
1380060292385059
1380060292385146
1380060292385212
1380060292385271
1380060292385330
1380060292385397
1380060292443213
1380060292482644
1380060292482768
1380060292482868
1380060292482951
1380060292484288
1380060292484407
1380060292484527
1380060292484616
1380060292484919
1380060292485018
1380060292485125
1380060292485660
1380060292487351
1380060292487489
1380060292487599
1380060292487729
1380060292487853
1380060292488061
1380060292488922
1380060292489052
1380060292489176
1380060292489405
1380060292489531
1380060292489699
1380060292489845
1380060292520914
1380060292521018
1380060292521173
1380060292521316
1380060292521379
1380060292521439
1380060292521520
1380060292521579
1380060292522983
1380060292523152
1380060292523260
1380060292523370
1380060292526209
1380060292526333
1380060292526469
1380060292526589
1380060292526708
1380060292526820
1380060292549564
1380060292549640
1380060292573457
1380060292581858
1380060292582011
1380060292582086
1380060292582220
1380060292582303
1380060292582710
1380060292601841
1380060292616991
1380060292617097
1380060292620222
1380060292620318
1380060292620463
1380060292620566
1380060292620956
1380060292620986
1380060292621038
1380060292621121
1380060292621284
1380060292621360
1380060292621645
1380060292622089
1380060292622187
1380060292622665
1380060292622774
1380060292622866
1380060292622961
1380060292623133
1380060292623275
1380060292623327
1380060292623440
1380060292623578
1380060292623664
1380060292623671
1380060292623811
1380060292624518
1380060292624829
1380060292625025
1380060292625161
1380060292625203
1380060292625328
1380060292625605
1380060292625743
1380060292625838
1380060292626581
1380060292626821
1380060292627009
1380060292627184
1380060292627289
1380060292674014
1380060292674502
1380060292674811
1380060292674916
1380060292679212
1380060292679602
1380060292679879
1380060292680055
1380060292711976
1380060292712091
1380060292713166
1380060292715263
1380060292720335
1380060292720544
1380060292720925
1380060292721071
1380060292721218
1380060292721539
1380060292721562
1380060292721773
1380060292722220
1380060292722313
1380060292722399
1380060292723677
1380060292723820
1380060292723932
1380060292724249
1380060292724360
1380060292724451
1380060292724545
1380060292724863
1380060292724969
1380060292725262
1380060292725393
1380060292725508
1380060292726693
1380060292726729
1380060292726836
1380060292726967
1380060292727407
1380060292727716
1380060292727985
1380060292728234
1380060292728517
1380060292728724
1380060292728812
1380060292729278
1380060292729600
1380060292729997
1380060292730320
1380060292730600
1380060292730703
1380060292775590
1380060292775795
1380060292775972
1380060292815987
1380060292816133
1380060292816423
1380060292819186
1380060292819337
1380060292820446
1380060292823235
1380060292823407
1380060292824767
1380060292825076
1380060292828914
1380060292829324
1380060292829585
1380060292829897
1380060292830295
1380060292830568
1380060292830787
1380060292831766
1380060292832190
1380060292832466
