1380044743383285
1380044743505763
1380044743505847
1380044743505911
1380044743531797
1380044743531890
1380044743532249
1380044743532354
1380044743532612
1380044743532682
1380044743532849
1380044743587390
1380044743618908
1380044743618973
1380044743619173
1380044743644968
1380044743645158
1380044743645367
1380044743645515
1380044743673356
1380044743676171
1380044743699311
1380044743728411
1380044743728723
1380044743754507
1380044743792218
1380044743792513
1380044743792580
1380044743821312
1380044743821574
1380044743821802
1380044743821866
1380044743847800
1380044743847874
1380044743847921
1380044743860737
1380044743863641
1380044743877120
1380044743877526
1380044743889756
1380044743889846
1380044743890092
1380044743905674
1380044743906010
1380044744364432
1380044744403265
1380044744403444
1380044744403649
1380044744437921
1380044744469844
1380044744493612
1380044744493666
1380044744511779
1380044744549944
1380044744550820
1380044744586795
1380044744587130
1380044744626139
