1380046781759604
1380046781890443
1380046781890536
1380046781890601
1380046781993087
1380046781993143
1380046782041744
1380046782148815
1380046782148905
1380046782153357
1380046782153418
1380046782153647
1380046782253214
1380046782253524
1380046782253613
1380046782253672
1380046782253912
1380046782254002
1380046782254231
1380046782254297
1380046782256494
1380046782256899
1380046782256966
1380046782257241
1380046782257876
1380046782258044
1380046782258227
1380046782258306
1380046782258845
1380046782259521
1380046782259595
1380046782356850
1380046782356944
1380046782357153
1380046782357213
1380046782357438
1380046782357616
1380046782357705
1380046782357991
1380046782358308
1380046782358390
1380046782358635
1380046782358694
1380046782359310
1380046782359361
1380046782359533
1380046782359700
1380046782361241
1380046782361453
1380046782361512
1380046782361924
1380046782362587
1380046782362748
1380046782363254
1380046782363452
1380046782363629
1380046782363686
1380046782363989
1380046782364040
1380046782367394
1380046782367558
1380046782367837
1380046782402434
1380046782404212
1380046782460229
1380046782460308
1380046782460523
1380046782460669
1380046782460904
1380046782461285
1380046782461557
1380046782461632
1380046782461869
1380046782462114
1380046782462616
1380046782462783
1380046782463016
1380046782463267
1380046782463433
1380046782463551
1380046782463775
1380046782474475
1380046782474687
1380046782474775
1380046782474995
1380046782475127
1380046782475307
1380046782475472
1380046782475815
1380046782475983
1380046782476180
1380046782476296
1380046782476695
1380046782502458
1380046782508218
1380046782511565
1380046782511756
1380046782511925
1380046782512068
1380046782563807
1380046782564007
1380046782564147
1380046782564236
1380046782564394
1380046782566283
1380046782566444
1380046782566684
1380046782566851
1380046782567004
1380046782567090
1380046782567276
1380046782567449
1380046782581264
1380046782582780
1380046782582975
1380046782583242
1380046782583395
1380046782583481
1380046782583889
1380046782584130
1380046782584628
1380046782585021
1380046782585134
1380046782585344
1380046782585762
1380046782585900
1380046782585990
1380046782587833
1380046782588052
1380046782588111
1380046782588294
1380046782588761
1380046782595708
1380046782612818
1380046782612887
1380046782613099
1380046782613230
1380046782617963
1380046782618199
1380046782618445
1380046782618511
1380046782618769
1380046782618976
1380046782623122
1380046782623179
1380046782662662
1380046782690165
1380046782690258
1380046782690368
1380046782690616
1380046782690721
1380046782690861
1380046782690977
1380046782691271
1380046782691745
1380046782691878
1380046782693448
1380046782693595
1380046782693749
1380046782694202
1380046782694346
1380046782694483
1380046782694725
1380046782694794
1380046782694965
1380046782695043
1380046782695212
1380046782695282
1380046782695469
1380046782695538
1380046782695681
1380046782695801
1380046782695964
1380046782696158
1380046782696263
1380046782696387
1380046782696625
1380046782698053
1380046782698301
1380046782698660
1380046782698788
1380046782698931
1380046782699106
1380046782699176
1380046782699355
1380046782699502
1380046782699565
1380046782699739
1380046782699908
1380046782699978
1380046782700129
1380046782700252
1380046782700375
1380046782702137
1380046782702276
1380046782702413
1380046782702488
1380046782702667
1380046782702735
1380046782702917
1380046782703076
1380046782703710
1380046782703954
1380046782704199
1380046782704269
1380046782704413
1380046782716324
1380046782716541
1380046782716717
1380046782716820
1380046782717087
1380046782717187
1380046782717601
1380046782717760
1380046782717895
1380046782718047
1380046782718447
1380046782725365
1380046782725614
1380046782725757
1380046782725937
1380046782726104
1380046782726260
1380046782726587
1380046782727050
1380046782727248
1380046782727397
1380046782727559
1380046782727845
1380046782728010
1380046782728134
1380046782728295
1380046782728437
1380046782728615
1380046782806809
1380046782806911
1380046782807001
1380046782807080
1380046782807519
1380046782807588
1380046782807815
1380046782808124
1380046782808202
1380046782808590
1380046782808699
1380046782808813
1380046782809148
1380046782809215
1380046782809523
1380046782809618
1380046782809694
1380046782809942
1380046782810306
1380046782810586
1380046782810900
1380046782811156
1380046782811416
1380046782811578
1380046782811916
1380046782812009
1380046782812245
1380046782812463
1380046782812650
1380046782812756
1380046782814062
1380046782814298
1380046782814547
1380046782814723
1380046782814936
1380046782815200
1380046782815502
1380046782815825
1380046782816063
1380046782816181
1380046782816603
1380046782816860
1380046782817081
1380046782817302
1380046782817522
1380046782817839
1380046782818114
1380046782818482
1380046782818779
1380046782821133
1380046782821462
1380046782821806
1380046782822031
1380046782822271
1380046782822535
1380046782822908
1380046782823123
1380046782823424
1380046782823604
1380046782824941
1380046782825273
1380046782825473
1380046782832218
1380046782832504
1380046782832653
1380046782833018
1380046782833376
1380046782833588
1380046782833716
1380046782911000
1380046782911372
1380046782911509
1380046782911824
1380046782911951
1380046782917190
1380046782917457
1380046782917527
1380046782917831
1380046782918104
1380046782918167
1380046782918523
1380046782918772
1380046782919706
1380046782919772
1380046782920053
1380046782920117
1380046782920206
1380046782920497
1380046782920590
1380046782920644
1380046782920750
1380046782921059
1380046782925085
1380046782925839
1380046782925935
1380046782925997
1380046782926101
1380046782926563
1380046782926648
1380046782927952
1380046782928182
1380046782928256
1380046782928346
1380046782928668
1380046782928743
1380046782928822
1380046782929085
1380046782929312
1380046782929373
1380046782930235
1380046782930460
1380046782930543
1380046782930671
1380046782941293
1380046782941626
1380046782941716
1380046782941778
1380046782942134
1380046782942512
1380046782942584
1380046782942805
1380046782943061
1380046782943142
1380046782943418
1380046782943481
1380046782943577
1380046782943886
1380046782943976
1380046782944291
1380046782944416
1380046783016478
1380046783016697
1380046783016765
1380046783016959
1380046783017025
1380046783017295
1380046783017354
1380046783017557
1380046783017762
1380046783018010
1380046783018100
1380046783018578
1380046783018633
1380046783018810
1380046783019005
1380046783019165
1380046783019433
1380046783022499
1380046783022692
1380046783022882
1380046783022959
1380046783023026
1380046783023249
1380046783023316
1380046783023849
1380046783024099
1380046783024161
1380046783024258
1380046783024503
1380046783024562
1380046783024712
1380046783024940
1380046783024997
1380046783028466
1380046783028639
1380046783028710
1380046783028939
1380046783029012
1380046783029204
1380046783029275
1380046783029356
1380046783029657
1380046783036168
1380046783036279
1380046783036471
1380046783036631
1380046783036789
1380046783036864
1380046783037089
1380046783037393
1380046783037511
1380046783037671
1380046783037964
1380046783038139
1380046783038269
1380046783038559
1380046783038726
1380046783038969
1380046783051793
1380046783052169
1380046783052387
1380046783052573
1380046783052805
1380046783052877
1380046783053081
1380046783053394
1380046783053484
1380046783053933
1380046783054106
1380046783054235
1380046783054437
1380046783054612
1380046783055329
1380046783055336
1380046783055508
1380046783078438
1380046783081222
1380046783082109
1380046783082171
1380046783122853
1380046783125783
1380046783125953
1380046783126058
1380046783136272
1380046783159108
1380046783159568
1380046783159823
1380046783160011
1380046783160131
1380046783186675
1380046783187204
1380046783187316
1380046783187684
1380046783187761
1380046783188022
1380046783188240
1380046783188319
1380046783188782
1380046783188839
1380046783189069
1380046783189283
1380046783189354
1380046783189567
1380046783189706
1380046783190003
1380046783190081
1380046783190570
1380046783190656
1380046783190747
1380046783191066
1380046783191355
1380046783191413
1380046783191507
1380046783192120
1380046783192185
1380046783192732
1380046783192796
1380046783193125
1380046783193206
1380046783193566
1380046783193643
1380046783193969
1380046783194085
1380046783230589
1380046783230932
1380046783231173
1380046783231260
1380046783231517
1380046783231727
1380046783231950
1380046783232296
1380046783232512
1380046783232660
1380046783232848
1380046783232997
1380046783233206
1380046783233468
1380046783233787
1380046783234041
1380046783234329
1380046783234506
1380046783234675
1380046783234767
1380046783267477
1380046783268069
1380046783268161
1380046783268592
1380046783268848
1380046783269141
1380046783269436
1380046783269493
1380046783269600
1380046783269879
1380046783269974
1380046783270268
1380046783270360
1380046783270733
1380046783270826
1380046783270889
1380046783270982
1380046783271337
1380046783271410
1380046783271609
1380046783271725
1380046783281005
1380046783281223
1380046783296081
1380046783296149
1380046783296239
1380046783296649
1380046783296743
1380046783297014
1380046783297296
1380046783297556
1380046783297631
1380046783297919
1380046783298173
1380046783298263
1380046783298565
1380046783298787
1380046783299008
1380046783299221
1380046783299454
1380046783299646
1380046783299867
1380046783300035
1380046783300310
1380046783300987
1380046783301279
1380046783301528
1380046783301752
1380046783302011
1380046783302254
1380046783302520
1380046783302800
1380046783303122
1380046783303442
1380046783303743
1380046783304104
1380046783304458
1380046783304759
1380046783305021
1380046783305153
1380046783305328
1380046783305554
1380046783305736
1380046783305863
1380046783306000
1380046783339266
1380046783339485
1380046783339708
1380046783339863
1380046783340171
1380046783340273
1380046783340415
1380046783340584
1380046783340904
1380046783341015
1380046783341290
1380046783341463
1380046783341643
1380046783341844
1380046783341975
1380046783342175
1380046783342304
1380046783379323
1380046783379575
1380046783379776
1380046783379974
1380046783380188
1380046783380363
1380046783380501
1380046783380707
1380046783380989
1380046783381071
1380046783381445
1380046783381624
1380046783381815
1380046783382003
1380046783382228
1380046783382462
1380046783382607
1380046783382864
1380046783383045
1380046783383147
1380046783383255
1380046783383383
1380046783387950
1380046783388294
1380046783399701
1380046783399914
1380046783400083
1380046783400284
1380046783403130
1380046783403367
1380046783403455
1380046783403677
1380046783403773
1380046783403994
1380046783404149
1380046783404359
1380046783404683
1380046783404954
1380046783405105
1380046783405230
1380046783405423
1380046783405629
1380046783405819
1380046783406050
1380046783406142
1380046783406854
1380046783407120
1380046783407281
1380046783407453
1380046783407601
1380046783407843
1380046783408086
1380046783408219
1380046783410871
1380046783411028
1380046783411253
1380046783411442
1380046783411604
1380046783411690
1380046783411851
1380046783412022
1380046783412263
1380046783412621
1380046783412852
1380046783412981
1380046783413105
1380046783413503
1380046783413669
1380046783413908
1380046783414130
1380046783414262
1380046783446836
1380046783447172
1380046783447420
1380046783447592
1380046783447788
1380046783448130
1380046783448369
1380046783448598
1380046783449085
1380046783449237
1380046783449339
1380046783449501
1380046783449669
1380046783449904
1380046783450100
1380046783450304
1380046783450535
1380046783450783
1380046783451030
1380046783451205
1380046783451378
1380046783451592
1380046783451819
1380046783452030
1380046783452236
1380046783452657
1380046783452865
1380046783452978
1380046783494929
1380046783495120
1380046783495348
1380046783495479
1380046783495617
1380046783533119
1380046783533295
1380046783551167
1380046783551405
1380046783551570
1380046783551838
1380046783551961
1380046783552144
1380046783552353
1380046783552435
1380046783552712
1380046783552878
1380046783552985
1380046783555305
1380046783555586
1380046783555680
1380046783555876
1380046783556103
1380046783556213
1380046783556582
1380046783556793
1380046783556957
1380046783557153
1380046783557596
1380046783557722
1380046783557913
1380046783558159
1380046783558403
1380046783558610
1380046783558733
1380046783558936
1380046783559174
1380046783559400
1380046783559608
1380046783559798
1380046783560037
1380046783560186
1380046783560289
1380046783560516
1380046783560687
1380046783560873
1380046783602099
1380046783602233
1380046783602245
1380046783602638
1380046783639957
1380046783640131
1380046783640360
1380046783660584
1380046783660789
1380046783661012
1380046783661139
1380046783661329
1380046783661540
1380046783661625
1380046783661852
1380046783662120
1380046783685015
1380046783685260
1380046783702436
1380046783709152
1380046783713767
1380046783713931
1380046783714124
1380046783820325
1380046783820405
1380046783820755
1380046783820817
1380046783821050
1380046783821134
1380046783927357
1380046783927842
1380046783928101
1380046783928192
1380046783928809
1380046783928877
1380046783928957
1380046783929335
1380046784034662
1380046784035354
1380046784035701
1380046784035925
1380046784036016
1380046784036076
1380046784036175
1380046784036532
1380046785237387
1380046785347010
1380046785347111
1380046785347182
1380046785445082
1380046785477192
1380046785501015
1380046785501071
1380046785519774
1380046785627855
1380046785632418
1380046785742955
1380046785743282
1380046785743504
1380046785783202
