1380122057747397
1380122057774569
1380122057775028
1380122057775340
1380122057798990
1380122057799122
1380122057799525
1380122057799772
1380122057799992
1380122057800494
1380122057800556
1380122057823710
1380122057823981
1380122057824072
1380122057824122
1380122057824458
1380122057824511
1380122057824601
1380122057824878
1380122057825378
1380122057825441
1380122057825669
1380122057825728
1380122057826308
1380122057826368
1380122057826717
1380122057826791
1380122057827048
1380122057848578
1380122057848639
1380122057848847
1380122057849047
1380122057849279
1380122057849563
1380122057849645
1380122057850036
1380122057850089
1380122057850382
1380122057850628
1380122057850919
1380122057851081
1380122057851208
1380122057851375
1380122057851551
1380122057851788
1380122057852046
1380122057852179
1380122057852429
1380122057852807
1380122057853020
1380122057853220
1380122057853456
1380122057853635
1380122057853805
1380122057853968
1380122057854231
1380122057854479
1380122057873341
1380122057873858
1380122057874126
1380122057874468
1380122057874656
1380122057874880
1380122057875196
1380122057875325
1380122057875662
1380122057875985
1380122057876172
1380122057876438
1380122057876733
1380122057877272
1380122057877439
1380122057877845
1380122057878071
1380122057878292
1380122057878376
1380122057878672
1380122057878798
1380122057879039
1380122057879273
1380122057879391
1380122057879876
1380122057880148
1380122057880333
1380122057880487
1380122057905628
1380122057905638
1380122057905780
1380122057905885
1380122057906049
1380122057906056
1380122057906558
1380122057906938
1380122057907158
1380122057907313
1380122057907587
1380122057907756
1380122057908017
1380122057935693
1380122057935996
1380122057936144
1380122057943000
1380122057960004
1380122057960200
1380122057960602
1380122057960858
1380122057961098
1380122057961453
1380122057961623
1380122057961936
1380122057962024
1380122057962676
1380122057962817
1380122057964201
1380122057964362
1380122057964517
1380122057964593
1380122057985090
1380122057985564
1380122057985865
1380122057985974
1380122057986465
1380122057986595
1380122057986874
1380122057987281
1380122057987439
1380122057987635
1380122057987763
1380122057988105
1380122057989521
1380122057989726
1380122057989895
1380122057989971
1380122057990143
1380122057990293
1380122057990490
1380122057990565
1380122057990717
1380122058011750
1380122058014369
1380122058015092
1380122058015192
1380122058015333
1380122058015422
1380122058015774
1380122058016018
1380122058016099
1380122058016407
1380122058018178
1380122058018381
1380122058018572
1380122058038922
1380122058039124
1380122058039286
1380122058041919
1380122058042129
1380122058042243
1380122058042563
1380122058042702
1380122058042904
1380122058042968
1380122058043451
1380122058043787
1380122058043891
1380122058043957
1380122058044131
1380122058066796
1380122058070872
1380122058071106
1380122058071294
1380122058071504
1380122058071712
1380122058071902
1380122058072126
1380122058072350
1380122058072466
1380122058072744
1380122058072851
1380122058073011
1380122058073110
1380122058073324
1380122058073476
1380122058073646
1380122058073741
1380122058073923
1380122058074017
1380122058074266
1380122058074424
1380122058074675
1380122058074853
1380122058074976
1380122058075076
1380122058075468
1380122058075646
1380122058075757
1380122058075854
1380122058075993
1380122058076138
1380122058076384
1380122058076690
1380122058077837
1380122058077960
1380122058078278
1380122058078426
1380122058078554
1380122058078733
1380122058094858
1380122058095045
1380122058095190
1380122058098088
1380122058098348
1380122058098479
1380122058098778
1380122058099153
1380122058099438
1380122058099570
1380122058099665
1380122058100085
1380122058100336
1380122058100471
1380122058100629
1380122058101004
1380122058101126
1380122058101303
1380122058101402
1380122058101541
1380122058101649
1380122058101755
1380122058102173
1380122058102369
1380122058102464
1380122058103413
1380122058103570
1380122058103706
1380122058103791
1380122058103887
1380122058106428
1380122058106621
1380122058107485
1380122058107683
1380122058107935
1380122058108076
1380122058108218
1380122058127718
1380122058127982
1380122058130298
1380122058130420
1380122058130703
1380122058130800
1380122058131541
1380122058131702
1380122058131779
1380122058134850
1380122058135150
1380122058135253
1380122058136548
1380122058136724
1380122058137967
1380122058138119
1380122058155214
1380122058155297
1380122058155361
1380122058155470
1380122058158782
1380122058158898
1380122058159368
1380122058159436
1380122058159715
1380122058159941
1380122058160015
1380122058160224
1380122058160414
1380122058160546
1380122058160819
1380122058160893
1380122058160987
1380122058161479
1380122058161550
1380122058161909
1380122058161988
1380122058162062
1380122058162376
1380122058163979
1380122058164066
1380122058164149
1380122058164361
1380122058164452
1380122058164840
1380122058164946
1380122058165012
1380122058165106
1380122058165428
1380122058165523
1380122058166253
1380122058166327
1380122058166604
1380122058166807
1380122058167006
1380122058167276
1380122058167588
1380122058167769
1380122058169223
1380122058169787
1380122058170009
1380122058183230
1380122058183720
1380122058183788
1380122058184163
1380122058184240
1380122058184316
1380122058184648
1380122058184833
1380122058186955
1380122058187229
1380122058187422
1380122058187633
1380122058187749
1380122058189480
1380122058189559
1380122058190003
1380122058190249
1380122058190328
1380122058190387
1380122058190805
1380122058190877
1380122058191560
1380122058191632
1380122058191701
1380122058192074
1380122058192184
1380122058192509
1380122058192606
1380122058192914
1380122058192974
1380122058193240
1380122058193367
1380122058193514
1380122058193718
1380122058194052
1380122058194139
1380122058194197
1380122058194509
1380122058194752
1380122058194998
1380122058195060
1380122058195943
1380122058197667
1380122058197963
1380122058198017
1380122058198318
1380122058198378
1380122058198479
1380122058198757
1380122058198973
1380122058199028
1380122058208041
1380122058208128
1380122058208676
1380122058208779
1380122058214517
1380122058214615
1380122058214924
1380122058215554
1380122058215826
1380122058216002
1380122058216380
1380122058216631
1380122058216821
1380122058218058
1380122058218237
1380122058218460
1380122058218602
1380122058218764
1380122058218847
1380122058219175
1380122058219247
1380122058222401
1380122058222680
1380122058222925
1380122058223111
1380122058223362
1380122058223573
1380122058223774
1380122058224037
1380122058224177
1380122058224609
1380122058224852
1380122058225056
1380122058225138
1380122058238040
1380122058238536
1380122058238777
1380122058239054
1380122058239310
1380122058239505
1380122058239761
1380122058242585
1380122058242715
1380122058242944
1380122058243081
1380122058243325
1380122058243588
1380122058243905
1380122058244029
1380122058244220
1380122058244379
1380122058244482
1380122058247289
1380122058247592
1380122058247764
1380122058247855
1380122058248248
1380122058248502
1380122058248756
1380122058248976
1380122058249232
1380122058249428
1380122058249712
1380122058249906
1380122058250259
1380122058250425
1380122058250540
1380122058252633
1380122058252925
1380122058253063
1380122058253133
1380122058263936
1380122058264041
1380122058272873
1380122058273137
1380122058273229
1380122058274295
1380122058274377
1380122058276417
1380122058276722
1380122058276889
1380122058276961
1380122058278080
1380122058278344
1380122058278534
1380122058278606
1380122058280322
1380122058280616
1380122058280724
1380122058280792
1380122058291362
1380122058291620
1380122058291769
1380122058291841
1380122058300903
1380122058301139
1380122058301346
1380122058301429
1380122058302364
1380122058302626
1380122058302881
1380122058302975
1380122058306526
1380122058306779
1380122058307100
1380122058307215
1380122058307450
1380122058307530
1380122058307686
1380122058307843
1380122058308016
1380122058308234
1380122058308365
1380122058308435
1380122058308555
1380122058308795
1380122058308866
1380122058309636
1380122058309796
1380122058310139
1380122058310226
1380122058319514
1380122058319728
1380122058319887
1380122058319994
1380122058329532
1380122058329694
1380122058329793
1380122058329958
1380122058330076
1380122058336153
1380122058336239
1380122058336472
1380122058336621
1380122058336986
1380122058337173
1380122058337265
1380122058337590
1380122058337759
1380122058337907
1380122058338012
1380122058338176
1380122058338401
1380122058339114
1380122058339385
1380122058339570
1380122058339792
1380122058340027
1380122058340130
1380122058347358
1380122058357402
1380122058357580
1380122058357760
1380122058358023
1380122058358154
1380122058366612
1380122058370291
1380122058370385
1380122058370555
1380122058370740
1380122058373776
1380122058374073
1380122058374168
1380122058374841
1380122058375184
1380122058375288
1380122058386054
1380122058386287
1380122058386390
1380122058386503
1380122058396734
1380122058397054
1380122058397179
1380122058398604
1380122058398852
1380122058399058
1380122058399261
1380122058399482
1380122058399644
1380122058399735
1380122058400002
1380122058400110
1380122058400207
1380122058401871
1380122058402114
1380122058402345
1380122058402518
1380122058402765
1380122058402977
1380122058403070
1380122058403294
1380122058403570
1380122058403677
1380122058404006
1380122058404180
1380122058404346
1380122058404510
1380122058404629
1380122058404777
1380122058405183
1380122058405389
1380122058405583
1380122058405671
1380122058405904
1380122058406099
1380122058406165
1380122058406213
1380122058406264
1380122058406470
1380122058406629
1380122058407025
1380122058407220
1380122058414483
1380122058414643
1380122058414891
1380122058414991
1380122058415199
1380122058415373
1380122058415511
1380122058415758
1380122058415882
1380122058416016
1380122058416131
1380122058424962
1380122058425050
1380122058425236
1380122058425393
1380122058425711
1380122058425865
1380122058426125
1380122058426260
1380122058426531
1380122058426770
1380122058429028
1380122058429327
1380122058429448
1380122058429668
1380122058429918
1380122058430016
1380122058430205
1380122058430400
1380122058430685
1380122058430864
1380122058431050
1380122058431329
1380122058431493
1380122058432025
1380122058432154
1380122058432448
1380122058432541
1380122058434425
1380122058434656
1380122058434953
1380122058435077
1380122058435316
1380122058435476
1380122058435650
1380122058435723
1380122058435922
1380122058436030
1380122058436292
1380122058445005
1380122058445160
1380122058445407
1380122058445533
1380122058445739
1380122058445892
1380122058446011
1380122058446118
1380122058449852
1380122058452419
1380122058452575
1380122058453906
1380122058455228
1380122058455444
1380122058455662
1380122058459494
1380122058459808
1380122058459981
1380122058460292
1380122058460421
1380122058460723
1380122058460802
1380122058473320
1380122058473504
1380122058477916
1380122058478055
1380122058480005
1380122058480073
1380122058480196
1380122058487444
1380122058487753
1380122058487849
1380122058487922
1380122058487953
1380122058488067
1380122058490688
1380122058490833
1380122058501945
1380122058502128
1380122058507849
1380122058508003
1380122058509813
1380122058510044
1380122058510139
1380122058515981
1380122058516170
1380122058516420
1380122058516523
1380122058518329
1380122058518539
1380122058518629
1380122058529126
1380122058529398
1380122058529517
1380122058532286
1380122058532584
1380122058532723
1380122058535308
1380122058535471
1380122058535702
1380122058535894
1380122058536050
1380122058536130
1380122058536302
1380122058536478
1380122058536618
1380122058536999
1380122058537143
1380122058544329
1380122058544493
1380122058544763
1380122058544883
1380122058545088
1380122058545183
1380122058545380
1380122058545620
1380122058545978
1380122058546174
1380122058546498
1380122058546684
1380122058546868
1380122058547162
1380122058547330
1380122058547512
1380122058547714
1380122058547925
1380122058548032
1380122058548128
1380122058548268
1380122058556459
1380122058556658
1380122058559845
1380122058560040
1380122058560833
1380122058561212
1380122058561466
1380122058561652
1380122058561762
1380122058569897
1380122058572855
1380122058573107
1380122058573274
1380122058573440
1380122058573674
1380122058573859
1380122058573939
1380122058574102
1380122058574298
1380122058574437
1380122058584386
1380122058587713
1380122058589074
1380122058598075
1380122058598214
1380122058598549
1380122058598747
1380122058598917
1380122059137864
1380122059138586
1380122059166218
1380122059166287
1380122059175635
1380122059175729
1380122059176166
1380122059214636
1380122059247684
1380122059280137
1380122059280202
1380122059300591
1380122059340599
1380122059341639
1380122059377738
1380122059378092
1380122059419167
1380122094842468
1380122094849522
1380122094849622
1380122094853509
1380122094853963
1380122094854087
1380122094854580
1380122094854810
1380122094986313
1380122094991649
1380122094994703
1380122094994778
1380122094998513
1380122094998589
1380122094998894
1380122094999157
1380122095000181
1380122095000330
1380122095000448
1380122095000537
1380122095003213
1380122095003624
1380122095004395
1380122095005892
1380122095006629
1380122095006732
1380122095008918
1380122095010283
1380122095011722
1380122095014622
1380122095014823
1380122095014995
1380122095015290
1380122095021622
1380122095021722
1380122095022295
1380122095022431
1380122095023867
1380122095024259
1380122095024352
1380122095024852
1380122095025594
1380122095025790
1380122095026530
1380122095026976
1380122095027397
1380122095027700
1380122095027962
1380122095028212
1380122095028806
1380122095029067
1380122095029320
1380122095029592
1380122095030103
1380122095030188
1380122095033329
1380122095033759
1380122095034048
1380122095034151
1380122095034710
1380122095034892
1380122095035064
1380122095035641
1380122095037866
1380122095038674
1380122095038889
1380122095039326
1380122095039521
1380122095039764
1380122095040496
1380122095040581
1380122095041124
1380122095041598
1380122095042378
1380122095042715
1380122095042961
1380122095043158
1380122095043531
1380122095043746
1380122095044057
1380122095044314
1380122095045058
1380122095046063
1380122095046464
1380122095047282
1380122095047948
1380122095048370
1380122095048510
1380122095049253
1380122095049548
1380122095050102
1380122095050188
1380122095052967
1380122095053188
1380122095053765
1380122095053871
1380122095053936
1380122095054131
1380122095054176
1380122095056805
1380122095057077
1380122095057254
1380122095057367
1380122095059797
1380122095060356
1380122095060765
1380122095061279
1380122095061522
1380122095061904
1380122095062337
1380122095062729
1380122095063203
1380122095063717
1380122095064439
1380122095064613
1380122095065166
1380122095065508
1380122095065626
1380122095065753
1380122095065980
1380122095066550
1380122095067079
1380122095067628
1380122095068112
1380122095068362
1380122095068929
1380122095069398
1380122095070104
1380122095070872
1380122095071684
1380122095071822
1380122095071825
1380122095072079
1380122095072678
1380122095072811
1380122095073372
1380122095073952
1380122095074079
1380122095074311
1380122095074752
1380122095075141
1380122095075342
1380122095076282
1380122095077488
1380122095077620
1380122095077641
1380122095077731
1380122095077852
1380122095079266
1380122095079651
1380122095080672
1380122095080741
1380122095081170
1380122095081499
1380122095082009
1380122095082343
1380122095082544
1380122095083050
1380122095083264
1380122095083538
1380122095084018
1380122095084545
1380122095084790
1380122095085329
1380122095085580
1380122095085859
1380122095086497
1380122095094571
1380122095094733
1380122095095002
1380122095098639
1380122095099056
1380122095099330
1380122095099662
1380122095099813
1380122095100140
1380122095100509
1380122095100657
1380122095100986
1380122095106573
1380122095106944
1380122095110439
1380122095110729
1380122095110990
1380122095116740
1380122095116869
1380122095117165
1380122095120683
1380122095121016
1380122095121325
1380122095121372
1380122095126301
