1380414315837568
1380414316252427
1380414316252511
1380414316252913
1380414316328565
1380414316328786
1380414316329060
1380414316329303
1380414316329410
1380414316329832
1380414316329999
1380414316330411
1380414316522431
1380414316630502
1380414316630628
1380414316630725
1380414316675636
1380414316675681
1380414316735367
1380414316754122
1380414316754343
1380414316754484
1380414316793970
1380414316830553
1380414316830856
1380414316830972
1380414316831081
1380414316831310
1380414316831529
1380414316871948
1380414316871990
1380414316906905
1380414316949249
1380414316949321
1380414316985766
1380414316986088
1380414317063528
1380414317064242
1380414317064501
1380414317064615
1380414317141601
1380414317141649
1380414317141897
1380414317142006
1380414317142268
1380414317142388
1380414317142531
1380414317142900
1380414317143071
1380414317143193
1380414317143383
1380414317218951
1380414317219116
1380414317219403
1380414317219482
1380414317219750
1380414317219855
1380414317220367
1380414317220473
1380414317220570
1380414317221102
1380414317221225
1380414317221359
1380414317222796
1380414317223037
1380414317223127
1380414317259402
1380414317296732
1380414317297095
1380414317297258
1380414317297346
1380414317297616
1380414317298183
1380414317298431
1380414317298750
1380414317299559
1380414317299647
1380414317299873
1380414317299981
1380414317300094
1380414317300182
1380414317300291
1380414317300554
1380414317300651
1380414317301055
1380414317301119
1380414317337360
1380414317337524
1380414317337743
1380414317374064
1380414317377225
1380414317377359
1380414317377786
1380414317377874
1380414317377979
1380414317378384
1380414317378674
1380414317378681
1380414317378770
1380414317378840
1380414317414775
1380414317414882
1380414317414964
1380414317415248
1380414317415348
1380414317457029
1380414317457083
1380414317457218
1380414317457341
1380414317492295
1380414317534266
1380414317534567
1380414317534655
1380414317534846
1380414317534913
1380414317570614
1380414317570720
1380414317570820
1380414317606370
1380414317647927
1380414317648056
1380414317648270
1380414317648373
1380414317648460
1380414317683873
1380414317684032
1380414317722118
1380414317760167
1380414317760237
1380414317760538
1380414317798750
1380414317798875
1380414317799112
1380414317836022
1380414317836191
1380414317836257
1380414317836316
1380414317837042
1380414317837121
1380414317837194
1380414317874624
1380414317877960
1380414317878296
1380414317878462
1380414317878550
1380414317912553
1380414317912679
1380414317912857
1380414317912874
1380414317913001
1380414317914556
1380414317914931
1380414317915044
1380414317915132
1380414317915430
1380414317915523
1380414317915777
1380414317916337
1380414317916590
1380414317916834
1380414317917104
1380414317917358
1380414317917751
1380414317917918
1380414317918120
1380414317918188
1380414317918284
1380414317918452
1380414317918832
1380414317919011
1380414317919103
1380414317919398
1380414317919916
1380414317920183
1380414317920342
1380414317920605
1380414317920717
1380414317920992
1380414317921111
1380414317921326
1380414317921532
1380414317921782
1380414317922075
1380414317922259
1380414317922367
1380414317922369
1380414317923350
1380414317923567
1380414317923911
1380414317924109
1380414317924413
1380414317924509
1380414317924745
1380414317924873
1380414317925227
1380414317925314
1380414317925557
1380414317937114
1380414317937201
1380414317977548
1380414317988431
1380414317988490
1380414317988567
1380414317988844
1380414317988933
1380414317992218
1380414317992338
1380414317993052
1380414317993265
1380414317993388
1380414317993662
1380414317993794
1380414317993913
1380414317994222
1380414317994345
1380414318000548
1380414318000650
1380414318000716
1380414318001075
1380414318001264
1380414318001376
1380414318001459
1380414318001865
1380414318001957
1380414318065519
1380414318065886
1380414318066004
1380414318066115
1380414318066216
1380414318066828
1380414318069862
1380414318070121
1380414318070240
1380414318070674
1380414318071024
1380414318071130
1380414318071526
1380414318071615
1380414318072005
1380414318072099
1380414318079138
1380414318079646
1380414318079726
1380414318080267
1380414318080392
1380414318080778
1380414318080890
1380414318081004
1380414318081093
1380414318081550
1380414318081634
1380414318081738
1380414318081938
1380414318093706
1380414318097975
1380414318141898
1380414318143364
1380414318143522
1380414318147817
1380414318148156
1380414318148283
1380414318148371
1380414318148960
1380414318149315
1380414318149428
1380414318149516
1380414318149639
1380414318150067
1380414318150158
1380414318150476
1380414318150553
1380414318150655
1380414318158363
1380414318158581
1380414318158709
1380414318158841
1380414318158950
1380414318159217
1380414318159363
1380414318159453
1380414318159515
1380414318160192
1380414318160305
1380414318160559
1380414318160782
1380414318160898
1380414318160996
1380414318161329
1380414318161678
1380414318161759
1380414318190205
1380414318191263
1380414318193804
1380414318210380
1380414318210733
1380414318211204
1380414318220758
1380414318220984
1380414318221040
1380414318221165
1380414318221269
1380414318221367
1380414318221434
1380414318223957
1380414318224024
1380414318228295
1380414318228391
1380414318228485
1380414318228634
1380414318228740
1380414318228932
1380414318229037
1380414318229151
1380414318229229
1380414318237812
1380414318237985
1380414318238508
1380414318238590
1380414318238891
1380414318238920
1380414318239407
1380414318239718
1380414318239807
1380414318239879
1380414318240201
1380414318240277
1380414318240348
1380414318240605
1380414318240731
1380414318267066
1380414318267217
1380414318267291
1380414318269253
1380414318269404
1380414318272216
1380414318272462
1380414318278259
1380414318298052
1380414318298361
1380414318298418
1380414318298576
1380414318298705
1380414318298829
1380414318298957
1380414318299027
1380414318300538
1380414318300780
1380414318301014
1380414318301132
1380414318301261
1380414318301384
1380414318301518
1380414318301600
1380414318306686
1380414318306918
1380414318307037
1380414318307141
1380414318307437
1380414318307577
1380414318307671
1380414318307742
1380414318317092
1380414318317155
1380414318317351
1380414318317524
1380414318317700
1380414318317842
1380414318317923
1380414318318259
1380414318318544
1380414318318635
1380414318318703
1380414318318955
1380414318319107
1380414318319185
1380414318319337
1380414318319457
1380414318319835
1380414318319913
1380414318319974
1380414318345109
1380414318345300
1380414318345412
1380414318345681
1380414318345927
1380414318346088
1380414318346593
1380414318346753
1380414318346892
1380414318347008
1380414318347579
1380414318347730
1380414318347860
1380414318347976
1380414318349985
1380414318350041
1380414318350158
1380414318350276
1380414318354380
1380414318355610
1380414318355679
1380414318355820
1380414318375545
1380414318378086
1380414318378154
1380414318378201
1380414318378337
1380414318378583
1380414318378643
1380414318378690
1380414318378809
1380414318379049
1380414318379116
1380414318379165
1380414318385101
1380414318385314
1380414318385427
1380414318385587
1380414318385717
1380414318385979
1380414318386119
1380414318386236
1380414318386335
1380414318386406
1380414318397146
1380414318397378
1380414318397428
1380414318397628
1380414318397704
1380414318397986
1380414318398137
1380414318398235
1380414318398371
1380414318398704
1380414318398867
1380414318398920
1380414318399090
1380414318399559
1380414318399622
1380414318399807
1380414318399979
1380414318400014
1380414318400201
1380414318422777
1380414318422828
1380414318423434
1380414318423714
1380414318423869
1380414318424317
1380414318424347
1380414318424405
1380414318424850
1380414318424970
1380414318425166
1380414318425299
1380414318425829
1380414318426003
1380414318426084
1380414318426210
1380414318426359
1380414318426458
1380414318426514
1380414318427769
1380414318427829
1380414318427993
1380414318432221
1380414318454651
1380414318463987
1380414318464329
1380414318464448
1380414318464528
1380414318464877
1380414318464979
1380414318465048
1380414318465145
1380414318476629
1380414318478355
1380414318478467
1380414318478572
1380414318478689
1380414318478778
1380414318479531
1380414318479705
1380414318479724
1380414318480001
1380414318480684
1380414318480800
1380414318480946
1380414318500599
1380414318500670
1380414318500824
1380414318501301
1380414318502215
1380414318502330
1380414318502601
1380414318502710
1380414318503259
1380414318503509
1380414318503665
1380414318503783
1380414318503901
1380414318504340
1380414318504412
1380414318504536
1380414318505350
1380414318505898
1380414318505964
1380414318506135
1380414318506273
1380414318506398
1380414318506825
1380414318507004
1380414318507056
1380414318542714
1380414318542913
1380414318542978
1380414318543153
1380414318543237
1380414318543447
1380414318543550
1380414318543684
1380414318544010
1380414318544079
1380414318557941
1380414318558196
1380414318558249
1380414318558426
1380414318558491
1380414318558779
1380414318558941
1380414318559077
1380414318559183
1380414318577546
1380414318577986
1380414318578098
1380414318578199
1380414318578355
1380414318578481
1380414318578550
1380414318578741
1380414318578892
1380414318579174
1380414318579392
1380414318579864
1380414318580482
1380414318580612
1380414318580822
1380414318580944
1380414318581148
1380414318581269
1380414318581529
1380414318581667
1380414318581909
1380414318582038
1380414318582340
1380414318582667
1380414318583063
1380414318583276
1380414318583398
1380414318583853
1380414318584387
1380414318584505
1380414318584668
1380414318584730
1380414318585030
1380414318585141
1380414318585227
1380414318585280
1380414318621527
1380414318621759
1380414318621876
1380414318636248
1380414318636600
1380414318636742
1380414318656217
1380414318656434
1380414318660576
1380414318660841
1380414318660964
1380414318661054
1380414318661415
1380414318662993
1380414318663322
1380414318663398
1380414318663512
1380414318663588
1380414318699337
1380414318699602
1380414318699693
1380414318699761
1380414318734387
1380414318734495
1380414318734803
1380414318734924
1380414318735038
1380414318735164
1380414318735606
1380414318735727
1380414318735813
1380414318736107
1380414318736215
1380414318736320
1380414318736431
1380414318736552
1380414318737749
1380414318742178
1380414318742280
1380414318742569
1380414318742744
1380414318742861
1380414318742966
1380414318813001
1380414318813126
1380414318813232
1380414318813496
1380414318813619
1380414318813731
1380414318813860
1380414318813953
1380414318814352
1380414318814624
1380414318814742
1380414318814835
1380414318815275
1380414318815360
1380414318815482
1380414318815591
1380414318815989
1380414318816068
1380414318816362
1380414318816456
1380414318820152
1380414318820318
1380414318820421
1380414318820600
1380414318820722
1380414318833942
1380414318891975
1380414318892107
1380414318892220
1380414318910686
1380414318910799
1380414318987341
1380414318987424
1380414318996193
1380414319106849
