1380036233676810
1380036233705137
1380036233705197
1380036233705431
1380036233717633
1380036233717824
1380036233717869
1380036233718145
1380036233730259
1380036233730400
1380036233730562
1380036233730685
1380036233730934
1380036233743311
1380036233743351
1380036233743408
1380036233743587
1380036233743778
1380036233744065
1380036233746921
1380036233756150
1380036233756615
1380036233756920
1380036233757104
1380036233757449
1380036233757598
1380036233775158
1380036233775397
1380036233775637
1380036233788100
1380036233788220
1380036233788482
1380036233826108
1380036233826181
1380036233826351
1380036233826469
1380036233838312
1380036233838433
1380036233838548
1380036233838666
1380036233838747
1380036233838900
1380036233853713
1380036233853835
1380036233854037
1380036233866451
1380036233866573
1380036233866857
1380036233879146
1380036233879332
1380036233880738
1380036233881144
1380036233917840
1380036233917915
1380036233939932
1380036233940175
1380036233940754
1380036233941219
1380036233953562
1380036233953797
1380036233953911
1380036233953994
1380036233954176
1380036233954289
1380036233967437
1380036233967474
1380036233967742
1380036233971673
1380036233971761
1380036233972003
1380036233972831
1380036233977387
1380036233980625
1380036233980676
1380036233980808
1380036233980930
1380036233981036
1380036233981164
1380036233983111
1380036233984245
1380036233984412
1380036233996792
1380036233996883
1380036234009404
1380036234018175
1380036234028747
1380036234029895
1380036234031169
1380036234086150
1380036234086339
1380036234086393
1380036234098380
1380036234098600
1380036234104325
1380036234104440
1380036234104662
1380036234108730
1380036234108861
1380036234109041
1380036234117168
1380036234117245
1380036234120791
1380036234120964
1380036234121081
1380036234121206
1380036234121303
1380036234128631
1380036234128721
1380036234128988
1380036234132534
1380036234132663
1380036234133121
1380036234133586
1380036234133686
1380036234133995
1380036234134107
1380036234134199
1380036234141273
1380036234141517
1380036234141816
1380036234142060
1380036234144249
1380036234144910
1380036234145633
1380036234146016
1380036234146123
1380036234146283
1380036234146479
1380036234146661
1380036234146958
1380036234154244
1380036234154362
1380036234154474
1380036234154600
1380036234154911
1380036234155310
1380036234156309
1380036234156931
1380036234158422
1380036234158684
1380036234158772
1380036234158883
1380036234159278
1380036234167227
1380036234167581
1380036234167831
1380036234168074
1380036234168242
1380036234168505
1380036234168618
1380036234168737
1380036234170744
1380036234170844
1380036234171148
1380036234171332
1380036234171416
1380036234171679
1380036234180450
1380036234180781
1380036234180906
1380036234181296
1380036234181536
1380036234181796
1380036234183283
1380036234183471
1380036234183590
1380036234184014
1380036234184108
1380036234184434
1380036234192749
1380036234192965
1380036234193959
1380036234194067
1380036234194174
1380036234194280
1380036234194400
1380036234194488
1380036234195431
1380036234195562
1380036234196111
1380036234196477
1380036234196726
1380036234196837
1380036234196922
1380036234197174
1380036234204998
1380036234205211
1380036234205383
1380036234206733
1380036234206939
1380036234207339
1380036234207517
1380036234207794
1380036234208063
1380036234208320
1380036234209167
1380036234209570
1380036234209853
1380036234210025
1380036234216839
1380036234217016
1380036234220087
1380036234220522
1380036234220602
1380036234220957
1380036234221065
1380036234221340
1380036234221543
1380036234221862
1380036234222114
1380036234222237
1380036234222524
1380036234222827
1380036234222954
1380036234228693
1380036234228848
1380036234232851
1380036234233132
1380036234233356
1380036234233615
1380036234234436
1380036234234780
1380036234235072
1380036234235337
1380036234235503
1380036234235818
1380036234236015
1380036234236420
1380036234236700
1380036234236851
1380036234240381
1380036234240555
1380036234245220
1380036234245393
1380036234246684
1380036234246911
1380036234247183
1380036234247623
1380036234247792
1380036234248146
1380036234248386
1380036234248651
1380036234248992
1380036234249146
1380036234249490
1380036234249899
1380036234250108
1380036234250362
1380036234250531
1380036234252349
1380036234252510
1380036234257174
1380036234257364
1380036234259333
1380036234259663
1380036234259737
1380036234259964
1380036234260047
1380036234260712
1380036234261066
1380036234261287
1380036234261437
1380036234261960
1380036234262443
1380036234262596
1380036234262848
1380036234262974
1380036234263265
1380036234263393
1380036234264066
1380036234264287
1380036234269447
1380036234269618
1380036234271617
1380036234271800
1380036234272354
1380036234272833
1380036234273347
1380036234273588
1380036234273697
1380036234274024
1380036234274167
1380036234274376
1380036234274687
1380036234275697
1380036234275914
1380036234276158
1380036234276368
1380036234276676
1380036234276889
1380036234281005
1380036234281446
1380036234283370
1380036234286001
1380036234286193
1380036234286320
1380036234288950
1380036234289387
1380036234289571
1380036234289764
1380036234289947
1380036234292590
1380036234292707
1380036234298862
1380036234299136
1380036234299238
1380036234299443
1380036234302228
1380036234302355
1380036234302590
1380036234303030
1380036234303293
1380036234305150
1380036234305310
1380036234312016
1380036234312134
1380036234312237
1380036234317839
1380036234317945
1380036234318042
1380036234318268
1380036234339965
1380036234373863
1380036234509928
1380036234546576
1380036234546707
1380036234546909
1380036234581398
1380036234618531
1380036234654888
1380036234654969
1380036234670041
1380036234708288
1380036234709159
1380036234745120
1380036234745488
1380036234745754
1380036234784482
