1380136538252879
1380136538572932
1380136538573113
1380136538573196
1380136538577340
1380136538577422
1380136538577665
1380136538577750
1380136538577839
1380136538578107
1380136538578273
1380136538578492
1380136538578550
1380136539121399
1380136539129344
1380136539129436
1380136539129690
1380136539137442
1380136539144734
1380136539146644
1380136539146761
1380136539146871
1380136539151219
1380136539151358
1380136539151446
1380136539151563
1380136539151810
1380136539152007
1380136539152075
1380136539152259
1380136539157474
1380136539157743
1380136539157859
1380136539162357
1380136539172030
1380136539172108
1380136539172191
1380136539172373
1380136539176507
1380136539176602
1380136539176679
1380136539176892
1380136539177081
1380136539177283
1380136539177544
1380136539177644
1380136539177823
1380136539177909
1380136539178507
1380136539178587
1380136539178763
1380136539181541
1380136539181799
1380136539181901
1380136539181960
1380136539182234
1380136539182328
1380136539182838
1380136539182883
1380136539184536
1380136539184806
1380136539184930
1380136539192085
1380136539192185
1380136539192446
1380136539196509
1380136539196592
1380136539196850
1380136539203324
1380136539203512
1380136539203593
1380136539207568
1380136539207822
1380136539214440
1380136539214546
1380136539214633
1380136539218685
1380136539218753
1380136539219040
1380136539219315
1380136539219380
1380136539219480
1380136539219606
1380136539219691
1380136539226621
1380136539226709
1380136539226933
1380136539227070
1380136539227219
1380136539227333
1380136539227427
1380136539227532
1380136539227642
1380136539227866
1380136539228073
1380136539228168
1380136539228219
1380136539233451
1380136539233489
1380136539233574
1380136539233707
1380136539233854
1380136539235271
1380136539235413
1380136539236221
1380136539236367
1380136539236461
1380136539236607
1380136539236688
1380136539236788
1380136539238816
1380136539238843
1380136539239076
1380136539239153
1380136539239287
1380136539239386
1380136539243238
1380136539243316
1380136539243420
1380136539243526
1380136539243848
1380136539243925
1380136539244039
1380136539244579
1380136539244756
1380136539245036
1380136539245166
1380136539245511
1380136539245646
1380136539245744
1380136539245860
1380136539246152
1380136539246319
1380136539246545
1380136539246669
1380136539246888
1380136539247162
1380136539247392
1380136539247570
1380136539247776
1380136539247953
1380136539248078
1380136539248240
1380136539248527
1380136539248676
1380136539248786
1380136539248925
1380136539249200
1380136539249389
1380136539249527
1380136539250764
1380136539257704
1380136539258238
1380136539258332
1380136539258752
1380136539259113
1380136539259240
1380136539259496
1380136539269123
1380136539269684
1380136539269772
1380136539269834
1380136539269817
1380136539270005
1380136539270145
1380136539270183
1380136539270204
1380136539270358
1380136539270418
1380136539270437
1380136539270537
1380136539270684
1380136539270899
1380136539271141
1380136539271224
1380136539271303
1380136539277150
1380136539277261
1380136539277342
1380136539277416
1380136539277802
1380136539277913
1380136539279519
1380136539279636
1380136539279708
1380136539279941
1380136539280312
1380136539280422
1380136539280818
1380136539281010
1380136539281171
1380136539281541
1380136539281631
1380136539281926
1380136539282122
1380136539282207
1380136539282449
1380136539282706
1380136539282815
1380136539283015
1380136539283242
1380136539283460
1380136539283527
1380136539283663
1380136539287192
1380136539287330
1380136539287664
1380136539289610
1380136539289839
1380136539289867
1380136539289982
1380136539290003
1380136539290353
1380136539293326
1380136539293477
1380136539293571
1380136539295676
1380136539295870
1380136539295945
1380136539341467
1380136539341553
1380136539341605
1380136539341653
1380136539341698
1380136539341743
1380136539341789
1380136539350232
1380136539350453
1380136539350482
1380136539350488
1380136539350586
1380136539350683
1380136539350779
1380136539350831
1380136539351268
1380136539351456
1380136539353535
1380136539353686
1380136539354140
1380136539354379
1380136539354768
1380136539354842
1380136539355215
1380136539355290
1380136539355746
1380136539355802
1380136539355987
1380136539356880
1380136539356962
1380136539357365
1380136539357511
1380136539365580
1380136539365672
1380136539365697
1380136539365883
1380136539365906
1380136539366118
1380136539366315
1380136539366337
1380136539366365
1380136539366560
1380136539366585
1380136539367550
1380136539367610
1380136539367656
1380136539367697
1380136539367740
1380136539367785
1380136539383446
1380136539383813
1380136539384069
1380136539384372
1380136539384399
1380136539394600
1380136539394693
1380136539394720
1380136539395796
1380136539395883
1380136539396149
1380136539396172
1380136539396357
1380136539396388
1380136539396585
1380136539396619
1380136539555804
1380136539574700
1380136539574955
1380136539575062
1380136539575531
1380136539575879
1380136539576145
1380136539576413
1380136539576476
1380136539576584
1380136539576872
1380136539576981
1380136539577107
1380136539577213
1380136539577681
1380136539577921
1380136539578174
1380136539578693
1380136539578778
1380136539578877
1380136539579612
1380136539579684
1380136539579964
1380136539580502
1380136539586715
1380136539586846
1380136539830661
1380136539950210
1380136539950281
1380136540051200
1380136540126383
1380136540171452
1380136540377848
1380136540377973
1380136540385419
1380136540406741
1380136540406827
1380136540756082
1380136540858257
1380136540859485
1380136540969204
1380136540969605
1380136540970265
1380136541008342
1380136541010393
