1380014115023700
1380014115106783
1380014115145660
1380014115185479
1380014115185597
1380014115185663
1380014115186021
1380014115264362
1380014115264648
1380014115264803
1380014115265046
1380014115265139
1380014115265396
1380014115265610
1380014115282925
1380014115343455
1380014115343683
1380014115343774
1380014115344639
1380014115344725
1380014115344944
1380014115345010
1380014115345507
1380014115345640
1380014115345842
1380014115346014
1380014115346121
1380014115346182
1380014115362656
1380014115363045
1380014115422605
1380014115422950
1380014115423033
1380014115423323
1380014115423916
1380014115424009
1380014115424207
1380014115442817
1380014115442911
1380014115443209
1380014115529285
1380014115529560
1380014115604345
1380014115611373
1380014115611683
1380014115611818
1380014115611955
1380014115612011
1380014115612376
1380014115687684
1380014115688059
1380014115688192
1380014115691414
1380014115691671
1380014115692157
1380014115692504
1380014115692543
1380014115692571
1380014115692819
1380014115692894
1380014115692949
1380014115693444
1380014115693633
1380014115767168
1380014115767452
1380014115771454
1380014115772620
1380014115772707
1380014115772729
1380014115772864
1380014115772991
1380014115773221
1380014115773357
1380014115773392
1380014115773478
1380014115773664
1380014115773805
1380014115810495
1380014115810730
1380014115846945
1380014115847173
1380014115852104
1380014115852613
1380014115852749
1380014115852891
1380014115853215
1380014115853420
1380014115854321
1380014115854429
1380014115854515
1380014115854900
1380014115854981
1380014115855130
1380014115855329
1380014115855579
1380014115855657
1380014115855856
1380014115859422
1380014115859673
1380014115860722
1380014115860990
1380014115861232
1380014115889529
1380014115889623
1380014115889738
1380014115890308
1380014115890453
1380014115926942
1380014115927314
1380014115927519
1380014115928461
1380014115928592
1380014115928822
1380014115935299
1380014115935541
1380014115935988
1380014115936373
1380014115936545
1380014115936732
1380014115938686
1380014115938947
1380014115939402
1380014115939545
1380014115968098
1380014115970281
1380014115970303
1380014116006451
1380014116006521
1380014116006577
1380014116007296
1380014116008653
1380014116008719
1380014116014525
1380014116014594
1380014116015039
1380014116015139
1380014116015463
1380014116015540
1380014116015800
1380014116016251
1380014116016332
1380014116016553
1380014116016671
1380014116016735
1380014116016971
1380014116017724
1380014116017845
1380014116018524
1380014116018623
1380014116018717
1380014116019303
1380014116019417
1380014116019500
1380014116045284
1380014116045397
1380014116053480
1380014116080038
1380014116080072
1380014116085185
1380014116085599
1380014116085891
1380014116086099
1380014116087007
1380014116087101
1380014116087395
1380014116087456
1380014116087693
1380014116087741
1380014116087869
1380014116088283
1380014116088467
1380014116088687
1380014116088859
1380014116089064
1380014116089283
1380014116095192
1380014116095306
1380014116097913
1380014116098216
1380014116098346
1380014116098530
1380014116098822
1380014116098935
1380014116099133
1380014116099427
1380014116099525
1380014116099922
1380014116100069
1380014116100255
1380014116117817
1380014116118153
1380014116118223
1380014116145031
1380014116168115
1380014116168236
1380014116168724
1380014116169008
1380014116169154
1380014116169589
1380014116169730
1380014116174185
1380014116174575
1380014116174740
1380014116178392
1380014116178552
1380014116178660
1380014116198018
1380014116198085
1380014116198386
1380014116198652
1380014116198817
1380014116203449
1380014116249049
1380014116249471
1380014116249499
1380014116249750
1380014116249881
1380014116250210
1380014116250417
1380014116254649
1380014116254763
1380014116254965
1380014116273563
1380014116278804
1380014116279029
1380014116284356
1380014116315067
1380014116315135
1380014116334337
1380014116334366
1380014116334384
1380014116334488
1380014116334509
1380014116334896
1380014116334975
1380014116335037
1380014116335822
1380014116335922
1380014116336143
1380014116336289
1380014116336596
1380014116336703
1380014116340364
1380014116340579
1380014116340665
1380014116350986
1380014116351465
1380014116358792
1380014116359192
1380014116359400
1380014116393333
1380014116416411
1380014116416586
1380014116416646
1380014116416997
1380014116417094
1380014116417163
1380014116417737
1380014116417766
1380014116417869
1380014116417905
1380014116418279
1380014116418517
1380014116418668
1380014116418737
1380014116419063
1380014116419129
1380014116419640
1380014116419782
1380014116420164
1380014116420244
1380014116420272
1380014116420393
1380014116420460
1380014116420550
1380014116421155
1380014116421263
1380014116421282
1380014116421586
1380014116421684
1380014116421793
1380014116422053
1380014116422275
1380014116422362
1380014116422860
1380014116422980
1380014116423003
1380014116423095
1380014116423488
1380014116423533
1380014116423560
1380014116423623
1380014116423954
1380014116423976
1380014116424060
1380014116424289
1380014116424467
1380014116425333
1380014116425625
1380014116425938
1380014116426078
1380014116426243
1380014116426362
1380014116426450
1380014116426576
1380014116498543
1380014116498670
1380014116498980
1380014116499207
1380014116499303
1380014116499645
1380014116499744
1380014116500178
1380014116500203
1380014116500640
1380014116500774
1380014116500810
1380014116500891
1380014116501197
1380014116501290
1380014116501730
1380014116501772
1380014116501890
1380014116501957
1380014116502318
1380014116502562
1380014116502668
1380014116503029
1380014116503101
1380014116503191
1380014116503583
1380014116503684
1380014116504604
1380014116504721
1380014116504995
1380014116505109
1380014116505224
1380014116505286
1380014116505883
1380014116506181
1380014116506301
1380014116506364
1380014116506744
1380014116506948
1380014116507214
1380014116507355
1380014116508365
1380014116508547
1380014116508771
1380014116508871
1380014116509167
1380014116509342
1380014116509514
1380014116509693
1380014116583743
1380014116583881
1380014116583941
1380014116584654
1380014116589320
1380014116589403
1380014116589851
1380014116602066
1380014116602176
1380014116602274
1380014116602750
1380014116603033
1380014116603182
1380014116603620
1380014116603852
1380014116604008
1380014116604225
1380014116604601
1380014116604712
1380014116604983
1380014116605108
1380014116605236
1380014116605314
