1380000150868667
1380000151036065
1380000151036128
1380000151036507
1380000151118594
1380000151118688
1380000151119006
1380000151119070
1380000151119320
1380000151119502
1380000151119559
1380000151119976
1380000151120061
1380000151120236
1380000151167563
1380000151201845
1380000151202273
1380000151202359
1380000151202722
1380000151251584
1380000151251786
1380000151251937
1380000151284674
1380000151285877
1380000151370293
1380000151370491
1380000151410854
1380000151493450
1380000151494497
1380000151494558
1380000151494784
1380000151578402
1380000151578852
1380000151578966
1380000151664173
1380000151702875
1380000151786547
1380000151786797
1380000151870672
1380000151870882
1380000151870979
1380000151871274
1380000151871644
1380000151953647
1380000151953877
1380000151954377
1380000151954449
1380000151954543
1380000151954769
1380000151954822
1380000151956145
1380000151956661
1380000151956733
1380000152038866
1380000152039090
1380000152039162
1380000152039423
1380000152039704
1380000152039767
1380000152039987
1380000152040469
1380000152040553
1380000152040824
1380000152041006
1380000152041096
1380000152041446
1380000152121915
1380000152122210
1380000152122665
1380000152123044
1380000152123139
1380000152123348
1380000152123792
1380000152123855
1380000152124374
1380000152124586
1380000152124659
1380000152124872
1380000152125311
1380000152125374
1380000152125459
1380000152125776
1380000152125788
1380000152126090
1380000152204877
1380000152205168
1380000152205277
1380000152205514
1380000152205589
1380000152206823
1380000152206990
1380000152207078
1380000152207283
1380000152210280
1380000152210489
1380000152210739
1380000152210867
1380000152211199
1380000152293165
1380000152293438
1380000152294996
1380000152295279
1380000152381772
1380000152381874
1380000152382191
1380000152423136
1380000152464923
1380000152465208
1380000152465310
1380000152465702
1380000152465909
1380000152466140
1380000152466301
1380000152466529
1380000152466655
1380000152548570
1380000152548777
1380000152548942
1380000152549163
1380000152549314
1380000152549575
1380000152549656
1380000152550116
1380000152556697
1380000152556816
1380000152684218
1380000152690121
1380000152810268
1380000152829611
1380000152866672
1380000152947381
1380000152954165
1380000153037597
1380000153090049
1380000153120663
1380000153121448
1380000153121551
1380000153124287
1380000153204052
1380000153204307
1380000153204393
1380000153204726
1380000153288125
1380000153288433
1380000153294054
1380000153376848
1380000153379987
1380000153380071
1380000153461794
1380000153462073
1380000153462357
1380000153463231
1380000153463312
1380000153463498
1380000153463562
1380000153546687
1380000153548247
1380000153548272
1380000153548624
1380000153549028
1380000153549327
1380000153549606
1380000153549686
1380000153549778
1380000153550037
1380000153550588
1380000153550658
1380000153550894
1380000153550972
1380000153551196
1380000153551272
1380000153551391
1380000153551492
1380000153552594
1380000153552675
1380000153552940
1380000153553232
1380000153554618
1380000153554691
1380000153554870
1380000153597957
1380000153602340
1380000153603606
1380000153604901
1380000153627337
1380000153633163
1380000153633291
1380000153670722
1380000153711224
1380000153757616
1380000153795087
1380000153834918
1380000153918313
1380000153918556
1380000153918664
1380000153918757
1380000153956677
1380000154001273
1380000154001584
1380000154001673
1380000154001896
1380000154002096
1380000154002161
1380000154002361
1380000154002803
1380000154002890
1380000154040325
1380000154040402
1380000154040661
1380000154040924
1380000154084352
1380000154084652
1380000154084738
1380000154085025
1380000154085292
1380000154085508
1380000154085735
1380000154085851
1380000154086092
1380000154087678
1380000154087762
1380000154087859
1380000154088062
1380000154122984
1380000154123262
1380000154123380
1380000154123484
1380000154123802
1380000154123878
1380000154124114
1380000154124544
1380000154124635
1380000154125403
1380000154125498
1380000154125805
1380000154126144
1380000154205951
1380000154206290
1380000154206717
1380000154207081
1380000154207189
1380000154207410
1380000154207776
1380000154208931
1380000154209152
1380000154209305
1380000154209485
1380000154209885
1380000154210070
1380000154210237
1380000154210353
1380000154210477
1380000154211109
1380000154211476
1380000154288810
1380000154289088
1380000154289235
1380000154289489
1380000154289596
1380000154289906
1380000154290384
1380000154290561
1380000154290776
1380000154291099
1380000154291194
1380000154291959
1380000154292202
1380000154292368
1380000154292574
1380000154295656
1380000154295774
1380000154295965
1380000154296109
1380000154296381
1380000154381265
1380000154422538
1380000154539311
1380000154539384
1380000154539523
1380000154539524
1380000154539614
1380000154539694
1380000154539749
1380000154539803
1380000154553885
1380000154554110
1380000154590759
1380000154625599
1380000154625783
1380000154626370
1380000154626785
1380000154627061
1380000154627602
1380000154627774
1380000154627878
1380000154628041
1380000154628244
1380000154628367
1380000154628876
1380000154629286
1380000154629522
1380000154629749
1380000154629797
1380000154629921
1380000154630736
1380000154631004
1380000154631106
1380000154631279
1380000154631552
1380000154631819
1380000154631988
1380000154632157
1380000154632407
1380000154632519
1380000154632674
1380000154633581
1380000154633731
1380000154634264
1380000154634529
1380000154634621
1380000154634983
1380000154635293
1380000154635397
1380000154635720
1380000154635914
1380000154636133
1380000154646983
1380000154647261
1380000154647392
1380000154678374
1380000154679883
1380000154679963
1380000154697890
1380000154697983
1380000154710012
1380000154710108
1380000154744868
1380000154744939
1380000154752158
1380000154752206
1380000154752304
1380000154752361
1380000154752451
1380000154752506
1380000154752560
1380000154752614
1380000154762067
1380000154838064
1380000154838358
1380000154838525
1380000154838951
1380000154839067
1380000154839564
1380000154839742
1380000154839786
1380000154839814
1380000154840052
1380000154840264
1380000154840924
1380000154841243
1380000154841339
1380000154841576
1380000154841867
1380000154842013
1380000154842260
1380000154842419
1380000154842524
1380000154843132
1380000154843281
1380000154843406
1380000154843696
1380000154843917
1380000154844084
1380000154844347
1380000154844572
1380000154844643
1380000154844921
1380000154844957
1380000154845117
1380000154845264
1380000154845416
1380000154846133
1380000154846308
1380000154846538
1380000154846717
1380000154846902
1380000154847002
1380000154847185
1380000154847382
1380000154847449
1380000154847664
1380000154847733
1380000154847912
1380000154847976
1380000154848226
1380000154848277
1380000154848490
1380000154848530
1380000154848761
1380000154929846
1380000155066509
1380000155126283
1380000155208701
1380000155290821
1380000155291074
1380000155291157
1380000155291470
1380000155372988
1380000157843246
1380000157843343
1380000157843409
1380000157845167
1380000157845227
1380000157845290
1380000157927633
1380000157930583
1380000157930627
1380000157930722
1380000157930767
1380000157931350
1380000157931569
1380000157931717
1380000157932219
1380000158015871
1380000158015960
1380000158016157
1380000158051587
1380000158098750
1380000158098838
1380000158138626
1380000158173639
1380000158217356
1380000158224688
1380000158262664
1380000158307006
1380000158390403
1380000158390500
1380000158390691
1380000158390786
1380000158425975
1380000158473138
1380000158473238
1380000158473330
1380000158473395
1380000158473660
1380000158509498
1380000158509738
1380000158509978
1380000158510301
1380000158592313
1380000158592612
1380000158592722
1380000158592822
1380000158593122
1380000158593221
1380000158593448
1380000158594852
1380000158594928
1380000158595026
1380000158595269
1380000158595575
1380000158677748
1380000158677822
1380000158677915
1380000158682142
1380000158682230
1380000158682458
1380000158764630
1380000158764764
1380000158766622
1380000158766880
1380000158767014
1380000158767245
1380000158849468
1380000158849574
1380000158849855
1380000158851691
1380000158851980
1380000158935714
1380000158936040
1380000158936306
1380000158959281
1380000158983423
1380000159018377
1380000159018540
1380000159018622
1380000159018652
1380000159019168
1380000159019292
1380000159022710
1380000159023057
1380000159025667
1380000159033635
1380000159043817
1380000159104883
1380000159105272
1380000159105347
1380000159105561
1380000159105648
1380000159105721
1380000159105820
1380000159105919
1380000159106244
1380000159112676
1380000159115027
1380000159115145
1380000159117525
1380000159117718
1380000159170449
1380000159187909
1380000159188027
1380000159188295
1380000159188509
1380000159190259
1380000159190372
1380000159190625
1380000159190692
1380000159190900
1380000159194866
1380000159194929
1380000159209678
1380000159282203
1380000159282298
1380000159282384
1380000159282734
1380000159282822
1380000159282896
1380000159365075
1380000159365341
1380000159365431
1380000159365771
1380000159365850
1380000159365942
1380000159366457
1380000159366519
1380000159366845
1380000159367775
1380000159367877
1380000159367978
1380000159368430
1380000159368716
1380000159368800
1380000159369019
1380000159369119
1380000159369203
1380000159369435
1380000159411050
1380000159411085
1380000159495405
1380000159495487
1380000159495816
1380000159496801
1380000159496869
1380000159582168
1380000159582248
1380000159582624
1380000159582709
1380000159582809
1380000159582924
1380000159583317
1380000159583434
1380000159583483
1380000159583556
1380000159583932
1380000159584189
1380000159584393
1380000159666728
1380000159666956
1380000159667038
1380000159668342
1380000159668652
1380000159668683
1380000159676325
1380000159685190
1380000159685291
1380000159685596
1380000159691043
1380000159691585
1380000159695209
1380000159695429
1380000159695536
1380000159695661
1380000159695849
1380000159696056
1380000159696175
1380000159696201
1380000159696288
1380000159696984
1380000159697549
1380000159697676
1380000159697765
1380000159698103
1380000159698246
1380000159698361
1380000159698535
1380000159698674
1380000159700302
1380000159721379
1380000159721471
1380000159721901
1380000159722317
1380000159725978
1380000159726633
1380000159726720
1380000159726967
1380000159727255
1380000159727351
1380000159727450
1380000159727685
1380000159746941
1380000159752837
1380000159753439
1380000159755167
1380000159755623
1380000159755771
1380000159755888
1380000159755977
1380000159756526
1380000159756608
1380000159756713
1380000159757080
1380000159757499
1380000159757601
1380000159760946
1380000159761133
1380000159761248
1380000159765408
1380000159782943
1380000159783039
1380000159783133
1380000159783222
1380000159783323
1380000159783926
1380000159784056
1380000159784156
1380000159784247
1380000159784331
1380000159784796
1380000159784812
1380000159784929
1380000159785020
1380000159785114
1380000159785199
1380000159785548
1380000159786018
1380000159786085
1380000159786144
1380000159792104
1380000159805993
1380000159811828
1380000159819194
1380000159826237
1380000159827186
1380000159833287
1380000159838184
1380000159838430
1380000159838858
1380000159839196
1380000159839416
1380000159839895
1380000159840262
1380000159840348
1380000159840594
1380000159840704
1380000159841077
1380000159841170
1380000159841299
1380000159841588
1380000159841854
1380000159841946
1380000159842229
1380000159842340
1380000159842480
1380000159842594
1380000159842928
1380000159843037
1380000159843137
1380000159843213
1380000159843983
1380000159844194
1380000159844306
1380000159844392
1380000159852328
1380000159853372
1380000159867586
1380000159867979
1380000159868241
1380000159868538
1380000159868691
1380000159869027
1380000159869276
1380000159869518
1380000159869683
1380000159869784
1380000159871087
1380000159871618
1380000159871878
1380000159871979
1380000159872381
1380000159872522
1380000159872827
1380000159872942
1380000159873285
1380000159873439
1380000159873799
1380000159873868
1380000159874110
1380000159874261
1380000159921083
1380000159921182
1380000159921291
1380000159921471
1380000159927568
1380000159927952
1380000159928216
1380000159928290
1380000159928553
1380000159928864
1380000159929157
1380000159929275
1380000159929880
1380000159929956
1380000159930060
1380000159930158
1380000159930691
1380000159930769
1380000159930891
1380000159931280
1380000159931382
1380000159931480
1380000159931571
1380000159931689
1380000159951357
1380000159951813
1380000159954711
1380000159954786
1380000159955325
1380000159955423
1380000159955789
1380000159956008
1380000159956278
1380000159956395
1380000159956538
1380000159956910
1380000159959467
1380000159959499
1380000159959674
1380000159959860
1380000159959919
1380000160000778
1380000160005095
1380000160005737
1380000160006123
1380000160006446
1380000160006728
1380000160006906
1380000160015358
1380000160015497
1380000160015602
1380000160015673
1380000160015798
1380000160016422
1380000160016769
1380000160016841
1380000160017226
1380000160017869
1380000160018085
1380000160018181
1380000160040943
1380000160041018
1380000160041146
1380000160041241
1380000160041841
1380000160042072
1380000160042192
1380000160043600
1380000160043930
1380000160044188
1380000160044267
1380000160044388
1380000160044484
1380000160044916
1380000160045183
1380000160045446
1380000160045733
1380000160045813
1380000160046068
1380000160046174
1380000160046274
1380000160046528
1380000160046978
1380000160047054
1380000160047170
1380000160047566
1380000160047664
1380000160047773
1380000160088369
1380000160088466
1380000160088606
1380000160098337
1380000160098552
1380000160098678
1380000160098758
1380000160101887
1380000160102142
1380000160103769
1380000160103968
1380000160104071
1380000160126427
1380000160126796
1380000160127076
1380000160127360
1380000160127540
1380000160127629
1380000160131235
1380000160131710
1380000160132003
1380000160132192
1380000160132337
1380000160132583
1380000160132806
1380000160133143
1380000160133288
1380000160133520
1380000160133779
1380000160134181
1380000160134522
1380000160134871
1380000160135270
1380000160172552
1380000160172886
1380000160173201
1380000160173416
1380000160173697
1380000160173818
1380000160173994
1380000160182244
1380000160182577
1380000160182793
1380000160182996
1380000160183196
1380000160183445
1380000160183754
1380000160184005
1380000160184343
1380000160184493
1380000160188160
1380000160188548
1380000160188843
1380000160214621
1380000160214641
1380000160214702
1380000160217387
1380000160217458
1380000169364975
