1379998558949917
1379998559048018
1379998559048152
1379998559123628
1379998559123846
1379998559123913
1379998559162144
1379998559162400
1379998559239310
1379998559257993
1379998559258066
1379998559258095
1379998559258201
1379998559334044
1379998559334319
1379998559334426
1379998559334538
1379998559334621
1379998559334858
1379998559334964
1379998559335160
1379998559335669
1379998559335787
1379998559335958
1379998559336067
1379998559336904
1379998559337010
1379998559337167
1379998559337298
1379998559337661
1379998559411681
1379998559411796
1379998559411909
1379998559412034
1379998559412146
1379998559412467
1379998559412557
1379998559412750
1379998559413139
1379998559413440
1379998559414011
1379998559414118
1379998559414290
1379998559414373
1379998559414491
1379998559414703
1379998559415220
1379998559415284
1379998559415440
1379998559415577
1379998559416547
1379998559416620
1379998559416886
1379998559416971
1379998559492440
1379998559493193
1379998559493592
1379998559493657
1379998559495052
1379998559495174
1379998559495288
1379998559569604
1379998559584109
1379998559584316
1379998559584376
1379998559584432
1379998559584703
1379998559584760
1379998559584816
1379998559624939
1379998559661618
1379998559661990
1379998559662157
1379998559662479
1379998559662723
1379998559663013
1379998559663233
1379998559663348
1379998559663443
1379998559663964
1379998559664075
1379998559664163
1379998559665725
1379998559665999
1379998559666088
1379998559666145
1379998559666426
1379998559666517
1379998559666635
1379998559666871
1379998559666998
1379998559667064
1379998559667213
1379998559667363
1379998559667418
1379998559669114
1379998559669398
1379998559669500
1379998559669664
1379998559669782
1379998559669878
1379998559670036
1379998559670124
1379998559670182
1379998559696855
1379998559716043
1379998559739074
1379998559739172
1379998559739442
1379998559739961
1379998559740057
1379998559740368
1379998559740527
1379998559740855
1379998559740943
1379998559741057
1379998559741663
1379998559741770
1379998559742136
1379998559742227
1379998559742826
1379998559742926
1379998559743018
1379998559743320
1379998559743411
1379998559744104
1379998559744468
1379998559744534
1379998559744647
1379998559745030
1379998559745123
1379998559745190
1379998559745417
1379998559745621
1379998559745738
1379998559745863
1379998559746310
1379998559746487
1379998559746622
1379998559747176
1379998559747497
1379998559747738
1379998559747842
1379998559749518
1379998559749713
1379998559749825
1379998559764742
1379998559817233
1379998559817469
1379998559817526
1379998559817648
1379998559817772
1379998559817939
1379998559818054
1379998559818174
1379998559818235
1379998559818416
1379998559819312
1379998559819379
1379998559819639
1379998559819795
1379998559820192
1379998559820265
1379998559820423
1379998559820558
1379998559820912
1379998559821010
1379998559821162
1379998559821377
1379998559821511
1379998559821624
1379998559821760
1379998559821899
1379998559822013
1379998559822190
1379998559822315
1379998559822431
1379998559822817
1379998559822880
1379998559823218
1379998559823371
1379998559823451
1379998559823962
1379998559824077
1379998559824141
1379998559824611
1379998559824853
1379998559824952
1379998559825086
1379998559825426
1379998559825486
1379998559825689
1379998559825898
1379998559826024
1379998559826154
1379998559826473
1379998559826651
1379998559826774
1379998559826908
1379998559827080
1379998559827207
1379998559827328
1379998559827447
1379998559827677
1379998559827848
1379998559830140
1379998559830397
1379998559830459
1379998559830662
1379998559830713
1379998559830969
1379998559831119
1379998559831239
1379998559831522
1379998559831630
1379998559831794
1379998559857793
1379998559857899
1379998559858263
1379998559858341
1379998559858535
1379998559858549
1379998559868504
1379998559896384
1379998559896646
1379998559896756
1379998559896865
1379998559896939
1379998559897359
1379998559897446
1379998559897736
1379998559897979
1379998559898093
1379998559898407
1379998559898680
1379998559899269
1379998559899349
1379998559899594
1379998559900356
1379998559900470
1379998559900820
1379998559900927
1379998559901009
1379998559901126
1379998559901577
1379998559901889
1379998559902121
1379998559902206
1379998559902602
1379998559902839
1379998559902957
1379998559903167
1379998559903594
1379998559903842
1379998559904020
1379998559904411
1379998559904738
1379998559905111
1379998559905304
1379998559905604
1379998559905992
1379998559906088
1379998559906453
1379998559906592
1379998559906841
1379998559906976
1379998559907192
1379998559907499
1379998559907628
1379998559907912
1379998559908131
1379998559908498
1379998559908893
1379998559909267
1379998559909550
1379998559909898
1379998559910162
1379998559910390
1379998559910810
1379998559911052
1379998559911435
1379998559911817
1379998559911962
1379998559912555
1379998559913097
1379998559913676
1379998559913856
1379998559914023
1379998559914602
1379998559915333
1379998559915854
1379998559916329
1379998559954229
1379998559981987
1379998559982197
1379998559983281
1379998559983409
1379998559983890
1379998559984169
1379998559984414
1379998559984660
1379998559984917
1379998559985201
1379998559985350
1379998559985588
1379998559986040
1379998559986407
1379998559986694
1379998559986903
1379998559987306
1379998559987595
1379998559987898
1379998559988048
1379998559989235
1379998559989511
1379998559989683
1379998559989855
1379998559989968
1379998559990236
1379998559990381
1379998559990463
1379998559990526
1379998559990694
1379998559993416
1379998559993648
1379998559993774
1379998559993987
1379998559994110
1379998559994231
1379998559994369
1379998559994487
1379998559994608
1379998559994756
1379998559994879
1379998559995006
1379998559995102
1379998559995228
1379998559996082
1379998559996176
1379998559996395
1379998559996480
1379998559996647
1379998559996781
1379998559996966
1379998559997028
1379998559997301
1379998559997478
1379998559997585
1379998559997680
1379998559997829
1379998559997937
1379998559998082
1379998559998195
1379998559998310
1379998559998430
1379998559998552
1379998559998687
1379998559998829
1379998559998927
1379998559999057
1379998559999194
1379998559999310
1379998560000696
1379998560000816
1379998560025779
1379998560025933
1379998560026030
1379998560026086
1379998560060129
1379998560060237
1379998560060325
1379998560060833
1379998560060984
1379998560061098
1379998560073768
1379998560073858
1379998560073955
1379998560074174
1379998560076920
1379998560077230
1379998560077375
1379998560078248
1379998560078555
1379998560078782
1379998560079036
1379998560079163
1379998560079273
1379998560079547
1379998560079657
1379998560079771
1379998560079932
1379998560080255
1379998560080367
1379998560080482
1379998560080667
1379998560080766
1379998560081586
1379998560081860
1379998560081988
1379998560082102
1379998560082222
1379998560082322
1379998560082406
1379998560103136
1379998560103360
1379998560138272
1379998560138371
1379998560138600
1379998560138710
1379998560138835
1379998560139012
1379998560139359
1379998560139473
1379998560139736
1379998560139854
1379998560139971
1379998560140238
1379998560140360
1379998560140713
1379998560140811
1379998560140918
1379998560141038
1379998560141209
1379998560141327
1379998560141432
1379998560154039
1379998560154120
1379998560154228
1379998560154385
1379998560154500
1379998560156122
1379998560157347
1379998560157780
1379998560157912
1379998560157984
1379998560158103
1379998560158226
1379998560158344
1379998560158480
1379998560158590
1379998560158726
1379998560158840
1379998560158962
1379998560159082
1379998560159221
1379998560159329
1379998560159483
1379998560159593
1379998560159722
1379998560159837
1379998560160015
1379998560160762
1379998560165028
1379998560216008
1379998560216230
1379998560216353
1379998560216716
1379998560216834
1379998560217218
1379998560217333
1379998560217631
1379998560217926
1379998560218037
1379998560218152
1379998560218234
1379998560218530
1379998560218630
1379998560218738
1379998560218825
1379998560219202
1379998560219283
1379998560219569
1379998560219676
1379998560235536
1379998560235583
1379998560235723
1379998560235928
1379998560236050
1379998560236299
1379998560236430
1379998560236686
1379998560236924
1379998560237060
1379998560237305
1379998560237576
1379998560237693
1379998560237825
1379998560238049
1379998560238310
1379998560238430
1379998560238708
1379998560238818
1379998560238934
1379998560239101
1379998560239216
1379998560239398
1379998560239506
1379998560239617
1379998560239765
1379998560239872
1379998560240041
1379998560240147
1379998560240267
1379998560240382
1379998560240716
1379998560240851
1379998560293385
1379998560293591
1379998560293707
1379998560293819
1379998560293907
1379998560294212
1379998560294319
1379998560294399
1379998560294714
1379998560294909
1379998560295847
1379998560295941
1379998560296142
1379998560296517
1379998560296736
1379998560296898
1379998560297123
1379998560297333
1379998560297508
1379998560297798
1379998560297960
1379998560315008
1379998560315189
1379998560315320
1379998560315460
1379998560315570
1379998560315725
1379998560315822
1379998560315949
1379998560316453
1379998560316711
1379998560316980
1379998560317497
1379998560317718
1379998560317848
1379998560317979
1379998560318387
1379998560318614
1379998560318742
1379998560318990
1379998560319132
1379998560319275
1379998560319376
1379998560319500
1379998560319817
1379998560319990
1379998560320095
1379998560320243
1379998560320379
1379998560320504
1379998560320627
1379998560320759
1379998560320883
1379998560321020
1379998560353689
1379998560353874
1379998560394913
1379998560395195
1379998560395306
1379998560395408
1379998560395502
1379998560395803
1379998560395913
1379998560396000
1379998560396256
1379998560396473
1379998560396571
1379998560397104
1379998560397346
1379998560397578
1379998560397675
1379998560397796
1379998560398090
1379998560398172
1379998560398422
1379998560398526
1379998560398744
1379998560399212
1379998560399320
1379998560399405
1379998560399518
1379998560399837
