1380116285422172
1380116285461983
1380116285501666
1380116285501728
1380116285501955
1380116285536358
1380116285569968
1380116285593752
1380116285595089
1380116285619800
1380116285658230
1380116285659300
1380116285695805
1380116285696213
1380116285735051
1380116295225874
1380116295225938
1380116295976433
1380116295976696
1380116295976794
1380116296032765
1380116296807973
1380116296808167
1380116297585700
1380116297585930
1380116298366684
1380116298366856
1380116305806818
1380116306569232
1380116306569492
1380116307357388
1380116307357695
1380116308136395
1380116309912178
1380116309912277
1380116309912436
1380116310254467
1380116310290691
1380116310596156
1380116310601395
1380116311153903
1380116312282583
1380116312282795
1380116312848481
1380116312848580
