1380291858966222
1380291859067782
1380291859166702
1380291859166764
1380291859167010
1380291859264440
1380291859296489
1380291859320202
1380291859320444
1380291859339421
1380291859339738
1380291859345880
1380291859449723
1380291859704860
1380291859704920
1380291859705169
1380291859705431
1380291859748780
1380291859794119
1380291859901912
1380291859944112
1380291860067165
1380291860067227
1380291860067582
1380291860067980
1380291860068065
1380291860069261
1380291860113651
1380291860113827
1380291860431401
1380291860431470
1380291860432382
1380291860432543
1380291860432615
1380291860432781
1380291860432843
1380291860477633
1380291860477858
1380291860477929
1380291860797621
1380291860797722
1380291860797813
1380291860798369
1380291863638096
1380291863638155
1380291864541761
1380291864541828
1380291864787787
1380291864997374
1380291864997446
1380291865035112
1380291865035630
1380291865035910
1380291865036165
1380291865036254
1380291865281416
1380291865282159
1380291865282462
1380291865320404
1380291865320473
1380291865320536
1380291865321554
1380291865321849
1380291865442117
1380291865442293
1380291865450862
1380291865453507
1380291865453701
1380291865453764
1380291865570062
1380291865571161
1380291865602107
1380291865642119
1380291865642524
1380291865769202
1380291865769288
1380291865769355
1380291865878407
1380291865879380
1380291865879595
1380291865887632
1380291865887710
1380291865888005
1380291865888563
1380291865888909
1380291865889242
1380291865889322
1380291865889526
1380291866196345
1380291866196422
1380291866196813
1380291866198019
1380291866198159
1380291866308937
1380291866309417
1380291866309497
1380291866309852
1380291866310231
1380291866310449
1380291866310519
1380291866317942
1380291866318255
1380291866628906
1380291866628996
1380291866629075
1380291866629319
1380291866629444
1380291866738258
1380291866738833
1380291866746900
1380291866746983
1380291866747290
1380291866832801
1380291866832907
1380291866832998
1380291867064635
1380291867064714
1380291867064784
1380291867065021
1380291867065076
1380291867175396
1380291867176193
1380291867176262
1380291867176321
1380291867183094
1380291867183313
1380291867183408
1380291867183661
1380291867184597
1380291867184670
1380291867184895
1380291867272377
1380291867272478
1380291867272804
1380291867491636
1380291867493384
1380291867493630
1380291867493814
1380291867613317
1380291867613500
1380291867613583
1380291867618631
1380291867618717
1380291867618993
1380291867619279
1380291867619532
1380291867619906
1380291867620990
1380291867621151
1380291867621236
1380291867621532
1380291867621600
1380291867708080
1380291867708169
1380291867708307
1380291867801903
1380291867840527
1380291867997888
1380291867997973
1380291868054057
1380291868139755
1380291868148392
1380291868152443
1380291868153497
1380291868153703
1380291868425792
1380291868425901
1380291868426001
1380291868453905
1380291868454713
1380291868460841
1380291868597718
1380291868640204
1380291868757766
1380291868757955
1380291868776072
1380291868777402
1380291868807124
1380291868857625
1380291868857697
1380291868857967
1380291869120812
1380291869121601
1380291869293003
1380291869293136
1380291869293207
1380291869430716
1380291869430791
1380291869431126
1380291869734548
1380291869734652
1380291869734728
1380291869735086
1380291869739478
1380291869739718
1380291869973529
1380291870178165
1380291870178244
1380291870178563
1380291870178894
1380291870179219
1380291870179401
1380291870179789
1380291870179852
1380291870180051
1380291870620584
1380291870620688
1380291870620879
1380291870620995
1380291870621696
1380291870621904
1380291870621977
1380291870622266
1380291870622329
1380291870622522
1380291870659534
1380291870659666
1380291871056063
1380291871057899
1380291871058124
1380291871058419
1380291871058474
1380291871311978
1380291872088933
1380291872108597
1380291872108605
1380291872109016
1380291872399472
1380291872414810
1380291872452420
1380291872717630
1380291872764965
1380291872765711
1380291873017738
1380291873017843
1380291873017928
1380291873074553
1380291873074779
1380291873074860
1380291873318106
1380291873318378
1380291873318461
1380291873318564
1380291873318666
1380291873318976
1380291873382598
1380291873618531
1380291873618767
1380291873618998
1380291873619278
1380291873619363
1380291873619775
1380291873619861
1380291873620144
1380291873620517
1380291873620602
1380291873921673
1380291873921924
1380291873922159
1380291873922237
1380291873922509
1380291873922586
1380291873922705
1380291873923010
1380291873923270
1380291873923339
1380291873923610
1380291873959993
1380291874224278
1380291874435974
1380291875761295
1380291875761621
1380291875761706
1380291875761781
1380291876124988
1380291876207633
1380291876488410
1380291876524659
1380291876529027
1380291876854822
1380291876892557
1380291876932214
1380291877355150
1380291877389752
1380291877396996
1380291877761827
1380291877761914
1380291879851640
1380291879851887
1380291880218693
1380291880219610
1380291880219716
1380291880219797
1380291880588287
1380291880588505
1380291880954388
1380291881148262
1380291881322007
1380291881518242
1380291881691138
1380291881874174
1380291881889591
1380291881893741
1380291882068545
1380291882069391
1380291882228716
1380291882228878
1380291882229679
1380291882256350
1380291882378120
1380291882378196
1380291882508439
1380291882587776
1380291882588900
1380291882589174
1380291882688944
1380291882689017
1380291882689341
1380291882787073
1380291882787902
1380291882826583
1380291883000202
1380291883000335
1380291883000429
1380291883000865
1380291883104597
1380291883105353
1380291883144408
1380291883313202
1380291883313288
1380291883423328
1380291883424314
1380291883424398
1380291883424535
1380291883424767
1380291883701718
1380291883702606
1380291883702999
1380291883703103
1380291883703395
1380291883703417
1380291883703657
1380291883703747
1380291883703837
1380291883704201
1380291883704561
1380291883982588
1380291883983389
1380291883983745
1380291884331093
1380291884331274
1380291884331348
1380291884331762
1380291884331839
1380291884581985
1380291884608235
1380291884608909
1380291884639372
1380291884641490
1380291884646911
1380291884648226
1380291884649173
1380291884649304
1380291884649588
1380291884675734
1380291884676542
1380291884676624
1380291884944278
1380291884944388
1380291884944474
1380291884944801
1380291884945536
1380291884958640
1380291884958730
1380291884959511
1380291884959731
1380291884960580
1380291884960663
1380291885246127
1380291885269628
1380291885269880
1380291885270126
1380291885270366
1380291885270777
1380291885308805
1380291885577458
1380291885577544
