1380140966030858
1380140966178191
1380140966178278
1380140966178349
1380140966204131
1380140966204321
1380140966207565
1380140966207893
1380140966207994
1380140966208216
1380140966208277
1380140966208422
1380140966255323
1380140966285706
1380140966285836
1380140966285948
1380140966286017
1380140966311636
1380140966311898
1380140966311985
1380140966312210
1380140966312367
1380140966341801
1380140966343194
1380140966367873
1380140966397484
1380140966397642
1380140966397725
1380140966397783
1380140966423368
1380140966423680
1380140966423748
1380140966452118
1380140966453506
1380140966453669
1380140966453877
1380140966453925
1380140966493014
1380140966493086
1380140966493136
1380140966493370
1380140966496470
1380140966521172
1380140966521330
1380140966521943
1380140966522396
1380140966549679
1380140966549806
1380140966550026
1380140967014284
1380140967061037
1380140967061517
1380140967095969
1380140967132249
1380140967160602
1380140967160684
1380140967178909
1380140967217333
1380140967218279
1380140967254417
1380140967254822
1380140967256572
1380140967293069
