1379971592622588
1379971592985319
1379971592985422
1379971592985523
1379971592989574
1379971593041742
1379971593048400
1379971593048478
1379971593052716
1379971593052932
1379971593053064
1379971593053264
1379971593053529
1379971593054441
1379971593054535
1379971593060779
1379971593060865
1379971593060935
1379971593097567
1379971593103770
1379971593107652
1379971593114236
1379971593114544
1379971593118366
1379971593118586
1379971593118684
1379971593118750
1379971593118850
1379971593119318
1379971593119401
1379971593119494
1379971593120015
1379971593120077
1379971593120252
1379971593120416
1379971593120680
1379971593123267
1379971593123340
1379971593123746
1379971593124126
1379971593124321
1379971593124737
1379971593125144
1379971593125213
1379971593125851
1379971593125949
1379971593126044
1379971593126110
1379971593126202
1379971593126586
1379971593126654
1379971593126745
1379971593127765
1379971593127909
1379971593128018
1379971593128215
1379971593128623
1379971593128721
1379971593128788
1379971593130505
1379971593131760
1379971593132098
1379971593133077
1379971593133280
1379971593133837
1379971593133928
1379971593134007
1379971593135291
1379971593135380
1379971593135472
1379971593135912
1379971593136029
1379971593136132
1379971593136588
1379971593138563
1379971593138836
1379971593138938
1379971593139003
1379971593139320
1379971593139526
1379971593139561
1379971593140843
1379971593141208
1379971593141293
1379971593141570
1379971593141675
1379971593141736
1379971593141837
1379971593142167
1379971593142253
1379971593142560
1379971593143206
1379971593143292
1379971593143405
1379971593143470
1379971593143570
1379971593143961
1379971593144286
1379971593144612
1379971593144730
1379971593144833
1379971593145224
1379971593156025
1379971593156085
1379971593162602
1379971593206270
1379971593212732
1379971593212845
1379971593212942
1379971593213064
1379971593213144
1379971593213752
1379971593214127
1379971593214240
1379971593218165
1379971593218301
1379971593218404
1379971593218810
1379971593219394
1379971593219583
1379971593219827
1379971593220146
1379971593220439
1379971593220549
1379971593220984
1379971593221374
1379971593221460
1379971593221550
1379971593221862
1379971593223151
1379971593223241
1379971593223572
1379971593223680
1379971593223959
1379971593224377
1379971593224470
1379971593224552
1379971593224975
1379971593225141
1379971593225614
1379971593225956
1379971593226243
1379971593226472
1379971593226701
1379971593226808
1379971593227125
1379971593227333
1379971593227429
1379971593227777
1379971593227847
1379971593227946
1379971593228339
1379971593228422
1379971593229174
1379971593229247
1379971593229348
1379971593229683
1379971593229946
1379971593230116
1379971593231816
1379971593231915
1379971593231993
1379971593232466
1379971593232580
1379971593232639
1379971593232752
1379971593233114
1379971593236050
1379971593242364
1379971593242486
1379971593242603
1379971593242728
1379971593242838
1379971593243498
1379971593253781
1379971593735063
1379971593771699
1379971593771901
1379971593772013
1379971593806378
1379971593842829
1379971593871307
1379971593871373
1379971593890521
1379971593930025
1379971593931068
1379971593967017
1379971593967395
1379971593967973
1379971594006017
1379971594008114
