1380143634421855
1380143634540108
1380143634540796
1380143634540916
1380143634540993
1380143634545219
1380143634545406
1380143634545463
1380143634545608
1380143634545732
1380143634545975
1380143634546104
1380143634546206
1380143634572700
1380143634578654
1380143634580622
1380143634580822
1380143634617933
1380143634618093
1380143634628616
1380143634632928
1380143634632997
1380143634633134
1380143634648989
1380143634649035
1380143634649222
1380143634654826
1380143634654888
1380143634654929
1380143634655126
1380143634655171
1380143634655313
1380143634655422
1380143634655548
1380143634655658
1380143634658197
1380143634658366
1380143634658422
1380143634658544
1380143634658843
1380143634660527
1380143634665270
1380143634673153
1380143634673368
1380143634673604
1380143634677758
1380143634677819
1380143634677859
1380143634678068
1380143634678202
1380143634678509
1380143634678672
1380143634678927
1380143634679109
1380143634679296
1380143634679523
1380143634679689
1380143634680186
1380143634682959
1380143634683193
1380143634683485
1380143634683619
1380143634683726
1380143634683872
1380143634683972
1380143634686177
1380143634686198
1380143634686462
1380143634690877
1380143634692259
1380143634692529
1380143634692760
1380143634696644
1380143634696809
1380143634696933
1380143634698248
1380143634698496
1380143634698692
1380143634702818
1380143634703037
1380143634703134
1380143634703241
1380143634703547
1380143634703726
1380143634707528
1380143634709949
1380143634710088
1380143634710220
1380143634710343
1380143634751187
1380143634751232
1380143634751259
1380143634751285
1380143634751311
1380143634751342
1380143634751369
1380143634751403
1380143634751428
1380143634758794
1380143634758843
1380143634759047
1380143634759218
1380143634759287
1380143634759453
1380143634759584
1380143634759674
1380143634759768
1380143634760197
1380143634760428
1380143634760524
1380143634760587
1380143634761010
1380143634761262
1380143634761486
1380143634761675
1380143634761750
1380143634761864
1380143634762677
1380143634762816
1380143634762880
1380143634763081
1380143634763240
1380143634763412
1380143634763540
1380143634763663
1380143634763810
1380143634763907
1380143634764076
1380143634764210
1380143634765280
1380143634765390
1380143634765508
1380143634765664
1380143634765805
1380143634765916
1380143634766172
1380143634766288
1380143634766467
1380143634766573
1380143634769315
1380143634769428
1380143634769554
1380143634769680
1380143634769778
1380143634769842
1380143634770373
1380143634770507
1380143634770603
1380143634770732
1380143634770852
1380143634770971
1380143634771092
1380143634771227
1380143634771342
1380143634771474
1380143634772267
1380143634772396
1380143634772636
1380143634772769
1380143634773012
1380143634773154
1380143634773412
1380143634773513
1380143634773589
1380143634773739
1380143634773873
1380143634773968
1380143634774142
1380143634774281
1380143634774437
1380143634774551
1380143634774670
1380143634774852
1380143634774987
1380143634775105
1380143634775615
1380143634775741
1380143634775854
1380143634776113
1380143634776272
1380143634776324
1380143634776448
1380143634776598
1380143634776848
1380143634776955
1380143634777217
1380143634777649
1380143634777767
1380143634778017
1380143634778133
1380143634778375
1380143634778514
1380143634778752
1380143634778890
1380143634778999
1380143634779133
1380143634779247
1380143634779532
1380143634779668
1380143634779896
1380143634780049
1380143634780303
1380143634780552
1380143634780671
1380143634780788
1380143634780962
1380143634781175
1380143634781307
1380143634781418
1380143634781674
1380143634781797
1380143634781920
1380143634782035
1380143634782190
1380143634782303
1380143634782509
1380143634782624
1380143634782725
1380143634783093
1380143634783360
1380143634783422
1380143634783618
1380143634783757
1380143634783976
1380143634784089
1380143634784252
1380143634784363
1380143634784492
1380143634784641
1380143634784752
1380143634784880
1380143634785028
1380143634785142
1380143634785263
1380143634785404
1380143634785522
1380143634785662
1380143634785780
1380143634785914
1380143634786031
1380143634786179
1380143634786279
1380143634786333
1380143634786824
1380143634786928
1380143634787096
1380143634787210
1380143634787372
1380143634787480
1380143634787601
1380143634787738
1380143634787849
1380143634788003
1380143634788111
1380143634788312
1380143634788552
1380143634789265
1380143634789331
1380143634790566
1380143634790676
1380143634790816
1380143634790876
1380143634792288
1380143634792388
1380143634792629
1380143634792764
1380143634792877
1380143634793012
1380143634793125
1380143634793261
1380143634793523
1380143634793777
1380143634793905
1380143634794184
1380143634794433
1380143634794568
1380143634794811
1380143634794879
1380143634794945
1380143634795278
1380143634795337
1380143634795396
1380143634795488
1380143634795608
1380143634795809
1380143634795936
1380143634796049
1380143634796294
1380143634796584
1380143634796719
1380143634796833
1380143634796992
1380143634797103
1380143634797240
1380143634797350
1380143634797483
1380143634797632
1380143634798243
1380143634798355
1380143634798403
1380143634798586
1380143634798737
1380143634798984
1380143634799099
1380143634799147
1380143634799346
1380143634800143
1380143634800292
1380143634800896
1380143634801016
1380143634801157
1380143634801258
1380143634801310
1380143634802211
1380143634802324
1380143634802576
1380143634802701
1380143634802952
1380143634803086
1380143634803198
1380143634803314
1380143634803525
1380143634803644
1380143634803791
1380143634803905
1380143634804245
1380143634804430
1380143634804537
1380143634804585
1380143634804712
1380143634804978
1380143634805447
1380143634805585
1380143634805641
1380143634805861
1380143634805988
1380143634806454
1380143634806562
1380143634806630
1380143634806780
1380143634806970
1380143634807091
1380143634807253
1380143634807321
1380143634807361
1380143634807791
1380143634807956
1380143634808060
1380143634808218
1380143634808309
1380143634808360
1380143634810000
1380143634810110
1380143634810247
1380143634810360
1380143634810463
1380143634810511
1380143634811779
1380143634811944
1380143634812163
1380143634812258
1380143634812316
1380143634812975
1380143634813242
1380143634813398
1380143634813459
1380143634813798
1380143634814050
1380143634814099
1380143634814242
1380143634814422
1380143634814887
1380143634815041
1380143634815106
1380143634817961
1380143634818191
1380143634818432
1380143634818555
1380143634818929
1380143634819055
1380143634819172
1380143634819301
1380143634819572
1380143634819724
1380143634819824
1380143634819974
1380143634820084
1380143634820521
1380143634820655
1380143634820842
1380143634820907
1380143634821104
1380143634821335
1380143634821458
1380143634821525
1380143634821698
1380143634821921
1380143634821999
1380143634822054
1380143634822199
1380143634822526
1380143634822691
1380143634822813
1380143634822861
1380143634823881
1380143634824297
1380143634824549
1380143634824665
1380143634824848
1380143634825069
1380143634825204
1380143634825327
1380143634825456
1380143634825679
1380143634825799
1380143634825917
1380143634826024
1380143634826090
1380143634827777
1380143634828034
1380143634828147
1380143634828196
1380143634828380
1380143634828578
1380143634828694
1380143634828758
1380143634828971
1380143634829138
1380143634829524
1380143634829662
1380143634829775
1380143634829825
1380143634830481
1380143634830739
1380143634830850
1380143634830895
1380143634831092
1380143634831318
1380143634831421
1380143634831476
1380143634834641
1380143634834860
1380143634834984
1380143634835046
1380143634835146
1380143634835236
1380143634835415
1380143634835484
1380143634836046
1380143634836156
1380143634836342
1380143634836436
1380143634836507
1380143634837030
1380143634837189
1380143634837292
1380143634837415
1380143634837913
1380143634837992
1380143634838212
1380143634838299
1380143634838468
1380143634838578
1380143634838693
1380143634838818
1380143634842238
1380143634843708
1380143634843781
1380143634843922
1380143634844036
1380143634844164
1380143634844286
1380143634844410
1380143634844536
1380143634844792
1380143634844876
1380143634845006
1380143634845121
1380143634845249
1380143634845366
1380143634845503
1380143634845651
1380143634845764
1380143634845875
1380143634846024
1380143634846127
1380143634846332
1380143634846427
1380143634846552
1380143634846673
1380143634846798
1380143634846921
1380143634847092
1380143634847195
1380143634847291
1380143634848955
1380143634849033
1380143634849286
1380143634849408
1380143634849540
1380143634849659
1380143634849779
1380143634849891
1380143634850014
1380143634850280
1380143634850436
1380143634850540
1380143634850690
1380143634850796
1380143634850917
1380143634962705
1380143635003849
1380143635042805
1380143635061350
1380143635379198
1380143635416210
1380143635416307
1380143635416500
1380143635450957
1380143635513675
1380143635537599
1380143635539597
1380143635562138
1380143635601829
1380143635602733
1380143635638783
1380143635639148
1380143635639689
1380143635678194
