1380029164850644
1380029165081773
1380029165081890
1380029165081981
1380029165164133
1380029165164187
1380029165164403
1380029165164507
1380029165164804
1380029165164919
1380029165165405
1380029165165596
1380029165165679
1380029165165893
1380029165223885
1380029165247277
1380029165247487
1380029165247796
1380029165248080
1380029165248211
1380029165309802
1380029165309893
1380029165309978
1380029165326869
1380029165392369
1380029165392559
1380029165392680
1380029165392820
1380029165393081
1380029165393182
1380029165393295
1380029165446088
1380029165505282
1380029165549072
1380029165586235
1380029165686858
1380029165705726
1380029165789106
1380029165789201
1380029165789300
1380029165789578
1380029165873124
1380029165873363
1380029165956939
1380029165957023
1380029165957299
1380029165957559
1380029166040551
1380029166041916
1380029166042005
1380029166042119
1380029166123708
1380029166124010
1380029166207188
1380029166246037
1380029166329881
1380029166365703
1380029166367717
1380029166367787
1380029166367894
1380029166367994
1380029166368075
1380029166453674
1380029166453793
1380029166453915
1380029166454024
1380029166454156
1380029166454201
1380029166454299
1380029166454407
1380029166454661
1380029166454810
1380029166454916
1380029166455234
1380029166455377
1380029166457912
1380029166461780
1380029166468069
1380029166476593
1380029166477151
1380029166537902
1380029166538033
1380029166538155
1380029166538268
1380029166538390
1380029166538703
1380029166538797
1380029166538911
1380029166539098
1380029166539456
1380029166577260
1380029166614185
1380029166621045
1380029166621144
1380029166621328
1380029166621374
1380029166621757
1380029166622156
1380029166622308
1380029166623157
1380029166623335
1380029166623441
1380029166623606
1380029166696936
1380029166734086
1380029166817913
1380029166817997
1380029166818093
1380029166853711
1380029166900533
1380029166900901
1380029166901151
1380029166901403
1380029166901686
1380029166901849
1380029166901976
1380029166902086
1380029166902451
1380029166902593
1380029166937212
1380029166937343
1380029166937466
1380029166937664
1380029166983716
1380029166983867
1380029166984299
1380029166984731
1380029166984820
1380029166985345
1380029166985459
1380029166985564
1380029166985901
1380029166986016
1380029166986122
1380029166986244
1380029166986353
1380029166986447
1380029166986854
1380029166986939
1380029166987057
1380029167020845
1380029167020943
1380029167021135
1380029167021334
1380029167021682
1380029167066762
1380029167066881
1380029167067003
1380029167067099
1380029167103328
1380029167103552
1380029167113759
1380029167113813
1380029167197223
1380029167200675
1380029167283382
1380029167297916
1380029167366445
1380029167367141
1380029167367311
1380029167367574
1380029167449872
1380029167449987
1380029167450083
1380029167450313
1380029167450593
1380029167453952
1380029167454066
1380029167454319
1380029167454414
1380029167454878
1380029167454989
1380029167455337
1380029167536040
1380029167536145
1380029167536301
1380029167536413
1380029167537192
1380029167537331
1380029167537757
1380029167537859
1380029167538332
1380029167538426
1380029167538879
1380029167539062
1380029167539160
1380029167539892
1380029167540062
1380029167578022
1380029167618454
1380029167618577
1380029167618791
1380029167618893
1380029167620326
1380029167620555
1380029167620684
1380029167661264
1380029167661605
1380029167661761
1380029167662056
1380029167744751
1380029167746322
1380029167746677
1380029167828317
1380029167828474
1380029167828782
1380029167911983
1380029167912108
1380029167974792
1380029168075000
1380029168075148
1380029168075263
1380029168136700
1380029168136785
1380029168136905
1380029168137019
1380029168137148
1380029168137172
1380029168137842
1380029168138039
1380029168138143
1380029168138212
1380029168138281
1380029168138450
1380029168138521
1380029168138590
1380029168172814
1380029168221298
1380029168221604
1380029168222775
1380029168224007
1380029168224313
1380029168224574
1380029168224601
1380029168224705
1380029168225032
1380029168225056
1380029168225148
1380029168225766
1380029168225893
1380029168226214
1380029168226966
1380029168227198
1380029168227849
1380029168233983
1380029168238007
1380029168246686
1380029168246717
1380029168266039
1380029168266114
1380029168297578
1380029168297614
1380029168297700
1380029168317152
1380029168354626
1380029168438538
1380029168438717
1380029168438818
1380029168473757
1380029168521290
1380029168521389
1380029168521519
1380029168521647
1380029168521998
1380029168522090
1380029168522362
1380029168522488
1380029168522614
1380029168523063
1380029168556513
1380029168557449
1380029168557544
1380029168557730
1380029168557843
1380029168604449
1380029168604578
1380029168604674
1380029168605380
1380029168605762
1380029168606004
1380029168606123
1380029168606250
1380029168606371
1380029168606477
1380029168606614
1380029168607003
1380029168607103
1380029168607245
1380029168607357
1380029168607497
1380029168607958
1380029168639460
1380029168639653
1380029168640353
1380029168640626
1380029168640768
1380029168640965
1380029168641159
1380029168641321
1380029168677789
1380029168687360
1380029168687455
1380029168687603
1380029168687703
1380029168689771
1380029168689919
1380029168690202
1380029168690325
1380029168690452
1380029168690541
1380029168690802
1380029168690889
1380029168691010
1380029168691436
1380029168691538
1380029168723358
1380029168723467
1380029168723745
1380029168723863
1380029168724289
1380029168782287
1380029168782596
1380029168782666
1380029168782726
1380029168782787
1380029168782849
1380029168783084
1380029168784172
1380029168784242
1380029168784304
1380029168784374
1380029168806482
1380029168806751
1380029168845782
1380029168877774
1380029168877931
1380029168877977
1380029168878090
1380029168878204
1380029168878328
1380029168878451
1380029168878569
1380029168878684
1380029168878811
1380029168879188
1380029168879386
1380029168879416
1380029168879571
1380029168879612
1380029168879765
1380029168879938
1380029168880043
1380029168880186
1380029168880301
1380029168880402
1380029168880494
1380029168917792
1380029168917820
1380029169150335
1380029169156655
1380029169157584
1380029169209690
1380029169220971
1380029169233297
1380029169233453
1380029169240048
1380029169240229
1380029169292618
1380029169292717
1380029169303303
1380029169303484
1380029169315042
1380029169319062
1380029169322590
1380029169322712
1380029169375165
1380029169375257
1380029169385861
1380029171887569
1380029171910751
1380029171934639
1380029171973980
1380029171974005
1380029171974247
1380029171978730
1380029171981376
1380029172017953
1380029172018137
1380029172025688
1380029172025812
1380029172025958
1380029172026005
1380029172029766
1380029172029935
1380029172030021
1380029172030152
1380029172030392
1380029172030508
1380029172031012
1380029172031053
1380029172054493
1380029172157450
1380029172194137
1380029172194159
1380029172194299
1380029172194331
1380029172194363
1380029172194394
1380029172194427
1380029172281374
1380029172282350
1380029172282430
1380029172282978
1380029172283158
1380029172283172
1380029172283244
1380029172283378
1380029172283487
1380029172283916
1380029172284024
1380029172284146
1380029172284691
1380029172284799
1380029172284975
1380029172285074
1380029172285445
1380029172285704
1380029172285960
1380029172286628
1380029172286665
1380029172286822
1380029172287111
1380029172287300
1380029172287444
1380029172287559
1380029172287741
1380029172287864
1380029172288021
1380029172288119
1380029172289414
1380029172289582
1380029172289706
1380029172289867
1380029172289970
1380029172290073
1380029172290301
1380029172290470
1380029172290640
1380029172290737
1380029172290888
1380029172291506
1380029172352889
1380029172366944
1380029172367149
1380029172367333
1380029172367623
1380029172369729
1380029172369932
1380029172370094
1380029172370194
1380029172370422
1380029172370544
1380029172373178
1380029172375918
1380029172376162
1380029172376493
1380029172376721
1380029172376843
1380029172377161
1380029172377288
1380029172377452
1380029172377607
1380029172378103
1380029172378180
1380029172449685
1380029172449757
1380029172449814
1380029172450073
1380029172450178
1380029172450398
1380029172450466
1380029172450925
1380029172451015
1380029172451609
1380029172459228
1380029172459557
1380029172459649
1380029172459889
1380029172460841
1380029172460950
1380029172461232
1380029172489787
1380029172497774
1380029172501508
1380029172501553
1380029172584295
1380029172617848
1380029172618397
1380029172618531
1380029172618615
1380029172699269
1380029172699527
1380029172782866
1380029172782925
1380029172783130
1380029172783253
1380029172821666
1380029172822198
1380029172865336
1380029172865612
1380029172865858
1380029172866022
1380029172866125
1380029172866544
1380029172866646
1380029172904634
1380029172905309
1380029172905594
1380029172905786
1380029172948272
1380029172987473
1380029172988527
1380029172988615
1380029172988983
1380029173073106
1380029173073204
1380029173073360
1380029173109283
1380029173109485
1380029173109554
1380029173155815
1380029173155901
1380029173192401
1380029173192852
1380029173192975
1380029173193063
1380029173193293
1380029173193409
1380029173193434
1380029173193861
1380029173275169
1380029173275289
1380029173275899
1380029173276298
1380029173276433
1380029173276543
1380029173276838
1380029173276948
1380029173277044
1380029173277172
1380029173277450
1380029173313959
1380029173398018
1380029173398238
1380029173398733
1380029173480915
1380029173519047
1380029173638966
1380029173639057
1380029173639281
1380029173639389
1380029173639631
1380029173722006
1380029173722122
1380029173722224
1380029173722300
1380029173723830
1380029173723884
1380029173724106
1380029173724228
1380029173746785
1380029173770583
1380029173806433
1380029173806586
1380029173806787
1380029173806890
1380029173806997
1380029173807396
1380029173807503
1380029173807612
1380029173807685
1380029173808285
1380029173808563
1380029173808656
1380029173856204
1380029173871256
1380029173891441
1380029173893123
1380029173939956
1380029173940074
1380029173940245
1380029173970433
1380029174022576
1380029174022653
1380029174062033
1380029174062079
1380029174067276
1380029174067711
1380029174067776
1380029174071067
1380029174074732
1380029174074852
1380029174074951
1380029174078712
1380029174078915
1380029174079198
1380029174079312
1380029174079593
1380029174079707
1380029174080039
1380029174080163
1380029174080277
1380029174080370
1380029174080951
1380029174081077
1380029174083303
1380029174117516
1380029174146484
1380029174146572
1380029174146808
1380029174146905
1380029174147192
1380029174147304
1380029174150949
1380029174157246
1380029174157396
1380029174157586
1380029174157682
1380029174158138
1380029174158319
1380029174158415
1380029174158918
1380029174159036
1380029174159209
1380029174159323
1380029174230268
1380029174230380
1380029174230463
1380029174241694
1380029174241844
1380029174243543
1380029174243857
1380029174244064
1380029174244105
1380029174244179
1380029174244221
1380029174244264
1380029174244347
1380029174244485
1380029174244747
1380029174328655
1380029174328820
1380029174328919
1380029174329705
1380029174329797
1380029174330103
1380029174330311
1380029174330526
1380029174330905
1380029174331052
1380029174331303
1380029174331557
1380029174331676
1380029174331919
1380029174332081
1380029174332146
1380029174332347
1380029174332547
1380029174332678
1380029174332931
1380029174333191
1380029174333323
1380029174333438
1380029174333570
1380029174333690
1380029174333839
1380029174335345
1380029174335421
1380029174335604
1380029174335901
1380029174335922
1380029174335993
1380029174336276
1380029174336298
1380029174336379
1380029174336677
1380029174336692
1380029174336749
1380029174336985
1380029174337134
1380029174394421
1380029174399813
1380029174399917
1380029174400020
1380029174400227
1380029174411421
1380029174411570
1380029174412489
1380029174412602
1380029174412795
1380029174414289
1380029174414322
1380029174414463
1380029174415295
1380029174415421
1380029174415655
1380029174415762
1380029174415881
1380029174415981
1380029174416321
1380029174417573
1380029174417680
1380029174418063
1380029174418173
1380029174418466
1380029174418734
1380029174418830
1380029174418927
1380029174421999
1380029174422405
1380029174422523
1380029174422862
1380029174422990
1380029174423060
1380029174423198
1380029174423289
1380029174423587
1380029174423773
1380029174423866
1380029174467214
1380029174472381
1380029174477695
1380029174482913
1380029174491827
1380029174495257
1380029174495356
1380029174495576
1380029174495689
1380029174496690
1380029174496823
1380029174496928
1380029174498005
1380029174498773
1380029174498898
1380029174498995
1380029174499156
1380029174499264
1380029174499362
1380029174500503
1380029174503007
1380029174504327
1380029174504605
1380029174504865
1380029174505003
1380029174505135
1380029174505245
1380029174505384
1380029174505495
1380029174505877
1380029174505980
1380029174507236
1380029174507341
1380029174507600
1380029174507871
1380029174507984
1380029174508282
1380029174508448
1380029174508664
1380029174508970
1380029174509093
1380029174509337
1380029174509447
1380029174509643
1380029174509913
1380029174510197
1380029174510517
1380029174510684
1380029174510944
1380029174511181
1380029174511413
1380029174511488
1380029174511512
1380029174547052
1380029174547254
1380029174547369
1380029174547469
1380029174547599
1380029174547806
1380029174547940
1380029174548066
1380029174548388
1380029174548458
1380029174579434
1380029174579556
1380029174579673
1380029174579782
1380029174579879
1380029174580040
1380029174582716
1380029174582935
1380029174583323
1380029174583565
1380029174583807
1380029174588081
1380029174588371
1380029174588570
1380029174588659
1380029174590377
1380029174590572
1380029174590799
1380029174591034
1380029174591124
1380029174595313
1380029174595494
1380029174595613
1380029174595722
1380029174595917
1380029174596030
1380029174596085
1380029174632131
1380029174632207
1380029174632433
1380029174632516
1380029174632633
1380029174632751
1380029174633012
1380029174633123
1380029174633199
1380029174662724
1380029174662847
1380029174662953
1380029174663037
1380029174663132
1380029174665948
1380029174666057
1380029174666173
1380029174666290
1380029174666641
1380029174666733
1380029174672103
1380029174672248
1380029174672548
1380029174672670
1380029174672788
1380029174672888
1380029174673067
1380029174673179
1380029174673629
1380029174673869
1380029174673972
1380029174674514
1380029174674950
1380029174675344
1380029174675778
1380029174676091
1380029174676273
1380029174676652
1380029174676831
1380029174676932
1380029174679655
1380029174679816
1380029174680032
1380029174680208
1380029174680327
1380029174680576
1380029174680708
1380029174680852
1380029174681133
1380029174681316
1380029174681437
1380029174681488
1380029174717618
1380029174717687
1380029174718123
1380029174718177
1380029174718227
1380029174718403
1380029174718486
1380029174746666
1380029174746861
1380029174746992
1380029174747100
1380029174747233
1380029174747408
1380029174747513
1380029174750055
1380029174750373
1380029174750516
1380029174750630
1380029174750764
1380029174750883
1380029174751007
1380029174751136
1380029174751261
1380029174751356
1380029174751756
1380029174758374
1380029174758582
1380029174758710
1380029174758821
1380029174758930
1380029174759106
1380029174759236
1380029174759334
1380029174759627
1380029174759696
1380029174763743
1380029174763839
1380029174764027
1380029174764149
1380029174764277
1380029174764377
1380029174764780
1380029174764970
1380029174765078
1380029174765446
1380029174765670
1380029174765781
1380029174765914
1380029174765993
1380029174766397
1380029174766512
1380029174766648
1380029174766738
1380029174766873
1380029174766956
1380029174806013
1380029174829782
1380029174829876
1380029174830012
1380029174830128
1380029174830255
1380029174830371
1380029174830835
1380029174834410
1380029184151240
