1380101935337413
1380101935521360
1380101935521433
1380101935525760
1380101935526098
1380101935526201
1380101935526258
1380101935526574
1380101935526641
1380101935526739
1380101935527232
1380101935527444
1380101935531086
1380101936216867
1380101936223735
1380101936223826
1380101936223895
1380101936261525
1380101936267948
1380101936268054
1380101936268158
1380101936272711
1380101936272801
1380101936273005
1380101936273268
1380101936273838
1380101936273930
1380101936274170
1380101936274538
1380101936274637
1380101936280759
1380101936281834
1380101936282164
1380101936283061
1380101936283168
1380101936283247
1380101936283348
1380101936283453
1380101936283810
1380101936283890
1380101936284322
1380101936284424
1380101936284501
1380101936284599
1380101936284871
1380101936288286
1380101936288746
1380101936289746
1380101936289970
1380101936290087
1380101936297924
1380101936298018
1380101936298070
1380101936298116
1380101936298206
1380101936299014
1380101936299124
1380101936299230
1380101936299305
1380101936304738
1380101936304996
1380101936305419
1380101936305483
1380101936305595
1380101936305838
1380101936306193
1380101936306281
1380101936306530
1380101936306845
1380101936306973
1380101936307069
1380101936307155
1380101936307249
1380101936307768
1380101936308013
1380101936308268
1380101936308541
1380101936308658
1380101936308899
1380101936309170
1380101936309782
1380101936309952
1380101936310014
1380101936310517
1380101936310660
1380101936310770
1380101936311096
1380101936311209
1380101936311236
1380101936311316
1380101936311926
1380101936312201
1380101936312394
1380101936312494
1380101936312554
1380101936312793
1380101936315141
1380101936315308
1380101936315931
1380101936315985
1380101936316123
1380101936316160
1380101936316576
1380101936316683
1380101936317045
1380101936317162
1380101936317310
1380101936318275
1380101936318444
1380101936318677
1380101936318802
1380101936318915
1380101936319274
1380101936319445
1380101936319567
1380101936319744
1380101936319977
1380101936320145
1380101936320407
1380101936320509
1380101936320623
1380101936320723
1380101936320801
1380101936321410
1380101936321456
1380101936321605
1380101936323395
1380101936323637
1380101936324027
1380101936324243
1380101936324347
1380101936325180
1380101936325321
1380101936325368
1380101936325425
1380101936325472
1380101936328870
1380101936329000
1380101936329120
1380101936329213
1380101936329572
1380101936329841
1380101936330288
1380101936330405
1380101936330583
1380101936330733
1380101936330963
1380101936331172
1380101936331326
1380101936331476
1380101936331707
1380101936331817
1380101936332086
1380101936332202
1380101936333219
1380101936333411
1380101936333909
1380101936333965
1380101936334047
1380101936334404
1380101936334995
1380101936335523
1380101936335718
1380101936335994
1380101936336208
1380101936336815
1380101936336965
1380101936337122
1380101936337549
1380101936338017
1380101936338466
1380101936338778
1380101936339063
1380101936339474
1380101936339636
1380101936340272
1380101936340443
1380101936340560
1380101936343773
1380101936344243
1380101936344378
1380101936344723
1380101936344845
1380101936345056
1380101936345427
1380101936345669
1380101936345808
1380101936346412
1380101936346692
1380101936346877
1380101936347125
1380101936347307
1380101936347421
1380101936347688
1380101936347893
1380101936348334
1380101936348843
1380101936349253
1380101936349714
1380101936350033
1380101936350491
1380101936350782
1380101936350949
1380101936351691
1380101936352115
1380101936352266
1380101936353005
1380101936362616
1380101936362875
1380101936363388
1380101936363913
1380101936364286
1380101936364740
1380101936364885
1380101936365280
1380101936365537
1380101936365689
1380101936420265
1380101936426429
1380101936431740
1380101936438133
1380101936441401
1380101936447781
1380101936473222
1380101936489893
1380101936489966
1380101936632309
1380101936633049
1380101936639370
1380101936639472
1380101936640087
1380101936640201
1380101936716017
1380101936722893
1380101936732299
1380101936732421
1380101936829589
1380101937903701
1380101937931815
1380101938069716
1380101938168957
1380101938170272
1380101938273624
1380101938273972
1380101938275407
1380101938312657
1380101938314722
